Timestamp,User Count,Type,Name,Requests/s,Failures/s,50%,66%,75%,80%,90%,95%,98%,99%,99.9%,99.99%,100%,Total Request Count,Total Failure Count,Total Median Response Time,Total Average Response Time,Total Min Response Time,Total Max Response Time,Total Average Content Size
1789882449,0,,Aggregated,0.000000,0.000000,N/A,N/A,N/A,N/A,N/A,N/A,N/A,N/A,N/A,N/A,N/A,0,0,0,0.0,0,0,0
1789882450,10,GET,GET /api/v1/reservas,0.000000,0.000000,0,0,0,0,0,0,0,0,0,0,0,1,0,10.638796004059259,10.638796004059259,10.638796004059259,10.638796004059259,8965.0
1789882450,10,POST,POST /api/v1/auth/login,0.000000,0.000000,0,0,0,0,0,0,0,0,0,0,0,1,0,979.3889420034247,979.3889420034247,979.3889420034247,979.3889420034247,1622.0
1789882450,10,,Aggregated,0.000000,0.000000,0,0,0,0,0,0,0,0,0,0,0,2,0,11,495.013869003742,10.638796004059259,979.3889420034247,5293.5
1789882451,20,GET,GET /api/v1/reservas,0.000000,0.000000,0,0,0,0,0,0,0,0,0,0,0,14,0,11,11.062987357685675,7.7918609968037345,21.948847999738064,8965.0
1789882451,20,POST,POST /api/v1/auth/login,0.000000,0.000000,0,0,0,0,0,0,0,0,0,0,0,14,0,1100.0,1081.5251769288027,628.633758999058,1370.3016710060183,1622.0
1789882451,20,,Aggregated,0.000000,0.000000,630,980,1100,1200,1300,1400,1400,1400,1400,1400,1400,28,0,22,546.2940821432442,7.7918609968037345,1370.3016710060183,5293.5
1789882452,30,GET,GET /api/v1/reservas,0.000000,0.000000,9,10,12,22,22,62,62,62,62,62,62,26,0,10,12.694327692420652,6.343465000099968,62.126384997100104,8965.0
1789882452,30,GET,GET /api/v1/reservas/{id},0.000000,0.000000,0,0,0,0,0,0,0,0,0,0,0,1,0,9.26182799594244,9.26182799594244,9.26182799594244,9.26182799594244,442.0
1789882452,30,POST,POST /api/v1/auth/login,0.000000,0.000000,1100,1300,1300,1400,1500,1500,1500,1500,1500,1500,1500,21,0,1100.0,1137.792503190992,628.633758999058,1534.9283520044992,1622.0
1789882452,30,,Aggregated,0.000000,0.000000,22,970,1100,1200,1300,1400,1500,1500,1500,1500,1500,48,0,13,504.8532690627023,6.343465000099968,1534.9283520044992,5574.875
1789882453,40,GET,GET /api/v1/reservas,5.500000,0.000000,9,10,12,12,22,22,62,62,62,62,62,38,0,10,11.826039420779317,6.343465000099968,62.126384997100104,8965.0
1789882453,40,GET,GET /api/v1/reservas/{id},0.000000,0.000000,9,9,9,9,9,9,9,9,9,9,9,2,0,6,7.627065500855679,5.9923030057689175,9.26182799594244,442.0
1789882453,40,POST,POST /api/v1/auth/login,5.500000,0.000000,1200,1300,1500,1600,1700,1700,1700,1700,1700,1700,1700,30,0,1200.0,1210.6007608667521,628.633758999058,1697.2606269991957,1622.0
1789882453,40,,Aggregated,11.000000,0.000000,13,1100,1200,1200,1400,1600,1700,1700,1700,1700,1700,70,0,13,525.4666636427698,5.9923030057689175,1697.2606269991957,5574.4857142857145
1789882454,50,GET,GET /api/v1/reservas,7.000000,0.000000,10,12,13,15,22,70,150,150,150,150,150,56,0,10,16.262391446226893,6.343465000099968,149.4995840039337,8965.0
1789882454,50,GET,GET /api/v1/reservas/{id},0.333333,0.000000,12,15,24,26,71,71,71,71,71,71,71,10,0,9,18.47193340145168,5.479835002915934,71.38588800444268,442.0
1789882454,50,POST,POST /api/v1/auth/login,6.666667,0.000000,1300,1500,1600,1600,1800,2000,2000,2000,2000,2000,2000,38,0,1200.0,1272.985695210656,628.633758999058,1961.1231369999587,1622.0
1789882454,50,,Aggregated,14.000000,0.000000,15,840,1100,1200,1400,1600,1800,2000,2000,2000,2000,104,0,13,475.66220839430923,5.479835002915934,1961.1231369999587,5462.461538461538
1789882455,50,GET,GET /api/v1/reservas,8.500000,0.000000,10,12,13,15,27,70,78,150,150,150,150,77,0,11,16.18588123377564,6.019111999194138,149.4995840039337,8965.0
1789882455,50,GET,GET /api/v1/reservas/{id},0.250000,0.000000,9,12,15,24,26,71,71,71,71,71,71,13,0,9,15.426145693009648,4.673283998272382,71.38588800444268,442.0
1789882455,50,POST,POST /api/v1/auth/login,7.000000,0.000000,1500,1600,1700,1700,2000,2000,2100,2100,2100,2100,2100,50,0,1300.0,1369.1218887201103,628.633758999058,2104.1982940005255,1622.0
1789882455,50,,Aggregated,15.750000,0.000000,15,840,1200,1300,1600,1700,2000,2000,2100,2100,2100,140,0,13,499.3067656072526,4.673283998272382,2104.1982940005255,5551.078571428571
1789882456,50,GET,GET /api/v1/reservas,10.200000,0.000000,10,12,15,16,24,62,78,150,150,150,150,97,0,10,15.314493567164334,5.67452100221999,149.4995840039337,8965.0
1789882456,50,GET,GET /api/v1/reservas/{id},1.400000,0.000000,8,9,12,15,26,71,71,71,71,71,71,17,0,8,13.456970118568279,3.5995860016555525,71.38588800444268,442.0
1789882456,50,POST,POST /api/v1/auth/login,6.800000,0.000000,1500,1600,1700,1700,2000,2000,2100,2100,2100,2100,2100,50,0,1300.0,1369.1218887201103,628.633758999058,2104.1982940005255,1622.0
1789882456,50,,Aggregated,18.400000,0.000000,13,62,1100,1200,1600,1700,2000,2000,2100,2100,2100,164,0,12,427.86810246363484,3.5995860016555525,2104.1982940005255,5842.798780487805
1789882457,50,GET,GET /api/v1/reservas,11.833333,0.000000,10,12,13,15,22,31,70,78,150,150,150,118,0,10,14.202514050863348,5.612085995380767,149.4995840039337,8965.0
1789882457,50,GET,GET /api/v1/reservas/{id},1.666667,0.000000,7,9,12,15,26,71,71,71,71,71,71,20,0,7,12.412946150652715,3.5995860016555525,71.38588800444268,442.0
1789882457,50,POST,POST /api/v1/auth/login,8.000000,0.000000,1500,1600,1700,1700,2000,2000,2100,2100,2100,2100,2100,50,0,1300.0,1369.1218887201103,628.633758999058,2104.1982940005255,1622.0
1789882457,50,,Aggregated,21.500000,0.000000,12,22,910,1100,1500,1700,2000,2000,2100,2100,2100,188,0,12,374.3630320054279,3.5995860016555525,2104.1982940005255,6105.372340425532
1789882458,50,GET,GET /api/v1/reservas,12.428571,0.000000,9,11,13,14,19,28,70,78,150,150,150,135,0,9,13.156111977770236,4.950923997967038,149.4995840039337,8965.0
1789882458,50,GET,GET /api/v1/reservas/{id},2.285714,0.000000,6,7,9,9,24,26,71,71,71,71,71,28,0,6,10.297362929382611,3.5995860016555525,71.38588800444268,442.0
1789882458,50,POST,POST /api/v1/auth/login,7.142857,0.000000,1500,1600,1700,1700,2000,2000,2100,2100,2100,2100,2100,50,0,1300.0,1369.1218887201103,628.633758999058,2104.1982940005255,1622.0
1789882458,50,,Aggregated,21.857143,0.000000,11,15,70,1000,1400,1600,2000,2000,2100,2100,2100,213,0,11,331.08213950717,3.5995860016555525,2104.1982940005255,6120.896713615023
1789882459,50,GET,GET /api/v1/reservas,13.875000,0.000000,8,10,12,13,18,27,70,78,150,150,150,155,0,9,12.303848657991752,4.950923997967038,149.4995840039337,8965.0
1789882459,50,GET,GET /api/v1/reservas/{id},2.125000,0.000000,6,7,9,9,15,26,71,71,71,71,71,32,0,6,9.651872063159317,3.5995860016555525,71.38588800444268,442.0
1789882459,50,POST,POST /api/v1/auth/login,6.250000,0.000000,1500,1600,1700,1700,2000,2000,2100,2100,2100,2100,2100,50,0,1300.0,1369.1218887201103,628.633758999058,2104.1982940005255,1622.0
1789882459,50,,Aggregated,22.250000,0.000000,10,13,26,840,1400,1600,2000,2000,2100,2100,2100,237,0,10,298.1943075274909,3.5995860016555525,2104.1982940005255,6265.059071729957
1789882460,50,GET,GET /api/v1/reservas,14.333333,0.000000,8,10,11,12,17,24,70,78,150,150,150,176,0,8,11.648697579651277,4.950923997967038,149.4995840039337,8965.0
1789882460,50,GET,GET /api/v1/reservas/{id},2.666667,0.000000,6,7,8,9,15,26,71,71,71,71,71,36,0,6,9.074272389625548,3.5995860016555525,71.38588800444268,442.0
1789882460,50,POST,POST /api/v1/auth/login,5.555556,0.000000,1500,1600,1700,1700,2000,2000,2100,2100,2100,2100,2100,50,0,1300.0,1369.1218887201103,628.633758999058,2104.1982940005255,1622.0
1789882460,50,,Aggregated,22.555556,0.000000,8,12,17,27,1300,1600,2000,2000,2100,2100,2100,262,0,9,270.35472906889567,3.5995860016555525,2104.1982940005255,6392.564885496183
1789882461,50,GET,GET /api/v1/reservas,14.900000,0.000000,7,9,11,12,15,19,70,78,150,150,150,193,0,8,11.249395461413416,4.950923997967038,149.4995840039337,8965.0
1789882461,50,GET,GET /api/v1/reservas/{id},3.200000,0.000000,6,6,8,9,15,26,71,71,71,71,71,40,0,5,8.668735625542467,3.5995860016555525,71.38588800444268,442.0
1789882461,50,POST,POST /api/v1/auth/login,5.000000,0.000000,1600,1600,1700,1800,2000,2000,2100,2100,2100,2100,2100,50,0,1300.0,1369.1218887201103,628.633758999058,2104.1982940005255,1622.0
1789882461,50,,Aggregated,23.100000,0.000000,8,10,13,16,1200,1600,2000,2000,2100,2100,2100,283,0,8,250.79143881653712,3.5995860016555525,2104.1982940005255,6462.985865724381
1789882462,50,GET,GET /api/v1/reservas,16.700000,0.000000,7,8,10,11,15,19,70,78,150,150,150,215,0,7,10.756518325814437,4.950923997967038,149.4995840039337,8965.0
1789882462,50,GET,GET /api/v1/reservas/{id},3.600000,0.000000,5,6,7,8,12,24,71,71,71,71,71,44,0,5,8.274594454963914,3.5995860016555525,71.38588800444268,442.0
1789882462,50,POST,POST /api/v1/auth/login,5.000000,0.000000,1600,1700,1800,2000,2000,2000,2100,2100,2100,2100,2100,50,0,1300.0,1369.1218887201103,628.633758999058,2104.1982940005255,1622.0
1789882462,50,,Aggregated,25.300000,0.000000,7,9,11,13,71,1600,2000,2000,2100,2100,2100,309,0,8,230.20332696464087,3.5995860016555525,2104.1982940005255,6563.181229773463
1789882463,50,GET,GET /api/v1/reservas,17.600000,0.000000,7,8,9,10,13,17,27,31,78,78,78,234,0,7,10.496120013057306,4.950923997967038,149.4995840039337,8965.0
1789882463,50,GET,GET /api/v1/reservas/{id},3.800000,0.000000,5,6,6,7,9,12,15,15,15,15,15,46,0,5,8.138592108994287,3.5995860016555525,71.38588800444268,442.0
1789882463,50,POST,POST /api/v1/auth/login,3.900000,0.000000,1700,1800,2000,2000,2000,2100,2100,2100,2100,2100,2100,50,0,1300.0,1369.1218887201103,628.633758999058,2104.1982940005255,1622.0
1789882463,50,,Aggregated,25.300000,0.000000,7,8,10,11,18,1600,2000,2000,2100,2100,2100,330,0,8,216.01988410931716,3.5995860016555525,2104.1982940005255,6664.369696969697
1789882464,50,GET,GET /api/v1/reservas,18.600000,0.000000,7,7,8,8,11,13,18,24,28,28,28,252,0,7,10.181781396957897,4.950923997967038,149.4995840039337,8965.0
1789882464,50,GET,GET /api/v1/reservas/{id},4.100000,0.000000,5,5,6,6,7,8,9,9,9,9,9,52,0,5,7.716994615643321,3.3978899955400266,71.38588800444268,442.0
1789882464,50,POST,POST /api/v1/auth/login,3.000000,0.000000,1700,1700,1700,1700,1700,1700,1700,1700,1700,1700,1700,50,0,1300.0,1369.1218887201103,628.633758999058,2104.1982940005255,1622.0
1789882464,50,,Aggregated,25.700000,0.000000,6,7,7,8,10,13,19,28,1700,1700,1700,354,0,7,201.76041544647558,3.3978899955400266,2104.1982940005255,6675.887005649717
1789882465,50,GET,GET /api/v1/reservas,19.400000,0.000000,7,7,8,8,10,13,19,24,28,28,28,270,0,7,10.054381133415047,4.950923997967038,149.4995840039337,8965.0
1789882465,50,GET,GET /api/v1/reservas/{id},4.500000,0.000000,5,5,6,6,7,8,12,12,12,12,12,61,0,5,7.448578721435252,3.3978899955400266,71.38588800444268,442.0
1789882465,50,POST,POST /api/v1/auth/login,2.200000,0.000000,1700,1700,1700,1700,1700,1700,1700,1700,1700,1700,1700,50,0,1300.0,1369.1218887201103,628.633758999058,2104.1982940005255,1622.0
1789882465,50,,Aggregated,26.100000,0.000000,6,7,7,8,10,13,18,21,28,28,28,381,0,7,187.9924951287011,3.3978899955400266,2104.1982940005255,6636.776902887139
1789882466,50,GET,GET /api/v1/reservas,19.600000,0.000000,6,7,7,8,9,10,13,15,21,21,21,288,0,7,9.868845225759692,4.950923997967038,149.4995840039337,8965.0
1789882466,50,GET,GET /api/v1/reservas/{id},4.300000,0.000000,5,5,5,6,6,8,12,12,12,12,12,66,0,5,7.241728924396519,3.3978899955400266,71.38588800444268,442.0
1789882466,50,POST,POST /api/v1/auth/login,1.600000,0.000000,1700,1700,1700,1700,1700,1700,1700,1700,1700,1700,1700,50,0,1300.0,1369.1218887201103,628.633758999058,2104.1982940005255,1622.0
1789882466,50,,Aggregated,25.500000,0.000000,6,7,7,7,8,10,13,14,21,21,21,404,0,7,177.66404943077842,3.3978899955400266,2104.1982940005255,6663.841584158416
1789882467,50,GET,GET /api/v1/reservas,19.400000,0.000000,7,7,7,8,9,10,13,15,21,21,21,309,0,7,9.65916884801306,4.950923997967038,149.4995840039337,8965.0
1789882467,50,GET,GET /api/v1/reservas/{id},4.900000,0.000000,4,5,5,6,7,9,12,12,12,12,12,70,0,5,7.181798657256877,3.3978899955400266,71.38588800444268,442.0
1789882467,50,POST,POST /api/v1/auth/login,0.200000,0.000000,1700,1700,1700,1700,1700,1700,1700,1700,1700,1700,1700,50,0,1300.0,1369.1218887201103,628.633758999058,2104.1982940005255,1622.0
1789882467,50,,Aggregated,24.500000,0.000000,6,7,7,7,8,10,12,13,21,21,21,429,0,7,167.70047439638586,3.3978899955400266,2104.1982940005255,6718.4731934731935
1789882468,50,GET,GET /api/v1/reservas,19.500000,0.000000,7,7,7,8,10,11,15,18,21,21,21,324,0,7,9.621989953886418,4.950923997967038,149.4995840039337,8965.0
1789882468,50,GET,GET /api/v1/reservas/{id},4.900000,0.000000,5,5,6,6,8,10,12,12,12,12,12,79,0,5,7.055280329213813,3.3978899955400266,71.38588800444268,442.0
1789882468,50,POST,POST /api/v1/auth/login,0.000000,0.000000,1700,1700,1700,1700,1700,1700,1700,1700,1700,1700,1700,50,0,1300.0,1369.1218887201103,628.633758999058,2104.1982940005255,1622.0
1789882468,50,,Aggregated,24.400000,0.000000,6,7,7,8,9,10,13,15,21,21,21,453,0,7,159.22955039088876,3.3978899955400266,2104.1982940005255,6668.163355408388
1789882469,50,GET,GET /api/v1/reservas,18.800000,0.000000,7,7,7,8,10,11,15,18,21,21,21,345,0,7,9.416067637811057,4.950923997967038,149.4995840039337,8965.0
1789882469,50,GET,GET /api/v1/reservas/{id},5.200000,0.000000,5,5,5,6,8,10,12,12,12,12,12,86,0,5,6.835637814135204,3.3978899955400266,71.38588800444268,442.0
1789882469,50,POST,POST /api/v1/auth/login,0.000000,0.000000,1700,1700,1700,1700,1700,1700,1700,1700,1700,1700,1700,50,0,1300.0,1369.1218887201103,628.633758999058,2104.1982940005255,1622.0
1789882469,50,,Aggregated,24.000000,0.000000,6,7,7,8,9,10,13,15,21,21,21,481,0,7,150.29626324961737,3.3978899955400266,2104.1982940005255,6677.831600831601
1789882470,50,GET,GET /api/v1/reservas,19.200000,0.000000,7,7,7,8,9,10,15,18,21,21,21,363,0,7,9.271563289386538,4.950923997967038,149.4995840039337,8965.0
1789882470,50,GET,GET /api/v1/reservas/{id},5.200000,0.000000,5,5,5,6,7,10,11,12,12,12,12,93,0,5,6.639523387142402,3.3978899955400266,71.38588800444268,442.0
1789882470,50,POST,POST /api/v1/auth/login,0.000000,0.000000,1700,1700,1700,1700,1700,1700,1700,1700,1700,1700,1700,50,0,1300.0,1369.1218887201103,628.633758999058,2104.1982940005255,1622.0
1789882470,50,,Aggregated,24.400000,0.000000,6,7,7,7,9,10,13,15,21,21,21,506,0,7,143.16037072145667,3.3978899955400266,2104.1982940005255,6672.926877470356
1789882471,50,GET,GET /api/v1/reservas,18.600000,0.000000,7,7,8,8,10,11,15,20,21,21,21,380,0,7,9.246137042205909,4.950923997967038,149.4995840039337,8965.0
1789882471,50,GET,GET /api/v1/reservas/{id},5.200000,0.000000,5,5,5,6,7,10,11,12,12,12,12,97,0,5,6.562478546462425,3.3978899955400266,71.38588800444268,442.0
1789882471,50,POST,POST /api/v1/auth/login,0.000000,0.000000,1700,1700,1700,1700,1700,1700,1700,1700,1700,1700,1700,50,0,1300.0,1369.1218887201103,628.633758999058,2104.1982940005255,1622.0
1789882471,50,,Aggregated,23.800000,0.000000,6,7,7,8,9,11,15,18,21,21,21,527,0,7,137.7726507230562,3.3978899955400266,2104.1982940005255,6699.571157495257
1789882472,50,GET,GET /api/v1/reservas,18.600000,0.000000,6,7,8,8,10,11,15,20,21,21,21,397,0,7,9.109275901892605,4.950923997967038,149.4995840039337,8965.0
1789882472,50,GET,GET /api/v1/reservas/{id},5.300000,0.000000,5,5,5,5,7,10,11,12,12,12,12,105,0,5,6.4202914667216,3.3978899955400266,71.38588800444268,442.0
1789882472,50,POST,POST /api/v1/auth/login,0.000000,0.000000,1700,1700,1700,1700,1700,1700,1700,1700,1700,1700,1700,50,0,1300.0,1369.1218887201103,628.633758999058,2104.1982940005255,1622.0
1789882472,50,,Aggregated,23.900000,0.000000,6,7,7,8,9,11,15,18,21,21,21,552,0,7,131.7873325598961,3.3978899955400266,2104.1982940005255,6678.650362318841
1789882473,50,GET,GET /api/v1/reservas,18.500000,0.000000,7,7,8,8,9,11,15,20,21,21,21,419,0,7,8.987954396349272,4.950923997967038,149.4995840039337,8965.0
1789882473,50,GET,GET /api/v1/reservas/{id},5.600000,0.000000,5,5,5,5,7,9,11,12,12,12,12,111,0,5,6.337936810883253,3.3978899955400266,71.38588800444268,442.0
1789882473,50,POST,POST /api/v1/auth/login,0.000000,0.000000,0,0,0,0,0,0,0,0,0,0,0,50,0,1300.0,1369.1218887201103,628.633758999058,2104.1982940005255,1622.0
1789882473,50,,Aggregated,24.100000,0.000000,6,7,7,8,9,10,15,18,21,21,21,580,0,7,125.73372123117915,3.3978899955400266,2104.1982940005255,6700.856896551724
1789882474,50,GET,GET /api/v1/reservas,18.700000,0.000000,7,7,8,8,10,13,17,20,21,21,21,434,0,7,8.970311007112793,4.950923997967038,149.4995840039337,8965.0
1789882474,50,GET,GET /api/v1/reservas/{id},6.100000,0.000000,5,5,5,6,7,10,11,12,12,12,12,114,0,5,6.30092929835276,3.3978899955400266,71.38588800444268,442.0
1789882474,50,POST,POST /api/v1/auth/login,0.000000,0.000000,0,0,0,0,0,0,0,0,0,0,0,50,0,1300.0,1369.1218887201103,628.633758999058,2104.1982940005255,1622.0
1789882474,50,,Aggregated,24.800000,0.000000,6,7,7,8,9,11,15,18,21,21,21,598,0,7,122.18648052358643,3.3978899955400266,2104.1982940005255,6726.250836120401
1789882475,50,GET,GET /api/v1/reservas,18.300000,0.000000,7,7,8,8,9,11,15,18,20,20,20,456,0,7,8.82893259227115,4.950923997967038,149.4995840039337,8965.0
1789882475,50,GET,GET /api/v1/reservas/{id},6.200000,0.000000,5,5,5,5,7,8,9,11,11,11,11,122,0,5,6.172720204989166,3.3978899955400266,71.38588800444268,442.0
1789882475,50,POST,POST /api/v1/auth/login,0.000000,0.000000,0,0,0,0,0,0,0,0,0,0,0,50,0,1300.0,1369.1218887201103,628.633758999058,2104.1982940005255,1622.0
1789882475,50,,Aggregated,24.500000,0.000000,6,7,7,8,8,10,15,17,20,20,20,628,0,7,116.6164961195698,3.3978899955400266,2104.1982940005255,6724.624203821656
1789882476,50,GET,GET /api/v1/reservas,18.500000,0.000000,7,7,7,8,9,11,15,18,20,20,20,473,0,7,8.766754490667811,4.950923997967038,149.4995840039337,8965.0
1789882476,50,GET,GET /api/v1/reservas/{id},6.300000,0.000000,5,5,5,5,6,7,8,11,11,11,11,130,0,5,6.119819453921921,3.3978899955400266,71.38588800444268,442.0
1789882476,50,POST,POST /api/v1/auth/login,0.000000,0.000000,0,0,0,0,0,0,0,0,0,0,0,50,0,1300.0,1369.1218887201103,628.633758999058,2104.1982940005255,1622.0
1789882476,50,,Aggregated,24.800000,0.000000,6,7,7,7,8,10,15,17,20,20,20,653,0,7,112.40175473062978,3.3978899955400266,2104.1982940005255,6705.9800918836145
1789882477,50,GET,GET /api/v1/reservas,18.300000,0.000000,7,7,7,8,9,10,13,17,20,20,20,486,0,7,8.728340852023184,4.950923997967038,149.4995840039337,8965.0
1789882477,50,GET,GET /api/v1/reservas/{id},6.100000,0.000000,5,5,5,6,6,6,7,7,7,7,7,139,0,5,6.074757884889288,3.3978899955400266,71.38588800444268,442.0
1789882477,50,POST,POST /api/v1/auth/login,0.000000,0.000000,0,0,0,0,0,0,0,0,0,0,0,50,0,1300.0,1369.1218887201103,628.633758999058,2104.1982940005255,1622.0
1789882477,50,,Aggregated,24.400000,0.000000,6,7,7,7,8,9,11,15,20,20,20,675,0,7,108.951791757168,3.3978899955400266,2104.1982940005255,6665.967407407407
1789882478,50,GET,GET /api/v1/reservas,18.400000,0.000000,7,7,8,8,10,11,13,17,20,20,20,511,0,7,8.66891927804129,4.950923997967038,149.4995840039337,8965.0
1789882478,50,GET,GET /api/v1/reservas/{id},6.200000,0.000000,5,5,5,6,6,7,7,7,7,7,7,143,0,5,6.044388202805043,3.3978899955400266,71.38588800444268,442.0
1789882478,50,POST,POST /api/v1/auth/login,0.000000,0.000000,0,0,0,0,0,0,0,0,0,0,0,50,0,1300.0,1369.1218887201103,628.633758999058,2104.1982940005255,1622.0
1789882478,50,,Aggregated,24.600000,0.000000,6,7,7,8,9,10,13,15,20,20,20,704,0,7,104.75889161943996,3.3978899955400266,2104.1982940005255,6712.245738636364
1789882479,50,GET,GET /api/v1/reservas,18.100000,0.000000,7,7,8,8,10,11,13,17,20,20,20,526,0,7,8.605414127552871,4.940559003443923,149.4995840039337,8965.0
1789882479,50,GET,GET /api/v1/reservas/{id},6.700000,0.000000,5,5,5,6,6,7,7,7,7,7,7,148,0,5,5.97721744594998,3.3978899955400266,71.38588800444268,442.0
1789882479,50,POST,POST /api/v1/auth/login,0.000000,0.000000,0,0,0,0,0,0,0,0,0,0,0,50,0,1300.0,1369.1218887201103,628.633758999058,2104.1982940005255,1622.0
1789882479,50,,Aggregated,24.800000,0.000000,6,7,7,7,9,10,13,15,20,20,20,724,0,7,102.02647852085487,3.3978899955400266,2104.1982940005255,6715.616022099448
1789882480,50,GET,GET /api/v1/reservas,18.000000,0.000000,7,7,7,8,10,11,13,17,20,20,20,544,0,7,8.55485502037321,4.940559003443923,149.4995840039337,8965.0
1789882480,50,GET,GET /api/v1/reservas/{id},6.400000,0.000000,5,5,5,6,6,6,7,7,7,7,7,155,0,5,5.925926851670092,3.3978899955400266,71.38588800444268,442.0
1789882480,50,POST,POST /api/v1/auth/login,0.000000,0.000000,0,0,0,0,0,0,0,0,0,0,0,50,0,1300.0,1369.1218887201103,628.633758999058,2104.1982940005255,1622.0
1789882480,50,,Aggregated,24.400000,0.000000,6,7,7,7,8,10,13,15,20,20,20,749,0,7,98.83638748878158,3.3978899955400266,2104.1982940005255,6711.041388518024
1789882481,50,GET,GET /api/v1/reservas,18.500000,0.000000,7,7,8,8,10,11,17,21,26,26,26,561,0,7,8.620495495632118,4.940559003443923,149.4995840039337,8965.0
1789882481,50,GET,GET /api/v1/reservas/{id},6.400000,0.000000,5,5,6,6,6,7,8,8,8,8,8,161,0,5,5.925810205096145,3.3978899955400266,71.38588800444268,442.0
1789882481,50,POST,POST /api/v1/auth/login,0.000000,0.000000,0,0,0,0,0,0,0,0,0,0,0,50,0,1300.0,1369.1218887201103,628.633758999058,2104.1982940005255,1622.0
1789882481,50,,Aggregated,24.900000,0.000000,6,7,7,8,9,11,15,21,26,26,26,772,0,7,96.17389618144509,3.3978899955400266,2104.1982940005255,6711.95207253886
1789882482,50,GET,GET /api/v1/reservas,18.400000,0.000000,7,7,8,8,10,11,17,21,26,26,26,577,0,7,8.571995956768452,4.940559003443923,149.4995840039337,8965.0
1789882482,50,GET,GET /api/v1/reservas/{id},6.500000,0.000000,5,5,6,6,6,7,8,8,8,8,8,165,0,5,5.915383951629117,3.3978899955400266,71.38588800444268,442.0
1789882482,50,POST,POST /api/v1/auth/login,0.000000,0.000000,0,0,0,0,0,0,0,0,0,0,0,50,0,1300.0,1369.1218887201103,628.633758999058,2104.1982940005255,1622.0
1789882482,50,,Aggregated,24.900000,0.000000,6,7,7,8,9,11,15,21,26,26,26,792,0,7,93.91183643318146,3.3978899955400266,2104.1982940005255,6725.801767676768
1789882483,50,GET,GET /api/v1/reservas,17.900000,0.000000,7,7,8,8,10,11,13,21,26,26,26,599,0,7,8.535676904915048,4.940559003443923,149.4995840039337,8965.0
1789882483,50,GET,GET /api/v1/reservas/{id},6.500000,0.000000,5,5,6,6,6,7,8,8,8,8,8,172,0,5,5.867548151209755,3.3978899955400266,71.38588800444268,442.0
1789882483,50,POST,POST /api/v1/auth/login,0.000000,0.000000,0,0,0,0,0,0,0,0,0,0,0,50,0,1300.0,1369.1218887201103,628.633758999058,2104.1982940005255,1622.0
1789882483,50,,Aggregated,24.400000,0.000000,6,7,7,8,9,10,13,21,26,26,26,821,0,7,90.83822555914459,3.3978899955400266,2104.1982940005255,6732.227771010962
1789882484,50,GET,GET /api/v1/reservas,18.100000,0.000000,7,7,8,8,10,11,14,21,26,26,26,616,0,7,8.505516448120082,4.940559003443923,149.4995840039337,8965.0
1789882484,50,GET,GET /api/v1/reservas/{id},6.200000,0.000000,5,6,6,6,7,7,8,8,8,8,8,182,0,5,5.884296093467088,3.3978899955400266,71.38588800444268,442.0
1789882484,50,POST,POST /api/v1/auth/login,0.000000,0.000000,0,0,0,0,0,0,0,0,0,0,0,50,0,1300.0,1369.1218887201103,628.633758999058,2104.1982940005255,1622.0
1789882484,50,,Aggregated,24.300000,0.000000,7,7,7,8,10,11,13,21,26,26,26,848,0,7,88.16796516162559,3.3978899955400266,2104.1982940005255,6702.811320754717
1789882485,50,GET,GET /api/v1/reservas,18.100000,0.000000,7,7,8,8,10,11,14,21,26,26,26,636,0,7,8.471026165146744,4.940559003443923,149.4995840039337,8965.0
1789882485,50,GET,GET /api/v1/reservas/{id},6.200000,0.000000,5,6,6,6,7,8,8,8,8,8,8,189,0,5,5.8738481218430145,3.3978899955400266,71.38588800444268,442.0
1789882485,50,POST,POST /api/v1/auth/login,0.000000,0.000000,0,0,0,0,0,0,0,0,0,0,0,50,0,1300.0,1369.1218887201103,628.633758999058,2104.1982940005255,1622.0
1789882485,50,,Aggregated,24.300000,0.000000,7,7,8,8,9,11,13,21,26,26,26,875,0,7,85.66151356807677,3.3978899955400266,2104.1982940005255,6704.432
1789882486,50,GET,GET /api/v1/reservas,17.800000,0.000000,7,8,8,8,10,11,14,21,26,26,26,650,0,7,8.440032776975736,4.940559003443923,149.4995840039337,8965.0
1789882486,50,GET,GET /api/v1/reservas/{id},6.600000,0.000000,5,6,6,6,7,8,8,8,8,8,8,196,0,5,5.847412408280545,3.3978899955400266,71.38588800444268,442.0
1789882486,50,POST,POST /api/v1/auth/login,0.000000,0.000000,0,0,0,0,0,0,0,0,0,0,0,50,0,1300.0,1369.1218887201103,628.633758999058,2104.1982940005255,1622.0
1789882486,50,,Aggregated,24.400000,0.000000,7,7,8,8,9,10,13,21,26,26,26,896,0,7,83.80380421100752,3.3978899955400266,2104.1982940005255,6690.828125
1789882487,50,GET,GET /api/v1/reservas,18.100000,0.000000,7,7,8,8,9,11,14,21,26,26,26,671,0,7,8.412148056651313,4.940559003443923,149.4995840039337,8965.0
1789882487,50,GET,GET /api/v1/reservas/{id},6.400000,0.000000,5,6,6,6,7,8,8,9,9,9,9,201,0,5,5.831606432940899,3.3978899955400266,71.38588800444268,442.0
1789882487,50,POST,POST /api/v1/auth/login,0.000000,0.000000,0,0,0,0,0,0,0,0,0,0,0,50,0,1300.0,1369.1218887201103,628.633758999058,2104.1982940005255,1622.0
1789882487,50,,Aggregated,24.500000,0.000000,7,7,8,8,9,10,13,21,26,26,26,922,0,7,81.64077947401266,3.3978899955400266,2104.1982940005255,6708.738611713666
1789882488,50,GET,GET /api/v1/reservas,17.700000,0.000000,7,8,8,8,10,12,14,21,26,26,26,687,0,7,8.413484890841804,4.940559003443923,149.4995840039337,8965.0
1789882488,50,GET,GET /api/v1/reservas/{id},6.500000,0.000000,5,6,6,6,8,8,9,9,9,9,9,207,0,5,5.814134608813593,3.3978899955400266,71.38588800444268,442.0
1789882488,50,POST,POST /api/v1/auth/login,0.000000,0.000000,0,0,0,0,0,0,0,0,0,0,0,50,0,1300.0,1369.1218887201103,628.633758999058,2104.1982940005255,1622.0
1789882488,50,,Aggregated,24.200000,0.000000,7,7,8,8,9,11,14,21,26,26,26,944,0,7,79.9149199364812,3.3978899955400266,2104.1982940005255,6707.14936440678
1789882489,50,GET,GET /api/v1/reservas,18.400000,0.000000,7,8,8,9,10,11,14,21,26,26,26,706,0,7,8.358416548171512,4.940559003443923,149.4995840039337,8965.0
1789882489,50,GET,GET /api/v1/reservas/{id},6.400000,0.000000,5,6,6,6,8,8,9,9,9,9,9,214,0,5,5.762877084226968,3.3978899955400266,71.38588800444268,442.0
1789882489,50,POST,POST /api/v1/auth/login,0.000000,0.000000,0,0,0,0,0,0,0,0,0,0,0,50,0,1300.0,1369.1218887201103,628.633758999058,2104.1982940005255,1622.0
1789882489,50,,Aggregated,24.800000,0.000000,7,7,8,8,9,11,14,21,26,26,26,970,0,7,77.9282393969476,3.3978899955400266,2104.1982940005255,6706.162886597938
1789882490,50,GET,GET /api/v1/reservas,17.700000,0.000000,7,7,8,8,9,11,14,21,26,26,26,725,0,7,8.302311951712031,4.940559003443923,149.4995840039337,8965.0
1789882490,50,GET,GET /api/v1/reservas/{id},6.500000,0.000000,5,5,6,6,7,8,9,9,9,9,9,220,0,5,5.718607195608043,3.3978899955400266,71.38588800444268,442.0
1789882490,50,POST,POST /api/v1/auth/login,0.000000,0.000000,0,0,0,0,0,0,0,0,0,0,0,50,0,1300.0,1369.1218887201103,628.633758999058,2104.1982940005255,1622.0
1789882490,50,,Aggregated,24.200000,0.000000,7,7,8,8,9,11,14,21,26,26,26,995,0,7,76.11393385329698,3.3978899955400266,2104.1982940005255,6711.522613065326
1789882491,50,GET,GET /api/v1/reservas,17.700000,0.000000,7,7,8,8,9,11,12,14,14,14,14,743,0,7,8.258673279950207,4.940559003443923,149.4995840039337,8965.0
1789882491,50,GET,GET /api/v1/reservas/{id},6.400000,0.000000,5,5,6,6,7,8,9,12,12,12,12,228,0,5,5.703988346667438,3.3978899955400266,71.38588800444268,442.0
1789882491,50,POST,POST /api/v1/auth/login,0.000000,0.000000,0,0,0,0,0,0,0,0,0,0,0,50,0,1300.0,1369.1218887201103,628.633758999058,2104.1982940005255,1622.0
1789882491,50,,Aggregated,24.100000,0.000000,6,7,8,8,9,10,12,13,14,14,14,1021,0,7,74.3318296043572,3.3978899955400266,2104.1982940005255,6702.126346718903
1789882492,50,GET,GET /api/v1/reservas,17.800000,0.000000,7,7,8,8,9,11,14,18,25,25,25,761,0,7,8.269089253609522,4.940559003443923,149.4995840039337,8965.0
1789882492,50,GET,GET /api/v1/reservas/{id},6.400000,0.000000,5,5,6,6,7,9,12,18,18,18,18,232,0,5,5.7465278148434855,3.3978899955400266,71.38588800444268,442.0
1789882492,50,POST,POST /api/v1/auth/login,0.000000,0.000000,0,0,0,0,0,0,0,0,0,0,0,50,0,1300.0,1369.1218887201103,628.633758999058,2104.1982940005255,1622.0
1789882492,50,,Aggregated,24.200000,0.000000,6,7,7,8,9,11,14,18,25,25,25,1043,0,7,72.94541304990034,3.3978899955400266,2104.1982940005255,6717.170661553212
1789882493,50,GET,GET /api/v1/reservas,18.500000,0.000000,7,7,7,8,9,11,13,18,25,25,25,789,0,7,8.189683027893183,4.940559003443923,149.4995840039337,8965.0
1789882493,50,GET,GET /api/v1/reservas/{id},6.800000,0.000000,5,5,5,5,7,9,12,18,18,18,18,237,0,5,5.717541987529783,3.3978899955400266,71.38588800444268,442.0
1789882493,50,POST,POST /api/v1/auth/login,0.000000,0.000000,0,0,0,0,0,0,0,0,0,0,0,50,0,1300.0,1369.1218887201103,628.633758999058,2104.1982940005255,1622.0
1789882493,50,,Aggregated,25.300000,0.000000,6,7,7,8,9,11,13,18,25,25,25,1076,0,7,70.88551282161505,3.3978899955400266,2104.1982940005255,6746.504646840149
1789882494,50,GET,GET /api/v1/reservas,17.900000,0.000000,7,7,7,8,9,11,13,18,25,25,25,801,0,7,8.167475046185642,4.940559003443923,149.4995840039337,8965.0
1789882494,50,GET,GET /api/v1/reservas/{id},6.600000,0.000000,5,5,5,5,7,9,12,18,18,18,18,242,0,5,5.698409847332375,3.3978899955400266,71.38588800444268,442.0
1789882494,50,POST,POST /api/v1/auth/login,0.000000,0.000000,0,0,0,0,0,0,0,0,0,0,0,50,0,1300.0,1369.1218887201103,628.633758999058,2104.1982940005255,1622.0
1789882494,50,,Aggregated,24.500000,0.000000,6,7,7,8,9,11,13,18,25,25,25,1093,0,7,69.87855181249282,3.3978899955400266,2104.1982940005255,6742.021043000915
1789882495,50,GET,GET /api/v1/reservas,18.500000,0.000000,6,7,7,8,9,11,13,18,25,25,25,823,0,7,8.111908095983567,4.796430002897978,149.4995840039337,8965.0
1789882495,50,GET,GET /api/v1/reservas/{id},6.500000,0.000000,4,5,5,5,6,9,12,18,18,18,18,250,0,5,5.657010528288083,3.3978899955400266,71.38588800444268,442.0
1789882495,50,POST,POST /api/v1/auth/login,0.000000,0.000000,0,0,0,0,0,0,0,0,0,0,0,50,0,1300.0,1369.1218887201103,628.633758999058,2104.1982940005255,1622.0
1789882495,50,,Aggregated,25.000000,0.000000,6,7,7,7,9,11,13,18,25,25,25,1123,0,7,68.16246431974355,3.3978899955400266,2104.1982940005255,6740.690115761354
1789882496,50,GET,GET /api/v1/reservas,18.700000,0.000000,6,7,7,8,9,11,14,18,25,25,25,840,0,7,8.099830072595589,4.796430002897978,149.4995840039337,8965.0
1789882496,50,GET,GET /api/v1/reservas/{id},6.000000,0.000000,4,5,5,5,6,10,12,18,18,18,18,251,0,5,5.673434562026616,3.3978899955400266,71.38588800444268,442.0
1789882496,50,POST,POST /api/v1/auth/login,0.000000,0.000000,0,0,0,0,0,0,0,0,0,0,0,50,0,1300.0,1369.1218887201103,628.633758999058,2104.1982940005255,1622.0
1789882496,50,,Aggregated,24.700000,0.000000,6,7,7,7,9,11,14,18,25,25,25,1141,0,7,67.20769831030192,3.3978899955400266,2104.1982940005255,6768.310254163015
1789882497,50,GET,GET /api/v1/reservas,18.400000,0.000000,6,7,7,8,9,11,15,18,25,25,25,865,0,7,8.070821211529651,4.796430002897978,149.4995840039337,8965.0
1789882497,50,GET,GET /api/v1/reservas/{id},6.000000,0.000000,4,5,5,5,6,10,12,18,18,18,18,257,0,5,5.6461159847139974,3.3978899955400266,71.38588800444268,442.0
1789882497,50,POST,POST /api/v1/auth/login,0.000000,0.000000,0,0,0,0,0,0,0,0,0,0,0,50,0,1300.0,1369.1218887201103,628.633758999058,2104.1982940005255,1622.0
1789882497,50,,Aggregated,24.400000,0.000000,6,7,7,7,9,11,15,18,25,25,25,1172,0,7,65.60444248468444,3.3978899955400266,2104.1982940005255,6782.78071672355
1789882498,50,GET,GET /api/v1/reservas,19.100000,0.000000,6,7,7,7,8,9,15,18,25,25,25,885,0,7,8.042892683570347,4.796430002897978,149.4995840039337,8965.0
1789882498,50,GET,GET /api/v1/reservas/{id},5.800000,0.000000,4,5,5,5,6,10,18,18,18,18,18,261,0,5,5.625165820186886,3.3978899955400266,71.38588800444268,442.0
1789882498,50,POST,POST /api/v1/auth/login,0.000000,0.000000,0,0,0,0,0,0,0,0,0,0,0,50,0,1300.0,1369.1218887201103,628.633758999058,2104.1982940005255,1622.0
1789882498,50,,Aggregated,24.900000,0.000000,6,7,7,7,8,10,15,18,25,25,25,1196,0,7,64.41657419735289,3.3978899955400266,2104.1982940005255,6798.066053511706
1789882499,50,GET,GET /api/v1/reservas,19.100000,0.000000,6,7,7,7,9,10,15,18,25,25,25,900,0,7,8.021967772187459,4.796430002897978,149.4995840039337,8965.0
1789882499,50,GET,GET /api/v1/reservas/{id},5.600000,0.000000,4,5,5,5,6,10,18,18,18,18,18,265,0,5,5.604733305929431,3.3978899955400266,71.38588800444268,442.0
1789882499,50,POST,POST /api/v1/auth/login,0.000000,0.000000,0,0,0,0,0,0,0,0,0,0,0,50,0,1300.0,1369.1218887201103,628.633758999058,2104.1982940005255,1622.0
1789882499,50,,Aggregated,24.700000,0.000000,6,7,7,7,8,10,15,18,25,25,25,1215,0,7,63.50709445024323,3.3978899955400266,2104.1982940005255,6803.893004115226
1789882500,50,GET,GET /api/v1/reservas,19.600000,0.000000,6,7,7,7,9,10,15,18,25,25,25,918,0,7,7.9892637777626145,4.796430002897978,149.4995840039337,8965.0
1789882500,50,GET,GET /api/v1/reservas/{id},5.600000,0.000000,4,5,5,6,6,10,18,18,18,18,18,270,0,5,5.588793474318528,3.3082839945564047,71.38588800444268,442.0
1789882500,50,POST,POST /api/v1/auth/login,0.000000,0.000000,0,0,0,0,0,0,0,0,0,0,0,50,0,1300.0,1369.1218887201103,628.633758999058,2104.1982940005255,1622.0
1789882500,50,,Aggregated,25.200000,0.000000,6,7,7,7,8,10,15,18,25,25,25,1238,0,6,62.43878257032116,3.3082839945564047,2104.1982940005255,6809.620355411955
1789882501,50,GET,GET /api/v1/reservas,19.600000,0.000000,6,7,7,7,8,9,14,15,18,18,18,937,0,7,7.97949268942261,4.796430002897978,149.4995840039337,8965.0
1789882501,50,GET,GET /api/v1/reservas/{id},5.100000,0.000000,4,5,5,5,6,6,10,10,10,10,10,273,0,5,5.5768502200111465,3.3082839945564047,71.38588800444268,442.0
1789882501,50,POST,POST /api/v1/auth/login,0.000000,0.000000,0,0,0,0,0,0,0,0,0,0,0,50,0,1300.0,1369.1218887201103,628.633758999058,2104.1982940005255,1622.0
1789882501,50,,Aggregated,24.700000,0.000000,6,7,7,7,8,9,12,15,18,18,18,1260,0,7,61.47250729845837,3.3082839945564047,2104.1982940005255,6826.961111111111
1789882502,50,GET,GET /api/v1/reservas,19.900000,0.000000,7,7,7,8,9,11,15,15,18,18,18,957,0,7,7.981537868311485,4.796430002897978,149.4995840039337,8965.0
1789882502,50,GET,GET /api/v1/reservas/{id},5.000000,0.000000,4,5,5,6,6,6,10,10,10,10,10,281,0,5,5.57510682940566,3.3082839945564047,71.38588800444268,442.0
1789882502,50,POST,POST /api/v1/auth/login,0.000000,0.000000,0,0,0,0,0,0,0,0,0,0,0,50,0,1300.0,1369.1218887201103,628.633758999058,2104.1982940005255,1622.0
1789882502,50,,Aggregated,24.900000,0.000000,6,7,7,7,8,10,14,15,18,18,18,1288,0,7,60.295831673169715,3.3082839945564047,2104.1982940005255,6820.502329192546
1789882503,50,GET,GET /api/v1/reservas,19.500000,0.000000,7,7,7,8,9,11,15,15,18,18,18,974,0,7,7.953013186838138,4.796430002897978,149.4995840039337,8965.0
1789882503,50,GET,GET /api/v1/reservas/{id},4.500000,0.000000,4,5,5,6,6,6,10,10,10,10,10,287,0,5,5.553623498488422,3.3082839945564047,71.38588800444268,442.0
1789882503,50,POST,POST /api/v1/auth/login,0.000000,0.000000,0,0,0,0,0,0,0,0,0,0,0,50,0,1300.0,1369.1218887201103,628.633758999058,2104.1982940005255,1622.0
1789882503,50,,Aggregated,24.000000,0.000000,6,7,7,7,8,10,14,15,18,18,18,1311,0,6,59.34112831735472,3.3082839945564047,2104.1982940005255,6819.118230358505
1789882504,50,GET,GET /api/v1/reservas,19.500000,0.000000,7,7,7,8,9,11,15,15,18,18,18,995,0,7,7.938102852253609,4.796430002897978,149.4995840039337,8965.0
1789882504,50,GET,GET /api/v1/reservas/{id},4.900000,0.000000,4,5,5,6,6,7,10,10,10,10,10,292,0,5,5.547187239979593,3.3082839945564047,71.38588800444268,442.0
1789882504,50,POST,POST /api/v1/auth/login,0.000000,0.000000,0,0,0,0,0,0,0,0,0,0,0,50,0,1300.0,1369.1218887201103,628.633758999058,2104.1982940005255,1622.0
1789882504,50,,Aggregated,24.400000,0.000000,6,7,7,8,9,10,14,15,18,18,18,1337,0,6,58.32033316983687,3.3082839945564047,2104.1982940005255,6828.974569932685
1789882505,50,GET,GET /api/v1/reservas,19.100000,0.000000,7,7,7,8,9,11,15,15,18,18,18,1020,0,7,7.895982536266435,4.796430002897978,149.4995840039337,8965.0
1789882505,50,GET,GET /api/v1/reservas/{id},5.100000,0.000000,5,5,5,6,6,7,10,10,10,10,10,296,0,5,5.530893800922157,3.3082839945564047,71.38588800444268,442.0
1789882505,50,POST,POST /api/v1/auth/login,0.000000,0.000000,0,0,0,0,0,0,0,0,0,0,0,50,0,1300.0,1369.1218887201103,628.633758999058,2104.1982940005255,1622.0
1789882505,50,,Aggregated,24.200000,0.000000,6,7,7,8,9,10,14,15,18,18,18,1366,0,6,57.20874171893868,3.3082839945564047,2104.1982940005255,6849.364568081991
1789882506,50,GET,GET /api/v1/reservas,19.200000,0.000000,7,7,8,8,9,10,12,15,18,18,18,1039,0,7,7.877151683349157,4.796430002897978,149.4995840039337,8965.0
1789882506,50,GET,GET /api/v1/reservas/{id},5.200000,0.000000,5,5,5,6,6,7,7,7,7,7,7,301,0,5,5.518113156374307,3.3082839945564047,71.38588800444268,442.0
1789882506,50,POST,POST /api/v1/auth/login,0.000000,0.000000,0,0,0,0,0,0,0,0,0,0,0,50,0,1300.0,1369.1218887201103,628.633758999058,2104.1982940005255,1622.0
1789882506,50,,Aggregated,24.400000,0.000000,6,7,7,8,8,10,12,15,18,18,18,1390,0,6,56.33194755041292,3.3082839945564047,2104.1982940005255,6855.235251798561
1789882507,50,GET,GET /api/v1/reservas,19.600000,0.000000,7,7,7,8,9,10,12,15,18,18,18,1059,0,7,7.8761479622206005,4.796430002897978,149.4995840039337,8965.0
1789882507,50,GET,GET /api/v1/reservas/{id},5.100000,0.000000,5,5,6,6,7,7,7,7,7,7,7,306,0,5,5.517387359682318,3.3082839945564047,71.38588800444268,442.0
1789882507,50,POST,POST /api/v1/auth/login,0.000000,0.000000,0,0,0,0,0,0,0,0,0,0,0,50,0,1300.0,1369.1218887201103,628.633758999058,2104.1982940005255,1622.0
1789882507,50,,Aggregated,24.700000,0.000000,6,7,7,8,9,10,12,12,18,18,18,1415,0,6,55.46661177389394,3.3082839945564047,2104.1982940005255,6862.393639575972
1789882508,50,GET,GET /api/v1/reservas,19.700000,0.000000,7,7,7,8,9,10,12,15,18,18,18,1079,0,7,7.844724526385663,4.796430002897978,149.4995840039337,8965.0
1789882508,50,GET,GET /api/v1/reservas/{id},4.800000,0.000000,5,5,6,6,7,7,7,9,9,9,9,314,0,5,5.507500210410254,3.3082839945564047,71.38588800444268,442.0
1789882508,50,POST,POST /api/v1/auth/login,0.000000,0.000000,0,0,0,0,0,0,0,0,0,0,0,50,0,1300.0,1369.1218887201103,628.633758999058,2104.1982940005255,1622.0
1789882508,50,,Aggregated,24.500000,0.000000,6,7,7,7,8,10,11,12,18,18,18,1443,0,6,54.50444023980906,3.3082839945564047,2104.1982940005255,6855.941094941095
1789882509,50,GET,GET /api/v1/reservas,19.900000,0.000000,7,7,8,8,9,11,12,17,18,18,18,1097,0,7,7.850414013638704,4.796430002897978,149.4995840039337,8965.0
1789882509,50,GET,GET /api/v1/reservas/{id},4.800000,0.000000,5,5,6,6,7,8,9,10,10,10,10,321,0,5,5.517556021996227,3.3082839945564047,71.38588800444268,442.0
1789882509,50,POST,POST /api/v1/auth/login,0.000000,0.000000,0,0,0,0,0,0,0,0,0,0,0,50,0,1300.0,1369.1218887201103,628.633758999058,2104.1982940005255,1622.0
1789882509,50,,Aggregated,24.700000,0.000000,6,7,7,8,9,10,12,15,18,18,18,1468,0,6,53.70513221527791,3.3082839945564047,2104.1982940005255,6851.217302452316
1789882510,50,GET,GET /api/v1/reservas,19.500000,0.000000,7,7,7,8,9,11,12,17,18,18,18,1117,0,7,7.825742747491397,4.796430002897978,149.4995840039337,8965.0
1789882510,50,GET,GET /api/v1/reservas/{id},5.000000,0.000000,5,5,6,7,7,8,9,10,10,10,10,325,0,5,5.517458603292023,3.3082839945564047,71.38588800444268,442.0
1789882510,50,POST,POST /api/v1/auth/login,0.000000,0.000000,0,0,0,0,0,0,0,0,0,0,0,50,0,1300.0,1369.1218887201103,628.633758999058,2104.1982940005255,1622.0
1789882510,50,,Aggregated,24.500000,0.000000,6,7,7,8,9,10,12,15,18,18,18,1492,0,6,52.94277689746871,3.3082839945564047,2104.1982940005255,6862.369302949061
1789882511,50,GET,GET /api/v1/reservas,19.400000,0.000000,7,7,7,8,9,10,11,12,17,17,17,1132,0,7,7.80962027911879,4.796430002897978,149.4995840039337,8965.0
1789882511,50,GET,GET /api/v1/reservas/{id},5.500000,0.000000,5,5,6,7,7,8,9,10,10,10,10,332,0,5,5.499944942963032,3.3082839945564047,71.38588800444268,442.0
1789882511,50,POST,POST /api/v1/auth/login,0.000000,0.000000,0,0,0,0,0,0,0,0,0,0,0,50,0,1300.0,1369.1218887201103,628.633758999058,2104.1982940005255,1622.0
1789882511,50,,Aggregated,24.900000,0.000000,6,7,7,7,8,9,11,12,17,17,17,1514,0,6,52.26061183159294,3.3082839945564047,2104.1982940005255,6853.516512549538
1789882512,50,GET,GET /api/v1/reservas,19.300000,0.000000,7,7,7,8,9,10,11,12,17,17,17,1148,0,7,7.797261002581633,4.796430002897978,149.4995840039337,8965.0
1789882512,50,GET,GET /api/v1/reservas/{id},5.600000,0.000000,4,5,6,7,7,9,9,10,10,10,10,343,0,5,5.493102454972886,3.3082839945564047,71.38588800444268,442.0
1789882512,50,POST,POST /api/v1/auth/login,0.000000,0.000000,0,0,0,0,0,0,0,0,0,0,0,50,0,1300.0,1369.1218887201103,628.633758999058,2104.1982940005255,1622.0
1789882512,50,,Aggregated,24.900000,0.000000,6,7,7,7,9,9,11,12,17,17,17,1541,0,6,51.454564704104435,3.3082839945564047,2104.1982940005255,6829.672939649578
1789882513,50,GET,GET /api/v1/reservas,19.400000,0.000000,7,7,7,8,9,10,11,12,17,17,17,1172,0,7,7.762337145862927,4.796430002897978,149.4995840039337,8965.0
1789882513,50,GET,GET /api/v1/reservas/{id},5.800000,0.000000,5,5,7,7,8,9,9,10,10,10,10,347,0,5,5.493567985777243,3.3082839945564047,71.38588800444268,442.0
1789882513,50,POST,POST /api/v1/auth/login,0.000000,0.000000,0,0,0,0,0,0,0,0,0,0,0,50,0,1300.0,1369.1218887201103,628.633758999058,2104.1982940005255,1622.0
1789882513,50,,Aggregated,25.200000,0.000000,6,7,7,7,8,9,11,12,17,17,17,1569,0,6,50.643608452531275,3.3082839945564047,2104.1982940005255,6846.050987890376
1789882514,50,GET,GET /api/v1/reservas,19.100000,0.000000,7,7,7,7,8,9,11,12,17,17,17,1190,0,7,7.738005077267533,4.796430002897978,149.4995840039337,8965.0
1789882514,50,GET,GET /api/v1/reservas/{id},5.900000,0.000000,4,5,6,7,8,9,9,10,10,10,10,354,0,5,5.47343945216373,3.3082839945564047,71.38588800444268,442.0
1789882514,50,POST,POST /api/v1/auth/login,0.000000,0.000000,0,0,0,0,0,0,0,0,0,0,0,50,0,1300.0,1369.1218887201103,628.633758999058,2104.1982940005255,1622.0
1789882514,50,,Aggregated,25.000000,0.000000,6,7,7,7,8,9,11,12,17,17,17,1594,0,6,49.93846803263478,3.3082839945564047,2104.1982940005255,6841.855708908406
1789882515,50,GET,GET /api/v1/reservas,19.700000,0.000000,7,7,7,8,9,10,11,12,17,17,17,1208,0,7,7.739246789700075,4.796430002897978,149.4995840039337,8965.0
1789882515,50,GET,GET /api/v1/reservas/{id},6.000000,0.000000,5,6,6,7,7,8,9,10,10,10,10,359,0,5,5.468818665903501,3.3082839945564047,71.38588800444268,442.0
1789882515,50,POST,POST /api/v1/auth/login,0.000000,0.000000,0,0,0,0,0,0,0,0,0,0,0,50,0,1300.0,1369.1218887201103,628.633758999058,2104.1982940005255,1622.0
1789882515,50,,Aggregated,25.700000,0.000000,6,7,7,7,8,10,11,12,17,17,17,1617,0,6,49.3311134564147,3.3082839945564047,2104.1982940005255,6845.700680272109
1789882516,50,GET,GET /api/v1/reservas,19.600000,0.000000,6,7,7,7,8,9,11,12,17,17,17,1235,0,7,7.702739750551671,4.775237001013011,149.4995840039337,8965.0
1789882516,50,GET,GET /api/v1/reservas/{id},6.000000,0.000000,5,5,6,6,8,9,9,10,10,10,10,364,0,5,5.454082159493547,3.3082839945564047,71.38588800444268,442.0
1789882516,50,POST,POST /api/v1/auth/login,0.000000,0.000000,0,0,0,0,0,0,0,0,0,0,0,50,0,1300.0,1369.1218887201103,628.633758999058,2104.1982940005255,1622.0
1789882516,50,,Aggregated,25.600000,0.000000,6,7,7,7,8,9,11,11,17,17,17,1649,0,6,48.486515423888704,3.3082839945564047,2104.1982940005255,6860.984232868405
1789882517,50,GET,GET /api/v1/reservas,19.600000,0.000000,6,7,7,7,8,10,11,13,17,17,17,1249,0,7,7.700510046392311,4.775237001013011,149.4995840039337,8965.0
1789882517,50,GET,GET /api/v1/reservas/{id},6.000000,0.000000,5,5,6,6,7,8,9,10,10,10,10,368,0,5,5.453530342532284,3.3082839945564047,71.38588800444268,442.0
1789882517,50,POST,POST /api/v1/auth/login,0.000000,0.000000,0,0,0,0,0,0,0,0,0,0,0,50,0,1300.0,1369.1218887201103,628.633758999058,2104.1982940005255,1622.0
1789882517,50,,Aggregated,25.600000,0.000000,6,7,7,7,8,10,11,12,17,17,17,1667,0,6,48.038950599880856,3.3082839945564047,2104.1982940005255,6863.251949610078
1789882518,50,GET,GET /api/v1/reservas,18.800000,0.000000,6,7,7,7,8,10,12,12,13,13,13,1271,0,7,7.698384099103673,4.775237001013011,149.4995840039337,8965.0
1789882518,50,GET,GET /api/v1/reservas/{id},6.300000,0.000000,5,5,6,6,7,8,8,9,9,9,9,373,0,5,5.451740839287805,3.3082839945564047,71.38588800444268,442.0
1789882518,50,POST,POST /api/v1/auth/login,0.000000,0.000000,0,0,0,0,0,0,0,0,0,0,0,50,0,1300.0,1369.1218887201103,628.633758999058,2104.1982940005255,1622.0
1789882518,50,,Aggregated,25.100000,0.000000,6,7,7,7,8,9,11,12,13,13,13,1694,0,6,47.38739076683626,3.3082839945564047,2104.1982940005255,6871.5944510035415
1789882519,50,GET,GET /api/v1/reservas,18.500000,0.000000,6,7,7,7,8,10,12,12,13,13,13,1292,0,7,7.685643912514404,4.775237001013011,149.4995840039337,8965.0
1789882519,50,GET,GET /api/v1/reservas/{id},6.300000,0.000000,5,5,6,6,7,8,9,9,9,9,9,377,0,5,5.449780915276023,3.3082839945564047,71.38588800444268,442.0
1789882519,50,POST,POST /api/v1/auth/login,0.000000,0.000000,0,0,0,0,0,0,0,0,0,0,0,50,0,1300.0,1369.1218887201103,628.633758999058,2104.1982940005255,1622.0
1789882519,50,,Aggregated,24.800000,0.000000,6,7,7,7,8,9,11,12,13,13,13,1719,0,6,46.79494693195648,3.3082839945564047,2104.1982940005255,6882.207097149506
1789882520,50,GET,GET /api/v1/reservas,19.100000,0.000000,6,7,7,8,8,10,12,12,13,13,13,1307,0,7,7.671749866853023,4.775237001013011,149.4995840039337,8965.0
1789882520,50,GET,GET /api/v1/reservas/{id},6.000000,0.000000,5,5,6,6,8,8,9,9,9,9,9,381,0,5,5.458388050020186,3.3082839945564047,71.38588800444268,442.0
1789882520,50,POST,POST /api/v1/auth/login,0.000000,0.000000,0,0,0,0,0,0,0,0,0,0,0,50,0,1300.0,1369.1218887201103,628.633758999058,2104.1982940005255,1622.0
1789882520,50,,Aggregated,25.100000,0.000000,6,7,7,7,8,9,11,12,13,13,13,1738,0,6,46.35369238149603,3.3082839945564047,2104.1982940005255,6885.360759493671
1789882521,50,GET,GET /api/v1/reservas,20.000000,0.000000,6,7,7,7,8,10,12,13,19,19,19,1331,0,7,7.655037422238292,4.775237001013011,149.4995840039337,8965.0
1789882521,50,GET,GET /api/v1/reservas/{id},5.900000,0.000000,5,5,6,6,7,8,9,9,9,9,9,389,0,5,5.442248138938468,3.3082839945564047,71.38588800444268,442.0
1789882521,50,POST,POST /api/v1/auth/login,0.000000,0.000000,0,0,0,0,0,0,0,0,0,0,0,50,0,1300.0,1369.1218887201103,628.633758999058,2104.1982940005255,1622.0
1789882521,50,,Aggregated,25.900000,0.000000,6,7,7,7,8,9,12,12,19,19,19,1770,0,6,45.6282394186733,3.3082839945564047,2104.1982940005255,6884.436723163842
1789882522,50,GET,GET /api/v1/reservas,19.200000,0.000000,6,7,7,8,9,11,12,13,19,19,19,1343,0,7,7.651008994789277,4.775237001013011,149.4995840039337,8965.0
1789882522,50,GET,GET /api/v1/reservas/{id},5.400000,0.000000,5,5,6,6,6,8,8,9,9,9,9,398,0,5,5.4351454749867205,3.3082839945564047,71.38588800444268,442.0
1789882522,50,POST,POST /api/v1/auth/login,0.000000,0.000000,0,0,0,0,0,0,0,0,0,0,0,50,0,1300.0,1369.1218887201103,628.633758999058,2104.1982940005255,1622.0
1789882522,50,,Aggregated,24.600000,0.000000,6,7,7,7,8,10,12,13,19,19,19,1791,0,6,45.167273821916375,3.3082839945564047,2104.1982940005255,6866.0027917364605
1789882523,50,GET,GET /api/v1/reservas,19.800000,0.000000,7,7,7,8,9,11,12,13,19,19,19,1361,0,7,7.640621881721343,4.775237001013011,149.4995840039337,8965.0
1789882523,50,GET,GET /api/v1/reservas/{id},5.700000,0.000000,5,5,6,6,7,8,8,9,9,9,9,407,0,5,5.4247408084485835,3.295054004411213,71.38588800444268,442.0
1789882523,50,POST,POST /api/v1/auth/login,0.000000,0.000000,0,0,0,0,0,0,0,0,0,0,0,50,0,1300.0,1369.1218887201103,628.633758999058,2104.1982940005255,1622.0
1789882523,50,,Aggregated,25.500000,0.000000,6,7,7,7,8,10,12,13,19,19,19,1818,0,6,44.58902658199496,3.295054004411213,2104.1982940005255,6854.98294829483
1789882524,50,GET,GET /api/v1/reservas,19.700000,0.000000,6,7,7,8,8,9,12,13,19,19,19,1374,0,7,7.628887578606686,4.775237001013011,149.4995840039337,8965.0
1789882524,50,GET,GET /api/v1/reservas/{id},5.700000,0.000000,5,5,6,6,7,8,8,9,9,9,9,413,0,5,5.412449266446685,3.295054004411213,71.38588800444268,442.0
1789882524,50,POST,POST /api/v1/auth/login,0.000000,0.000000,0,0,0,0,0,0,0,0,0,0,0,50,0,1300.0,1369.1218887201103,628.633758999058,2104.1982940005255,1622.0
1789882524,50,,Aggregated,25.400000,0.000000,6,7,7,7,8,9,12,13,19,19,19,1837,0,6,44.18809336747609,3.295054004411213,2104.1982940005255,6848.968971148612
1789882525,50,GET,GET /api/v1/reservas,18.800000,0.000000,6,7,7,8,9,12,13,17,19,19,19,1396,0,7,7.633350770768116,4.775237001013011,149.4995840039337,8965.0
1789882525,50,GET,GET /api/v1/reservas/{id},5.900000,0.000000,5,5,6,6,7,8,9,16,16,16,16,416,0,5,5.437267466452165,3.295054004411213,71.38588800444268,442.0
1789882525,50,POST,POST /api/v1/auth/login,0.000000,0.000000,0,0,0,0,0,0,0,0,0,0,0,50,0,1300.0,1369.1218887201103,628.633758999058,2104.1982940005255,1622.0
1789882525,50,,Aggregated,24.700000,0.000000,6,7,7,7,8,10,13,16,19,19,19,1862,0,6,43.70255390872283,3.295054004411213,2104.1982940005255,6863.64769065521
1789882526,50,GET,GET /api/v1/reservas,18.200000,0.000000,7,7,7,8,9,11,13,17,19,19,19,1411,0,7,7.619429924867306,4.775237001013011,149.4995840039337,8965.0
1789882526,50,GET,GET /api/v1/reservas/{id},5.900000,0.000000,5,5,6,6,7,8,9,16,16,16,16,425,0,5,5.420898023602443,3.295054004411213,71.38588800444268,442.0
1789882526,50,POST,POST /api/v1/auth/login,0.000000,0.000000,0,0,0,0,0,0,0,0,0,0,0,50,0,1300.0,1369.1218887201103,628.633758999058,2104.1982940005255,1622.0
1789882526,50,,Aggregated,24.100000,0.000000,6,7,7,7,8,10,13,16,19,19,19,1886,0,6,43.21897758219741,3.295054004411213,2104.1982940005255,6849.716330858961
1789882527,50,GET,GET /api/v1/reservas,18.100000,0.000000,7,7,7,8,9,11,14,17,19,19,19,1431,0,7,7.625602737239685,4.775237001013011,149.4995840039337,8965.0
1789882527,50,GET,GET /api/v1/reservas/{id},5.900000,0.000000,5,5,6,6,7,8,9,16,16,16,16,430,0,5,5.415333851242606,3.295054004411213,71.38588800444268,442.0
1789882527,50,POST,POST /api/v1/auth/login,0.000000,0.000000,0,0,0,0,0,0,0,0,0,0,0,50,0,1300.0,1369.1218887201103,628.633758999058,2104.1982940005255,1622.0
1789882527,50,,Aggregated,24.000000,0.000000,6,7,7,7,8,10,14,16,19,19,19,1911,0,6,42.750876770816234,3.295054004411213,2104.1982940005255,6855.088958660387
1789882528,50,GET,GET /api/v1/reservas,18.300000,0.000000,7,7,7,8,9,11,14,17,19,19,19,1449,0,7,7.6236715852217065,4.775237001013011,149.4995840039337,8965.0
1789882528,50,GET,GET /api/v1/reservas/{id},6.400000,0.000000,5,5,6,6,8,8,10,16,16,16,16,434,0,5,5.431870036949066,3.295054004411213,71.38588800444268,442.0
1789882528,50,POST,POST /api/v1/auth/login,0.000000,0.000000,0,0,0,0,0,0,0,0,0,0,0,50,0,1300.0,1369.1218887201103,628.633758999058,2104.1982940005255,1622.0
1789882528,50,,Aggregated,24.700000,0.000000,6,7,7,8,9,11,14,16,19,19,19,1933,0,6,42.34879780601535,3.295054004411213,2104.1982940005255,6861.465597516813
1789882529,50,GET,GET /api/v1/reservas,18.000000,0.000000,7,7,7,8,9,11,14,17,19,19,19,1467,0,7,7.605368802297551,4.775237001013011,149.4995840039337,8965.0
1789882529,50,GET,GET /api/v1/reservas/{id},6.000000,0.000000,5,5,6,6,7,8,10,16,16,16,16,440,0,5,5.430690581885177,3.295054004411213,71.38588800444268,442.0
1789882529,50,POST,POST /api/v1/auth/login,0.000000,0.000000,0,0,0,0,0,0,0,0,0,0,0,50,0,1300.0,1369.1218887201103,628.633758999058,2104.1982940005255,1622.0
1789882529,50,,Aggregated,24.000000,0.000000,6,7,7,7,8,10,14,16,19,19,19,1957,0,6,41.902235219726876,3.295054004411213,2104.1982940005255,6861.13183444047
1789882530,50,GET,GET /api/v1/reservas,17.600000,0.000000,7,7,8,8,9,11,14,17,19,19,19,1482,0,7,7.59481463155901,4.775237001013011,149.4995840039337,8965.0
1789882530,50,GET,GET /api/v1/reservas/{id},6.000000,0.000000,5,5,6,6,7,8,10,16,16,16,16,449,0,5,5.418096877574114,3.295054004411213,71.38588800444268,442.0
1789882530,50,POST,POST /api/v1/auth/login,0.000000,0.000000,0,0,0,0,0,0,0,0,0,0,0,50,0,1300.0,1369.1218887201103,628.633758999058,2104.1982940005255,1622.0
1789882530,50,,Aggregated,23.600000,0.000000,6,7,7,8,9,10,14,16,19,19,19,1981,0,6,41.46609551640926,3.295054004411213,2104.1982940005255,6847.89904088844
1789882531,50,GET,GET /api/v1/reservas,17.600000,0.000000,7,7,8,8,9,11,14,17,18,18,18,1506,0,7,7.587491273551668,4.775237001013011,149.4995840039337,8965.0
1789882531,50,GET,GET /api/v1/reservas/{id},6.000000,0.000000,5,5,6,6,7,9,10,16,16,16,16,455,0,5,5.4065871253292395,3.295054004411213,71.38588800444268,442.0
1789882531,50,POST,POST /api/v1/auth/login,0.000000,0.000000,0,0,0,0,0,0,0,0,0,0,0,50,0,1300.0,1369.1218887201103,628.633758999058,2104.1982940005255,1622.0
1789882531,50,,Aggregated,23.600000,0.000000,6,7,7,8,9,11,14,16,18,18,18,2011,0,6,40.946222494281024,3.295054004411213,2104.1982940005255,6854.05271009448
1789882532,50,GET,GET /api/v1/reservas,17.700000,0.000000,7,7,7,8,9,11,14,17,18,18,18,1521,0,7,7.580839216287868,4.775237001013011,149.4995840039337,8965.0
1789882532,50,GET,GET /api/v1/reservas/{id},6.800000,0.000000,5,5,6,6,6,9,10,16,16,16,16,459,0,5,5.4044818867794095,3.295054004411213,71.38588800444268,442.0
1789882532,50,POST,POST /api/v1/auth/login,0.000000,0.000000,0,0,0,0,0,0,0,0,0,0,0,50,0,1300.0,1369.1218887201103,628.633758999058,2104.1982940005255,1622.0
1789882532,50,,Aggregated,24.500000,0.000000,6,7,7,7,8,10,14,16,18,18,18,2030,0,6,40.624240428576904,3.295054004411213,2104.1982940005255,6857.016256157635
1789882533,50,GET,GET /api/v1/reservas,16.900000,0.000000,7,7,8,8,10,11,14,17,18,18,18,1539,0,7,7.58019301688237,4.775237001013011,149.4995840039337,8965.0
1789882533,50,GET,GET /api/v1/reservas/{id},6.700000,0.000000,5,5,6,6,7,9,10,16,16,16,16,468,0,5,5.403424660347126,3.295054004411213,71.38588800444268,442.0
1789882533,50,POST,POST /api/v1/auth/login,0.000000,0.000000,0,0,0,0,0,0,0,0,0,0,0,50,0,1300.0,1369.1218887201103,628.633758999058,2104.1982940005255,1622.0
1789882533,50,,Aggregated,23.600000,0.000000,6,7,7,8,9,10,14,16,18,18,18,2057,0,6,40.180269436086505,3.295054004411213,2104.1982940005255,6847.394749635391
1789882534,50,GET,GET /api/v1/reservas,17.400000,0.000000,7,7,7,8,9,10,14,14,18,18,18,1553,0,7,7.568275245955332,4.775237001013011,149.4995840039337,8965.0
1789882534,50,GET,GET /api/v1/reservas/{id},6.300000,0.000000,5,5,6,6,6,8,10,16,16,16,16,475,0,5,5.39358710743009,3.295054004411213,71.38588800444268,442.0
1789882534,50,POST,POST /api/v1/auth/login,0.000000,0.000000,0,0,0,0,0,0,0,0,0,0,0,50,0,1300.0,1369.1218887201103,628.633758999058,2104.1982940005255,1622.0
1789882534,50,,Aggregated,23.700000,0.000000,6,7,7,7,8,10,14,14,18,18,18,2078,0,6,39.832329051493474,3.295054004411213,2104.1982940005255,6840.084215591915
1789882535,50,GET,GET /api/v1/reservas,17.600000,0.000000,7,7,7,8,9,11,14,14,18,18,18,1575,0,7,7.56585370791736,4.775237001013011,149.4995840039337,8965.0
1789882535,50,GET,GET /api/v1/reservas/{id},6.100000,0.000000,5,5,6,6,7,8,9,10,10,10,10,480,0,5,5.392400158401263,3.295054004411213,71.38588800444268,442.0
1789882535,50,POST,POST /api/v1/auth/login,0.000000,0.000000,0,0,0,0,0,0,0,0,0,0,0,50,0,1300.0,1369.1218887201103,628.633758999058,2104.1982940005255,1622.0
1789882535,50,,Aggregated,23.700000,0.000000,6,7,7,8,9,10,12,14,18,18,18,2105,0,6,39.41124280380426,3.295054004411213,2104.1982940005255,6847.095011876485
1789882536,50,GET,GET /api/v1/reservas,18.500000,0.000000,7,7,8,8,10,11,14,14,18,18,18,1588,0,7,7.557785710928822,4.775237001013011,149.4995840039337,8965.0
1789882536,50,GET,GET /api/v1/reservas/{id},6.300000,0.000000,5,5,6,6,7,8,9,10,10,10,10,486,0,5,5.388348539160572,3.295054004411213,71.38588800444268,442.0
1789882536,50,POST,POST /api/v1/auth/login,0.000000,0.000000,0,0,0,0,0,0,0,0,0,0,0,50,0,1300.0,1369.1218887201103,628.633758999058,2104.1982940005255,1622.0
1789882536,50,,Aggregated,24.800000,0.000000,6,7,7,8,9,10,12,14,18,18,18,2124,0,6,39.113274733988945,3.295054004411213,2104.1982940005255,6841.964218455744
1789882537,50,GET,GET /api/v1/reservas,17.500000,0.000000,6,7,7,8,9,10,12,14,18,18,18,1606,0,7,7.541680153774306,4.775237001013011,149.4995840039337,8965.0
1789882537,50,GET,GET /api/v1/reservas/{id},6.200000,0.000000,5,5,6,6,7,8,9,10,10,10,10,497,0,5,5.37170943867856,3.295054004411213,71.38588800444268,442.0
1789882537,50,POST,POST /api/v1/auth/login,0.000000,0.000000,0,0,0,0,0,0,0,0,0,0,0,50,0,1300.0,1369.1218887201103,628.633758999058,2104.1982940005255,1622.0
1789882537,50,,Aggregated,23.700000,0.000000,6,7,7,7,8,10,11,12,18,18,18,2153,0,6,38.66129695958676,3.295054004411213,2104.1982940005255,6827.01532745007
1789882538,50,GET,GET /api/v1/reservas,18.000000,0.000000,6,7,7,8,9,10,12,14,18,18,18,1621,0,7,7.5352607852944,4.775237001013011,149.4995840039337,8965.0
1789882538,50,GET,GET /api/v1/reservas/{id},5.800000,0.000000,5,5,5,6,6,7,8,9,9,9,9,502,0,5,5.36393538649974,3.295054004411213,71.38588800444268,442.0
1789882538,50,POST,POST /api/v1/auth/login,0.000000,0.000000,0,0,0,0,0,0,0,0,0,0,0,50,0,1300.0,1369.1218887201103,628.633758999058,2104.1982940005255,1622.0
1789882538,50,,Aggregated,23.800000,0.000000,6,7,7,7,8,9,12,12,18,18,18,2173,0,6,38.363298542563555,3.295054004411213,2104.1982940005255,6827.08191440405
1789882539,50,GET,GET /api/v1/reservas,17.900000,0.000000,6,7,7,7,9,10,12,14,18,18,18,1639,0,7,7.521593652199954,4.775237001013011,149.4995840039337,8965.0
1789882539,50,GET,GET /api/v1/reservas/{id},6.300000,0.000000,5,5,5,6,6,7,8,8,8,8,8,510,0,5,5.356907609829625,3.295054004411213,71.38588800444268,442.0
1789882539,50,POST,POST /api/v1/auth/login,0.000000,0.000000,0,0,0,0,0,0,0,0,0,0,0,50,0,1300.0,1369.1218887201103,628.633758999058,2104.1982940005255,1622.0
1789882539,50,,Aggregated,24.200000,0.000000,6,7,7,7,8,9,12,12,18,18,18,2199,0,6,37.979085635731856,3.295054004411213,2104.1982940005255,6821.352887676217
1789882540,50,GET,GET /api/v1/reservas,17.600000,0.000000,7,7,7,8,9,12,14,17,18,18,18,1657,0,7,7.532416301137373,4.775237001013011,149.4995840039337,8965.0
1789882540,50,GET,GET /api/v1/reservas/{id},6.900000,0.000000,5,5,5,6,6,7,8,8,8,8,8,520,0,5,5.3509647634760205,3.295054004411213,71.38588800444268,442.0
1789882540,50,POST,POST /api/v1/auth/login,0.000000,0.000000,0,0,0,0,0,0,0,0,0,0,0,50,0,1300.0,1369.1218887201103,628.633758999058,2104.1982940005255,1622.0
1789882540,50,,Aggregated,24.500000,0.000000,6,7,7,7,8,10,13,15,18,18,18,2227,0,6,37.593089323752885,3.295054004411213,2104.1982940005255,6810.033677593175
1789882541,50,GET,GET /api/v1/reservas,17.100000,0.000000,7,7,7,8,10,12,14,17,23,23,23,1671,0,7,7.545578473960013,4.775237001013011,149.4995840039337,8965.0
1789882541,50,GET,GET /api/v1/reservas/{id},6.900000,0.000000,5,5,5,6,6,8,9,11,11,11,11,529,0,5,5.3591470094683755,3.295054004411213,71.38588800444268,442.0
1789882541,50,POST,POST /api/v1/auth/login,0.000000,0.000000,0,0,0,0,0,0,0,0,0,0,0,50,0,1300.0,1369.1218887201103,628.633758999058,2104.1982940005255,1622.0
1789882541,50,,Aggregated,24.000000,0.000000,6,7,7,7,9,12,13,15,23,23,23,2250,0,6,37.28877548177843,3.295054004411213,2104.1982940005255,6797.970222222222
1789882542,50,GET,GET /api/v1/reservas,17.200000,0.000000,7,7,8,10,12,17,21,23,93,93,93,1689,0,7,7.671011328005227,4.775237001013011,149.4995840039337,8965.0
1789882542,50,GET,GET /api/v1/reservas/{id},6.900000,0.000000,5,5,6,6,9,14,45,49,49,49,49,538,0,5,5.566010910791642,3.295054004411213,71.38588800444268,442.0
1789882542,50,POST,POST /api/v1/auth/login,0.000000,0.000000,0,0,0,0,0,0,0,0,0,0,0,50,0,1300.0,1369.1218887201103,628.633758999058,2104.1982940005255,1622.0
1789882542,50,,Aggregated,24.100000,0.000000,6,7,7,8,12,17,23,45,93,93,93,2277,0,6,37.06936602503831,3.295054004411213,2104.1982940005255,6789.978480456742
1789882543,50,GET,GET /api/v1/reservas,17.100000,0.000000,7,10,12,13,19,30,41,51,93,93,93,1712,0,7,7.875078119158278,4.775237001013011,149.4995840039337,8965.0
1789882543,50,GET,GET /api/v1/reservas/{id},7.300000,0.000000,5,6,6,7,11,25,45,49,49,49,49,543,0,5,5.6664346390402525,3.295054004411213,71.38588800444268,442.0
1789882543,50,POST,POST /api/v1/auth/login,0.000000,0.000000,0,0,0,0,0,0,0,0,0,0,0,50,0,1300.0,1369.1218887201103,628.633758999058,2104.1982940005255,1622.0
1789882543,50,,Aggregated,24.400000,0.000000,7,8,11,12,18,25,42,49,93,93,93,2305,0,6,36.882907672452646,3.295054004411213,2104.1982940005255,6797.911496746204
1789882544,50,GET,GET /api/v1/reservas,17.000000,0.000000,7,10,12,12,18,23,41,51,93,93,93,1727,0,7,7.874309607994583,4.775237001013011,149.4995840039337,8965.0
1789882544,50,GET,GET /api/v1/reservas/{id},7.500000,0.000000,5,6,7,7,11,25,45,49,49,49,49,546,0,5,5.67102366666081,3.295054004411213,71.38588800444268,442.0
1789882544,50,POST,POST /api/v1/auth/login,0.000000,0.000000,0,0,0,0,0,0,0,0,0,0,0,50,0,1300.0,1369.1218887201103,628.633758999058,2104.1982940005255,1622.0
1789882544,50,,Aggregated,24.500000,0.000000,7,8,11,12,18,25,42,49,93,93,93,2323,0,6,36.655792531643975,3.295054004411213,2104.1982940005255,6803.696513129574
1789882545,50,GET,GET /api/v1/reservas,17.200000,0.000000,7,8,12,12,18,23,41,51,93,93,93,1751,0,7,7.854426749297809,4.775237001013011,149.4995840039337,8965.0
1789882545,50,GET,GET /api/v1/reservas/{id},7.300000,0.000000,5,6,7,7,11,25,45,49,49,49,49,551,0,5,5.66104221959115,3.295054004411213,71.38588800444268,442.0
1789882545,50,POST,POST /api/v1/auth/login,0.000000,0.000000,0,0,0,0,0,0,0,0,0,0,0,50,0,1300.0,1369.1218887201103,628.633758999058,2104.1982940005255,1622.0
1789882545,50,,Aggregated,24.500000,0.000000,7,8,10,12,18,25,42,49,93,93,93,2352,0,6,36.27909436097819,3.295054004411213,2104.1982940005255,6812.226615646258
1789882546,50,GET,GET /api/v1/reservas,16.700000,0.000000,7,9,12,12,18,23,41,51,93,93,93,1766,0,7,7.85594051642752,4.775237001013011,149.4995840039337,8965.0
1789882546,50,GET,GET /api/v1/reservas/{id},7.200000,0.000000,5,6,7,8,11,25,45,49,49,49,49,559,0,5,5.660567339889793,3.295054004411213,71.38588800444268,442.0
1789882546,50,POST,POST /api/v1/auth/login,0.000000,0.000000,0,0,0,0,0,0,0,0,0,0,0,50,0,1300.0,1369.1218887201103,628.633758999058,2104.1982940005255,1622.0
1789882546,50,,Aggregated,23.900000,0.000000,7,8,10,12,18,25,42,49,93,93,93,2375,0,6,35.99744948674312,3.295054004411213,2104.1982940005255,6804.365473684211
1789882547,50,GET,GET /api/v1/reservas,18.000000,0.000000,7,9,11,12,18,23,41,51,93,93,93,1789,0,7,7.837885222476645,4.775237001013011,149.4995840039337,8965.0
1789882547,50,GET,GET /api/v1/reservas/{id},7.300000,0.000000,5,6,7,8,11,25,45,49,49,49,49,564,0,5,5.652572402495999,3.295054004411213,71.38588800444268,442.0
1789882547,50,POST,POST /api/v1/auth/login,0.000000,0.000000,0,0,0,0,0,0,0,0,0,0,0,50,0,1300.0,1369.1218887201103,628.633758999058,2104.1982940005255,1622.0
1789882547,50,,Aggregated,25.300000,0.000000,7,8,10,12,17,23,42,49,93,93,93,2403,0,6,35.64965540325592,3.295054004411213,2104.1982940005255,6811.80732417811
1789882548,50,GET,GET /api/v1/reservas,17.900000,0.000000,7,10,12,12,18,23,41,51,93,93,93,1803,0,7,7.837261862456273,4.775237001013011,149.4995840039337,8965.0
1789882548,50,GET,GET /api/v1/reservas/{id},7.100000,0.000000,5,6,7,8,11,25,45,49,49,49,49,569,0,5,5.6488393936837165,3.295054004411213,71.38588800444268,442.0
1789882548,50,POST,POST /api/v1/auth/login,0.000000,0.000000,0,0,0,0,0,0,0,0,0,0,0,50,0,1300.0,1369.1218887201103,628.633758999058,2104.1982940005255,1622.0
1789882548,50,,Aggregated,25.000000,0.000000,7,8,11,12,18,25,42,49,93,93,93,2422,0,6,35.42562641990925,3.295054004411213,2104.1982940005255,6811.103633360859
1789882549,50,GET,GET /api/v1/reservas,18.000000,0.000000,7,9,11,12,18,23,41,51,93,93,93,1820,0,7,7.831577273088272,4.775237001013011,149.4995840039337,8965.0
1789882549,50,GET,GET /api/v1/reservas/{id},7.300000,0.000000,5,6,7,8,11,25,45,49,49,49,49,578,0,5,5.635226692052806,3.295054004411213,71.38588800444268,442.0
1789882549,50,POST,POST /api/v1/auth/login,0.000000,0.000000,0,0,0,0,0,0,0,0,0,0,0,50,0,1300.0,1369.1218887201103,628.633758999058,2104.1982940005255,1622.0
1789882549,50,,Aggregated,25.300000,0.000000,7,8,10,11,18,25,42,49,93,93,93,2448,0,6,35.117126675258454,3.295054004411213,2104.1982940005255,6802.645424836602
1789882550,50,GET,GET /api/v1/reservas,18.500000,0.000000,8,10,11,12,18,23,41,51,93,93,93,1839,0,7,7.849400414367362,4.775237001013011,149.4995840039337,8965.0
1789882550,50,GET,GET /api/v1/reservas/{id},6.700000,0.000000,6,7,7,9,14,32,45,49,49,49,49,582,0,5,5.632647730232476,3.295054004411213,71.38588800444268,442.0
1789882550,50,POST,POST /api/v1/auth/login,0.000000,0.000000,0,0,0,0,0,0,0,0,0,0,0,50,0,1300.0,1369.1218887201103,628.633758999058,2104.1982940005255,1622.0
1789882550,50,,Aggregated,25.200000,0.000000,7,9,11,12,18,25,42,49,93,93,93,2471,0,6,34.87225527196374,3.295054004411213,2104.1982940005255,6808.975718332659
1789882551,50,GET,GET /api/v1/reservas,18.200000,0.000000,7,8,10,11,17,21,41,51,93,93,93,1864,0,7,7.831127294535347,4.775237001013011,149.4995840039337,8965.0
1789882551,50,GET,GET /api/v1/reservas/{id},6.800000,0.000000,5,6,7,7,8,15,25,32,32,32,32,587,0,5,5.6243728006614,3.295054004411213,71.38588800444268,442.0
1789882551,50,POST,POST /api/v1/auth/login,0.000000,0.000000,0,0,0,0,0,0,0,0,0,0,0,50,0,1300.0,1369.1218887201103,628.633758999058,2104.1982940005255,1622.0
1789882551,50,,Aggregated,25.000000,0.000000,7,8,9,10,16,21,39,42,93,93,93,2501,0,6,34.52811777169438,3.295054004411213,2104.1982940005255,6817.798480607757
1789882552,50,GET,GET /api/v1/reservas,18.200000,0.000000,7,7,8,9,11,17,22,41,51,51,51,1874,0,7,7.824386070440066,4.775237001013011,149.4995840039337,8965.0
1789882552,50,GET,GET /api/v1/reservas/{id},6.600000,0.000000,5,5,6,7,7,10,25,32,32,32,32,596,0,5,5.609610068773727,3.295054004411213,71.38588800444268,442.0
1789882552,50,POST,POST /api/v1/auth/login,0.000000,0.000000,0,0,0,0,0,0,0,0,0,0,0,50,0,1300.0,1369.1218887201103,628.633758999058,2104.1982940005255,1622.0
1789882552,50,,Aggregated,24.800000,0.000000,7,7,8,8,11,16,25,38,51,51,51,2520,0,6,34.31044505277752,3.295054004411213,2104.1982940005255,6803.548412698413
1789882553,50,GET,GET /api/v1/reservas,18.600000,0.000000,7,7,8,8,10,11,15,16,22,22,22,1888,0,7,7.815437440682618,4.775237001013011,149.4995840039337,8965.0
1789882553,50,GET,GET /api/v1/reservas/{id},5.700000,0.000000,5,5,5,5,7,7,7,8,8,8,8,604,0,5,5.596875599338766,3.295054004411213,71.38588800444268,442.0
1789882553,50,POST,POST /api/v1/auth/login,0.000000,0.000000,0,0,0,0,0,0,0,0,0,0,0,50,0,1300.0,1369.1218887201103,628.633758999058,2104.1982940005255,1622.0
1789882553,50,,Aggregated,24.300000,0.000000,6,7,7,8,9,11,13,15,22,22,22,2542,0,6,34.06457639103655,3.295054004411213,2104.1982940005255,6795.431943351691
1789882554,50,GET,GET /api/v1/reservas,18.800000,0.000000,7,7,8,8,10,11,15,16,22,22,22,1905,0,7,7.809908760617899,4.775237001013011,149.4995840039337,8965.0
1789882554,50,GET,GET /api/v1/reservas/{id},5.700000,0.000000,5,5,5,6,7,7,8,8,8,8,8,613,0,5,5.593496344186522,3.295054004411213,71.38588800444268,442.0
1789882554,50,POST,POST /api/v1/auth/login,0.000000,0.000000,0,0,0,0,0,0,0,0,0,0,0,50,0,1300.0,1369.1218887201103,628.633758999058,2104.1982940005255,1622.0
1789882554,50,,Aggregated,24.500000,0.000000,6,7,7,8,9,11,13,15,22,22,22,2568,0,6,33.786130795938064,3.295054004411213,2104.1982940005255,6787.527647975078
1789882555,50,GET,GET /api/v1/reservas,18.300000,0.000000,7,7,8,8,10,11,15,16,22,22,22,1926,0,7,7.794339880565757,4.775237001013011,149.4995840039337,8965.0
1789882555,50,GET,GET /api/v1/reservas/{id},6.100000,0.000000,5,5,5,5,7,7,8,8,8,8,8,618,0,5,5.584691229748613,3.295054004411213,71.38588800444268,442.0
1789882555,50,POST,POST /api/v1/auth/login,0.000000,0.000000,0,0,0,0,0,0,0,0,0,0,0,50,0,1300.0,1369.1218887201103,628.633758999058,2104.1982940005255,1622.0
1789882555,50,,Aggregated,24.400000,0.000000,6,7,7,7,8,10,13,15,22,22,22,2594,0,6,33.50783817500378,3.295054004411213,2104.1982940005255,6792.924441017733
1789882556,50,GET,GET /api/v1/reservas,18.000000,0.000000,7,7,8,8,10,11,15,16,22,22,22,1949,0,7,7.791092590546977,4.775237001013011,149.4995840039337,8965.0
1789882556,50,GET,GET /api/v1/reservas/{id},6.500000,0.000000,5,5,5,6,7,7,8,11,11,11,11,622,0,5,5.590123501588973,3.295054004411213,71.38588800444268,442.0
1789882556,50,POST,POST /api/v1/auth/login,0.000000,0.000000,0,0,0,0,0,0,0,0,0,0,0,50,0,1300.0,1369.1218887201103,628.633758999058,2104.1982940005255,1622.0
1789882556,50,,Aggregated,24.500000,0.000000,6,7,7,8,9,11,13,15,22,22,22,2621,0,6,33.23845506027086,3.295054004411213,2104.1982940005255,6802.2926363983215
1789882557,50,GET,GET /api/v1/reservas,17.700000,0.000000,7,7,7,8,10,11,15,16,22,22,22,1968,0,7,7.779878524383005,4.775237001013011,149.4995840039337,8965.0
1789882557,50,GET,GET /api/v1/reservas/{id},6.700000,0.000000,5,5,5,5,6,7,8,11,11,11,11,629,0,5,5.580495303630069,3.295054004411213,71.38588800444268,442.0
1789882557,50,POST,POST /api/v1/auth/login,0.000000,0.000000,0,0,0,0,0,0,0,0,0,0,0,50,0,1300.0,1369.1218887201103,628.633758999058,2104.1982940005255,1622.0
1789882557,50,,Aggregated,24.400000,0.000000,6,7,7,7,8,11,13,15,22,22,22,2647,0,6,32.972053992434674,3.295054004411213,2104.1982940005255,6800.996599924443
1789882558,50,GET,GET /api/v1/reservas,17.500000,0.000000,7,7,7,8,10,11,15,16,22,22,22,1987,0,7,7.780716945150354,4.775237001013011,149.4995840039337,8965.0
1789882558,50,GET,GET /api/v1/reservas/{id},6.700000,0.000000,5,5,5,5,7,7,8,11,11,11,11,633,0,5,5.579088018913967,3.295054004411213,71.38588800444268,442.0
1789882558,50,POST,POST /api/v1/auth/login,0.000000,0.000000,0,0,0,0,0,0,0,0,0,0,0,50,0,1300.0,1369.1218887201103,628.633758999058,2104.1982940005255,1622.0
1789882558,50,,Aggregated,24.200000,0.000000,6,7,7,7,9,11,15,15,22,22,22,2670,0,6,32.752038098124274,3.295054004411213,2104.1982940005255,6806.869288389513
1789882559,50,GET,GET /api/v1/reservas,17.900000,0.000000,7,7,7,8,9,11,13,15,16,16,16,2008,0,7,7.765467721130328,4.775237001013011,149.4995840039337,8965.0
1789882559,50,GET,GET /api/v1/reservas/{id},6.200000,0.000000,5,5,5,6,7,8,10,11,11,11,11,639,0,5,5.585202682284287,3.295054004411213,71.38588800444268,442.0
1789882559,50,POST,POST /api/v1/auth/login,0.000000,0.000000,0,0,0,0,0,0,0,0,0,0,0,50,0,1300.0,1369.1218887201103,628.633758999058,2104.1982940005255,1622.0
1789882559,50,,Aggregated,24.100000,0.000000,6,7,7,7,8,11,13,15,16,16,16,2697,0,6,32.4872443952595,3.295054004411213,2104.1982940005255,6809.5135335558025
1789882560,50,GET,GET /api/v1/reservas,18.200000,0.000000,7,7,7,8,9,10,13,13,15,15,15,2023,0,7,7.761400741492567,4.775237001013011,149.4995840039337,8965.0
1789882560,50,GET,GET /api/v1/reservas/{id},6.400000,0.000000,5,5,5,6,7,9,10,11,11,11,11,646,0,5,5.587911318849117,3.295054004411213,71.38588800444268,442.0
1789882560,50,POST,POST /api/v1/auth/login,0.000000,0.000000,0,0,0,0,0,0,0,0,0,0,0,50,0,1300.0,1369.1218887201103,628.633758999058,2104.1982940005255,1622.0
1789882560,50,,Aggregated,24.600000,0.000000,6,7,7,7,9,10,11,13,15,15,15,2719,0,6,32.2792198779042,3.295054004411213,2104.1982940005255,6805.011769032732
1789882561,50,GET,GET /api/v1/reservas,18.200000,0.000000,7,7,7,8,10,11,13,15,22,22,22,2045,0,7,7.76501911052464,4.775237001013011,149.4995840039337,8965.0
1789882561,50,GET,GET /api/v1/reservas/{id},6.000000,0.000000,5,5,5,6,7,9,11,14,14,14,14,652,0,5,5.588130650264186,3.2539919993723743,71.38588800444268,442.0
1789882561,50,POST,POST /api/v1/auth/login,0.000000,0.000000,0,0,0,0,0,0,0,0,0,0,0,50,0,1300.0,1369.1218887201103,628.633758999058,2104.1982940005255,1622.0
1789882561,50,,Aggregated,24.200000,0.000000,6,7,7,8,9,11,13,14,22,22,22,2747,0,6,32.02730968365513,3.2539919993723743,2104.1982940005255,6808.412449945395
1789882562,50,GET,GET /api/v1/reservas,18.800000,0.000000,7,7,7,8,10,11,13,15,22,22,22,2064,0,7,7.750237025687571,4.775237001013011,149.4995840039337,8965.0
1789882562,50,GET,GET /api/v1/reservas/{id},6.200000,0.000000,5,5,6,6,8,10,11,14,14,14,14,659,0,5,5.5753675341167686,3.2251890006591566,71.38588800444268,442.0
1789882562,50,POST,POST /api/v1/auth/login,0.000000,0.000000,0,0,0,0,0,0,0,0,0,0,0,50,0,1300.0,1369.1218887201103,628.633758999058,2104.1982940005255,1622.0
1789882562,50,,Aggregated,25.000000,0.000000,6,7,7,7,9,11,13,14,22,22,22,2773,0,6,31.78029241327357,3.2251890006591566,2104.1982940005255,6807.117922827263
1789882563,50,GET,GET /api/v1/reservas,18.400000,0.000000,6,7,7,8,10,10,13,15,22,22,22,2081,0,7,7.740890017311844,4.775237001013011,149.4995840039337,8965.0
1789882563,50,GET,GET /api/v1/reservas/{id},6.400000,0.000000,5,5,5,6,7,10,11,14,14,14,14,663,0,5,5.569849493192121,3.2251890006591566,71.38588800444268,442.0
1789882563,50,POST,POST /api/v1/auth/login,0.000000,0.000000,0,0,0,0,0,0,0,0,0,0,0,50,0,1300.0,1369.1218887201103,628.633758999058,2104.1982940005255,1622.0
1789882563,50,,Aggregated,24.800000,0.000000,6,7,7,7,9,10,13,14,22,22,22,2794,0,6,31.58829519542514,3.2251890006591566,2104.1982940005255,6811.134931997137
1789882564,50,GET,GET /api/v1/reservas,18.500000,0.000000,6,7,7,8,10,11,13,15,22,22,22,2106,0,7,7.731661396967322,4.775237001013011,149.4995840039337,8965.0
1789882564,50,GET,GET /api/v1/reservas/{id},6.300000,0.000000,5,5,5,6,9,11,13,14,14,14,14,670,0,5,5.569971314893771,3.2251890006591566,71.38588800444268,442.0
1789882564,50,POST,POST /api/v1/auth/login,0.000000,0.000000,0,0,0,0,0,0,0,0,0,0,0,50,0,1300.0,1369.1218887201103,628.633758999058,2104.1982940005255,1622.0
1789882564,50,,Aggregated,24.800000,0.000000,6,7,7,8,10,11,13,14,22,22,22,2826,0,6,31.306034720098204,3.2251890006591566,2104.1982940005255,6814.412597310687
1789882565,50,GET,GET /api/v1/reservas,18.900000,0.000000,6,7,7,8,10,11,13,15,22,22,22,2121,0,7,7.722227247999406,4.775237001013011,149.4995840039337,8965.0
1789882565,50,GET,GET /api/v1/reservas/{id},6.200000,0.000000,5,5,5,6,7,10,13,14,14,14,14,676,0,5,5.561582439306286,3.2251890006591566,71.38588800444268,442.0
1789882565,50,POST,POST /api/v1/auth/login,0.000000,0.000000,0,0,0,0,0,0,0,0,0,0,0,50,0,1300.0,1369.1218887201103,628.633758999058,2104.1982940005255,1622.0
1789882565,50,,Aggregated,25.100000,0.000000,6,7,7,7,9,11,13,14,22,22,22,2847,0,6,31.118569778006076,3.2251890006591566,2104.1982940005255,6812.313663505444
1789882566,50,GET,GET /api/v1/reservas,19.400000,0.000000,6,7,7,8,9,10,13,15,22,22,22,2140,0,7,7.708067232251948,4.775237001013011,149.4995840039337,8965.0
1789882566,50,GET,GET /api/v1/reservas/{id},5.600000,0.000000,5,5,5,6,9,10,13,14,14,14,14,683,0,5,5.552621506556622,3.2251890006591566,71.38588800444268,442.0
1789882566,50,POST,POST /api/v1/auth/login,0.000000,0.000000,0,0,0,0,0,0,0,0,0,0,0,50,0,1300.0,1369.1218887201103,628.633758999058,2104.1982940005255,1622.0
1789882566,50,,Aggregated,25.000000,0.000000,6,7,7,7,9,10,13,14,22,22,22,2873,0,6,30.888896206753518,3.2251890006591566,2104.1982940005255,6811.028889662374
1789882567,50,GET,GET /api/v1/reservas,19.800000,0.000000,6,7,7,7,9,10,13,15,22,22,22,2162,0,7,7.68914905181042,4.775237001013011,149.4995840039337,8965.0
1789882567,50,GET,GET /api/v1/reservas/{id},5.900000,0.000000,4,5,5,6,9,10,13,14,14,14,14,690,0,5,5.538974579658184,3.2251890006591566,71.38588800444268,442.0
1789882567,50,POST,POST /api/v1/auth/login,0.000000,0.000000,0,0,0,0,0,0,0,0,0,0,0,50,0,1300.0,1369.1218887201103,628.633758999058,2104.1982940005255,1622.0
1789882567,50,,Aggregated,25.700000,0.000000,6,6,7,7,9,10,13,14,22,22,22,2902,0,6,30.634709560986835,3.2251890006591566,2104.1982940005255,6811.995175740868
1789882568,50,GET,GET /api/v1/reservas,19.700000,0.000000,6,7,7,7,9,10,12,14,22,22,22,2178,0,7,7.681644848026118,4.775237001013011,149.4995840039337,8965.0
1789882568,50,GET,GET /api/v1/reservas/{id},5.700000,0.000000,4,5,5,6,8,9,13,14,14,14,14,697,0,5,5.536810459070198,3.2251890006591566,71.38588800444268,442.0
1789882568,50,POST,POST /api/v1/auth/login,0.000000,0.000000,0,0,0,0,0,0,0,0,0,0,0,50,0,1300.0,1369.1218887201103,628.633758999058,2104.1982940005255,1622.0
1789882568,50,,Aggregated,25.400000,0.000000,6,6,7,7,8,10,13,14,22,22,22,2925,0,6,30.44303377947977,3.2251890006591566,2104.1982940005255,6808.527863247863
1789882569,50,GET,GET /api/v1/reservas,19.300000,0.000000,6,7,7,7,9,10,12,14,22,22,22,2198,0,7,7.674851608738178,4.775237001013011,149.4995840039337,8965.0
1789882569,50,GET,GET /api/v1/reservas/{id},6.000000,0.000000,4,5,5,6,8,9,13,14,14,14,14,700,0,5,5.533009092822405,3.2251890006591566,71.38588800444268,442.0
1789882569,50,POST,POST /api/v1/auth/login,0.000000,0.000000,0,0,0,0,0,0,0,0,0,0,0,50,0,1300.0,1369.1218887201103,628.633758999058,2104.1982940005255,1622.0
1789882569,50,,Aggregated,25.300000,0.000000,6,6,7,7,9,10,13,14,22,22,22,2948,0,6,30.257301437241424,3.2251890006591566,2104.1982940005255,6816.679104477612
1789882570,50,GET,GET /api/v1/reservas,19.200000,0.000000,6,7,7,7,8,10,12,13,22,22,22,2222,0,7,7.6596909081904165,4.775237001013011,149.4995840039337,8965.0
1789882570,50,GET,GET /api/v1/reservas/{id},6.100000,0.000000,4,5,5,5,6,9,13,14,14,14,14,708,0,5,5.525367621443478,3.2251890006591566,71.38588800444268,442.0
1789882570,50,POST,POST /api/v1/auth/login,0.000000,0.000000,0,0,0,0,0,0,0,0,0,0,0,50,0,1300.0,1369.1218887201103,628.633758999058,2104.1982940005255,1622.0
1789882570,50,,Aggregated,25.300000,0.000000,6,6,7,7,8,10,12,13,22,22,22,2980,0,6,29.99593554026396,3.2251890006591566,2104.1982940005255,6816.867785234899
1789882571,50,GET,GET /api/v1/reservas,18.900000,0.000000,6,7,7,7,8,10,12,13,17,17,17,2237,0,7,7.665332347341652,4.775237001013011,149.4995840039337,8965.0
1789882571,50,GET,GET /api/v1/reservas/{id},6.600000,0.000000,5,5,5,5,6,8,9,13,13,13,13,713,0,5,5.518745218750108,3.2251890006591566,71.38588800444268,442.0
1789882571,50,POST,POST /api/v1/auth/login,0.000000,0.000000,0,0,0,0,0,0,0,0,0,0,0,50,0,1300.0,1369.1218887201103,628.633758999058,2104.1982940005255,1622.0
1789882571,50,,Aggregated,25.500000,0.000000,6,6,7,7,8,10,12,13,17,17,17,3000,0,6,29.84610274599254,3.2251890006591566,2104.1982940005255,6816.983666666667
1789882572,50,GET,GET /api/v1/reservas,19.200000,0.000000,6,7,7,7,8,10,12,13,17,17,17,2252,0,7,7.656045077710005,4.775237001013011,149.4995840039337,8965.0
1789882572,50,GET,GET /api/v1/reservas/{id},6.000000,0.000000,5,5,5,5,6,8,9,13,13,13,13,722,0,5,5.50434356367498,3.2251890006591566,71.38588800444268,442.0
1789882572,50,POST,POST /api/v1/auth/login,0.000000,0.000000,0,0,0,0,0,0,0,0,0,0,0,50,0,1300.0,1369.1218887201103,628.633758999058,2104.1982940005255,1622.0
1789882572,50,,Aggregated,25.200000,0.000000,6,6,7,7,8,9,12,13,17,17,17,3024,0,6,29.653321429888155,3.2251890006591566,2104.1982940005255,6808.665343915344
1789882573,50,GET,GET /api/v1/reservas,19.500000,0.000000,6,7,7,7,8,10,12,13,17,17,17,2273,0,7,7.644386934456817,4.775237001013011,149.4995840039337,8965.0
1789882573,50,GET,GET /api/v1/reservas/{id},6.000000,0.000000,5,5,5,5,6,7,9,13,13,13,13,728,0,5,5.495836858484596,3.2251890006591566,71.38588800444268,442.0
1789882573,50,POST,POST /api/v1/auth/login,0.000000,0.000000,0,0,0,0,0,0,0,0,0,0,0,50,0,1300.0,1369.1218887201103,628.633758999058,2104.1982940005255,1622.0
1789882573,50,,Aggregated,25.500000,0.000000,6,6,7,7,8,9,12,13,17,17,17,3051,0,6,29.443708676172616,3.2251890006591566,2104.1982940005255,6810.9868895444115
1789882574,50,GET,GET /api/v1/reservas,18.900000,0.000000,6,7,7,7,8,9,11,13,17,17,17,2291,0,7,7.640647928855276,4.775237001013011,149.4995840039337,8965.0
1789882574,50,GET,GET /api/v1/reservas/{id},6.300000,0.000000,5,5,5,5,6,7,8,9,9,9,9,734,0,5,5.492421422308429,3.2251890006591566,71.38588800444268,442.0
1789882574,50,POST,POST /api/v1/auth/login,0.000000,0.000000,0,0,0,0,0,0,0,0,0,0,0,50,0,1300.0,1369.1218887201103,628.633758999058,2104.1982940005255,1622.0
1789882574,50,,Aggregated,25.200000,0.000000,6,6,7,7,8,9,11,13,17,17,17,3075,0,6,29.265774362597508,3.2251890006591566,2104.1982940005255,6811.168455284553
1789882575,50,GET,GET /api/v1/reservas,18.800000,0.000000,6,7,7,7,8,9,11,13,17,17,17,2311,0,7,7.626672165296256,4.775237001013011,149.4995840039337,8965.0
1789882575,50,GET,GET /api/v1/reservas/{id},6.200000,0.000000,4,5,5,5,6,7,7,8,8,8,8,737,0,5,5.487264271334618,3.2251890006591566,71.38588800444268,442.0
1789882575,50,POST,POST /api/v1/auth/login,0.000000,0.000000,0,0,0,0,0,0,0,0,0,0,0,50,0,1300.0,1369.1218887201103,628.633758999058,2104.1982940005255,1622.0
1789882575,50,,Aggregated,25.000000,0.000000,6,6,7,7,8,9,11,13,17,17,17,3098,0,6,29.09149373078721,3.2251890006591566,2104.1982940005255,6818.905422853454
1789882576,50,GET,GET /api/v1/reservas,18.700000,0.000000,6,7,7,7,8,9,11,13,17,17,17,2330,0,7,7.615476264374764,4.775237001013011,149.4995840039337,8965.0
1789882576,50,GET,GET /api/v1/reservas/{id},6.700000,0.000000,5,5,5,5,6,7,8,8,8,8,8,747,0,5,5.473606515351395,3.2251890006591566,71.38588800444268,442.0
1789882576,50,POST,POST /api/v1/auth/login,0.000000,0.000000,0,0,0,0,0,0,0,0,0,0,0,50,0,1300.0,1369.1218887201103,628.633758999058,2104.1982940005255,1622.0
1789882576,50,,Aggregated,25.400000,0.000000,6,6,7,7,8,8,11,13,17,17,17,3127,0,6,28.873980875908604,3.2251890006591566,2104.1982940005255,6811.5522865366165
1789882577,50,GET,GET /api/v1/reservas,18.200000,0.000000,6,7,7,8,8,9,11,13,17,17,17,2345,0,7,7.6122266562887155,4.775237001013011,149.4995840039337,8965.0
1789882577,50,GET,GET /api/v1/reservas/{id},6.100000,0.000000,5,5,5,6,6,7,8,8,8,8,8,752,0,5,5.46888529916419,3.2251890006591566,71.38588800444268,442.0
1789882577,50,POST,POST /api/v1/auth/login,0.000000,0.000000,0,0,0,0,0,0,0,0,0,0,0,50,0,1300.0,1369.1218887201103,628.633758999058,2104.1982940005255,1622.0
1789882577,50,,Aggregated,24.300000,0.000000,6,7,7,7,8,9,11,13,17,17,17,3147,0,6,28.731924909429306,3.2251890006591566,2104.1982940005255,6811.696536383858
1789882578,50,GET,GET /api/v1/reservas,18.800000,0.000000,6,7,7,7,8,9,11,13,17,17,17,2369,0,7,7.592933713793744,4.775237001013011,149.4995840039337,8965.0
1789882578,50,GET,GET /api/v1/reservas/{id},6.600000,0.000000,4,5,5,5,6,6,7,8,8,8,8,755,0,5,5.4666223589042575,3.2251890006591566,71.38588800444268,442.0
1789882578,50,POST,POST /api/v1/auth/login,0.000000,0.000000,0,0,0,0,0,0,0,0,0,0,0,50,0,1300.0,1369.1218887201103,628.633758999058,2104.1982940005255,1622.0
1789882578,50,,Aggregated,25.400000,0.000000,6,6,7,7,8,9,11,13,17,17,17,3174,0,6,28.53530380748444,3.2251890006591566,2104.1982940005255,6821.958097038438
1789882579,50,GET,GET /api/v1/reservas,18.900000,0.000000,6,7,7,7,8,9,11,13,17,17,17,2390,0,7,7.586782369029583,4.775237001013011,149.4995840039337,8965.0
1789882579,50,GET,GET /api/v1/reservas/{id},6.400000,0.000000,4,5,5,5,6,7,7,8,8,8,8,761,0,5,5.46394074110436,3.2251890006591566,71.38588800444268,442.0
1789882579,50,POST,POST /api/v1/auth/login,0.000000,0.000000,0,0,0,0,0,0,0,0,0,0,0,50,0,1300.0,1369.1218887201103,628.633758999058,2104.1982940005255,1622.0
1789882579,50,,Aggregated,25.300000,0.000000,6,6,7,7,8,8,11,13,17,17,17,3201,0,6,28.34944180005206,3.2251890006591566,2104.1982940005255,6824.058731646361
1789882580,50,GET,GET /api/v1/reservas,18.400000,0.000000,6,7,7,8,8,11,14,20,21,21,21,2402,0,7,7.603838099910583,4.775237001013011,149.4995840039337,8965.0
1789882580,50,GET,GET /api/v1/reservas/{id},6.200000,0.000000,5,5,5,6,7,8,8,9,9,9,9,768,0,5,5.473054350233042,3.2251890006591566,71.38588800444268,442.0
1789882580,50,POST,POST /api/v1/auth/login,0.000000,0.000000,0,0,0,0,0,0,0,0,0,0,0,50,0,1300.0,1369.1218887201103,628.633758999058,2104.1982940005255,1622.0
1789882580,50,,Aggregated,24.600000,0.000000,6,7,7,7,8,9,13,17,21,21,21,3220,0,6,28.2372109605496,3.2251890006591566,2104.1982940005255,6818.163354037267
1789882581,50,GET,GET /api/v1/reservas,19.300000,0.000000,6,7,7,8,9,11,13,20,21,21,21,2422,0,7,7.601808091233306,4.775237001013011,149.4995840039337,8965.0
1789882581,50,GET,GET /api/v1/reservas/{id},5.800000,0.000000,5,5,6,6,7,8,8,9,9,9,9,776,0,5,5.472149624963385,3.2251890006591566,71.38588800444268,442.0
1789882581,50,POST,POST /api/v1/auth/login,0.000000,0.000000,0,0,0,0,0,0,0,0,0,0,0,50,0,1300.0,1369.1218887201103,628.633758999058,2104.1982940005255,1622.0
1789882581,50,,Aggregated,25.100000,0.000000,6,7,7,7,8,10,12,14,21,21,21,3248,0,6,28.052358910697098,3.2251890006591566,2104.1982940005255,6815.6779556650245
1789882582,50,GET,GET /api/v1/reservas,18.200000,0.000000,6,7,7,8,9,11,13,20,21,21,21,2441,0,7,7.590016875038466,4.775237001013011,149.4995840039337,8965.0
1789882582,50,GET,GET /api/v1/reservas/{id},6.200000,0.000000,5,5,6,6,7,8,8,9,9,9,9,783,0,5,5.461366563181406,3.2251890006591566,71.38588800444268,442.0
1789882582,50,POST,POST /api/v1/auth/login,0.000000,0.000000,0,0,0,0,0,0,0,0,0,0,0,50,0,1300.0,1369.1218887201103,628.633758999058,2104.1982940005255,1622.0
1789882582,50,,Aggregated,24.400000,0.000000,6,6,7,7,8,10,12,14,21,21,21,3274,0,6,27.874030435841615,3.2251890006591566,2104.1982940005255,6814.5238240684175
1789882583,50,GET,GET /api/v1/reservas,18.000000,0.000000,6,7,7,8,9,11,13,20,21,21,21,2456,0,7,7.5819635439569515,4.775237001013011,149.4995840039337,8965.0
1789882583,50,GET,GET /api/v1/reservas/{id},6.500000,0.000000,5,5,5,6,7,8,8,9,9,9,9,791,0,5,5.452195441185284,3.2251890006591566,71.38588800444268,442.0
1789882583,50,POST,POST /api/v1/auth/login,0.000000,0.000000,0,0,0,0,0,0,0,0,0,0,0,50,0,1300.0,1369.1218887201103,628.633758999058,2104.1982940005255,1622.0
1789882583,50,,Aggregated,24.500000,0.000000,6,7,7,7,8,10,12,14,21,21,21,3297,0,6,27.719163935074718,3.2251890006591566,2104.1982940005255,6808.8450106157115
1789882584,50,GET,GET /api/v1/reservas,18.700000,0.000000,6,7,7,8,8,10,12,20,21,21,21,2473,0,7,7.572105628768122,4.775237001013011,149.4995840039337,8965.0
1789882584,50,GET,GET /api/v1/reservas/{id},6.200000,0.000000,5,5,6,6,7,8,8,9,9,9,9,798,0,5,5.4524198282813625,3.2251890006591566,71.38588800444268,442.0
1789882584,50,POST,POST /api/v1/auth/login,0.000000,0.000000,0,0,0,0,0,0,0,0,0,0,0,50,0,1300.0,1369.1218887201103,628.633758999058,2104.1982940005255,1622.0
1789882584,50,,Aggregated,24.900000,0.000000,6,6,7,7,8,9,12,14,21,21,21,3321,0,6,27.561861691935444,3.2251890006591566,2104.1982940005255,6806.462210177658
1789882585,50,GET,GET /api/v1/reservas,18.300000,0.000000,6,7,8,8,9,10,12,20,21,21,21,2486,0,7,7.566394995953875,4.775237001013011,149.4995840039337,8965.0
1789882585,50,GET,GET /api/v1/reservas/{id},6.400000,0.000000,5,5,6,6,7,8,8,9,9,9,9,808,0,5,5.442077185600085,3.2251890006591566,71.38588800444268,442.0
1789882585,50,POST,POST /api/v1/auth/login,0.000000,0.000000,0,0,0,0,0,0,0,0,0,0,0,50,0,1300.0,1369.1218887201103,628.633758999058,2104.1982940005255,1622.0
1789882585,50,,Aggregated,24.700000,0.000000,6,6,7,8,8,9,12,14,21,21,21,3344,0,6,27.4112891034425,3.2251890006591566,2104.1982940005255,6795.821172248804
1789882586,50,GET,GET /api/v1/reservas,18.400000,0.000000,6,7,7,8,9,10,12,20,21,21,21,2508,0,7,7.554539869196947,4.775237001013011,149.4995840039337,8965.0
1789882586,50,GET,GET /api/v1/reservas/{id},6.100000,0.000000,5,5,5,6,7,8,8,9,9,9,9,815,0,5,5.436984385230558,3.2251890006591566,71.38588800444268,442.0
1789882586,50,POST,POST /api/v1/auth/login,0.000000,0.000000,0,0,0,0,0,0,0,0,0,0,0,50,0,1300.0,1369.1218887201103,628.633758999058,2104.1982940005255,1622.0
1789882586,50,,Aggregated,24.500000,0.000000,6,6,7,7,8,9,12,14,21,21,21,3373,0,6,27.226214853813925,3.2251890006591566,2104.1982940005255,6796.783278980136
1789882587,50,GET,GET /api/v1/reservas,18.300000,0.000000,6,7,7,8,9,10,12,20,21,21,21,2526,0,7,7.5471274101142924,4.775237001013011,149.4995840039337,8965.0
1789882587,50,GET,GET /api/v1/reservas/{id},6.500000,0.000000,5,5,6,6,7,8,9,9,9,9,9,820,0,5,5.438949045084173,3.2251890006591566,71.38588800444268,442.0
1789882587,50,POST,POST /api/v1/auth/login,0.000000,0.000000,0,0,0,0,0,0,0,0,0,0,0,50,0,1300.0,1369.1218887201103,628.633758999058,2104.1982940005255,1622.0
1789882587,50,,Aggregated,24.800000,0.000000,6,6,7,7,8,9,12,14,21,21,21,3396,0,6,27.084828177539233,3.2251890006591566,2104.1982940005255,6798.919316843345
1789882588,50,GET,GET /api/v1/reservas,17.700000,0.000000,6,7,7,8,8,10,12,20,21,21,21,2548,0,7,7.535200701309673,4.775237001013011,149.4995840039337,8965.0
1789882588,50,GET,GET /api/v1/reservas/{id},6.800000,0.000000,5,5,5,6,7,8,9,9,9,9,9,828,0,5,5.426402100205679,3.2251890006591566,71.38588800444268,442.0
1789882588,50,POST,POST /api/v1/auth/login,0.000000,0.000000,0,0,0,0,0,0,0,0,0,0,0,50,0,1300.0,1369.1218887201103,628.633758999058,2104.1982940005255,1622.0
1789882588,50,,Aggregated,24.500000,0.000000,6,6,7,7,8,9,12,14,21,21,21,3426,0,6,26.896919661971065,3.2251890006591566,2104.1982940005255,6797.984821949795
1789882589,50,GET,GET /api/v1/reservas,17.300000,0.000000,6,7,7,7,8,9,12,20,21,21,21,2564,0,7,7.526358353333792,4.633864002244081,149.4995840039337,8965.0
1789882589,50,GET,GET /api/v1/reservas/{id},6.800000,0.000000,5,5,5,5,7,8,8,9,9,9,9,831,0,5,5.4304638856532454,3.2251890006591566,71.38588800444268,442.0
1789882589,50,POST,POST /api/v1/auth/login,0.000000,0.000000,0,0,0,0,0,0,0,0,0,0,0,50,0,1300.0,1369.1218887201103,628.633758999058,2104.1982940005255,1622.0
1789882589,50,,Aggregated,24.100000,0.000000,6,6,7,7,8,9,11,12,21,21,21,3445,0,6,26.782697458035184,3.2251890006591566,2104.1982940005255,6802.514368650218
1789882590,50,GET,GET /api/v1/reservas,18.200000,0.000000,6,7,7,7,8,9,9,12,12,12,12,2588,0,7,7.521116574558419,4.633864002244081,149.4995840039337,8965.0
1789882590,50,GET,GET /api/v1/reservas/{id},6.900000,0.000000,5,5,5,5,7,8,8,9,9,9,9,839,0,5,5.420653097712684,3.2251890006591566,71.38588800444268,442.0
1789882590,50,POST,POST /api/v1/auth/login,0.000000,0.000000,0,0,0,0,0,0,0,0,0,0,0,50,0,1300.0,1369.1218887201103,628.633758999058,2104.1982940005255,1622.0
1789882590,50,,Aggregated,25.100000,0.000000,6,6,7,7,8,8,9,10,12,12,12,3477,0,6,26.594383687070362,3.2251890006591566,2104.1982940005255,6802.806442335346
1789882591,50,GET,GET /api/v1/reservas,17.600000,0.000000,6,7,7,7,8,9,9,11,12,12,12,2597,0,7,7.520262398904857,4.633864002244081,149.4995840039337,8965.0
1789882591,50,GET,GET /api/v1/reservas/{id},7.300000,0.000000,5,5,5,6,7,8,9,21,21,21,21,849,0,5,5.436036706686396,3.2251890006591566,71.38588800444268,442.0
1789882591,50,POST,POST /api/v1/auth/login,0.000000,0.000000,0,0,0,0,0,0,0,0,0,0,0,50,0,1300.0,1369.1218887201103,628.633758999058,2104.1982940005255,1622.0
1789882591,50,,Aggregated,24.900000,0.000000,6,6,7,7,8,8,9,11,21,21,21,3496,0,6,26.48781780604639,3.2251890006591566,2104.1982940005255,6790.178203661328
1789882592,50,GET,GET /api/v1/reservas,18.500000,0.000000,6,7,7,7,8,9,10,11,12,12,12,2614,0,7,7.514646338924995,4.633864002244081,149.4995840039337,8965.0
1789882592,50,GET,GET /api/v1/reservas/{id},6.900000,0.000000,5,5,5,6,7,8,9,21,21,21,21,853,0,5,5.433047475938954,3.2251890006591566,71.38588800444268,442.0
1789882592,50,POST,POST /api/v1/auth/login,0.000000,0.000000,0,0,0,0,0,0,0,0,0,0,0,50,0,1300.0,1369.1218887201103,628.633758999058,2104.1982940005255,1622.0
1789882592,50,,Aggregated,25.400000,0.000000,6,6,7,7,8,9,10,11,21,21,21,3517,0,6,26.36729299486249,3.2251890006591566,2104.1982940005255,6793.47057150981
1789882593,50,GET,GET /api/v1/reservas,18.500000,0.000000,6,7,7,7,8,9,10,11,12,12,12,2637,0,7,7.504049211209164,4.633864002244081,149.4995840039337,8965.0
1789882593,50,GET,GET /api/v1/reservas/{id},6.800000,0.000000,5,5,6,6,7,8,9,21,21,21,21,862,0,5,5.427342957051675,3.2251890006591566,71.38588800444268,442.0
1789882593,50,POST,POST /api/v1/auth/login,0.000000,0.000000,0,0,0,0,0,0,0,0,0,0,0,50,0,1300.0,1369.1218887201103,628.633758999058,2104.1982940005255,1622.0
1789882593,50,,Aggregated,25.300000,0.000000,6,6,7,7,8,9,10,11,21,21,21,3549,0,6,26.18276749364402,3.2251890006591566,2104.1982940005255,6791.436742744435
1789882594,50,GET,GET /api/v1/reservas,17.800000,0.000000,6,7,7,7,8,8,10,11,12,12,12,2652,0,7,7.495708000353637,4.633864002244081,149.4995840039337,8965.0
1789882594,50,GET,GET /api/v1/reservas/{id},7.200000,0.000000,5,5,5,6,7,8,9,21,21,21,21,870,0,5,5.423459109183516,3.2251890006591566,71.38588800444268,442.0
1789882594,50,POST,POST /api/v1/auth/login,0.000000,0.000000,0,0,0,0,0,0,0,0,0,0,0,50,0,1300.0,1369.1218887201103,628.633758999058,2104.1982940005255,1622.0
1789882594,50,,Aggregated,25.000000,0.000000,6,6,7,7,8,8,10,11,21,21,21,3572,0,6,26.050705900877105,3.2251890006591566,2104.1982940005255,6786.343784994401
1789882595,50,GET,GET /api/v1/reservas,18.500000,0.000000,6,7,7,7,8,8,10,11,12,12,12,2672,0,7,7.493933166147226,4.633864002244081,149.4995840039337,8965.0
1789882595,50,GET,GET /api/v1/reservas/{id},7.000000,0.000000,5,5,5,6,7,8,9,21,21,21,21,877,0,5,5.41671504444568,3.2251890006591566,71.38588800444268,442.0
1789882595,50,POST,POST /api/v1/auth/login,0.000000,0.000000,0,0,0,0,0,0,0,0,0,0,0,50,0,1300.0,1369.1218887201103,628.633758999058,2104.1982940005255,1622.0
1789882595,50,,Aggregated,25.500000,0.000000,6,7,7,7,8,8,10,11,21,21,21,3599,0,6,25.904513184198322,3.2251890006591566,2104.1982940005255,6786.111141983884
1789882596,50,GET,GET /api/v1/reservas,17.700000,0.000000,6,7,7,7,8,8,10,11,12,12,12,2689,0,7,7.485748823709322,4.633864002244081,149.4995840039337,8965.0
1789882596,50,GET,GET /api/v1/reservas/{id},7.300000,0.000000,5,5,5,6,7,8,8,21,21,21,21,884,0,5,5.411105520336633,3.2251890006591566,71.38588800444268,442.0
1789882596,50,POST,POST /api/v1/auth/login,0.000000,0.000000,0,0,0,0,0,0,0,0,0,0,0,50,0,1300.0,1369.1218887201103,628.633758999058,2104.1982940005255,1622.0
1789882596,50,,Aggregated,25.000000,0.000000,6,7,7,7,8,8,10,11,21,21,21,3623,0,6,25.771098620739018,3.2251890006591566,2104.1982940005255,6784.077560033122
1789882597,50,GET,GET /api/v1/reservas,18.100000,0.000000,6,7,7,7,8,10,11,12,14,14,14,2709,0,7,7.489755373912269,4.633864002244081,149.4995840039337,8965.0
1789882597,50,GET,GET /api/v1/reservas/{id},7.200000,0.000000,5,5,6,6,7,8,15,21,21,21,21,889,0,5,5.425010848120528,3.2251890006591566,71.38588800444268,442.0
1789882597,50,POST,POST /api/v1/auth/login,0.000000,0.000000,0,0,0,0,0,0,0,0,0,0,0,50,0,1300.0,1369.1218887201103,628.633758999058,2104.1982940005255,1622.0
1789882597,50,,Aggregated,25.300000,0.000000,6,7,7,7,8,9,11,14,21,21,21,3648,0,6,25.649308220370887,3.2251890006591566,2104.1982940005255,6787.341831140351
1789882598,50,GET,GET /api/v1/reservas,18.300000,0.000000,6,7,7,7,8,10,11,12,14,14,14,2732,0,7,7.477365340756807,4.633864002244081,149.4995840039337,8965.0
1789882598,50,GET,GET /api/v1/reservas/{id},6.900000,0.000000,5,5,6,6,7,8,15,21,21,21,21,892,0,5,5.42329868384036,3.2251890006591566,71.38588800444268,442.0
1789882598,50,POST,POST /api/v1/auth/login,0.000000,0.000000,0,0,0,0,0,0,0,0,0,0,0,50,0,1300.0,1369.1218887201103,628.633758999058,2104.1982940005255,1622.0
1789882598,50,,Aggregated,25.200000,0.000000,6,7,7,7,8,9,11,14,21,21,21,3674,0,6,25.509482572928338,3.2251890006591566,2104.1982940005255,6795.793140990746
1789882599,50,GET,GET /api/v1/reservas,18.700000,0.000000,7,7,7,7,8,10,11,12,14,14,14,2744,0,7,7.474748343267901,4.633864002244081,149.4995840039337,8965.0
1789882599,50,GET,GET /api/v1/reservas/{id},6.900000,0.000000,5,5,6,6,7,8,15,21,21,21,21,902,0,5,5.422106178484118,3.2251890006591566,71.38588800444268,442.0
1789882599,50,POST,POST /api/v1/auth/login,0.000000,0.000000,0,0,0,0,0,0,0,0,0,0,0,50,0,1300.0,1369.1218887201103,628.633758999058,2104.1982940005255,1622.0
1789882599,50,,Aggregated,25.600000,0.000000,6,7,7,7,8,10,11,14,21,21,21,3696,0,6,25.39435705165728,3.2251890006591566,2104.1982940005255,6785.645021645022
1789882600,50,GET,GET /api/v1/reservas,18.400000,0.000000,7,7,7,7,9,10,11,19,27,27,27,2762,0,7,7.482887384468915,4.633864002244081,149.4995840039337,8965.0
1789882600,50,GET,GET /api/v1/reservas/{id},6.800000,0.000000,5,5,6,6,7,8,15,21,21,21,21,910,0,5,5.412321385705542,3.2251890006591566,71.38588800444268,442.0
1789882600,50,POST,POST /api/v1/auth/login,0.000000,0.000000,0,0,0,0,0,0,0,0,0,0,0,50,0,1300.0,1369.1218887201103,628.633758999058,2104.1982940005255,1622.0
1789882600,50,,Aggregated,25.200000,0.000000,6,7,7,7,8,10,14,19,27,27,27,3722,0,6,25.268415328560103,3.2251890006591566,2104.1982940005255,6782.549704459968
1789882601,50,GET,GET /api/v1/reservas,18.200000,0.000000,7,7,7,8,9,11,14,21,27,27,27,2779,0,7,7.497004161172094,4.633864002244081,149.4995840039337,8965.0
1789882601,50,GET,GET /api/v1/reservas/{id},6.500000,0.000000,5,5,6,6,8,9,23,30,30,30,30,913,0,5,5.462241500541736,3.2251890006591566,71.38588800444268,442.0
1789882601,50,POST,POST /api/v1/auth/login,0.000000,0.000000,0,0,0,0,0,0,0,0,0,0,0,50,0,1300.0,1369.1218887201103,628.633758999058,2104.1982940005255,1622.0
1789882601,50,,Aggregated,24.700000,0.000000,6,7,7,7,9,11,19,23,30,30,30,3742,0,6,25.19436009885018,3.2251890006591566,2104.1982940005255,6787.38134687333
1789882602,50,GET,GET /api/v1/reservas,17.400000,0.000000,7,7,8,9,11,14,17,21,27,27,27,2799,0,7,7.521237274348098,4.633864002244081,149.4995840039337,8965.0
1789882602,50,GET,GET /api/v1/reservas/{id},7.400000,0.000000,5,5,6,7,9,15,23,30,30,30,30,920,0,5,5.489113417372763,3.2251890006591566,71.38588800444268,442.0
1789882602,50,POST,POST /api/v1/auth/login,0.000000,0.000000,0,0,0,0,0,0,0,0,0,0,0,50,0,1300.0,1369.1218887201103,628.633758999058,2104.1982940005255,1622.0
1789882602,50,,Aggregated,24.800000,0.000000,6,7,8,8,11,14,19,23,30,30,30,3769,0,6,25.088358161551813,3.2251890006591566,2104.1982940005255,6787.151764393739
1789882603,50,GET,GET /api/v1/reservas,18.200000,0.000000,7,8,9,9,11,14,17,21,27,27,27,2819,0,7,7.525291098231978,4.633864002244081,149.4995840039337,8965.0
1789882603,50,GET,GET /api/v1/reservas/{id},6.900000,0.000000,5,6,7,7,9,18,23,30,30,30,30,925,0,5,5.4910018832369305,3.2251890006591566,71.38588800444268,442.0
1789882603,50,POST,POST /api/v1/auth/login,0.000000,0.000000,0,0,0,0,0,0,0,0,0,0,0,50,0,1300.0,1369.1218887201103,628.633758999058,2104.1982940005255,1622.0
1789882603,50,,Aggregated,25.100000,0.000000,7,7,8,9,11,14,19,23,30,30,30,3794,0,6,24.97339662201255,3.2251890006591566,2104.1982940005255,6790.27016341592
1789882604,50,GET,GET /api/v1/reservas,18.300000,0.000000,7,8,9,10,11,14,17,21,27,27,27,2840,0,7,7.531189092228039,4.633864002244081,149.4995840039337,8965.0
1789882604,50,GET,GET /api/v1/reservas/{id},6.500000,0.000000,5,6,7,7,9,18,23,30,30,30,30,930,0,5,5.492553840859503,3.2251890006591566,71.38588800444268,442.0
1789882604,50,POST,POST /api/v1/auth/login,0.000000,0.000000,0,0,0,0,0,0,0,0,0,0,0,50,0,1300.0,1369.1218887201103,628.633758999058,2104.1982940005255,1622.0
1789882604,50,,Aggregated,24.800000,0.000000,7,8,9,9,11,14,19,23,30,30,30,3820,0,6,24.856739929301696,3.2251890006591566,2104.1982940005255,6793.9162303664925
1789882605,50,GET,GET /api/v1/reservas,17.800000,0.000000,7,9,10,11,13,19,46,75,100,100,100,2858,0,7,7.6425937742904715,4.633864002244081,149.4995840039337,8965.0
1789882605,50,GET,GET /api/v1/reservas/{id},6.500000,0.000000,6,7,8,9,15,24,30,42,42,42,42,940,0,5,5.576172987252419,3.2251890006591566,71.38588800444268,442.0
1789882605,50,POST,POST /api/v1/auth/login,0.000000,0.000000,0,0,0,0,0,0,0,0,0,0,0,50,0,1300.0,1369.1218887201103,628.633758999058,2104.1982940005255,1622.0
1789882605,50,,Aggregated,24.300000,0.000000,7,8,9,10,13,21,42,57,100,100,100,3848,0,6,24.828542113031432,3.2251890006591566,2104.1982940005255,6787.564968814969
1789882606,50,GET,GET /api/v1/reservas,18.300000,0.000000,8,9,11,11,13,19,46,75,100,100,100,2870,0,7,7.650921713560921,4.633864002244081,149.4995840039337,8965.0
1789882606,50,GET,GET /api/v1/reservas/{id},6.000000,0.000000,6,8,8,9,12,24,30,42,42,42,42,947,0,5,5.609323023251723,3.2251890006591566,71.38588800444268,442.0
1789882606,50,POST,POST /api/v1/auth/login,0.000000,0.000000,0,0,0,0,0,0,0,0,0,0,0,50,0,1300.0,1369.1218887201103,628.633758999058,2104.1982940005255,1622.0
1789882606,50,,Aggregated,24.300000,0.000000,7,9,10,11,13,23,42,57,100,100,100,3867,0,6,24.754659595796415,3.2251890006591566,2104.1982940005255,6782.8352728213085
1789882607,50,GET,GET /api/v1/reservas,18.500000,0.000000,8,9,11,11,13,19,46,75,100,100,100,2888,0,7,7.657342417212256,4.633864002244081,149.4995840039337,8965.0
1789882607,50,GET,GET /api/v1/reservas/{id},6.100000,0.000000,6,7,8,9,12,24,30,42,42,42,42,956,0,5,5.607884490619734,3.2251890006591566,71.38588800444268,442.0
1789882607,50,POST,POST /api/v1/auth/login,0.000000,0.000000,0,0,0,0,0,0,0,0,0,0,0,50,0,1300.0,1369.1218887201103,628.633758999058,2104.1982940005255,1622.0
1789882607,50,,Aggregated,24.600000,0.000000,8,9,10,11,13,23,42,57,100,100,100,3894,0,6,24.635756782215452,3.2251890006591566,2104.1982940005255,6778.267077555213
1789882608,50,GET,GET /api/v1/reservas,17.900000,0.000000,8,10,11,11,14,27,46,75,100,100,100,2908,0,7,7.677970210424774,4.633864002244081,149.4995840039337,8965.0
1789882608,50,GET,GET /api/v1/reservas/{id},6.300000,0.000000,6,7,8,9,12,24,30,42,42,42,42,961,0,5,5.605108759656529,3.2251890006591566,71.38588800444268,442.0
1789882608,50,POST,POST /api/v1/auth/login,0.000000,0.000000,0,0,0,0,0,0,0,0,0,0,0,50,0,1300.0,1369.1218887201103,628.633758999058,2104.1982940005255,1622.0
1789882608,50,,Aggregated,24.200000,0.000000,8,9,10,11,14,27,42,57,100,100,100,3919,0,6,24.539459384013952,3.2251890006591566,2104.1982940005255,6781.342689461598
1789882609,50,GET,GET /api/v1/reservas,18.100000,0.000000,8,9,11,11,13,21,46,75,100,100,100,2932,0,7,7.681026434483998,4.633864002244081,149.4995840039337,8965.0
1789882609,50,GET,GET /api/v1/reservas/{id},6.600000,0.000000,6,8,9,9,18,27,30,42,42,42,42,964,0,5,5.602749531161904,3.2251890006591566,71.38588800444268,442.0
1789882609,50,POST,POST /api/v1/auth/login,0.000000,0.000000,0,0,0,0,0,0,0,0,0,0,0,50,0,1300.0,1369.1218887201103,628.633758999058,2104.1982940005255,1622.0
1789882609,50,,Aggregated,24.700000,0.000000,8,9,10,11,14,27,42,57,100,100,100,3946,0,6,24.424205395325057,3.2251890006591566,2104.1982940005255,6789.8043588444
1789882610,50,GET,GET /api/v1/reservas,17.600000,0.000000,9,10,11,12,14,21,46,75,100,100,100,2953,0,7,7.701850370437042,4.633864002244081,149.4995840039337,8965.0
1789882610,50,GET,GET /api/v1/reservas/{id},6.500000,0.000000,7,8,8,9,18,27,30,42,42,42,42,968,0,5,5.609885119870454,3.2251890006591566,71.38588800444268,442.0
1789882610,50,POST,POST /api/v1/auth/login,0.000000,0.000000,0,0,0,0,0,0,0,0,0,0,0,50,0,1300.0,1369.1218887201103,628.633758999058,2104.1982940005255,1622.0
1789882610,50,,Aggregated,24.100000,0.000000,8,9,10,11,14,24,42,57,100,100,100,3971,0,6,24.33392782068514,3.2251890006591566,2104.1982940005255,6794.913371946613
1789882611,50,GET,GET /api/v1/reservas,17.800000,0.000000,8,9,11,11,14,23,46,75,100,100,100,2971,0,7,7.724858512580398,4.633864002244081,149.4995840039337,8965.0
1789882611,50,GET,GET /api/v1/reservas/{id},6.600000,0.000000,6,8,8,8,9,24,27,42,42,42,42,970,0,5,5.615013134056707,3.2251890006591566,71.38588800444268,442.0
1789882611,50,POST,POST /api/v1/auth/login,0.000000,0.000000,0,0,0,0,0,0,0,0,0,0,0,50,0,1300.0,1369.1218887201103,628.633758999058,2104.1982940005255,1622.0
1789882611,50,,Aggregated,24.400000,0.000000,8,9,10,11,13,23,42,57,100,100,100,3991,0,6,24.267905742149058,3.2251890006591566,2104.1982940005255,6801.517163618141
1789882612,50,GET,GET /api/v1/reservas,19.100000,0.000000,8,10,11,12,14,21,46,75,100,100,100,2992,0,7,7.737976240590758,4.633864002244081,149.4995840039337,8965.0
1789882612,50,GET,GET /api/v1/reservas/{id},5.900000,0.000000,6,8,8,8,9,24,27,42,42,42,42,974,0,5,5.618136471290215,3.2251890006591566,71.38588800444268,442.0
1789882612,50,POST,POST /api/v1/auth/login,0.000000,0.000000,0,0,0,0,0,0,0,0,0,0,0,50,0,1300.0,1369.1218887201103,628.633758999058,2104.1982940005255,1622.0
1789882612,50,,Aggregated,25.000000,0.000000,8,9,10,11,13,23,42,57,100,100,100,4016,0,6,24.173352657094057,3.2251890006591566,2104.1982940005255,6806.496015936255
1789882613,50,GET,GET /api/v1/reservas,18.500000,0.000000,8,9,11,12,14,21,46,75,100,100,100,3013,0,7,7.729623761982344,4.633864002244081,149.4995840039337,8965.0
1789882613,50,GET,GET /api/v1/reservas/{id},5.900000,0.000000,6,8,8,8,9,24,27,42,42,42,42,978,0,5,5.615335749526228,3.2251890006591566,71.38588800444268,442.0
1789882613,50,POST,POST /api/v1/auth/login,0.000000,0.000000,0,0,0,0,0,0,0,0,0,0,0,50,0,1300.0,1369.1218887201103,628.633758999058,2104.1982940005255,1622.0
1789882613,50,,Aggregated,24.400000,0.000000,8,9,10,11,13,23,42,57,100,100,100,4041,0,6,24.062669931674083,3.2251890006591566,2104.1982940005255,6811.413264043554
1789882614,50,GET,GET /api/v1/reservas,18.900000,0.000000,8,9,10,11,14,21,46,75,100,100,100,3029,0,7,7.720838735512341,4.633864002244081,149.4995840039337,8965.0
1789882614,50,GET,GET /api/v1/reservas/{id},5.500000,0.000000,6,7,8,9,9,24,42,42,42,42,42,984,0,5,5.605604303896624,3.2251890006591566,71.38588800444268,442.0
1789882614,50,POST,POST /api/v1/auth/login,0.000000,0.000000,0,0,0,0,0,0,0,0,0,0,0,50,0,1300.0,1369.1218887201103,628.633758999058,2104.1982940005255,1622.0
1789882614,50,,Aggregated,24.400000,0.000000,8,9,10,11,13,23,42,57,100,100,100,4063,0,6,23.962202707582247,3.2251890006591566,2104.1982940005255,6810.4880630076295
1789882615,50,GET,GET /api/v1/reservas,19.300000,0.000000,8,9,10,10,12,15,21,30,32,32,32,3043,0,7,7.714962359795117,4.633864002244081,149.4995840039337,8965.0
1789882615,50,GET,GET /api/v1/reservas/{id},5.200000,0.000000,5,5,6,7,8,9,9,9,9,9,9,991,0,5,5.595987722547299,3.2251890006591566,71.38588800444268,442.0
1789882615,50,POST,POST /api/v1/auth/login,0.000000,0.000000,0,0,0,0,0,0,0,0,0,0,0,50,0,1300.0,1369.1218887201103,628.633758999058,2104.1982940005255,1622.0
1789882615,50,,Aggregated,24.500000,0.000000,8,8,9,10,12,15,19,23,32,32,32,4084,0,6,23.8683517947861,3.2251890006591566,2104.1982940005255,6806.958129285014
1789882616,50,GET,GET /api/v1/reservas,19.700000,0.000000,8,9,9,10,12,15,21,30,32,32,32,3065,0,7,7.711135666838032,4.633864002244081,149.4995840039337,8965.0
1789882616,50,GET,GET /api/v1/reservas/{id},5.200000,0.000000,5,5,5,6,8,9,9,9,9,9,9,1003,0,5,5.580321224381987,3.2251890006591566,71.38588800444268,442.0
1789882616,50,POST,POST /api/v1/auth/login,0.000000,0.000000,0,0,0,0,0,0,0,0,0,0,0,50,0,1300.0,1369.1218887201103,628.633758999058,2104.1982940005255,1622.0
1789882616,50,,Aggregated,24.900000,0.000000,7,8,9,9,11,15,19,23,32,32,32,4118,0,6,23.72214362382691,3.2251890006591566,2104.1982940005255,6799.93953375425
1789882617,50,GET,GET /api/v1/reservas,18.700000,0.000000,8,8,9,10,12,15,18,21,23,23,23,3076,0,7,7.705565644950697,4.633864002244081,149.4995840039337,8965.0
1789882617,50,GET,GET /api/v1/reservas/{id},5.400000,0.000000,5,5,6,6,8,8,9,9,9,9,9,1010,0,5,5.579296765408979,3.2251890006591566,71.38588800444268,442.0
1789882617,50,POST,POST /api/v1/auth/login,0.000000,0.000000,0,0,0,0,0,0,0,0,0,0,0,50,0,1300.0,1369.1218887201103,628.633758999058,2104.1982940005255,1622.0
1789882617,50,,Aggregated,24.100000,0.000000,7,8,8,9,11,13,18,19,23,23,23,4136,0,6,23.64446423910467,3.2251890006591566,2104.1982940005255,6794.937137330754
1789882618,50,GET,GET /api/v1/reservas,19.500000,0.000000,7,8,9,9,11,14,18,21,23,23,23,3100,0,7,7.694295130924964,4.633864002244081,149.4995840039337,8965.0
1789882618,50,GET,GET /api/v1/reservas/{id},5.200000,0.000000,5,5,6,6,8,8,9,9,9,9,9,1018,0,5,5.573483059988522,3.2251890006591566,71.38588800444268,442.0
1789882618,50,POST,POST /api/v1/auth/login,0.000000,0.000000,0,0,0,0,0,0,0,0,0,0,0,50,0,1300.0,1369.1218887201103,628.633758999058,2104.1982940005255,1622.0
1789882618,50,,Aggregated,24.700000,0.000000,7,8,8,9,11,13,18,19,23,23,23,4168,0,6,23.508208996387047,3.2251890006591566,2104.1982940005255,6795.2389635316695
1789882619,50,GET,GET /api/v1/reservas,19.200000,0.000000,7,8,8,8,11,13,18,21,23,23,23,3119,0,7,7.686507122744411,4.633864002244081,149.4995840039337,8965.0
1789882619,50,GET,GET /api/v1/reservas/{id},5.300000,0.000000,4,5,6,6,7,8,9,9,9,9,9,1020,0,5,5.571330503010484,3.2251890006591566,71.38588800444268,442.0
1789882619,50,POST,POST /api/v1/auth/login,0.000000,0.000000,0,0,0,0,0,0,0,0,0,0,0,50,0,1300.0,1369.1218887201103,628.633758999058,2104.1982940005255,1622.0
1789882619,50,,Aggregated,24.500000,0.000000,6,7,8,8,10,12,18,19,23,23,23,4189,0,6,23.421596386945815,3.2251890006591566,2104.1982940005255,6802.047027930294
1789882620,50,GET,GET /api/v1/reservas,19.100000,0.000000,7,7,8,8,10,11,15,19,23,23,23,3139,0,7,7.6794296676781375,4.633864002244081,149.4995840039337,8965.0
1789882620,50,GET,GET /api/v1/reservas/{id},5.700000,0.000000,4,5,5,6,7,9,9,18,18,18,18,1024,0,5,5.579297476636214,3.2251890006591566,71.38588800444268,442.0
1789882620,50,POST,POST /api/v1/auth/login,0.000000,0.000000,0,0,0,0,0,0,0,0,0,0,0,50,0,1300.0,1369.1218887201103,628.633758999058,2104.1982940005255,1622.0
1789882620,50,,Aggregated,24.800000,0.000000,6,7,8,8,9,11,15,18,23,23,23,4213,0,6,23.326613999269565,3.2251890006591566,2104.1982940005255,6806.276525041538
1789882621,50,GET,GET /api/v1/reservas,19.200000,0.000000,6,7,7,8,9,10,19,31,34,34,34,3159,0,7,7.70198628928588,4.633864002244081,149.4995840039337,8965.0
1789882621,50,GET,GET /api/v1/reservas/{id},5.800000,0.000000,5,5,5,6,6,8,9,18,18,18,18,1031,0,5,5.576998679987035,3.2251890006591566,71.38588800444268,442.0
1789882621,50,POST,POST /api/v1/auth/login,0.000000,0.000000,0,0,0,0,0,0,0,0,0,0,0,50,0,1300.0,1369.1218887201103,628.633758999058,2104.1982940005255,1622.0
1789882621,50,,Aggregated,25.000000,0.000000,6,7,7,7,8,10,18,29,34,34,34,4240,0,6,23.239753481822227,3.2251890006591566,2104.1982940005255,6805.952122641509
1789882622,50,GET,GET /api/v1/reservas,18.800000,0.000000,6,7,7,8,9,11,19,31,34,34,34,3177,0,7,7.700945550469972,4.633864002244081,149.4995840039337,8965.0
1789882622,50,GET,GET /api/v1/reservas/{id},5.300000,0.000000,5,5,5,6,7,7,8,18,18,18,18,1036,0,5,5.581325869753321,3.2251890006591566,71.38588800444268,442.0
1789882622,50,POST,POST /api/v1/auth/login,0.000000,0.000000,0,0,0,0,0,0,0,0,0,0,0,50,0,1300.0,1369.1218887201103,628.633758999058,2104.1982940005255,1622.0
1789882622,50,,Aggregated,24.100000,0.000000,6,7,7,7,9,10,18,29,34,34,34,4263,0,6,23.15370679120644,3.2251890006591566,2104.1982940005255,6807.6042692939245
1789882623,50,GET,GET /api/v1/reservas,18.300000,0.000000,6,7,7,8,9,11,19,31,34,34,34,3198,0,7,7.69461515504317,4.633864002244081,149.4995840039337,8965.0
1789882623,50,GET,GET /api/v1/reservas/{id},5.700000,0.000000,5,5,5,6,6,7,8,18,18,18,18,1045,0,5,5.569234039306108,3.2251890006591566,71.38588800444268,442.0
1789882623,50,POST,POST /api/v1/auth/login,0.000000,0.000000,0,0,0,0,0,0,0,0,0,0,0,50,0,1300.0,1369.1218887201103,628.633758999058,2104.1982940005255,1622.0
1789882623,50,,Aggregated,24.000000,0.000000,6,7,7,7,9,10,18,29,34,34,34,4293,0,6,23.033618279270545,3.2251890006591566,2104.1982940005255,6804.812485441416
1789882624,50,GET,GET /api/v1/reservas,18.700000,0.000000,6,7,7,8,9,11,19,31,34,34,34,3212,0,7,7.688162215696186,4.633864002244081,149.4995840039337,8965.0
1789882624,50,GET,GET /api/v1/reservas/{id},6.000000,0.000000,5,5,6,6,7,7,8,18,18,18,18,1050,0,5,5.568403775299278,3.2251890006591566,71.38588800444268,442.0
1789882624,50,POST,POST /api/v1/auth/login,0.000000,0.000000,0,0,0,0,0,0,0,0,0,0,0,50,0,1300.0,1369.1218887201103,628.633758999058,2104.1982940005255,1622.0
1789882624,50,,Aggregated,24.700000,0.000000,6,7,7,7,9,10,18,29,34,34,34,4312,0,6,22.95855645567855,3.2251890006591566,2104.1982940005255,6804.448051948052
1789882625,50,GET,GET /api/v1/reservas,18.800000,0.000000,6,7,7,7,9,10,19,31,34,34,34,3237,0,7,7.677645821990129,4.633864002244081,149.4995840039337,8965.0
1789882625,50,GET,GET /api/v1/reservas/{id},6.400000,0.000000,5,5,6,6,7,7,8,18,18,18,18,1055,0,5,5.561476004788855,3.2251890006591566,71.38588800444268,442.0
1789882625,50,POST,POST /api/v1/auth/login,0.000000,0.000000,0,0,0,0,0,0,0,0,0,0,0,50,0,1300.0,1369.1218887201103,628.633758999058,2104.1982940005255,1622.0
1789882625,50,,Aggregated,25.200000,0.000000,6,7,7,7,8,10,18,29,34,34,34,4342,0,6,22.84108501769687,3.2251890006591566,2104.1982940005255,6809.5612620912025
1789882626,50,GET,GET /api/v1/reservas,18.100000,0.000000,6,7,7,8,9,11,19,31,34,34,34,3255,0,7,7.67846848564564,4.633864002244081,149.4995840039337,8965.0
1789882626,50,GET,GET /api/v1/reservas/{id},6.800000,0.000000,5,5,6,6,7,8,9,18,18,18,18,1065,0,5,5.5600340563930715,3.2251890006591566,71.38588800444268,442.0
1789882626,50,POST,POST /api/v1/auth/login,0.000000,0.000000,0,0,0,0,0,0,0,0,0,0,0,50,0,1300.0,1369.1218887201103,628.633758999058,2104.1982940005255,1622.0
1789882626,50,,Aggregated,24.900000,0.000000,6,7,7,7,9,10,18,29,34,34,34,4370,0,6,22.739346825364002,3.2251890006591566,2104.1982940005255,6803.868421052632
1789882627,50,GET,GET /api/v1/reservas,19.100000,0.000000,6,7,7,8,9,11,19,31,34,34,34,3271,0,7,7.671273105398374,4.633864002244081,149.4995840039337,8965.0
1789882627,50,GET,GET /api/v1/reservas/{id},6.600000,0.000000,5,5,5,6,7,8,9,18,18,18,18,1074,0,5,5.549147815702475,3.2251890006591566,71.38588800444268,442.0
1789882627,50,POST,POST /api/v1/auth/login,0.000000,0.000000,0,0,0,0,0,0,0,0,0,0,0,50,0,1300.0,1369.1218887201103,628.633758999058,2104.1982940005255,1622.0
1789882627,50,,Aggregated,25.700000,0.000000,6,7,7,7,9,10,18,29,34,34,34,4395,0,6,22.641322757184994,3.2251890006591566,2104.1982940005255,6798.708304891923
1789882628,50,GET,GET /api/v1/reservas,19.000000,0.000000,7,7,7,8,9,11,19,31,34,34,34,3290,0,7,7.666578199012923,4.633864002244081,149.4995840039337,8965.0
1789882628,50,GET,GET /api/v1/reservas/{id},6.200000,0.000000,5,5,5,6,7,8,9,18,18,18,18,1079,0,5,5.545759533881371,3.2251890006591566,71.38588800444268,442.0
1789882628,50,POST,POST /api/v1/auth/login,0.000000,0.000000,0,0,0,0,0,0,0,0,0,0,0,50,0,1300.0,1369.1218887201103,628.633758999058,2104.1982940005255,1622.0
1789882628,50,,Aggregated,25.200000,0.000000,6,7,7,7,9,10,18,29,34,34,34,4419,0,6,22.5532951454664,3.2251890006591566,2104.1982940005255,6800.830052047974
1789882629,50,GET,GET /api/v1/reservas,19.100000,0.000000,6,7,7,8,9,11,19,31,34,34,34,3308,0,7,7.65835527411218,4.633864002244081,149.4995840039337,8965.0
1789882629,50,GET,GET /api/v1/reservas/{id},6.000000,0.000000,5,5,5,6,7,8,9,18,18,18,18,1085,0,5,5.5373271641027495,3.2251890006591566,71.38588800444268,442.0
1789882629,50,POST,POST /api/v1/auth/login,0.000000,0.000000,0,0,0,0,0,0,0,0,0,0,0,50,0,1300.0,1369.1218887201103,628.633758999058,2104.1982940005255,1622.0
1789882629,50,,Aggregated,25.100000,0.000000,6,7,7,7,9,10,18,29,34,34,34,4443,0,6,22.46183516898944,3.2251890006591566,2104.1982940005255,6801.010578437992
1789882630,50,GET,GET /api/v1/reservas,19.100000,0.000000,6,7,7,8,9,11,19,31,34,34,34,3330,0,7,7.652438971401992,4.633864002244081,149.4995840039337,8965.0
1789882630,50,GET,GET /api/v1/reservas/{id},6.300000,0.000000,5,5,5,5,7,7,8,9,9,9,9,1091,0,5,5.531017190699564,3.2251890006591566,71.38588800444268,442.0
1789882630,50,POST,POST /api/v1/auth/login,0.000000,0.000000,0,0,0,0,0,0,0,0,0,0,0,50,0,1300.0,1369.1218887201103,628.633758999058,2104.1982940005255,1622.0
1789882630,50,,Aggregated,25.400000,0.000000,6,7,7,7,9,10,12,29,34,34,34,4471,0,6,22.360334593117283,3.2251890006591566,2104.1982940005255,6803.125027957951
1789882631,50,GET,GET /api/v1/reservas,19.400000,0.000000,6,7,7,8,9,10,11,12,12,12,12,3350,0,7,7.647075897544004,4.633864002244081,149.4995840039337,8965.0
1789882631,50,GET,GET /api/v1/reservas/{id},6.200000,0.000000,4,5,5,5,7,7,8,9,9,9,9,1097,0,5,5.527452531505424,3.2251890006591566,71.38588800444268,442.0
1789882631,50,POST,POST /api/v1/auth/login,0.000000,0.000000,0,0,0,0,0,0,0,0,0,0,0,50,0,1300.0,1369.1218887201103,628.633758999058,2104.1982940005255,1622.0
1789882631,50,,Aggregated,25.600000,0.000000,6,7,7,7,9,9,11,12,12,12,12,4497,0,6,22.26760376247262,3.2251890006591566,2104.1982940005255,6804.2526128530135
1789882632,50,GET,GET /api/v1/reservas,18.800000,0.000000,6,7,7,7,8,10,11,11,12,12,12,3366,0,7,7.644301762263417,4.633864002244081,149.4995840039337,8965.0
1789882632,50,GET,GET /api/v1/reservas/{id},6.900000,0.000000,4,5,5,5,7,7,8,9,9,9,9,1104,0,5,5.524797471981151,3.2251890006591566,71.38588800444268,442.0
1789882632,50,POST,POST /api/v1/auth/login,0.000000,0.000000,0,0,0,0,0,0,0,0,0,0,0,50,0,1300.0,1369.1218887201103,628.633758999058,2104.1982940005255,1622.0
1789882632,50,,Aggregated,25.700000,0.000000,6,7,7,7,8,9,10,11,12,12,12,4520,0,6,22.187210304613135,3.2251890006591566,2104.1982940005255,6802.048230088496
1789882633,50,GET,GET /api/v1/reservas,20.100000,0.000000,6,7,7,7,9,10,11,11,12,12,12,3384,0,7,7.641977534800674,4.633864002244081,149.4995840039337,8965.0
1789882633,50,GET,GET /api/v1/reservas/{id},6.900000,0.000000,5,5,5,6,7,8,8,9,9,9,9,1112,0,5,5.526013120556821,3.2251890006591566,71.38588800444268,442.0
1789882633,50,POST,POST /api/v1/auth/login,0.000000,0.000000,0,0,0,0,0,0,0,0,0,0,0,50,0,1300.0,1369.1218887201103,628.633758999058,2104.1982940005255,1622.0
1789882633,50,,Aggregated,27.000000,0.000000,6,7,7,7,8,9,11,11,12,12,12,4546,0,6,22.098872196179098,3.2251890006591566,2104.1982940005255,6799.42014958205
1789882634,50,GET,GET /api/v1/reservas,18.900000,0.000000,6,7,7,8,9,10,11,11,12,12,12,3405,0,7,7.634968414319157,4.633864002244081,149.4995840039337,8965.0
1789882634,50,GET,GET /api/v1/reservas/{id},6.800000,0.000000,4,5,5,5,7,8,8,9,9,9,9,1119,0,5,5.517028954492423,3.2251890006591566,71.38588800444268,442.0
1789882634,50,POST,POST /api/v1/auth/login,0.000000,0.000000,0,0,0,0,0,0,0,0,0,0,0,50,0,1300.0,1369.1218887201103,628.633758999058,2104.1982940005255,1622.0
1789882634,50,,Aggregated,25.700000,0.000000,6,7,7,7,8,9,11,11,12,12,12,4574,0,6,21.999719564241204,3.2251890006591566,2104.1982940005255,6799.633362483603
1789882635,50,GET,GET /api/v1/reservas,18.500000,0.000000,6,7,7,7,9,9,11,11,12,12,12,3421,0,7,7.627626453889142,4.633864002244081,149.4995840039337,8965.0
1789882635,50,GET,GET /api/v1/reservas/{id},6.800000,0.000000,4,5,5,5,6,7,8,8,8,8,8,1122,0,5,5.514334138205674,3.2251890006591566,71.38588800444268,442.0
1789882635,50,POST,POST /api/v1/auth/login,0.000000,0.000000,0,0,0,0,0,0,0,0,0,0,0,50,0,1300.0,1369.1218887201103,628.633758999058,2104.1982940005255,1622.0
1789882635,50,,Aggregated,25.300000,0.000000,6,7,7,7,8,9,11,11,12,12,12,4593,0,6,21.932786291710656,3.2251890006591566,2104.1982940005255,6803.023949488352
1789882636,50,GET,GET /api/v1/reservas,19.100000,0.000000,6,7,7,8,9,9,11,12,14,14,14,3445,0,7,7.630132514590915,4.633864002244081,149.4995840039337,8965.0
1789882636,50,GET,GET /api/v1/reservas/{id},6.900000,0.000000,4,5,5,5,6,7,8,8,8,8,8,1126,0,5,5.511883945869312,3.2251890006591566,71.38588800444268,442.0
1789882636,50,POST,POST /api/v1/auth/login,0.000000,0.000000,0,0,0,0,0,0,0,0,0,0,0,50,0,1300.0,1369.1218887201103,628.633758999058,2104.1982940005255,1622.0
1789882636,50,,Aggregated,26.000000,0.000000,6,7,7,7,9,9,11,11,14,14,14,4621,0,6,21.845549074187417,3.2251890006591566,2104.1982940005255,6808.746375243454
1789882637,50,GET,GET /api/v1/reservas,18.400000,0.000000,6,7,7,8,9,9,11,12,14,14,14,3463,0,7,7.622788186190054,4.633864002244081,149.4995840039337,8965.0
1789882637,50,GET,GET /api/v1/reservas/{id},6.600000,0.000000,4,5,5,5,6,7,8,8,8,8,8,1132,0,5,5.505296226175962,3.2251890006591566,71.38588800444268,442.0
1789882637,50,POST,POST /api/v1/auth/login,0.000000,0.000000,0,0,0,0,0,0,0,0,0,0,0,50,0,1300.0,1369.1218887201103,628.633758999058,2104.1982940005255,1622.0
1789882637,50,,Aggregated,25.000000,0.000000,6,7,7,7,9,9,11,11,14,14,14,4645,0,6,21.762283154534522,3.2251890006591566,2104.1982940005255,6808.878148546824
1789882638,50,GET,GET /api/v1/reservas,18.900000,0.000000,7,7,7,8,9,10,11,12,14,14,14,3478,0,7,7.619483355604493,4.633864002244081,149.4995840039337,8965.0
1789882638,50,GET,GET /api/v1/reservas/{id},6.600000,0.000000,4,5,5,5,6,7,8,8,8,8,8,1139,0,5,5.499091091339601,3.2251890006591566,71.38588800444268,442.0
1789882638,50,POST,POST /api/v1/auth/login,0.000000,0.000000,0,0,0,0,0,0,0,0,0,0,0,50,0,1300.0,1369.1218887201103,628.633758999058,2104.1982940005255,1622.0
1789882638,50,,Aggregated,25.500000,0.000000,6,7,7,7,8,9,11,11,14,14,14,4667,0,6,21.688477030176504,3.2251890006591566,2104.1982940005255,6806.2584101135635
1789882639,50,GET,GET /api/v1/reservas,19.200000,0.000000,7,7,7,8,9,10,11,12,14,14,14,3495,0,7,7.616435179626936,4.633864002244081,149.4995840039337,8965.0
1789882639,50,GET,GET /api/v1/reservas/{id},6.300000,0.000000,4,5,5,5,6,7,8,8,8,8,8,1146,0,5,5.491138931090712,3.2251890006591566,71.38588800444268,442.0
1789882639,50,POST,POST /api/v1/auth/login,0.000000,0.000000,0,0,0,0,0,0,0,0,0,0,0,50,0,1300.0,1369.1218887201103,628.633758999058,2104.1982940005255,1622.0
1789882639,50,,Aggregated,25.500000,0.000000,6,7,7,7,9,9,11,11,14,14,14,4691,0,6,21.609119719426904,3.2251890006591566,2104.1982940005255,6804.584736729908
1789882640,50,GET,GET /api/v1/reservas,18.800000,0.000000,7,7,8,8,9,10,11,14,22,22,22,3517,0,7,7.612564959851374,4.633864002244081,149.4995840039337,8965.0
1789882640,50,GET,GET /api/v1/reservas/{id},6.000000,0.000000,4,5,5,5,6,6,8,8,8,8,8,1150,0,5,5.486473706981127,3.2251890006591566,71.38588800444268,442.0
1789882640,50,POST,POST /api/v1/auth/login,0.000000,0.000000,0,0,0,0,0,0,0,0,0,0,0,50,0,1300.0,1369.1218887201103,628.633758999058,2104.1982940005255,1622.0
1789882640,50,,Aggregated,24.800000,0.000000,6,7,7,8,9,9,11,12,22,22,22,4717,0,6,21.526167089851832,3.2251890006591566,2104.1982940005255,6809.265422938308
1789882641,50,GET,GET /api/v1/reservas,18.600000,0.000000,7,7,8,8,9,10,12,15,22,22,22,3541,0,7,7.614554238294973,4.633864002244081,149.4995840039337,8965.0
1789882641,50,GET,GET /api/v1/reservas/{id},6.000000,0.000000,4,5,5,5,6,6,8,8,8,8,8,1154,0,5,5.483138477497085,3.2251890006591566,71.38588800444268,442.0
1789882641,50,POST,POST /api/v1/auth/login,0.000000,0.000000,0,0,0,0,0,0,0,0,0,0,0,50,0,1300.0,1369.1218887201103,628.633758999058,2104.1982940005255,1622.0
1789882641,50,,Aggregated,24.600000,0.000000,6,7,7,8,9,10,12,14,22,22,22,4745,0,6,21.44294474116747,3.2251890006591566,2104.1982940005255,6814.801475237092
1789882642,50,GET,GET /api/v1/reservas,18.800000,0.000000,6,7,8,8,9,10,12,15,22,22,22,3559,0,7,7.609968876867214,4.633864002244081,149.4995840039337,8965.0
1789882642,50,GET,GET /api/v1/reservas/{id},6.000000,0.000000,4,5,5,5,6,6,6,10,10,10,10,1162,0,5,5.481627526693647,3.2251890006591566,71.38588800444268,442.0
1789882642,50,POST,POST /api/v1/auth/login,0.000000,0.000000,0,0,0,0,0,0,0,0,0,0,0,50,0,1300.0,1369.1218887201103,628.633758999058,2104.1982940005255,1622.0
1789882642,50,,Aggregated,24.800000,0.000000,6,7,7,8,9,10,12,14,22,22,22,4771,0,6,21.360223193207702,3.2251890006591566,2104.1982940005255,6812.227834835464
1789882643,50,GET,GET /api/v1/reservas,18.300000,0.000000,7,7,8,8,9,10,13,15,22,22,22,3574,0,7,7.6096630981446065,4.633864002244081,149.4995840039337,8965.0
1789882643,50,GET,GET /api/v1/reservas/{id},5.600000,0.000000,4,5,5,5,6,6,8,10,10,10,10,1170,0,5,5.4788546017311415,3.2251890006591566,71.38588800444268,442.0
1789882643,50,POST,POST /api/v1/auth/login,0.000000,0.000000,0,0,0,0,0,0,0,0,0,0,0,50,0,1300.0,1369.1218887201103,628.633758999058,2104.1982940005255,1622.0
1789882643,50,,Aggregated,23.900000,0.000000,6,7,7,8,9,10,12,14,22,22,22,4794,0,6,21.289797712307003,3.2251890006591566,2104.1982940005255,6808.333333333333
1789882644,50,GET,GET /api/v1/reservas,19.200000,0.000000,7,7,8,8,9,11,14,15,22,22,22,3593,0,7,7.60364937287934,4.633864002244081,149.4995840039337,8965.0
1789882644,50,GET,GET /api/v1/reservas/{id},5.900000,0.000000,4,5,5,5,6,6,8,10,10,10,10,1183,0,5,5.469990713461908,3.2251890006591566,71.38588800444268,442.0
1789882644,50,POST,POST /api/v1/auth/login,0.000000,0.000000,0,0,0,0,0,0,0,0,0,0,0,50,0,1300.0,1369.1218887201103,628.633758999058,2104.1982940005255,1622.0
1789882644,50,,Aggregated,25.100000,0.000000,6,7,7,8,9,10,13,15,22,22,22,4826,0,6,21.18669822768057,3.2251890006591566,2104.1982940005255,6799.674886033982
1789882645,50,GET,GET /api/v1/reservas,19.200000,0.000000,7,7,8,8,9,10,13,15,22,22,22,3608,0,7,7.597951780979065,4.633864002244081,149.4995840039337,8965.0
1789882645,50,GET,GET /api/v1/reservas/{id},6.000000,0.000000,4,5,5,5,6,6,8,10,10,10,10,1190,0,5,5.463743229435039,3.2251890006591566,71.38588800444268,442.0
1789882645,50,POST,POST /api/v1/auth/login,0.000000,0.000000,0,0,0,0,0,0,0,0,0,0,0,50,0,1300.0,1369.1218887201103,628.633758999058,2104.1982940005255,1622.0
1789882645,50,,Aggregated,25.200000,0.000000,6,7,7,7,8,10,12,15,22,22,22,4848,0,6,21.116204394555627,3.2251890006591566,2104.1982940005255,6797.194719471947
1789882646,50,GET,GET /api/v1/reservas,19.400000,0.000000,7,7,7,8,9,10,13,15,22,22,22,3628,0,7,7.593483090620387,4.633864002244081,149.4995840039337,8965.0
1789882646,50,GET,GET /api/v1/reservas/{id},5.700000,0.000000,4,5,5,5,6,6,8,10,10,10,10,1197,0,5,5.45865919718237,3.2251890006591566,71.38588800444268,442.0
1789882646,50,POST,POST /api/v1/auth/login,0.000000,0.000000,0,0,0,0,0,0,0,0,0,0,0,50,0,1300.0,1369.1218887201103,628.633758999058,2104.1982940005255,1622.0
1789882646,50,,Aggregated,25.100000,0.000000,6,7,7,7,8,10,12,15,22,22,22,4875,0,6,21.03369562006227,3.2251890006591566,2104.1982940005255,6796.962871794872
1789882647,50,GET,GET /api/v1/reservas,18.900000,0.000000,7,7,8,8,9,11,13,15,22,22,22,3643,0,7,7.5942852541308135,4.633864002244081,149.4995840039337,8965.0
1789882647,50,GET,GET /api/v1/reservas/{id},6.400000,0.000000,4,5,5,6,6,8,10,12,12,12,12,1204,0,5,5.467927330598506,3.2251890006591566,71.38588800444268,442.0
1789882647,50,POST,POST /api/v1/auth/login,0.000000,0.000000,0,0,0,0,0,0,0,0,0,0,0,50,0,1300.0,1369.1218887201103,628.633758999058,2104.1982940005255,1622.0
1789882647,50,,Aggregated,25.300000,0.000000,6,7,7,8,8,10,13,15,22,22,22,4897,0,6,20.973138681405896,3.2251890006591566,2104.1982940005255,6794.519705942414
1789882648,50,GET,GET /api/v1/reservas,18.100000,0.000000,7,7,8,8,9,10,13,15,22,22,22,3662,0,7,7.590641981919086,4.633864002244081,149.4995840039337,8965.0
1789882648,50,GET,GET /api/v1/reservas/{id},6.900000,0.000000,5,5,5,6,6,8,10,12,12,12,12,1215,0,5,5.45912442388494,3.2251890006591566,71.38588800444268,442.0
1789882648,50,POST,POST /api/v1/auth/login,0.000000,0.000000,0,0,0,0,0,0,0,0,0,0,0,50,0,1300.0,1369.1218887201103,628.633758999058,2104.1982940005255,1622.0
1789882648,50,,Aggregated,25.000000,0.000000,6,7,7,7,8,10,13,15,22,22,22,4927,0,6,20.88205024331508,3.2251890006591566,2104.1982940005255,6788.707124010554
1789882649,50,GET,GET /api/v1/reservas,17.700000,0.000000,7,7,8,8,9,11,13,15,22,22,22,3680,0,7,7.592333143965453,4.633864002244081,149.4995840039337,8965.0
1789882649,50,GET,GET /api/v1/reservas/{id},7.400000,0.000000,5,5,6,6,6,8,10,12,12,12,12,1220,0,5,5.456805294277013,3.2251890006591566,71.38588800444268,442.0
1789882649,50,POST,POST /api/v1/auth/login,0.000000,0.000000,0,0,0,0,0,0,0,0,0,0,0,50,0,1300.0,1369.1218887201103,628.633758999058,2104.1982940005255,1622.0
1789882649,50,,Aggregated,25.100000,0.000000,6,7,7,8,9,10,13,15,22,22,22,4950,0,6,20.818824821175017,3.2251890006591566,2104.1982940005255,6790.210101010101
1789882650,50,GET,GET /api/v1/reservas,18.400000,0.000000,7,7,8,8,9,11,13,15,21,21,21,3707,0,7,7.591123095978403,4.633864002244081,149.4995840039337,8965.0
1789882650,50,GET,GET /api/v1/reservas/{id},7.200000,0.000000,5,5,6,6,6,8,10,12,12,12,12,1222,0,5,5.45552578724738,3.2251890006591566,71.38588800444268,442.0
1789882650,50,POST,POST /api/v1/auth/login,0.000000,0.000000,0,0,0,0,0,0,0,0,0,0,0,50,0,1300.0,1369.1218887201103,628.633758999058,2104.1982940005255,1622.0
1789882650,50,,Aggregated,25.600000,0.000000,6,7,7,8,9,10,12,13,21,21,21,4979,0,6,20.739714855355242,3.2251890006591566,2104.1982940005255,6799.453504719823
1789882651,50,GET,GET /api/v1/reservas,17.900000,0.000000,7,7,8,8,9,10,15,24,32,32,32,3730,0,7,7.604225411737742,4.633864002244081,149.4995840039337,8965.0
1789882651,50,GET,GET /api/v1/reservas/{id},7.400000,0.000000,5,5,5,6,6,7,9,12,12,12,12,1225,0,5,5.45228201389308,3.2251890006591566,71.38588800444268,442.0
1789882651,50,POST,POST /api/v1/auth/login,0.000000,0.000000,0,0,0,0,0,0,0,0,0,0,0,50,0,1300.0,1369.1218887201103,628.633758999058,2104.1982940005255,1622.0
1789882651,50,,Aggregated,25.300000,0.000000,6,7,7,8,9,10,13,21,32,32,32,5005,0,6,20.67910103672454,3.2251890006591566,2104.1982940005255,6805.5944055944055
1789882652,50,GET,GET /api/v1/reservas,18.200000,0.000000,7,7,8,8,9,11,15,24,32,32,32,3747,0,7,7.602658478723145,4.633864002244081,149.4995840039337,8965.0
1789882652,50,GET,GET /api/v1/reservas/{id},7.200000,0.000000,5,5,5,6,6,8,9,12,12,12,12,1227,0,5,5.451543301565174,3.2251890006591566,71.38588800444268,442.0
1789882652,50,POST,POST /api/v1/auth/login,0.000000,0.000000,0,0,0,0,0,0,0,0,0,0,0,50,0,1300.0,1369.1218887201103,628.633758999058,2104.1982940005255,1622.0
1789882652,50,,Aggregated,25.400000,0.000000,6,7,8,8,9,10,13,21,32,32,32,5024,0,6,20.627448126353823,3.2251890006591566,2104.1982940005255,6810.36803343949
1789882653,50,GET,GET /api/v1/reservas,18.600000,0.000000,7,8,8,8,10,11,15,24,32,32,32,3773,0,7,7.605908602113298,4.633864002244081,149.4995840039337,8965.0
1789882653,50,GET,GET /api/v1/reservas/{id},7.300000,0.000000,5,5,6,6,6,9,9,12,12,12,12,1233,0,5,5.454754718599746,3.2251890006591566,71.38588800444268,442.0
1789882653,50,POST,POST /api/v1/auth/login,0.000000,0.000000,0,0,0,0,0,0,0,0,0,0,0,50,0,1300.0,1369.1218887201103,628.633758999058,2104.1982940005255,1622.0
1789882653,50,,Aggregated,25.900000,0.000000,7,7,8,8,9,11,14,21,32,32,32,5056,0,6,20.545668544266707,3.2251890006591566,2104.1982940005255,6813.890625
1789882654,50,GET,GET /api/v1/reservas,19.100000,0.000000,7,8,8,8,9,11,14,24,32,32,32,3792,0,7,7.603111681112248,4.633864002244081,149.4995840039337,8965.0
1789882654,50,GET,GET /api/v1/reservas/{id},6.800000,0.000000,5,5,6,6,6,9,9,12,12,12,12,1237,0,5,5.452239493965646,3.2251890006591566,71.38588800444268,442.0
1789882654,50,POST,POST /api/v1/auth/login,0.000000,0.000000,0,0,0,0,0,0,0,0,0,0,0,50,0,1300.0,1369.1218887201103,628.633758999058,2104.1982940005255,1622.0
1789882654,50,,Aggregated,25.900000,0.000000,7,7,8,8,9,11,13,21,32,32,32,5079,0,6,20.482676547513027,3.2251890006591566,2104.1982940005255,6816.919472337074
1789882655,50,GET,GET /api/v1/reservas,19.100000,0.000000,7,8,8,8,9,11,14,24,32,32,32,3808,0,7,7.598796551410716,4.633864002244081,149.4995840039337,8965.0
1789882655,50,GET,GET /api/v1/reservas/{id},6.200000,0.000000,5,5,6,6,7,9,12,12,12,12,12,1241,0,5,5.4476096535354905,3.2251890006591566,71.38588800444268,442.0
1789882655,50,POST,POST /api/v1/auth/login,0.000000,0.000000,0,0,0,0,0,0,0,0,0,0,0,50,0,1300.0,1369.1218887201103,628.633758999058,2104.1982940005255,1622.0
1789882655,50,,Aggregated,25.300000,0.000000,7,7,8,8,9,11,13,21,32,32,32,5099,0,6,20.426121844246925,3.2251890006591566,2104.1982940005255,6818.658952735831
1789882656,50,GET,GET /api/v1/reservas,19.100000,0.000000,7,8,8,8,9,11,14,24,32,32,32,3828,0,7,7.593875977999287,4.633864002244081,149.4995840039337,8965.0
1789882656,50,GET,GET /api/v1/reservas/{id},6.200000,0.000000,5,5,6,6,6,6,9,9,9,9,9,1249,0,5,5.446970983213543,3.2251890006591566,71.38588800444268,442.0
1789882656,50,POST,POST /api/v1/auth/login,0.000000,0.000000,0,0,0,0,0,0,0,0,0,0,0,50,0,1300.0,1369.1218887201103,628.633758999058,2104.1982940005255,1622.0
1789882656,50,,Aggregated,25.300000,0.000000,7,7,8,8,9,10,13,21,32,32,32,5127,0,6,20.348882082664424,3.2251890006591566,2104.1982940005255,6817.081724205188
1789882657,50,GET,GET /api/v1/reservas,19.800000,0.000000,7,8,8,8,10,11,14,24,32,32,32,3846,0,7,7.594537616685016,4.633864002244081,149.4995840039337,8965.0
1789882657,50,GET,GET /api/v1/reservas/{id},5.500000,0.000000,5,5,6,6,6,7,9,9,9,9,9,1255,0,5,5.449923935480346,3.2251890006591566,71.38588800444268,442.0
1789882657,50,POST,POST /api/v1/auth/login,0.000000,0.000000,0,0,0,0,0,0,0,0,0,0,0,50,0,1300.0,1369.1218887201103,628.633758999058,2104.1982940005255,1622.0
1789882657,50,,Aggregated,25.300000,0.000000,7,7,8,8,9,11,13,21,32,32,32,5151,0,6,20.28816553073266,3.2251890006591566,2104.1982940005255,6817.161716171617
1789882658,50,GET,GET /api/v1/reservas,20.000000,0.000000,7,7,8,8,10,11,14,24,32,32,32,3864,0,7,7.589258373128674,4.633864002244081,149.4995840039337,8965.0
1789882658,50,GET,GET /api/v1/reservas/{id},5.300000,0.000000,5,5,6,6,6,7,9,9,9,9,9,1261,0,5,5.44651019668915,3.2251890006591566,71.38588800444268,442.0
1789882658,50,POST,POST /api/v1/auth/login,0.000000,0.000000,0,0,0,0,0,0,0,0,0,0,0,50,0,1300.0,1369.1218887201103,628.633758999058,2104.1982940005255,1622.0
1789882658,50,,Aggregated,25.300000,0.000000,7,7,8,8,9,11,13,21,32,32,32,5175,0,6,20.22203635706275,3.2251890006591566,2104.1982940005255,6817.2409661835745
1789882659,50,GET,GET /api/v1/reservas,20.200000,0.000000,7,7,8,8,9,11,14,24,32,32,32,3880,0,7,7.586454492987277,4.633864002244081,149.4995840039337,8965.0
1789882659,50,GET,GET /api/v1/reservas/{id},4.900000,0.000000,5,6,6,6,7,9,9,9,9,9,9,1268,0,5,5.446206504756638,3.2251890006591566,71.38588800444268,442.0
1789882659,50,POST,POST /api/v1/auth/login,0.000000,0.000000,0,0,0,0,0,0,0,0,0,0,0,50,0,1300.0,1369.1218887201103,628.633758999058,2104.1982940005255,1622.0
1789882659,50,,Aggregated,25.100000,0.000000,7,7,8,8,9,11,13,21,32,32,32,5198,0,6,20.161086517281177,3.2251890006591566,2104.1982940005255,6815.266641015775
1789882660,50,GET,GET /api/v1/reservas,20.100000,0.000000,7,7,8,8,9,11,14,24,32,32,32,3904,0,7,7.580733950509861,4.633864002244081,149.4995840039337,8965.0
1789882660,50,GET,GET /api/v1/reservas/{id},4.900000,0.000000,5,5,6,6,6,9,9,9,9,9,9,1275,0,5,5.442771719239068,3.2251890006591566,71.38588800444268,442.0
1789882660,50,POST,POST /api/v1/auth/login,0.000000,0.000000,0,0,0,0,0,0,0,0,0,0,0,50,0,1300.0,1369.1218887201103,628.633758999058,2104.1982940005255,1622.0
1789882660,50,,Aggregated,25.000000,0.000000,7,7,8,8,9,10,13,15,32,32,32,5229,0,6,20.078564490500252,3.2251890006591566,2104.1982940005255,6816.601644673934
1789882661,50,GET,GET /api/v1/reservas,20.200000,0.000000,7,7,8,8,9,11,14,24,35,35,35,3924,0,7,7.58860855142457,4.633864002244081,149.4995840039337,8965.0
1789882661,50,GET,GET /api/v1/reservas/{id},5.100000,0.000000,5,6,6,6,8,9,13,20,20,20,20,1282,0,5,5.4601559836364135,3.2251890006591566,71.38588800444268,442.0
1789882661,50,POST,POST /api/v1/auth/login,0.000000,0.000000,0,0,0,0,0,0,0,0,0,0,0,50,0,1300.0,1369.1218887201103,628.633758999058,2104.1982940005255,1622.0
1789882661,50,,Aggregated,25.300000,0.000000,6,7,7,8,9,11,14,20,35,35,35,5256,0,6,20.021635152743038,3.2251890006591566,2104.1982940005255,6816.2869101978695
1789882662,50,GET,GET /api/v1/reservas,19.800000,0.000000,7,7,8,8,9,11,14,24,35,35,35,3940,0,7,7.584420509839833,4.633864002244081,149.4995840039337,8965.0
1789882662,50,GET,GET /api/v1/reservas/{id},5.100000,0.000000,5,6,6,6,9,9,13,20,20,20,20,1289,0,5,5.463808840973625,3.2251890006591566,71.38588800444268,442.0
1789882662,50,POST,POST /api/v1/auth/login,0.000000,0.000000,0,0,0,0,0,0,0,0,0,0,0,50,0,1300.0,1369.1218887201103,628.633758999058,2104.1982940005255,1622.0
1789882662,50,,Aggregated,24.900000,0.000000,6,7,7,8,9,10,14,20,35,35,35,5279,0,6,19.962409706533332,3.2251890006591566,2104.1982940005255,6814.347035423376
1789882663,50,GET,GET /api/v1/reservas,19.900000,0.000000,7,7,7,8,8,10,15,24,35,35,35,3961,0,7,7.581323108748585,4.633864002244081,149.4995840039337,8965.0
1789882663,50,GET,GET /api/v1/reservas/{id},5.200000,0.000000,5,6,6,6,8,9,15,20,20,20,20,1298,0,5,5.468086758876251,3.2251890006591566,71.38588800444268,442.0
1789882663,50,POST,POST /api/v1/auth/login,0.000000,0.000000,0,0,0,0,0,0,0,0,0,0,0,50,0,1300.0,1369.1218887201103,628.633758999058,2104.1982940005255,1622.0
1789882663,50,,Aggregated,25.100000,0.000000,6,7,7,7,8,10,15,20,35,35,35,5309,0,6,19.887604423202117,3.2251890006591566,2104.1982940005255,6812.051422113393
1789882664,50,GET,GET /api/v1/reservas,19.300000,0.000000,7,7,7,8,9,10,15,24,35,35,35,3978,0,7,7.580620342320573,4.633864002244081,149.4995840039337,8965.0
1789882664,50,GET,GET /api/v1/reservas/{id},5.700000,0.000000,5,6,6,6,9,10,15,20,20,20,20,1306,0,5,5.472925654693821,3.2251890006591566,71.38588800444268,442.0
1789882664,50,POST,POST /api/v1/auth/login,0.000000,0.000000,0,0,0,0,0,0,0,0,0,0,0,50,0,1300.0,1369.1218887201103,628.633758999058,2104.1982940005255,1622.0
1789882664,50,,Aggregated,25.000000,0.000000,6,7,7,8,9,10,15,20,35,35,35,5334,0,6,19.82741714712915,3.2251890006591566,2104.1982940005255,6809.359205099363
1789882665,50,GET,GET /api/v1/reservas,19.100000,0.000000,7,7,7,8,9,10,15,24,35,35,35,3991,0,7,7.5781110693405624,4.633864002244081,149.4995840039337,8965.0
1789882665,50,GET,GET /api/v1/reservas/{id},6.400000,0.000000,5,6,6,6,8,10,15,20,20,20,20,1318,0,5,5.46758123521907,3.2251890006591566,71.38588800444268,442.0
1789882665,50,POST,POST /api/v1/auth/login,0.000000,0.000000,0,0,0,0,0,0,0,0,0,0,0,50,0,1300.0,1369.1218887201103,628.633758999058,2104.1982940005255,1622.0
1789882665,50,,Aggregated,25.500000,0.000000,6,7,7,8,9,10,15,20,35,35,35,5359,0,6,19.762382493331298,3.2251890006591566,2104.1982940005255,6800.3304721030045
1789882666,50,GET,GET /api/v1/reservas,18.700000,0.000000,7,7,7,8,9,10,15,24,35,35,35,4012,0,7,7.573117420171934,4.633864002244081,149.4995840039337,8965.0
1789882666,50,GET,GET /api/v1/reservas/{id},6.700000,0.000000,5,6,6,6,9,10,15,20,20,20,20,1320,0,5,5.467552260625146,3.2251890006591566,71.38588800444268,442.0
1789882666,50,POST,POST /api/v1/auth/login,0.000000,0.000000,0,0,0,0,0,0,0,0,0,0,0,50,0,1300.0,1369.1218887201103,628.633758999058,2104.1982940005255,1622.0
1789882666,50,,Aggregated,25.400000,0.000000,6,7,7,8,9,10,15,20,35,35,35,5382,0,6,19.705799054210424,3.2251890006591566,2104.1982940005255,6806.413972500929
1789882667,50,GET,GET /api/v1/reservas,18.700000,0.000000,7,7,7,8,8,10,15,24,35,35,35,4035,0,7,7.568884043306383,4.633864002244081,149.4995840039337,8965.0
1789882667,50,GET,GET /api/v1/reservas/{id},7.200000,0.000000,5,6,6,7,8,10,15,20,20,20,20,1325,0,5,5.470087814363343,3.2251890006591566,71.38588800444268,442.0
1789882667,50,POST,POST /api/v1/auth/login,0.000000,0.000000,0,0,0,0,0,0,0,0,0,0,0,50,0,1300.0,1369.1218887201103,628.633758999058,2104.1982940005255,1622.0
1789882667,50,,Aggregated,25.900000,0.000000,6,7,7,8,8,10,15,20,35,35,35,5410,0,6,19.638522718073606,3.2251890006591566,2104.1982940005255,6809.70887245841
1789882668,50,GET,GET /api/v1/reservas,18.100000,0.000000,7,7,7,8,8,10,15,24,35,35,35,4051,0,7,7.56461833812472,4.633864002244081,149.4995840039337,8965.0
1789882668,50,GET,GET /api/v1/reservas/{id},7.300000,0.000000,5,6,6,7,9,10,15,20,20,20,20,1334,0,5,5.470588934056751,3.2251890006591566,71.38588800444268,442.0
1789882668,50,POST,POST /api/v1/auth/login,0.000000,0.000000,0,0,0,0,0,0,0,0,0,0,0,50,0,1300.0,1369.1218887201103,628.633758999058,2104.1982940005255,1622.0
1789882668,50,,Aggregated,25.400000,0.000000,6,7,7,8,8,10,15,20,35,35,35,5435,0,6,19.576472670060802,3.2251890006591566,2104.1982940005255,6805.509291628335
1789882669,50,GET,GET /api/v1/reservas,18.300000,0.000000,7,7,7,8,8,10,15,24,35,35,35,4067,0,7,7.560966203282993,4.633864002244081,149.4995840039337,8965.0
1789882669,50,GET,GET /api/v1/reservas/{id},7.000000,0.000000,5,6,6,7,8,10,15,20,20,20,20,1340,0,5,5.469728311963176,3.2251890006591566,71.38588800444268,442.0
1789882669,50,POST,POST /api/v1/auth/login,0.000000,0.000000,0,0,0,0,0,0,0,0,0,0,0,50,0,1300.0,1369.1218887201103,628.633758999058,2104.1982940005255,1622.0
1789882669,50,,Aggregated,25.300000,0.000000,6,7,7,7,8,10,15,20,35,35,35,5457,0,6,19.522811054203427,3.2251890006591566,2104.1982940005255,6804.844236760125
1789882670,50,GET,GET /api/v1/reservas,18.800000,0.000000,7,7,8,8,9,12,21,26,35,35,35,4091,0,7,7.571508632546844,4.633864002244081,149.4995840039337,8965.0
1789882670,50,GET,GET /api/v1/reservas/{id},7.300000,0.000000,5,6,6,7,8,10,15,20,20,20,20,1349,0,5,5.4657762713282105,3.2251890006591566,71.38588800444268,442.0
1789882670,50,POST,POST /api/v1/auth/login,0.000000,0.000000,0,0,0,0,0,0,0,0,0,0,0,50,0,1300.0,1369.1218887201103,628.633758999058,2104.1982940005255,1622.0
1789882670,50,,Aggregated,26.100000,0.000000,6,7,7,8,9,11,15,24,35,35,35,5490,0,6,19.454365836389144,3.2251890006591566,2104.1982940005255,6803.8566484517305
1789882671,50,GET,GET /api/v1/reservas,18.500000,0.000000,7,8,8,8,10,15,22,27,33,33,33,4110,0,7,7.600118089715484,4.633864002244081,149.4995840039337,8965.0
1789882671,50,GET,GET /api/v1/reservas/{id},6.900000,0.000000,5,6,6,7,9,11,15,34,34,34,34,1357,0,5,5.504594078863039,3.2251890006591566,71.38588800444268,442.0
1789882671,50,POST,POST /api/v1/auth/login,0.000000,0.000000,0,0,0,0,0,0,0,0,0,0,0,50,0,1300.0,1369.1218887201103,628.633758999058,2104.1982940005255,1622.0
1789882671,50,,Aggregated,25.400000,0.000000,7,7,8,8,10,14,21,27,34,34,34,5517,0,6,19.42401920423297,3.2251890006591566,2104.1982940005255,6802.074315751314
1789882672,50,GET,GET /api/v1/reservas,19.400000,0.000000,7,8,9,10,16,30,43,170,180,180,180,4125,0,7,7.750527659328796,4.633864002244081,179.45126099948538,8965.0
1789882672,50,GET,GET /api/v1/reservas/{id},7.100000,0.000000,6,6,7,8,11,34,56,150,150,150,150,1364,0,5,5.694885882704962,3.2251890006591566,149.53343399974983,442.0
1789882672,50,POST,POST /api/v1/auth/login,0.000000,0.000000,0,0,0,0,0,0,0,0,0,0,0,50,0,1300.0,1369.1218887201103,628.633758999058,2104.1982940005255,1622.0
1789882672,50,,Aggregated,26.500000,0.000000,7,8,8,9,14,30,56,150,180,180,180,5539,0,6,19.533281345865024,3.2251890006591566,2104.1982940005255,6799.894024192093
1789882673,50,GET,GET /api/v1/reservas,19.000000,0.000000,7,8,9,10,16,30,43,170,180,180,180,4149,0,7,7.764221100926362,4.633864002244081,179.45126099948538,8965.0
1789882673,50,GET,GET /api/v1/reservas/{id},7.700000,0.000000,6,6,7,8,13,34,56,150,150,150,150,1369,0,5,5.695971691758332,3.2251890006591566,149.53343399974983,442.0
1789882673,50,POST,POST /api/v1/auth/login,0.000000,0.000000,0,0,0,0,0,0,0,0,0,0,0,50,0,1300.0,1369.1218887201103,628.633758999058,2104.1982940005255,1622.0
1789882673,50,,Aggregated,26.700000,0.000000,7,8,9,10,15,33,43,150,180,180,180,5568,0,6,19.480537541265473,3.2251890006591566,2104.1982940005255,6803.517061781609
1789882674,50,GET,GET /api/v1/reservas,18.200000,0.000000,8,9,10,12,17,30,43,170,180,180,180,4165,0,7,7.777137974967735,4.633864002244081,179.45126099948538,8965.0
1789882674,50,GET,GET /api/v1/reservas/{id},7.600000,0.000000,6,7,8,9,13,34,56,150,150,150,150,1375,0,5,5.700719782564027,3.2251890006591566,149.53343399974983,442.0
1789882674,50,POST,POST /api/v1/auth/login,0.000000,0.000000,0,0,0,0,0,0,0,0,0,0,0,50,0,1300.0,1369.1218887201103,628.633758999058,2104.1982940005255,1622.0
1789882674,50,,Aggregated,25.800000,0.000000,7,8,9,11,17,33,56,150,180,180,180,5590,0,6,19.44299889137239,3.2251890006591566,2104.1982940005255,6802.875670840787
1789882675,50,GET,GET /api/v1/reservas,18.500000,0.000000,7,9,10,11,17,30,43,170,180,180,180,4186,0,7,7.770888836058348,4.633864002244081,179.45126099948538,8965.0
1789882675,50,GET,GET /api/v1/reservas/{id},7.300000,0.000000,6,7,8,9,13,34,56,150,150,150,150,1382,0,5,5.694980355294343,3.2251890006591566,149.53343399974983,442.0
1789882675,50,POST,POST /api/v1/auth/login,0.000000,0.000000,0,0,0,0,0,0,0,0,0,0,0,50,0,1300.0,1369.1218887201103,628.633758999058,2104.1982940005255,1622.0
1789882675,50,,Aggregated,25.800000,0.000000,7,8,9,11,16,33,43,150,180,180,180,5618,0,6,19.37620113114321,3.2251890006591566,2104.1982940005255,6803.03203987184
1789882676,50,GET,GET /api/v1/reservas,19.100000,0.000000,7,9,10,12,17,30,43,170,180,180,180,4201,0,7,7.765141137759659,4.633864002244081,179.45126099948538,8965.0
1789882676,50,GET,GET /api/v1/reservas/{id},7.000000,0.000000,6,7,8,8,13,34,56,150,150,150,150,1388,0,5,5.693660961838413,3.2251890006591566,149.53343399974983,442.0
1789882676,50,POST,POST /api/v1/auth/login,0.000000,0.000000,0,0,0,0,0,0,0,0,0,0,0,50,0,1300.0,1369.1218887201103,628.633758999058,2104.1982940005255,1622.0
1789882676,50,,Aggregated,26.100000,0.000000,7,8,9,11,16,33,43,150,180,180,180,5639,0,6,19.32616665557112,3.2251890006591566,2104.1982940005255,6802.014718921795
1789882677,50,GET,GET /api/v1/reservas,18.900000,0.000000,7,9,10,12,17,30,43,170,180,180,180,4222,0,7,7.758470823958291,4.633864002244081,179.45126099948538,8965.0
1789882677,50,GET,GET /api/v1/reservas/{id},6.700000,0.000000,6,7,7,8,13,34,56,150,150,150,150,1394,0,5,5.692385931867297,3.2251890006591566,149.53343399974983,442.0
1789882677,50,POST,POST /api/v1/auth/login,0.000000,0.000000,0,0,0,0,0,0,0,0,0,0,0,50,0,1300.0,1369.1218887201103,628.633758999058,2104.1982940005255,1622.0
1789882677,50,,Aggregated,25.600000,0.000000,7,8,10,11,17,33,56,150,180,180,180,5666,0,6,19.263597642742752,3.2251890006591566,2104.1982940005255,6803.296505471232
1789882678,50,GET,GET /api/v1/reservas,19.600000,0.000000,7,9,10,12,17,30,43,170,180,180,180,4235,0,7,7.756231038429081,4.633864002244081,179.45126099948538,8965.0
1789882678,50,GET,GET /api/v1/reservas/{id},6.500000,0.000000,6,7,7,8,13,34,56,150,150,150,150,1397,0,5,5.691002679332666,3.2251890006591566,149.53343399974983,442.0
1789882678,50,POST,POST /api/v1/auth/login,0.000000,0.000000,0,0,0,0,0,0,0,0,0,0,0,50,0,1300.0,1369.1218887201103,628.633758999058,2104.1982940005255,1622.0
1789882678,50,,Aggregated,26.100000,0.000000,7,8,10,11,17,33,56,150,180,180,180,5682,0,6,19.22809989911658,3.2251890006591566,2104.1982940005255,6804.883667722633
1789882679,50,GET,GET /api/v1/reservas,18.800000,0.000000,7,9,10,12,18,33,43,170,180,180,180,4259,0,7,7.7479606371803555,4.633864002244081,179.45126099948538,8965.0
1789882679,50,GET,GET /api/v1/reservas/{id},6.900000,0.000000,6,7,8,9,13,41,56,150,150,150,150,1403,0,5,5.686708991465377,3.2251890006591566,149.53343399974983,442.0
1789882679,50,POST,POST /api/v1/auth/login,0.000000,0.000000,0,0,0,0,0,0,0,0,0,0,0,50,0,1300.0,1369.1218887201103,628.633758999058,2104.1982940005255,1622.0
1789882679,50,,Aggregated,25.700000,0.000000,7,8,10,11,17,34,56,150,180,180,180,5712,0,6,19.15845789649555,3.2251890006591566,2104.1982940005255,6807.276085434174
1789882680,50,GET,GET /api/v1/reservas,18.500000,0.000000,7,8,10,12,17,33,43,170,180,180,180,4275,0,7,7.749569471047276,4.633864002244081,179.45126099948538,8965.0
1789882680,50,GET,GET /api/v1/reservas/{id},6.500000,0.000000,6,7,8,9,13,41,56,150,150,150,150,1408,0,5,5.685064624308532,3.2251890006591566,149.53343399974983,442.0
1789882680,50,POST,POST /api/v1/auth/login,0.000000,0.000000,0,0,0,0,0,0,0,0,0,0,0,50,0,1300.0,1369.1218887201103,628.633758999058,2104.1982940005255,1622.0
1789882680,50,,Aggregated,25.000000,0.000000,7,8,10,11,17,34,56,150,180,180,180,5733,0,6,19.115659325965293,3.2251890006591566,2104.1982940005255,6807.7465550322695
1789882681,50,GET,GET /api/v1/reservas,18.900000,0.000000,7,8,9,10,13,19,43,170,180,180,180,4295,0,7,7.748595283988322,4.633864002244081,179.45126099948538,8965.0
1789882681,50,GET,GET /api/v1/reservas/{id},6.500000,0.000000,5,6,7,7,9,23,41,150,150,150,150,1413,0,5,5.685532630586369,3.2251890006591566,149.53343399974983,442.0
1789882681,50,POST,POST /api/v1/auth/login,0.000000,0.000000,0,0,0,0,0,0,0,0,0,0,0,50,0,1300.0,1369.1218887201103,628.633758999058,2104.1982940005255,1622.0
1789882681,50,,Aggregated,25.400000,0.000000,6,7,8,9,13,23,43,150,180,180,180,5758,0,6,19.06390565956129,3.2251890006591566,2104.1982940005255,6809.711879124696
1789882682,50,GET,GET /api/v1/reservas,18.500000,0.000000,7,7,8,8,10,13,15,19,32,32,32,4312,0,7,7.74431422790516,4.633864002244081,179.45126099948538,8965.0
1789882682,50,GET,GET /api/v1/reservas/{id},6.200000,0.000000,5,5,6,6,7,8,9,9,9,9,9,1417,0,5,5.681483302056195,3.2251890006591566,149.53343399974983,442.0
1789882682,50,POST,POST /api/v1/auth/login,0.000000,0.000000,0,0,0,0,0,0,0,0,0,0,0,50,0,1300.0,1369.1218887201103,628.633758999058,2104.1982940005255,1622.0
1789882682,50,,Aggregated,24.700000,0.000000,6,7,7,8,9,12,15,18,32,32,32,5779,0,6,19.017172387220313,3.2251890006591566,2104.1982940005255,6811.644575186018
1789882683,50,GET,GET /api/v1/reservas,17.900000,0.000000,6,7,7,8,9,11,14,19,32,32,32,4332,0,7,7.745270285946156,4.633864002244081,179.45126099948538,8965.0
1789882683,50,GET,GET /api/v1/reservas/{id},5.600000,0.000000,5,5,6,6,7,8,9,11,11,11,11,1426,0,5,5.681437442507498,3.2251890006591566,149.53343399974983,442.0
1789882683,50,POST,POST /api/v1/auth/login,0.000000,0.000000,0,0,0,0,0,0,0,0,0,0,0,50,0,1300.0,1369.1218887201103,628.633758999058,2104.1982940005255,1622.0
1789882683,50,,Aggregated,23.500000,0.000000,6,7,7,8,9,10,12,15,32,32,32,5808,0,6,18.958391030946963,3.2251890006591566,2104.1982940005255,6809.189393939394
1789882684,50,GET,GET /api/v1/reservas,19.100000,0.000000,6,7,7,8,9,10,13,19,32,32,32,4351,0,7,7.743187743901704,4.633864002244081,179.45126099948538,8965.0
1789882684,50,GET,GET /api/v1/reservas/{id},5.600000,0.000000,5,5,6,6,6,8,9,11,11,11,11,1436,0,5,5.676922930372846,3.2251890006591566,149.53343399974983,442.0
1789882684,50,POST,POST /api/v1/auth/login,0.000000,0.000000,0,0,0,0,0,0,0,0,0,0,0,50,0,1300.0,1369.1218887201103,628.633758999058,2104.1982940005255,1622.0
1789882684,50,,Aggregated,24.700000,0.000000,6,7,7,7,9,10,12,15,32,32,32,5837,0,6,18.896482034904444,3.2251890006591566,2104.1982940005255,6805.298440979956
1789882685,50,GET,GET /api/v1/reservas,18.400000,0.000000,7,7,7,8,9,10,13,19,32,32,32,4364,0,7,7.73927008746965,4.633864002244081,179.45126099948538,8965.0
1789882685,50,GET,GET /api/v1/reservas/{id},5.400000,0.000000,5,5,6,6,6,8,9,11,11,11,11,1444,0,5,5.670080497239973,3.2251890006591566,149.53343399974983,442.0
1789882685,50,POST,POST /api/v1/auth/login,0.000000,0.000000,0,0,0,0,0,0,0,0,0,0,0,50,0,1300.0,1369.1218887201103,628.633758999058,2104.1982940005255,1622.0
1789882685,50,,Aggregated,23.800000,0.000000,6,7,7,7,9,10,12,15,32,32,32,5858,0,6,18.849072266257696,3.2251890006591566,2104.1982940005255,6801.401160805735
1789882686,50,GET,GET /api/v1/reservas,17.900000,0.000000,7,7,7,8,9,10,13,19,32,32,32,4384,0,7,7.733796890900781,4.633864002244081,179.45126099948538,8965.0
1789882686,50,GET,GET /api/v1/reservas/{id},5.600000,0.000000,5,5,6,6,6,7,11,12,12,12,12,1451,0,5,5.668156335636713,3.2251890006591566,149.53343399974983,442.0
1789882686,50,POST,POST /api/v1/auth/login,0.000000,0.000000,0,0,0,0,0,0,0,0,0,0,0,50,0,1300.0,1369.1218887201103,628.633758999058,2104.1982940005255,1622.0
1789882686,50,,Aggregated,23.500000,0.000000,6,7,7,7,9,10,12,15,32,32,32,5885,0,6,18.79108833453244,3.2251890006591566,2104.1982940005255,6801.189804587935
1789882687,50,GET,GET /api/v1/reservas,18.200000,0.000000,6,7,7,8,9,10,13,19,32,32,32,4406,0,7,7.727225769563427,4.633864002244081,179.45126099948538,8965.0
1789882687,50,GET,GET /api/v1/reservas/{id},5.900000,0.000000,5,5,5,6,6,6,11,12,12,12,12,1457,0,5,5.66235795196746,3.2251890006591566,149.53343399974983,442.0
1789882687,50,POST,POST /api/v1/auth/login,0.000000,0.000000,0,0,0,0,0,0,0,0,0,0,0,50,0,1300.0,1369.1218887201103,628.633758999058,2104.1982940005255,1622.0
1789882687,50,,Aggregated,24.100000,0.000000,6,7,7,7,9,9,12,15,32,32,32,5913,0,6,18.730307240439465,3.2251890006591566,2104.1982940005255,6802.787755792322
1789882688,50,GET,GET /api/v1/reservas,17.900000,0.000000,6,7,7,8,9,10,13,19,32,32,32,4420,0,7,7.723820481153191,4.633864002244081,179.45126099948538,8965.0
1789882688,50,GET,GET /api/v1/reservas/{id},6.400000,0.000000,5,5,6,6,6,9,11,12,12,12,12,1463,0,5,5.66449726249253,3.2251890006591566,149.53343399974983,442.0
1789882688,50,POST,POST /api/v1/auth/login,0.000000,0.000000,0,0,0,0,0,0,0,0,0,0,0,50,0,1300.0,1369.1218887201103,628.633758999058,2104.1982940005255,1622.0
1789882688,50,,Aggregated,24.300000,0.000000,6,7,7,7,9,10,12,15,32,32,32,5933,0,6,18.6891185669525,3.2251890006591566,2104.1982940005255,6801.457272880499
1789882689,50,GET,GET /api/v1/reservas,18.400000,0.000000,6,7,7,8,9,9,12,19,32,32,32,4435,0,7,7.719704652016903,4.633864002244081,179.45126099948538,8965.0
1789882689,50,GET,GET /api/v1/reservas/{id},6.400000,0.000000,5,5,5,6,6,9,11,12,12,12,12,1469,0,5,5.658651675983875,3.2251890006591566,149.53343399974983,442.0
1789882689,50,POST,POST /api/v1/auth/login,0.000000,0.000000,0,0,0,0,0,0,0,0,0,0,0,50,0,1300.0,1369.1218887201103,628.633758999058,2104.1982940005255,1622.0
1789882689,50,,Aggregated,24.800000,0.000000,6,7,7,7,9,9,12,13,32,32,32,5954,0,6,18.64386024180732,3.2251890006591566,2104.1982940005255,6800.499328182735
1789882690,50,GET,GET /api/v1/reservas,18.700000,0.000000,6,7,7,8,9,9,13,32,33,33,33,4458,0,7,7.720183299843704,4.633864002244081,179.45126099948538,8965.0
1789882690,50,GET,GET /api/v1/reservas/{id},6.300000,0.000000,5,5,5,6,6,10,12,12,12,12,12,1477,0,5,5.657158062974834,3.2251890006591566,149.53343399974983,442.0
1789882690,50,POST,POST /api/v1/auth/login,0.000000,0.000000,0,0,0,0,0,0,0,0,0,0,0,50,0,1300.0,1369.1218887201103,628.633758999058,2104.1982940005255,1622.0
1789882690,50,,Aggregated,25.000000,0.000000,6,7,7,7,9,9,12,19,33,33,33,5985,0,6,18.58451028332875,3.2251890006591566,2104.1982940005255,6800.318128654971
1789882691,50,GET,GET /api/v1/reservas,18.400000,0.000000,7,7,7,8,9,9,13,22,33,33,33,4472,0,7,7.720213789064332,4.633864002244081,179.45126099948538,8965.0
1789882691,50,GET,GET /api/v1/reservas/{id},6.400000,0.000000,5,5,5,6,6,11,12,19,19,19,19,1484,0,5,5.661786449468493,3.2251890006591566,149.53343399974983,442.0
1789882691,50,POST,POST /api/v1/auth/login,0.000000,0.000000,0,0,0,0,0,0,0,0,0,0,0,50,0,1300.0,1369.1218887201103,628.633758999058,2104.1982940005255,1622.0
1789882691,50,,Aggregated,24.800000,0.000000,6,7,7,7,9,10,13,19,33,33,33,6006,0,6,18.5452849803051,3.2251890006591566,2104.1982940005255,6797.95337995338
1789882692,50,GET,GET /api/v1/reservas,17.900000,0.000000,6,7,7,7,9,9,13,22,33,33,33,4494,0,7,7.712035159257949,4.633864002244081,179.45126099948538,8965.0
1789882692,50,GET,GET /api/v1/reservas/{id},6.500000,0.000000,4,5,5,6,6,10,12,19,19,19,19,1490,0,5,5.654209751019335,3.218318997824099,149.53343399974983,442.0
1789882692,50,POST,POST /api/v1/auth/login,0.000000,0.000000,0,0,0,0,0,0,0,0,0,0,0,50,0,1300.0,1369.1218887201103,628.633758999058,2104.1982940005255,1622.0
1789882692,50,,Aggregated,24.400000,0.000000,6,7,7,7,9,9,13,19,33,33,33,6034,0,6,18.48504358149313,3.218318997824099,2104.1982940005255,6799.534305601591
1789882693,50,GET,GET /api/v1/reservas,18.200000,0.000000,6,7,7,8,9,10,13,22,33,33,33,4510,0,7,7.712908727869,4.633864002244081,179.45126099948538,8965.0
1789882693,50,GET,GET /api/v1/reservas/{id},6.900000,0.000000,4,5,5,6,6,10,12,19,19,19,19,1493,0,5,5.654870632971414,3.218318997824099,149.53343399974983,442.0
1789882693,50,POST,POST /api/v1/auth/login,0.000000,0.000000,0,0,0,0,0,0,0,0,0,0,0,50,0,1300.0,1369.1218887201103,628.633758999058,2104.1982940005255,1622.0
1789882693,50,,Aggregated,25.100000,0.000000,6,7,7,7,9,10,13,19,33,33,33,6053,0,6,18.45102175016042,3.218318997824099,2104.1982940005255,6802.107384767884
1789882694,50,GET,GET /api/v1/reservas,17.300000,0.000000,6,7,7,8,9,9,11,22,33,33,33,4535,0,7,7.707220180526614,4.633864002244081,179.45126099948538,8965.0
1789882694,50,GET,GET /api/v1/reservas/{id},7.100000,0.000000,4,5,5,5,6,10,12,19,19,19,19,1498,0,5,5.649356921912962,3.218318997824099,149.53343399974983,442.0
1789882694,50,POST,POST /api/v1/auth/login,0.000000,0.000000,0,0,0,0,0,0,0,0,0,0,0,50,0,1300.0,1369.1218887201103,628.633758999058,2104.1982940005255,1622.0
1789882694,50,,Aggregated,24.400000,0.000000,6,7,7,7,9,10,12,19,33,33,33,6083,0,6,18.39077340518154,3.218318997824099,2104.1982940005255,6805.768699654775
1789882695,50,GET,GET /api/v1/reservas,18.500000,0.000000,7,7,7,8,9,9,11,22,33,33,33,4554,0,7,7.705278823821854,4.633864002244081,179.45126099948538,8965.0
1789882695,50,GET,GET /api/v1/reservas/{id},7.100000,0.000000,4,5,5,5,6,10,12,19,19,19,19,1499,0,5,5.648350517697183,3.218318997824099,149.53343399974983,442.0
1789882695,50,POST,POST /api/v1/auth/login,0.000000,0.000000,0,0,0,0,0,0,0,0,0,0,0,50,0,1300.0,1369.1218887201103,628.633758999058,2104.1982940005255,1622.0
1789882695,50,,Aggregated,25.600000,0.000000,6,7,7,7,9,10,12,19,33,33,33,6103,0,6,18.353729579832592,3.218318997824099,2104.1982940005255,6811.448140258889
1789882696,50,GET,GET /api/v1/reservas,18.500000,0.000000,7,7,7,8,9,9,11,22,33,33,33,4579,0,7,7.698555036185722,4.633864002244081,179.45126099948538,8965.0
1789882696,50,GET,GET /api/v1/reservas/{id},6.500000,0.000000,4,5,5,5,6,10,12,19,19,19,19,1505,0,5,5.641667167458875,3.218318997824099,149.53343399974983,442.0
1789882696,50,POST,POST /api/v1/auth/login,0.000000,0.000000,0,0,0,0,0,0,0,0,0,0,0,50,0,1300.0,1369.1218887201103,628.633758999058,2104.1982940005255,1622.0
1789882696,50,,Aggregated,25.000000,0.000000,6,7,7,8,9,9,12,19,33,33,33,6134,0,6,18.29124340295493,3.218318997824099,2104.1982940005255,6813.9949462015
1789882697,50,GET,GET /api/v1/reservas,19.000000,0.000000,7,7,7,8,9,10,11,22,33,33,33,4596,0,7,7.6945507573313385,4.633864002244081,179.45126099948538,8965.0
1789882697,50,GET,GET /api/v1/reservas/{id},6.100000,0.000000,4,5,5,5,7,10,12,19,19,19,19,1510,0,5,5.639822907306968,3.218318997824099,149.53343399974983,442.0
1789882697,50,POST,POST /api/v1/auth/login,0.000000,0.000000,0,0,0,0,0,0,0,0,0,0,0,50,0,1300.0,1369.1218887201103,628.633758999058,2104.1982940005255,1622.0
1789882697,50,,Aggregated,25.100000,0.000000,6,7,7,7,9,10,12,19,33,33,33,6156,0,6,18.248275228514274,3.218318997824099,2104.1982940005255,6814.759584145549
1789882698,50,GET,GET /api/v1/reservas,19.300000,0.000000,7,7,8,8,9,10,11,22,33,33,33,4619,0,7,7.6949246541906975,4.633864002244081,179.45126099948538,8965.0
1789882698,50,GET,GET /api/v1/reservas/{id},5.400000,0.000000,4,5,5,5,7,9,19,19,19,19,19,1515,0,5,5.641546355132605,3.218318997824099,149.53343399974983,442.0
1789882698,50,POST,POST /api/v1/auth/login,0.000000,0.000000,0,0,0,0,0,0,0,0,0,0,0,50,0,1300.0,1369.1218887201103,628.633758999058,2104.1982940005255,1622.0
1789882698,50,,Aggregated,24.700000,0.000000,6,7,7,8,9,10,12,19,33,33,33,6184,0,6,18.19953010053982,3.218318997824099,2104.1982940005255,6817.604301423027
1789882699,50,GET,GET /api/v1/reservas,19.500000,0.000000,7,7,8,8,9,10,11,22,33,33,33,4638,0,7,7.687591497128577,4.633864002244081,179.45126099948538,8965.0
1789882699,50,GET,GET /api/v1/reservas/{id},5.400000,0.000000,4,5,5,5,7,9,19,19,19,19,19,1520,0,5,5.637745055283679,3.218318997824099,149.53343399974983,442.0
1789882699,50,POST,POST /api/v1/auth/login,0.000000,0.000000,0,0,0,0,0,0,0,0,0,0,0,50,0,1300.0,1369.1218887201103,628.633758999058,2104.1982940005255,1622.0
1789882699,50,,Aggregated,24.900000,0.000000,6,7,7,8,9,10,12,19,33,33,33,6208,0,6,18.150856360135155,3.218318997824099,2104.1982940005255,6819.04155927835
1789882700,50,GET,GET /api/v1/reservas,19.000000,0.000000,7,7,8,8,9,11,13,15,22,22,22,4661,0,7,7.689583209759412,4.633864002244081,179.45126099948538,8965.0
1789882700,50,GET,GET /api/v1/reservas/{id},5.300000,0.000000,4,5,5,5,7,7,19,19,19,19,19,1522,0,5,5.637194681357164,3.218318997824099,149.53343399974983,442.0
1789882700,50,POST,POST /api/v1/auth/login,0.000000,0.000000,0,0,0,0,0,0,0,0,0,0,0,50,0,1300.0,1369.1218887201103,628.633758999058,2104.1982940005255,1622.0
1789882700,50,,Aggregated,24.300000,0.000000,6,7,7,8,9,10,13,15,22,22,22,6233,0,6,18.109586408105205,3.218318997824099,2104.1982940005255,6824.914006096583
1789882701,50,GET,GET /api/v1/reservas,19.900000,0.000000,7,7,8,8,9,11,13,13,15,15,15,4679,0,7,7.68734201596129,4.633864002244081,179.45126099948538,8965.0
1789882701,50,GET,GET /api/v1/reservas/{id},5.200000,0.000000,4,5,5,5,7,7,9,9,9,9,9,1531,0,5,5.628613664283395,3.218318997824099,149.53343399974983,442.0
1789882701,50,POST,POST /api/v1/auth/login,0.000000,0.000000,0,0,0,0,0,0,0,0,0,0,0,50,0,1300.0,1369.1218887201103,628.633758999058,2104.1982940005255,1622.0
1789882701,50,,Aggregated,25.100000,0.000000,6,7,7,8,9,10,13,13,15,15,15,6260,0,6,18.057919368802917,3.218318997824099,2104.1982940005255,6821.89089456869
1789882702,50,GET,GET /api/v1/reservas,20.000000,0.000000,7,7,8,8,9,11,13,13,15,15,15,4695,0,7,7.683573929007853,4.633864002244081,179.45126099948538,8965.0
1789882702,50,GET,GET /api/v1/reservas/{id},5.000000,0.000000,4,5,5,5,7,7,9,9,9,9,9,1539,0,5,5.621253514643549,3.218318997824099,149.53343399974983,442.0
1789882702,50,POST,POST /api/v1/auth/login,0.000000,0.000000,0,0,0,0,0,0,0,0,0,0,0,50,0,1300.0,1369.1218887201103,628.633758999058,2104.1982940005255,1622.0
1789882702,50,,Aggregated,25.000000,0.000000,6,7,7,8,9,10,13,13,15,15,15,6284,0,6,18.011073073159423,3.218318997824099,2104.1982940005255,6819.2254933163595
1789882703,50,GET,GET /api/v1/reservas,20.500000,0.000000,7,7,8,8,9,10,13,13,15,15,15,4713,0,7,7.680210118333692,4.633864002244081,179.45126099948538,8965.0
1789882703,50,GET,GET /api/v1/reservas/{id},4.700000,0.000000,4,5,5,5,6,7,7,9,9,9,9,1546,0,5,5.615933794333179,3.218318997824099,149.53343399974983,442.0
1789882703,50,POST,POST /api/v1/auth/login,0.000000,0.000000,0,0,0,0,0,0,0,0,0,0,0,50,0,1300.0,1369.1218887201103,628.633758999058,2104.1982940005255,1622.0
1789882703,50,,Aggregated,25.200000,0.000000,6,7,7,8,9,10,12,13,15,15,15,6309,0,6,17.964044756657362,3.218318997824099,2104.1982940005255,6818.271833888097
1789882704,50,GET,GET /api/v1/reservas,20.500000,0.000000,7,7,7,8,9,10,13,13,15,15,15,4736,0,7,7.6745557478230895,4.633864002244081,179.45126099948538,8965.0
1789882704,50,GET,GET /api/v1/reservas/{id},4.800000,0.000000,4,5,5,5,6,7,7,9,9,9,9,1551,0,5,5.6129133294859725,3.218318997824099,149.53343399974983,442.0
1789882704,50,POST,POST /api/v1/auth/login,0.000000,0.000000,0,0,0,0,0,0,0,0,0,0,0,50,0,1300.0,1369.1218887201103,628.633758999058,2104.1982940005255,1622.0
1789882704,50,,Aggregated,25.300000,0.000000,6,7,7,7,9,10,12,13,15,15,15,6337,0,6,17.912011840260124,3.218318997824099,2104.1982940005255,6821.032349692284
1789882705,50,GET,GET /api/v1/reservas,20.000000,0.000000,7,7,8,8,9,11,13,14,15,15,15,4750,0,7,7.674422206041575,4.633864002244081,179.45126099948538,8965.0
1789882705,50,GET,GET /api/v1/reservas/{id},5.100000,0.000000,5,5,5,5,7,8,9,9,9,9,9,1559,0,5,5.616769194388281,3.218318997824099,149.53343399974983,442.0
1789882705,50,POST,POST /api/v1/auth/login,0.000000,0.000000,0,0,0,0,0,0,0,0,0,0,0,50,0,1300.0,1369.1218887201103,628.633758999058,2104.1982940005255,1622.0
1789882705,50,,Aggregated,25.100000,0.000000,6,7,7,8,9,10,13,13,15,15,15,6359,0,6,17.87484558716061,3.218318997824099,2104.1982940005255,6817.7273156156625
1789882706,50,GET,GET /api/v1/reservas,19.900000,0.000000,7,7,7,8,9,11,13,14,15,15,15,4766,0,7,7.670269995742465,4.633864002244081,179.45126099948538,8965.0
1789882706,50,GET,GET /api/v1/reservas/{id},5.400000,0.000000,5,5,5,5,7,8,9,9,9,9,9,1567,0,5,5.611340961735232,3.218318997824099,149.53343399974983,442.0
1789882706,50,POST,POST /api/v1/auth/login,0.000000,0.000000,0,0,0,0,0,0,0,0,0,0,0,50,0,1300.0,1369.1218887201103,628.633758999058,2104.1982940005255,1622.0
1789882706,50,,Aggregated,25.300000,0.000000,6,7,7,7,9,10,13,13,15,15,15,6383,0,6,17.829480263630458,3.218318997824099,2104.1982940005255,6815.118909603635
1789882707,50,GET,GET /api/v1/reservas,19.500000,0.000000,7,7,7,8,9,11,13,14,15,15,15,4785,0,7,7.66477608479419,4.633864002244081,179.45126099948538,8965.0
1789882707,50,GET,GET /api/v1/reservas/{id},5.700000,0.000000,5,5,5,5,7,7,9,9,9,9,9,1572,0,5,5.607570374070379,3.218318997824099,149.53343399974983,442.0
1789882707,50,POST,POST /api/v1/auth/login,0.000000,0.000000,0,0,0,0,0,0,0,0,0,0,0,50,0,1300.0,1369.1218887201103,628.633758999058,2104.1982940005255,1622.0
1789882707,50,,Aggregated,25.200000,0.000000,6,7,7,7,9,10,13,13,15,15,15,6407,0,6,17.784789859494982,3.218318997824099,2104.1982940005255,6816.520836584985
1789882708,50,GET,GET /api/v1/reservas,19.000000,0.000000,7,7,7,8,9,11,13,14,15,15,15,4803,0,7,7.6661011209052905,4.633864002244081,179.45126099948538,8965.0
1789882708,50,GET,GET /api/v1/reservas/{id},6.100000,0.000000,5,5,5,5,6,7,8,9,9,9,9,1583,0,5,5.605801663335419,3.218318997824099,149.53343399974983,442.0
1789882708,50,POST,POST /api/v1/auth/login,0.000000,0.000000,0,0,0,0,0,0,0,0,0,0,0,50,0,1300.0,1369.1218887201103,628.633758999058,2104.1982940005255,1622.0
1789882708,50,,Aggregated,25.100000,0.000000,6,7,7,7,8,10,13,14,15,15,15,6436,0,6,17.73622780496793,3.218318997824099,2104.1982940005255,6811.634711000622
1789882709,50,GET,GET /api/v1/reservas,19.100000,0.000000,7,7,8,8,9,11,13,14,15,15,15,4823,0,7,7.665710044719739,4.633864002244081,179.45126099948538,8965.0
1789882709,50,GET,GET /api/v1/reservas/{id},6.100000,0.000000,5,5,5,6,6,7,8,9,9,9,9,1589,0,5,5.6046398515199325,3.218318997824099,149.53343399974983,442.0
1789882709,50,POST,POST /api/v1/auth/login,0.000000,0.000000,0,0,0,0,0,0,0,0,0,0,0,50,0,1300.0,1369.1218887201103,628.633758999058,2104.1982940005255,1622.0
1789882709,50,,Aggregated,25.200000,0.000000,6,7,7,8,9,10,13,14,15,15,15,6462,0,6,17.693219855424633,3.218318997824099,2104.1982940005255,6812.385174868462
1789882710,50,GET,GET /api/v1/reservas,18.800000,0.000000,7,7,8,8,9,10,11,14,14,14,14,4834,0,7,7.666788936426132,4.633864002244081,179.45126099948538,8965.0
1789882710,50,GET,GET /api/v1/reservas/{id},6.500000,0.000000,5,5,6,6,6,8,9,9,9,9,9,1596,0,5,5.607682831496527,3.218318997824099,149.53343399974983,442.0
1789882710,50,POST,POST /api/v1/auth/login,0.000000,0.000000,0,0,0,0,0,0,0,0,0,0,0,50,0,1300.0,1369.1218887201103,628.633758999058,2104.1982940005255,1622.0
1789882710,50,,Aggregated,25.300000,0.000000,6,7,7,8,8,9,11,13,14,14,14,6480,0,6,17.664693511382392,3.218318997824099,2104.1982940005255,6809.1577160493825
1789882711,50,GET,GET /api/v1/reservas,18.300000,0.000000,7,7,8,8,9,10,14,14,28,28,28,4855,0,7,7.671116140203075,4.633864002244081,179.45126099948538,8965.0
1789882711,50,GET,GET /api/v1/reservas/{id},6.900000,0.000000,5,5,6,6,7,8,9,9,9,9,9,1605,0,5,5.60735999380791,3.218318997824099,149.53343399974983,442.0
1789882711,50,POST,POST /api/v1/auth/login,0.000000,0.000000,0,0,0,0,0,0,0,0,0,0,0,50,0,1300.0,1369.1218887201103,628.633758999058,2104.1982940005255,1622.0
1789882711,50,,Aggregated,25.200000,0.000000,6,7,8,8,9,10,12,14,28,28,28,6510,0,6,17.618921057872985,3.218318997824099,2104.1982940005255,6807.309523809524
1789882712,50,GET,GET /api/v1/reservas,18.100000,0.000000,7,8,8,8,9,10,14,14,28,28,28,4876,0,7,7.668591726758587,4.633864002244081,179.45126099948538,8965.0
1789882712,50,GET,GET /api/v1/reservas/{id},7.200000,0.000000,5,5,6,6,7,8,9,9,9,9,9,1612,0,5,5.60428714333178,3.218318997824099,149.53343399974983,442.0
1789882712,50,POST,POST /api/v1/auth/login,0.000000,0.000000,0,0,0,0,0,0,0,0,0,0,0,50,0,1300.0,1369.1218887201103,628.633758999058,2104.1982940005255,1622.0
1789882712,50,,Aggregated,25.300000,0.000000,7,7,8,8,9,10,12,14,28,28,28,6538,0,6,17.571468120332092,3.218318997824099,2104.1982940005255,6807.424900581217
1789882713,50,GET,GET /api/v1/reservas,17.100000,0.000000,7,8,8,8,9,11,14,14,28,28,28,4894,0,7,7.671687632542388,4.633864002244081,179.45126099948538,8965.0
1789882713,50,GET,GET /api/v1/reservas/{id},7.400000,0.000000,5,5,6,6,8,8,9,9,9,9,9,1616,0,5,5.606564400403669,3.218318997824099,149.53343399974983,442.0
1789882713,50,POST,POST /api/v1/auth/login,0.000000,0.000000,0,0,0,0,0,0,0,0,0,0,0,50,0,1300.0,1369.1218887201103,628.633758999058,2104.1982940005255,1622.0
1789882713,50,,Aggregated,24.500000,0.000000,7,7,8,8,9,10,12,14,28,28,28,6560,0,6,17.53986917389029,3.218318997824099,2104.1982940005255,6809.463719512195
1789882714,50,GET,GET /api/v1/reservas,17.600000,0.000000,7,8,8,8,10,11,14,14,28,28,28,4913,0,7,7.671732264129743,4.633864002244081,179.45126099948538,8965.0
1789882714,50,GET,GET /api/v1/reservas/{id},7.400000,0.000000,5,6,6,6,7,8,9,9,9,9,9,1620,0,5,5.607432050030948,3.218318997824099,149.53343399974983,442.0
1789882714,50,POST,POST /api/v1/auth/login,0.000000,0.000000,0,0,0,0,0,0,0,0,0,0,0,50,0,1300.0,1369.1218887201103,628.633758999058,2104.1982940005255,1622.0
1789882714,50,,Aggregated,25.000000,0.000000,7,7,8,8,9,11,12,14,28,28,28,6583,0,6,17.504383255464845,3.218318997824099,2104.1982940005255,6811.816041318548
1789882715,50,GET,GET /api/v1/reservas,17.800000,0.000000,7,8,8,9,10,11,13,14,28,28,28,4930,0,7,7.674726627922464,4.633864002244081,179.45126099948538,8965.0
1789882715,50,GET,GET /api/v1/reservas/{id},7.100000,0.000000,5,6,6,6,7,8,9,11,11,11,11,1628,0,5,5.610999893151998,3.218318997824099,149.53343399974983,442.0
1789882715,50,POST,POST /api/v1/auth/login,0.000000,0.000000,0,0,0,0,0,0,0,0,0,0,0,50,0,1300.0,1369.1218887201103,628.633758999058,2104.1982940005255,1622.0
1789882715,50,,Aggregated,24.900000,0.000000,7,8,8,8,9,11,12,14,28,28,28,6608,0,6,17.46779729686966,3.218318997824099,2104.1982940005255,6809.643765133172
1789882716,50,GET,GET /api/v1/reservas,18.100000,0.000000,7,8,8,9,10,11,13,14,28,28,28,4949,0,7,7.671502547111996,4.633864002244081,179.45126099948538,8965.0
1789882716,50,GET,GET /api/v1/reservas/{id},7.000000,0.000000,5,6,6,6,7,8,9,11,11,11,11,1634,0,5,5.609165433319372,3.218318997824099,149.53343399974983,442.0
1789882716,50,POST,POST /api/v1/auth/login,0.000000,0.000000,0,0,0,0,0,0,0,0,0,0,0,50,0,1300.0,1369.1218887201103,628.633758999058,2104.1982940005255,1622.0
1789882716,50,,Aggregated,25.100000,0.000000,7,8,8,8,9,11,12,14,28,28,28,6633,0,6,17.426162650340213,3.218318997824099,2104.1982940005255,6810.057741595055
1789882717,50,GET,GET /api/v1/reservas,17.900000,0.000000,7,8,8,9,10,11,13,14,28,28,28,4968,0,7,7.666207187127653,4.633864002244081,179.45126099948538,8965.0
1789882717,50,GET,GET /api/v1/reservas/{id},6.800000,0.000000,5,6,6,6,7,8,9,11,11,11,11,1641,0,5,5.603949350419047,3.218318997824099,149.53343399974983,442.0
1789882717,50,POST,POST /api/v1/auth/login,0.000000,0.000000,0,0,0,0,0,0,0,0,0,0,0,50,0,1300.0,1369.1218887201103,628.633758999058,2104.1982940005255,1622.0
1789882717,50,,Aggregated,24.700000,0.000000,7,8,8,8,9,11,12,14,28,28,28,6659,0,6,17.380671666270214,3.218318997824099,2104.1982940005255,6809.512239074937
1789882718,50,GET,GET /api/v1/reservas,18.100000,0.000000,7,8,8,8,9,11,12,14,28,28,28,4986,0,7,7.662511287934227,4.633864002244081,179.45126099948538,8965.0
1789882718,50,GET,GET /api/v1/reservas/{id},6.700000,0.000000,5,6,6,6,8,8,9,11,11,11,11,1648,0,5,5.602566320407965,3.218318997824099,149.53343399974983,442.0
1789882718,50,POST,POST /api/v1/auth/login,0.000000,0.000000,0,0,0,0,0,0,0,0,0,0,0,50,0,1300.0,1369.1218887201103,628.633758999058,2104.1982940005255,1622.0
1789882718,50,,Aggregated,24.800000,0.000000,7,7,8,8,9,11,12,13,28,28,28,6684,0,6,17.33907914627138,3.218318997824099,2104.1982940005255,6808.6484141232795
1789882719,50,GET,GET /api/v1/reservas,18.200000,0.000000,7,8,8,9,10,11,12,14,28,28,28,5003,0,7,7.662872541403282,4.633864002244081,179.45126099948538,8965.0
1789882719,50,GET,GET /api/v1/reservas/{id},6.700000,0.000000,5,6,6,6,8,8,9,11,11,11,11,1654,0,5,5.601345050808025,3.218318997824099,149.53343399974983,442.0
1789882719,50,POST,POST /api/v1/auth/login,0.000000,0.000000,0,0,0,0,0,0,0,0,0,0,0,50,0,1300.0,1369.1218887201103,628.633758999058,2104.1982940005255,1622.0
1789882719,50,,Aggregated,24.900000,0.000000,7,7,8,8,9,11,12,13,28,28,28,6707,0,6,17.30402124268415,3.218318997824099,2104.1982940005255,6808.418517966304
1789882720,50,GET,GET /api/v1/reservas,18.400000,0.000000,7,8,8,8,9,11,12,14,28,28,28,5020,0,7,7.659918447538495,4.633864002244081,179.45126099948538,8965.0
1789882720,50,GET,GET /api/v1/reservas/{id},6.600000,0.000000,5,6,6,6,7,8,10,11,11,11,11,1660,0,5,5.601645174719596,3.218318997824099,149.53343399974983,442.0
1789882720,50,POST,POST /api/v1/auth/login,0.000000,0.000000,0,0,0,0,0,0,0,0,0,0,0,50,0,1300.0,1369.1218887201103,628.633758999058,2104.1982940005255,1622.0
1789882720,50,,Aggregated,25.000000,0.000000,7,7,8,8,9,10,12,13,28,28,28,6730,0,6,17.267104908273893,3.218318997824099,2104.1982940005255,6808.190193164934
1789882721,50,GET,GET /api/v1/reservas,18.000000,0.000000,7,8,8,9,10,11,12,25,25,25,25,5037,0,7,7.668767473424956,4.633864002244081,179.45126099948538,8965.0
1789882721,50,GET,GET /api/v1/reservas/{id},6.400000,0.000000,5,6,6,6,8,10,19,31,31,31,31,1671,0,5,5.618722792357437,3.218318997824099,149.53343399974983,442.0
1789882721,50,POST,POST /api/v1/auth/login,0.000000,0.000000,0,0,0,0,0,0,0,0,0,0,0,50,0,1300.0,1369.1218887201103,628.633758999058,2104.1982940005255,1622.0
1789882721,50,,Aggregated,24.400000,0.000000,7,7,8,8,9,11,13,25,31,31,31,6758,0,6,17.234767976572403,3.218318997824099,2104.1982940005255,6803.253477360166
1789882722,50,GET,GET /api/v1/reservas,18.000000,0.000000,7,8,8,9,10,11,12,25,25,25,25,5059,0,7,7.6628321780276005,4.633864002244081,179.45126099948538,8965.0
1789882722,50,GET,GET /api/v1/reservas/{id},6.500000,0.000000,5,6,6,6,8,10,19,31,31,31,31,1676,0,5,5.617104202283459,3.218318997824099,149.53343399974983,442.0
1789882722,50,POST,POST /api/v1/auth/login,0.000000,0.000000,0,0,0,0,0,0,0,0,0,0,0,50,0,1300.0,1369.1218887201103,628.633758999058,2104.1982940005255,1622.0
1789882722,50,,Aggregated,24.500000,0.000000,7,7,8,8,9,11,13,25,31,31,31,6785,0,6,17.190365374749334,3.218318997824099,2104.1982940005255,6805.575092114959
1789882723,50,GET,GET /api/v1/reservas,18.600000,0.000000,7,7,8,8,9,11,13,25,25,25,25,5086,0,7,7.658704366428273,4.633864002244081,179.45126099948538,8965.0
1789882723,50,GET,GET /api/v1/reservas/{id},6.500000,0.000000,5,5,6,6,7,10,19,31,31,31,31,1679,0,5,5.615255628366869,3.218318997824099,149.53343399974983,442.0
1789882723,50,POST,POST /api/v1/auth/login,0.000000,0.000000,0,0,0,0,0,0,0,0,0,0,0,50,0,1300.0,1369.1218887201103,628.633758999058,2104.1982940005255,1622.0
1789882723,50,,Aggregated,25.100000,0.000000,6,7,8,8,9,11,13,25,31,31,31,6815,0,6,17.14398812086393,3.218318997824099,2104.1982940005255,6811.329126925899
1789882724,50,GET,GET /api/v1/reservas,18.100000,0.000000,7,7,8,8,9,11,12,25,25,25,25,5098,0,7,7.65634570020671,4.633864002244081,179.45126099948538,8965.0
1789882724,50,GET,GET /api/v1/reservas/{id},6.500000,0.000000,5,5,6,6,7,8,19,31,31,31,31,1686,0,5,5.613942740233288,3.218318997824099,149.53343399974983,442.0
1789882724,50,POST,POST /api/v1/auth/login,0.000000,0.000000,0,0,0,0,0,0,0,0,0,0,0,50,0,1300.0,1369.1218887201103,628.633758999058,2104.1982940005255,1622.0
1789882724,50,,Aggregated,24.600000,0.000000,6,7,7,8,9,10,13,25,31,31,31,6834,0,6,17.113440485175982,3.218318997824099,2104.1982940005255,6808.586772022241
1789882725,50,GET,GET /api/v1/reservas,18.700000,0.000000,7,7,7,8,9,11,12,25,25,25,25,5118,0,7,7.654550959289403,4.633864002244081,179.45126099948538,8965.0
1789882725,50,GET,GET /api/v1/reservas/{id},6.400000,0.000000,5,5,6,6,7,10,19,31,31,31,31,1689,0,5,5.614856434001738,3.218318997824099,149.53343399974983,442.0
1789882725,50,POST,POST /api/v1/auth/login,0.000000,0.000000,0,0,0,0,0,0,0,0,0,0,0,50,0,1300.0,1369.1218887201103,628.633758999058,2104.1982940005255,1622.0
1789882725,50,,Aggregated,25.100000,0.000000,6,7,7,8,9,10,13,25,31,31,31,6857,0,6,17.079711063537644,3.218318997824099,2104.1982940005255,6812.091001895873
1789882726,50,GET,GET /api/v1/reservas,18.800000,0.000000,7,7,8,8,9,11,12,25,25,25,25,5138,0,7,7.654331081674451,4.633864002244081,179.45126099948538,8965.0
1789882726,50,GET,GET /api/v1/reservas/{id},6.300000,0.000000,5,5,6,6,7,10,19,31,31,31,31,1696,0,5,5.613142780668808,3.218318997824099,149.53343399974983,442.0
1789882726,50,POST,POST /api/v1/auth/login,0.000000,0.000000,0,0,0,0,0,0,0,0,0,0,0,50,0,1300.0,1369.1218887201103,628.633758999058,2104.1982940005255,1622.0
1789882726,50,,Aggregated,25.100000,0.000000,6,7,7,8,9,11,13,25,31,31,31,6884,0,6,17.040083917731426,3.218318997824099,2104.1982940005255,6811.868390470657
1789882727,50,GET,GET /api/v1/reservas,18.600000,0.000000,7,7,8,8,9,11,12,25,25,25,25,5157,0,7,7.649808525040834,4.633864002244081,179.45126099948538,8965.0
1789882727,50,GET,GET /api/v1/reservas/{id},6.300000,0.000000,5,5,6,6,7,10,19,31,31,31,31,1699,0,5,5.611830187173035,3.218318997824099,149.53343399974983,442.0
1789882727,50,POST,POST /api/v1/auth/login,0.000000,0.000000,0,0,0,0,0,0,0,0,0,0,0,50,0,1300.0,1369.1218887201103,628.633758999058,2104.1982940005255,1622.0
1789882727,50,,Aggregated,24.900000,0.000000,6,7,7,8,9,11,13,25,31,31,31,6906,0,6,17.00559752210369,3.218318997824099,2104.1982940005255,6815.025050680568
1789882728,50,GET,GET /api/v1/reservas,19.000000,0.000000,7,7,8,8,9,11,12,25,25,25,25,5178,0,7,7.646438135502861,4.633864002244081,179.45126099948538,8965.0
1789882728,50,GET,GET /api/v1/reservas/{id},6.000000,0.000000,5,5,6,6,7,10,19,31,31,31,31,1707,0,5,5.60713038372154,3.218318997824099,149.53343399974983,442.0
1789882728,50,POST,POST /api/v1/auth/login,0.000000,0.000000,0,0,0,0,0,0,0,0,0,0,0,50,0,1300.0,1369.1218887201103,628.633758999058,2104.1982940005255,1622.0
1789882728,50,,Aggregated,25.000000,0.000000,6,7,7,8,9,11,13,25,31,31,31,6935,0,6,16.960450276373756,3.218318997824099,2104.1982940005255,6814.183705839942
1789882729,50,GET,GET /api/v1/reservas,18.800000,0.000000,7,7,8,8,9,11,12,25,25,25,25,5193,0,7,7.645294808133543,4.633864002244081,179.45126099948538,8965.0
1789882729,50,GET,GET /api/v1/reservas/{id},6.100000,0.000000,5,5,6,6,7,10,19,31,31,31,31,1715,0,5,5.600661182521201,3.218318997824099,149.53343399974983,442.0
1789882729,50,POST,POST /api/v1/auth/login,0.000000,0.000000,0,0,0,0,0,0,0,0,0,0,0,50,0,1300.0,1369.1218887201103,628.633758999058,2104.1982940005255,1622.0
1789882729,50,,Aggregated,24.900000,0.000000,6,7,7,8,9,11,13,25,31,31,31,6958,0,6,16.92486983366871,3.218318997824099,2104.1982940005255,6811.4939637826965
1789882730,50,GET,GET /api/v1/reservas,19.100000,0.000000,7,7,8,8,9,11,12,25,25,25,25,5210,0,7,7.6422637515627505,4.633864002244081,179.45126099948538,8965.0
1789882730,50,GET,GET /api/v1/reservas/{id},5.800000,0.000000,5,5,6,6,7,8,19,31,31,31,31,1725,0,5,5.596414098564191,3.218318997824099,149.53343399974983,442.0
1789882730,50,POST,POST /api/v1/auth/login,0.000000,0.000000,0,0,0,0,0,0,0,0,0,0,0,50,0,1300.0,1369.1218887201103,628.633758999058,2104.1982940005255,1622.0
1789882730,50,,Aggregated,24.900000,0.000000,6,7,7,8,9,10,13,25,31,31,31,6985,0,6,16.882763479122502,3.218318997824099,2104.1982940005255,6807.616320687187
1789882731,50,GET,GET /api/v1/reservas,19.400000,0.000000,7,7,7,8,9,10,12,23,25,25,25,5227,0,7,7.646103838652156,4.633864002244081,179.45126099948538,8965.0
1789882731,50,GET,GET /api/v1/reservas/{id},6.200000,0.000000,5,5,6,6,6,7,8,9,9,9,9,1730,0,5,5.593133531224838,3.218318997824099,149.53343399974983,442.0
1789882731,50,POST,POST /api/v1/auth/login,0.000000,0.000000,0,0,0,0,0,0,0,0,0,0,0,50,0,1300.0,1369.1218887201103,628.633758999058,2104.1982940005255,1622.0
1789882731,50,,Aggregated,25.600000,0.000000,6,7,7,7,9,10,12,13,25,25,25,7007,0,6,16.854345684267063,3.218318997824099,2104.1982940005255,6808.308120450977
1789882732,50,GET,GET /api/v1/reservas,19.400000,0.000000,7,7,8,8,9,10,12,23,25,25,25,5246,0,7,7.641212339428122,4.633864002244081,179.45126099948538,8965.0
1789882732,50,GET,GET /api/v1/reservas/{id},5.800000,0.000000,5,5,5,6,6,7,8,9,9,9,9,1739,0,5,5.5874116739638815,3.218318997824099,149.53343399974983,442.0
1789882732,50,POST,POST /api/v1/auth/login,0.000000,0.000000,0,0,0,0,0,0,0,0,0,0,0,50,0,1300.0,1369.1218887201103,628.633758999058,2104.1982940005255,1622.0
1789882732,50,,Aggregated,25.200000,0.000000,6,7,7,7,9,10,12,13,25,25,25,7035,0,6,16.8100075720922,3.218318997824099,2104.1982940005255,6805.988343994314
1789882733,50,GET,GET /api/v1/reservas,19.100000,0.000000,7,7,7,8,9,10,12,23,25,25,25,5265,0,7,7.636749612468245,4.633864002244081,179.45126099948538,8965.0
1789882733,50,GET,GET /api/v1/reservas/{id},6.300000,0.000000,5,5,5,6,6,7,8,9,9,9,9,1745,0,5,5.583166931813381,3.218318997824099,149.53343399974983,442.0
1789882733,50,POST,POST /api/v1/auth/login,0.000000,0.000000,0,0,0,0,0,0,0,0,0,0,0,50,0,1300.0,1369.1218887201103,628.633758999058,2104.1982940005255,1622.0
1789882733,50,,Aggregated,25.400000,0.000000,6,7,7,7,8,10,11,12,25,25,25,7060,0,6,16.771417484655124,3.218318997824099,2104.1982940005255,6806.390226628895
1789882734,50,GET,GET /api/v1/reservas,19.200000,0.000000,7,7,7,8,9,10,12,23,25,25,25,5282,0,7,7.6346690133758495,4.633864002244081,179.45126099948538,8965.0
1789882734,50,GET,GET /api/v1/reservas/{id},5.800000,0.000000,4,5,5,5,6,7,8,9,9,9,9,1755,0,5,5.577007243889842,3.218318997824099,149.53343399974983,442.0
1789882734,50,POST,POST /api/v1/auth/login,0.000000,0.000000,0,0,0,0,0,0,0,0,0,0,0,50,0,1300.0,1369.1218887201103,628.633758999058,2104.1982940005255,1622.0
1789882734,50,,Aggregated,25.000000,0.000000,6,7,7,7,8,10,11,12,25,25,25,7087,0,6,16.730642567755527,3.218318997824099,2104.1982940005255,6802.587836884436
1789882735,50,GET,GET /api/v1/reservas,18.500000,0.000000,7,7,8,8,9,10,12,23,25,25,25,5304,0,7,7.6347255711973565,4.633864002244081,179.45126099948538,8965.0
1789882735,50,GET,GET /api/v1/reservas/{id},6.200000,0.000000,4,5,5,5,6,6,7,8,8,8,8,1759,0,5,5.574666655502732,3.218318997824099,149.53343399974983,442.0
1789882735,50,POST,POST /api/v1/auth/login,0.000000,0.000000,0,0,0,0,0,0,0,0,0,0,0,50,0,1300.0,1369.1218887201103,628.633758999058,2104.1982940005255,1622.0
1789882735,50,,Aggregated,24.700000,0.000000,6,7,7,7,8,9,10,12,25,25,25,7113,0,6,16.695700479778658,3.218318997824099,2104.1982940005255,6805.699142415296
1789882736,50,GET,GET /api/v1/reservas,18.200000,0.000000,7,7,8,8,9,10,13,23,25,25,25,5320,0,7,7.637352822300607,4.633864002244081,179.45126099948538,8965.0
1789882736,50,GET,GET /api/v1/reservas/{id},6.900000,0.000000,4,5,5,5,6,6,8,8,8,8,8,1765,0,5,5.5731599609200675,3.218318997824099,149.53343399974983,442.0
1789882736,50,POST,POST /api/v1/auth/login,0.000000,0.000000,0,0,0,0,0,0,0,0,0,0,0,50,0,1300.0,1369.1218887201103,628.633758999058,2104.1982940005255,1622.0
1789882736,50,,Aggregated,25.100000,0.000000,6,7,7,8,8,10,12,13,25,25,25,7135,0,6,16.667615806821118,3.218318997824099,2104.1982940005255,6805.18990889979
1789882737,50,GET,GET /api/v1/reservas,18.500000,0.000000,7,7,8,8,9,11,13,23,25,25,25,5341,0,7,7.634332678271017,4.633864002244081,179.45126099948538,8965.0
1789882737,50,GET,GET /api/v1/reservas/{id},7.000000,0.000000,4,5,5,5,6,6,8,8,8,8,8,1771,0,5,5.569557596855815,3.218318997824099,149.53343399974983,442.0
1789882737,50,POST,POST /api/v1/auth/login,0.000000,0.000000,0,0,0,0,0,0,0,0,0,0,0,50,0,1300.0,1369.1218887201103,628.633758999058,2104.1982940005255,1622.0
1789882737,50,,Aggregated,25.500000,0.000000,6,7,7,8,8,10,13,17,25,25,25,7162,0,6,16.628700331566975,3.218318997824099,2104.1982940005255,6806.191985478917
1789882738,50,GET,GET /api/v1/reservas,18.400000,0.000000,7,7,8,8,9,10,13,23,25,25,25,5358,0,7,7.632449107437952,4.633864002244081,179.45126099948538,8965.0
1789882738,50,GET,GET /api/v1/reservas/{id},6.900000,0.000000,4,5,5,5,5,6,8,8,8,8,8,1779,0,5,5.563377418223611,3.218318997824099,149.53343399974983,442.0
1789882738,50,POST,POST /api/v1/auth/login,0.000000,0.000000,0,0,0,0,0,0,0,0,0,0,0,50,0,1300.0,1369.1218887201103,628.633758999058,2104.1982940005255,1622.0
1789882738,50,,Aggregated,25.300000,0.000000,6,7,7,8,8,10,13,17,25,25,25,7187,0,6,16.592181046427974,3.218318997824099,2104.1982940005255,6804.2142757757065
1789882739,50,GET,GET /api/v1/reservas,18.200000,0.000000,7,7,8,8,9,11,13,23,25,25,25,5373,0,7,7.631243889383437,4.633864002244081,179.45126099948538,8965.0
1789882739,50,GET,GET /api/v1/reservas/{id},7.100000,0.000000,4,5,5,5,6,6,8,8,8,8,8,1784,0,5,5.562183284761923,3.218318997824099,149.53343399974983,442.0
1789882739,50,POST,POST /api/v1/auth/login,0.000000,0.000000,0,0,0,0,0,0,0,0,0,0,0,50,0,1300.0,1369.1218887201103,628.633758999058,2104.1982940005255,1622.0
1789882739,50,,Aggregated,25.300000,0.000000,6,7,7,8,8,10,13,17,25,25,25,7207,0,6,16.56468750293853,3.218318997824099,2104.1982940005255,6804.297627306785
1789882740,50,GET,GET /api/v1/reservas,18.000000,0.000000,7,7,8,8,10,12,16,23,25,25,25,5391,0,7,7.631043388548134,4.633864002244081,179.45126099948538,8965.0
1789882740,50,GET,GET /api/v1/reservas/{id},7.300000,0.000000,4,5,5,5,6,6,7,8,8,8,8,1791,0,5,5.559845633734046,3.218318997824099,149.53343399974983,442.0
1789882740,50,POST,POST /api/v1/auth/login,0.000000,0.000000,0,0,0,0,0,0,0,0,0,0,0,50,0,1300.0,1369.1218887201103,628.633758999058,2104.1982940005255,1622.0
1789882740,50,,Aggregated,25.300000,0.000000,6,7,7,8,8,10,13,17,25,25,25,7232,0,6,16.53107478894997,3.218318997824099,2104.1982940005255,6803.517284292036
1789882741,50,GET,GET /api/v1/reservas,17.900000,0.000000,7,7,8,8,9,11,13,17,20,20,20,5413,0,7,7.629089544737094,4.633864002244081,179.45126099948538,8965.0
1789882741,50,GET,GET /api/v1/reservas/{id},6.900000,0.000000,4,5,5,5,6,6,7,8,8,8,8,1795,0,5,5.556779651264439,3.218318997824099,149.53343399974983,442.0
1789882741,50,POST,POST /api/v1/auth/login,0.000000,0.000000,0,0,0,0,0,0,0,0,0,0,0,50,0,1300.0,1369.1218887201103,628.633758999058,2104.1982940005255,1622.0
1789882741,50,,Aggregated,24.800000,0.000000,6,7,7,8,8,10,13,16,20,20,20,7258,0,6,16.495835714478794,3.218318997824099,2104.1982940005255,6806.563102783136
1789882742,50,GET,GET /api/v1/reservas,17.800000,0.000000,7,7,8,8,9,11,13,17,20,20,20,5430,0,7,7.627726929033095,4.633864002244081,179.45126099948538,8965.0
1789882742,50,GET,GET /api/v1/reservas/{id},7.200000,0.000000,4,5,5,5,6,6,7,8,8,8,8,1802,0,5,5.553771912321975,3.218318997824099,149.53343399974983,442.0
1789882742,50,POST,POST /api/v1/auth/login,0.000000,0.000000,0,0,0,0,0,0,0,0,0,0,0,50,0,1300.0,1369.1218887201103,628.633758999058,2104.1982940005255,1622.0
1789882742,50,,Aggregated,25.000000,0.000000,6,7,7,8,8,10,13,16,20,20,20,7282,0,6,16.462860292043313,3.218318997824099,2104.1982940005255,6805.483932985444
1789882743,50,GET,GET /api/v1/reservas,18.300000,0.000000,7,7,8,8,9,11,13,17,20,20,20,5450,0,7,7.624535597366849,4.633864002244081,179.45126099948538,8965.0
1789882743,50,GET,GET /api/v1/reservas/{id},6.600000,0.000000,4,5,5,5,6,6,8,8,8,8,8,1810,0,5,5.551011140886964,3.218318997824099,149.53343399974983,442.0
1789882743,50,POST,POST /api/v1/auth/login,0.000000,0.000000,0,0,0,0,0,0,0,0,0,0,0,50,0,1300.0,1369.1218887201103,628.633758999058,2104.1982940005255,1622.0
1789882743,50,,Aggregated,24.900000,0.000000,6,7,7,8,8,10,13,16,20,20,20,7310,0,6,16.423685855904274,3.218318997824099,2104.1982940005255,6804.428180574555
1789882744,50,GET,GET /api/v1/reservas,18.500000,0.000000,7,7,8,8,9,12,13,17,20,20,20,5467,0,7,7.625069575762945,4.633864002244081,179.45126099948538,8965.0
1789882744,50,GET,GET /api/v1/reservas/{id},6.500000,0.000000,5,5,5,5,6,7,8,8,8,8,8,1814,0,5,5.550521859981501,3.218318997824099,149.53343399974983,442.0
1789882744,50,POST,POST /api/v1/auth/login,0.000000,0.000000,0,0,0,0,0,0,0,0,0,0,0,50,0,1300.0,1369.1218887201103,628.633758999058,2104.1982940005255,1622.0
1789882744,50,,Aggregated,25.000000,0.000000,6,7,7,8,8,11,13,16,20,20,20,7331,0,6,16.39762603474396,3.218318997824099,2104.1982940005255,6805.96685308962
1789882745,50,GET,GET /api/v1/reservas,18.700000,0.000000,7,7,8,8,9,11,13,17,20,20,20,5490,0,7,7.623126740746409,4.633864002244081,179.45126099948538,8965.0
1789882745,50,GET,GET /api/v1/reservas/{id},6.500000,0.000000,5,5,5,5,6,7,8,8,8,8,8,1819,0,5,5.548568533819343,3.218318997824099,149.53343399974983,442.0
1789882745,50,POST,POST /api/v1/auth/login,0.000000,0.000000,0,0,0,0,0,0,0,0,0,0,0,50,0,1300.0,1369.1218887201103,628.633758999058,2104.1982940005255,1622.0
1789882745,50,,Aggregated,25.200000,0.000000,6,7,7,8,8,10,13,16,20,20,20,7359,0,6,16.360905884728997,3.218318997824099,2104.1982940005255,6808.390813969289
1789882746,50,GET,GET /api/v1/reservas,18.200000,0.000000,7,7,8,8,9,11,13,17,20,20,20,5506,0,7,7.623809102920754,4.633864002244081,179.45126099948538,8965.0
1789882746,50,GET,GET /api/v1/reservas/{id},6.200000,0.000000,5,5,5,6,7,8,8,8,8,8,8,1828,0,5,5.5484818391723465,3.218318997824099,149.53343399974983,442.0
1789882746,50,POST,POST /api/v1/auth/login,0.000000,0.000000,0,0,0,0,0,0,0,0,0,0,0,50,0,1300.0,1369.1218887201103,628.633758999058,2104.1982940005255,1622.0
1789882746,50,,Aggregated,24.400000,0.000000,7,7,7,8,8,10,12,16,20,20,20,7384,0,6,16.32928116992067,3.218318997824099,2104.1982940005255,6805.304171180932
1789882747,50,GET,GET /api/v1/reservas,18.000000,0.000000,7,7,8,8,9,11,12,16,20,20,20,5525,0,7,7.61889217279449,4.633864002244081,179.45126099948538,8965.0
1789882747,50,GET,GET /api/v1/reservas/{id},5.800000,0.000000,5,5,5,6,7,7,8,8,8,8,8,1836,0,5,5.544060886174178,3.218318997824099,149.53343399974983,442.0
1789882747,50,POST,POST /api/v1/auth/login,0.000000,0.000000,0,0,0,0,0,0,0,0,0,0,0,50,0,1300.0,1369.1218887201103,628.633758999058,2104.1982940005255,1622.0
1789882747,50,,Aggregated,23.800000,0.000000,6,7,7,8,8,10,12,13,20,20,20,7411,0,6,16.29056395597232,3.218318997824099,2104.1982940005255,6803.972068546755
1789882748,50,GET,GET /api/v1/reservas,18.500000,0.000000,7,7,8,8,9,11,12,16,20,20,20,5541,0,7,7.6144965435265854,4.633864002244081,179.45126099948538,8965.0
1789882748,50,GET,GET /api/v1/reservas/{id},6.400000,0.000000,5,5,5,6,7,7,8,8,8,8,8,1842,0,5,5.539215692736352,3.218318997824099,149.53343399974983,442.0
1789882748,50,POST,POST /api/v1/auth/login,0.000000,0.000000,0,0,0,0,0,0,0,0,0,0,0,50,0,1300.0,1369.1218887201103,628.633758999058,2104.1982940005255,1622.0
1789882748,50,,Aggregated,24.900000,0.000000,6,7,7,8,8,10,12,13,20,20,20,7433,0,6,16.258745471506348,3.218318997824099,2104.1982940005255,6803.4883627068475
1789882749,50,GET,GET /api/v1/reservas,18.300000,0.000000,7,7,7,8,8,10,12,16,20,20,20,5560,0,7,7.610164743289833,4.633864002244081,179.45126099948538,8965.0
1789882749,50,GET,GET /api/v1/reservas/{id},6.100000,0.000000,4,5,5,6,7,8,8,8,8,8,8,1846,0,5,5.535742334250008,3.218318997824099,149.53343399974983,442.0
1789882749,50,POST,POST /api/v1/auth/login,0.000000,0.000000,0,0,0,0,0,0,0,0,0,0,0,50,0,1300.0,1369.1218887201103,628.633758999058,2104.1982940005255,1622.0
1789882749,50,,Aggregated,24.400000,0.000000,6,7,7,7,8,9,11,13,20,20,20,7456,0,6,16.22687644282759,3.218318997824099,2104.1982940005255,6805.583690987124
1789882750,50,GET,GET /api/v1/reservas,18.200000,0.000000,7,7,7,8,8,10,11,13,20,20,20,5577,0,7,7.607171691174944,4.633864002244081,179.45126099948538,8965.0
1789882750,50,GET,GET /api/v1/reservas/{id},6.400000,0.000000,5,5,6,6,7,8,8,8,8,8,8,1853,0,5,5.539958912583981,3.218318997824099,149.53343399974983,442.0
1789882750,50,POST,POST /api/v1/auth/login,0.000000,0.000000,0,0,0,0,0,0,0,0,0,0,0,50,0,1300.0,1369.1218887201103,628.633758999058,2104.1982940005255,1622.0
1789882750,50,,Aggregated,24.600000,0.000000,6,7,7,7,8,9,11,12,20,20,20,7480,0,6,16.19610091212651,3.218318997824099,2104.1982940005255,6804.536229946524
1789882751,50,GET,GET /api/v1/reservas,18.500000,0.000000,7,7,7,8,8,10,11,13,19,19,19,5593,0,7,7.6056956017685815,4.633864002244081,179.45126099948538,8965.0
1789882751,50,GET,GET /api/v1/reservas/{id},6.200000,0.000000,5,5,6,6,8,8,8,8,8,8,8,1857,0,5,5.542140421114204,3.218318997824099,149.53343399974983,442.0
1789882751,50,POST,POST /api/v1/auth/login,0.000000,0.000000,0,0,0,0,0,0,0,0,0,0,0,50,0,1300.0,1369.1218887201103,628.633758999058,2104.1982940005255,1622.0
1789882751,50,,Aggregated,24.700000,0.000000,6,7,7,7,8,9,11,12,19,19,19,7500,0,6,16.171533959827503,3.218318997824099,2104.1982940005255,6805.7518666666665
1789882752,50,GET,GET /api/v1/reservas,18.500000,0.000000,6,7,7,8,8,11,13,17,19,19,19,5614,0,7,7.606239274974487,4.633864002244081,179.45126099948538,8965.0
1789882752,50,GET,GET /api/v1/reservas/{id},6.100000,0.000000,5,5,6,7,8,8,8,8,8,8,8,1864,0,5,5.540273818143385,3.218318997824099,149.53343399974983,442.0
1789882752,50,POST,POST /api/v1/auth/login,0.000000,0.000000,0,0,0,0,0,0,0,0,0,0,0,50,0,1300.0,1369.1218887201103,628.633758999058,2104.1982940005255,1622.0
1789882752,50,,Aggregated,24.600000,0.000000,6,7,7,7,8,10,13,15,19,19,19,7528,0,6,16.137698209714607,3.218318997824099,2104.1982940005255,6805.857863974496
1789882753,50,GET,GET /api/v1/reservas,18.200000,0.000000,6,7,7,8,8,11,13,17,19,19,19,5635,0,7,7.601485964810635,4.633864002244081,179.45126099948538,8965.0
1789882753,50,GET,GET /api/v1/reservas/{id},6.400000,0.000000,4,5,6,6,7,8,8,8,8,8,8,1873,0,5,5.5327428425088225,3.218318997824099,149.53343399974983,442.0
1789882753,50,POST,POST /api/v1/auth/login,0.000000,0.000000,0,0,0,0,0,0,0,0,0,0,0,50,0,1300.0,1369.1218887201103,628.633758999058,2104.1982940005255,1622.0
1789882753,50,,Aggregated,24.600000,0.000000,6,7,7,7,8,10,13,15,19,19,19,7558,0,6,16.095963904701307,3.218318997824099,2104.1982940005255,6804.279042074623
1789882754,50,GET,GET /api/v1/reservas,18.200000,0.000000,6,7,7,7,8,10,13,17,19,19,19,5653,0,7,7.5966746070588815,4.633864002244081,179.45126099948538,8965.0
1789882754,50,GET,GET /api/v1/reservas/{id},6.400000,0.000000,4,5,6,6,7,8,8,8,8,8,8,1876,0,5,5.531168745218234,3.218318997824099,149.53343399974983,442.0
1789882754,50,POST,POST /api/v1/auth/login,0.000000,0.000000,0,0,0,0,0,0,0,0,0,0,0,50,0,1300.0,1369.1218887201103,628.633758999058,2104.1982940005255,1622.0
1789882754,50,,Aggregated,24.600000,0.000000,6,7,7,7,8,9,11,15,19,19,19,7579,0,6,16.067630103673146,3.218318997824099,2104.1982940005255,6806.892334081013
1789882755,50,GET,GET /api/v1/reservas,17.900000,0.000000,6,7,7,7,8,11,13,17,19,19,19,5669,0,7,7.597241829900293,4.633864002244081,179.45126099948538,8965.0
1789882755,50,GET,GET /api/v1/reservas/{id},6.300000,0.000000,4,5,6,6,7,8,8,8,8,8,8,1883,0,5,5.5285270159501,3.218318997824099,149.53343399974983,442.0
1789882755,50,POST,POST /api/v1/auth/login,0.000000,0.000000,0,0,0,0,0,0,0,0,0,0,0,50,0,1300.0,1369.1218887201103,628.633758999058,2104.1982940005255,1622.0
1789882755,50,,Aggregated,24.200000,0.000000,6,7,7,7,8,9,11,15,19,19,19,7602,0,6,16.039867763844292,3.218318997824099,2104.1982940005255,6805.573664825046
1789882756,50,GET,GET /api/v1/reservas,18.600000,0.000000,7,7,7,8,10,12,16,17,19,19,19,5693,0,7,7.607869980975942,4.633864002244081,179.45126099948538,8965.0
1789882756,50,GET,GET /api/v1/reservas/{id},6.300000,0.000000,5,5,6,6,8,8,9,9,9,9,9,1889,0,5,5.534091716265067,3.218318997824099,149.53343399974983,442.0
1789882756,50,POST,POST /api/v1/auth/login,0.000000,0.000000,0,0,0,0,0,0,0,0,0,0,0,50,0,1300.0,1369.1218887201103,628.633758999058,2104.1982940005255,1622.0
1789882756,50,,Aggregated,24.900000,0.000000,6,7,7,8,9,11,15,16,19,19,19,7632,0,6,16.014360258087823,3.218318997824099,2104.1982940005255,6807.361504192872
1789882757,50,GET,GET /api/v1/reservas,19.200000,0.000000,7,7,8,8,11,13,16,17,19,19,19,5712,0,7,7.609567583803706,4.633864002244081,179.45126099948538,8965.0
1789882757,50,GET,GET /api/v1/reservas/{id},6.200000,0.000000,5,5,6,7,8,9,9,12,12,12,12,1895,0,5,5.537862660704115,3.218318997824099,149.53343399974983,442.0
1789882757,50,POST,POST /api/v1/auth/login,0.000000,0.000000,0,0,0,0,0,0,0,0,0,0,0,50,0,1300.0,1369.1218887201103,628.633758999058,2104.1982940005255,1622.0
1789882757,50,,Aggregated,25.400000,0.000000,6,7,8,8,10,12,15,16,19,19,19,7657,0,6,15.987487817255658,3.218318997824099,2104.1982940005255,6807.727569544208
1789882758,50,GET,GET /api/v1/reservas,18.000000,0.000000,7,7,8,9,11,13,16,17,19,19,19,5728,0,7,7.610822875118966,4.633864002244081,179.45126099948538,8965.0
1789882758,50,GET,GET /api/v1/reservas/{id},6.200000,0.000000,5,6,6,7,8,9,9,12,12,12,12,1902,0,5,5.5374294248331895,3.218318997824099,149.53343399974983,442.0
1789882758,50,POST,POST /api/v1/auth/login,0.000000,0.000000,0,0,0,0,0,0,0,0,0,0,0,50,0,1300.0,1369.1218887201103,628.633758999058,2104.1982940005255,1622.0
1789882758,50,,Aggregated,24.200000,0.000000,7,7,8,8,10,12,15,16,19,19,19,7680,0,6,15.961338363374958,3.218318997824099,2104.1982940005255,6806.419791666666
1789882759,50,GET,GET /api/v1/reservas,18.600000,0.000000,7,8,8,9,11,13,16,19,20,20,20,5745,0,7,7.614185124922378,4.633864002244081,179.45126099948538,8965.0
1789882759,50,GET,GET /api/v1/reservas/{id},6.100000,0.000000,5,6,6,7,8,9,9,12,12,12,12,1908,0,5,5.538091619507692,3.218318997824099,149.53343399974983,442.0
1789882759,50,POST,POST /api/v1/auth/login,0.000000,0.000000,0,0,0,0,0,0,0,0,0,0,0,50,0,1300.0,1369.1218887201103,628.633758999058,2104.1982940005255,1622.0
1789882759,50,,Aggregated,24.700000,0.000000,7,7,8,8,10,12,16,17,20,20,20,7703,0,6,15.937461610892543,3.218318997824099,2104.1982940005255,6806.226275477087
1789882760,50,GET,GET /api/v1/reservas,18.800000,0.000000,7,8,9,10,11,13,16,19,20,20,20,5763,0,7,7.6199437941520864,4.633864002244081,179.45126099948538,8965.0
1789882760,50,GET,GET /api/v1/reservas/{id},6.100000,0.000000,5,6,6,7,8,9,9,12,12,12,12,1915,0,5,5.538799688780064,3.218318997824099,149.53343399974983,442.0
1789882760,50,POST,POST /api/v1/auth/login,0.000000,0.000000,0,0,0,0,0,0,0,0,0,0,0,50,0,1300.0,1369.1218887201103,628.633758999058,2104.1982940005255,1622.0
1789882760,50,,Aggregated,24.900000,0.000000,7,8,8,9,11,13,16,17,20,20,20,7728,0,6,15.913125249187088,3.218318997824099,2104.1982940005255,6805.489777432712
1789882761,50,GET,GET /api/v1/reservas,18.300000,0.000000,8,8,9,10,11,14,16,17,20,20,20,5781,0,7,7.624483211156442,4.633864002244081,179.45126099948538,8965.0
1789882761,50,GET,GET /api/v1/reservas/{id},6.100000,0.000000,5,6,7,7,8,9,11,12,12,12,12,1925,0,5,5.5455394649414,3.218318997824099,149.53343399974983,442.0
1789882761,50,POST,POST /api/v1/auth/login,0.000000,0.000000,0,0,0,0,0,0,0,0,0,0,0,50,0,1300.0,1369.1218887201103,628.633758999058,2104.1982940005255,1622.0
1789882761,50,,Aggregated,24.400000,0.000000,7,8,9,9,11,13,15,16,20,20,20,7756,0,6,15.88555896721417,3.218318997824099,2104.1982940005255,6802.296931407942
1789882762,50,GET,GET /api/v1/reservas,18.700000,0.000000,8,8,9,10,11,13,15,16,20,20,20,5803,0,7,7.623120861912577,4.633864002244081,179.45126099948538,8965.0
1789882762,50,GET,GET /api/v1/reservas/{id},6.100000,0.000000,5,6,7,7,8,9,11,12,12,12,12,1930,0,5,5.544378461144018,3.218318997824099,149.53343399974983,442.0
1789882762,50,POST,POST /api/v1/auth/login,0.000000,0.000000,0,0,0,0,0,0,0,0,0,0,0,50,0,1300.0,1369.1218887201103,628.633758999058,2104.1982940005255,1622.0
1789882762,50,,Aggregated,24.800000,0.000000,7,8,9,9,11,12,15,16,20,20,20,7783,0,6,15.85426123958527,3.218318997824099,2104.1982940005255,6804.324168058589
1789882763,50,GET,GET /api/v1/reservas,18.900000,0.000000,8,9,9,10,11,13,15,16,20,20,20,5819,0,7,7.62093488772484,4.633864002244081,179.45126099948538,8965.0
1789882763,50,GET,GET /api/v1/reservas/{id},5.800000,0.000000,5,6,7,7,8,9,11,12,12,12,12,1935,0,5,5.542851742638278,3.218318997824099,149.53343399974983,442.0
1789882763,50,POST,POST /api/v1/auth/login,0.000000,0.000000,0,0,0,0,0,0,0,0,0,0,0,50,0,1300.0,1369.1218887201103,628.633758999058,2104.1982940005255,1622.0
1789882763,50,,Aggregated,24.700000,0.000000,7,8,9,9,11,12,15,16,20,20,20,7804,0,6,15.828771485095006,3.218318997824099,2104.1982940005255,6804.677729369554
1789882764,50,GET,GET /api/v1/reservas,18.700000,0.000000,8,9,9,10,11,13,15,16,20,20,20,5837,0,7,7.6161534224206715,4.633864002244081,179.45126099948538,8965.0
1789882764,50,GET,GET /api/v1/reservas/{id},6.600000,0.000000,5,6,7,7,8,9,11,12,12,12,12,1941,0,5,5.5399651499289675,3.218318997824099,149.53343399974983,442.0
1789882764,50,POST,POST /api/v1/auth/login,0.000000,0.000000,0,0,0,0,0,0,0,0,0,0,0,50,0,1300.0,1369.1218887201103,628.633758999058,2104.1982940005255,1622.0
1789882764,50,,Aggregated,25.300000,0.000000,7,8,9,9,11,12,15,16,20,20,20,7828,0,6,15.797733050419916,3.218318997824099,2104.1982940005255,6804.768395503322
1789882765,50,GET,GET /api/v1/reservas,18.800000,0.000000,8,9,9,10,11,13,15,16,20,20,20,5855,0,7,7.6157408971256455,4.633864002244081,179.45126099948538,8965.0
1789882765,50,GET,GET /api/v1/reservas/{id},6.400000,0.000000,5,6,7,7,8,8,11,12,12,12,12,1950,0,5,5.5395726194882835,3.218318997824099,149.53343399974983,442.0
1789882765,50,POST,POST /api/v1/auth/login,0.000000,0.000000,0,0,0,0,0,0,0,0,0,0,0,50,0,1300.0,1369.1218887201103,628.633758999058,2104.1982940005255,1622.0
1789882765,50,,Aggregated,25.200000,0.000000,7,8,9,9,11,12,15,16,20,20,20,7855,0,6,15.766826734141098,3.218318997824099,2104.1982940005255,6802.42838956079
1789882766,50,GET,GET /api/v1/reservas,18.400000,0.000000,7,8,9,9,10,12,15,15,20,20,20,5871,0,7,7.616290919885789,4.633864002244081,179.45126099948538,8965.0
1789882766,50,GET,GET /api/v1/reservas/{id},6.100000,0.000000,5,6,6,7,7,8,11,12,12,12,12,1957,0,5,5.5388758543702235,3.218318997824099,149.53343399974983,442.0
1789882766,50,POST,POST /api/v1/auth/login,0.000000,0.000000,0,0,0,0,0,0,0,0,0,0,0,50,0,1300.0,1369.1218887201103,628.633758999058,2104.1982940005255,1622.0
1789882766,50,,Aggregated,24.500000,0.000000,7,8,8,9,10,11,13,15,20,20,20,7878,0,6,15.741421486882142,3.218318997824099,2104.1982940005255,6801.168951510535
1789882767,50,GET,GET /api/v1/reservas,17.900000,0.000000,7,8,9,9,10,12,15,18,20,20,20,5886,0,7,7.617634333104884,4.633864002244081,179.45126099948538,8965.0
1789882767,50,GET,GET /api/v1/reservas/{id},6.600000,0.000000,5,6,6,7,8,8,9,11,11,11,11,1966,0,5,5.541508329104134,3.218318997824099,149.53343399974983,442.0
1789882767,50,POST,POST /api/v1/auth/login,0.000000,0.000000,0,0,0,0,0,0,0,0,0,0,0,50,0,1300.0,1369.1218887201103,628.633758999058,2104.1982940005255,1622.0
1789882767,50,,Aggregated,24.500000,0.000000,7,8,8,9,10,11,15,15,20,20,20,7902,0,6,15.716033345441609,3.218318997824099,2104.1982940005255,6798.033662363959
1789882768,50,GET,GET /api/v1/reservas,18.600000,0.000000,7,8,9,9,10,12,15,18,20,20,20,5910,0,7,7.611493026168121,4.633864002244081,179.45126099948538,8965.0
1789882768,50,GET,GET /api/v1/reservas/{id},6.700000,0.000000,5,6,6,7,8,8,9,11,11,11,11,1972,0,5,5.5379273864164285,3.218318997824099,149.53343399974983,442.0
1789882768,50,POST,POST /api/v1/auth/login,0.000000,0.000000,0,0,0,0,0,0,0,0,0,0,0,50,0,1300.0,1369.1218887201103,628.633758999058,2104.1982940005255,1622.0
1789882768,50,,Aggregated,25.300000,0.000000,7,7,8,8,10,11,15,15,20,20,20,7932,0,6,15.678367502101905,3.218318997824099,2104.1982940005255,6799.782400403429
1789882769,50,GET,GET /api/v1/reservas,17.700000,0.000000,7,8,8,9,10,12,15,15,18,18,18,5926,0,7,7.607538294909977,4.633864002244081,179.45126099948538,8965.0
1789882769,50,GET,GET /api/v1/reservas/{id},7.100000,0.000000,5,5,6,6,7,8,9,11,11,11,11,1980,0,5,5.532527838890515,3.218318997824099,149.53343399974983,442.0
1789882769,50,POST,POST /api/v1/auth/login,0.000000,0.000000,0,0,0,0,0,0,0,0,0,0,0,50,0,1300.0,1369.1218887201103,628.633758999058,2104.1982940005255,1622.0
1789882769,50,,Aggregated,24.800000,0.000000,6,7,8,8,10,11,13,15,18,18,18,7956,0,6,15.64765855865325,3.218318997824099,2104.1982940005255,6797.743841126194
1789882770,50,GET,GET /api/v1/reservas,17.700000,0.000000,7,7,8,8,9,10,12,15,18,18,18,5946,0,7,7.604019747329932,4.633864002244081,179.45126099948538,8965.0
1789882770,50,GET,GET /api/v1/reservas/{id},6.900000,0.000000,5,5,6,6,7,8,9,11,11,11,11,1985,0,5,5.530043185895434,3.218318997824099,149.53343399974983,442.0
1789882770,50,POST,POST /api/v1/auth/login,0.000000,0.000000,0,0,0,0,0,0,0,0,0,0,0,50,0,1300.0,1369.1218887201103,628.633758999058,2104.1982940005255,1622.0
1789882770,50,,Aggregated,24.600000,0.000000,6,7,7,8,9,10,12,13,18,18,18,7981,0,6,15.617934040550272,3.218318997824099,2104.1982940005255,6799.1930835734875
1789882771,50,GET,GET /api/v1/reservas,18.300000,0.000000,7,7,8,8,9,12,15,18,23,23,23,5965,0,7,7.610250175795652,4.633864002244081,179.45126099948538,8965.0
1789882771,50,GET,GET /api/v1/reservas/{id},7.000000,0.000000,5,5,6,6,7,7,8,9,9,9,9,1988,0,5,5.529703841551656,3.218318997824099,149.53343399974983,442.0
1789882771,50,POST,POST /api/v1/auth/login,0.000000,0.000000,0,0,0,0,0,0,0,0,0,0,0,50,0,1300.0,1369.1218887201103,628.633758999058,2104.1982940005255,1622.0
1789882771,50,,Aggregated,25.300000,0.000000,6,7,7,8,9,10,14,17,23,23,23,8003,0,6,15.599686114161099,3.218318997824099,2104.1982940005255,6801.95189304011
1789882772,50,GET,GET /api/v1/reservas,18.100000,0.000000,6,7,8,8,9,12,17,18,23,23,23,5982,0,7,7.608606003114594,4.633864002244081,179.45126099948538,8965.0
1789882772,50,GET,GET /api/v1/reservas/{id},7.200000,0.000000,5,5,6,6,7,8,8,9,9,9,9,1995,0,5,5.527309366415213,3.218318997824099,149.53343399974983,442.0
1789882772,50,POST,POST /api/v1/auth/login,0.000000,0.000000,0,0,0,0,0,0,0,0,0,0,0,50,0,1300.0,1369.1218887201103,628.633758999058,2104.1982940005255,1622.0
1789882772,50,,Aggregated,25.300000,0.000000,6,7,7,8,9,10,15,17,23,23,23,8027,0,6,15.572163664212702,3.218318997824099,2104.1982940005255,6800.986669988788
1789882773,50,GET,GET /api/v1/reservas,18.300000,0.000000,6,7,8,8,9,12,17,18,23,23,23,5999,0,7,7.606162291317568,4.633864002244081,179.45126099948538,8965.0
1789882773,50,GET,GET /api/v1/reservas/{id},7.000000,0.000000,5,5,6,6,7,8,8,9,9,9,9,2000,0,5,5.526735943003587,3.218318997824099,149.53343399974983,442.0
1789882773,50,POST,POST /api/v1/auth/login,0.000000,0.000000,0,0,0,0,0,0,0,0,0,0,0,50,0,1300.0,1369.1218887201103,628.633758999058,2104.1982940005255,1622.0
1789882773,50,,Aggregated,25.300000,0.000000,6,7,7,8,9,10,15,17,23,23,23,8049,0,6,15.54714050287325,3.218318997824099,2104.1982940005255,6801.607031929432
1789882774,50,GET,GET /api/v1/reservas,18.300000,0.000000,6,7,7,8,9,12,17,18,23,23,23,6025,0,7,7.598265273627174,4.633864002244081,179.45126099948538,8965.0
1789882774,50,GET,GET /api/v1/reservas/{id},6.300000,0.000000,5,5,6,6,7,8,9,10,10,10,10,2007,0,5,5.525255501744047,3.218318997824099,149.53343399974983,442.0
1789882774,50,POST,POST /api/v1/auth/login,0.000000,0.000000,0,0,0,0,0,0,0,0,0,0,0,50,0,1300.0,1369.1218887201103,628.633758999058,2104.1982940005255,1622.0
1789882774,50,,Aggregated,24.600000,0.000000,6,7,7,8,9,10,15,17,23,23,23,8082,0,6,15.506660542144214,3.218318997824099,2104.1982940005255,6803.058525117545
1789882775,50,GET,GET /api/v1/reservas,17.900000,0.000000,6,7,7,8,9,11,17,18,23,23,23,6041,0,7,7.596775841685608,4.633864002244081,179.45126099948538,8965.0
1789882775,50,GET,GET /api/v1/reservas/{id},6.400000,0.000000,5,5,6,6,8,9,10,10,10,10,10,2012,0,5,5.527469930909047,3.218318997824099,149.53343399974983,442.0
1789882775,50,POST,POST /api/v1/auth/login,0.000000,0.000000,0,0,0,0,0,0,0,0,0,0,0,50,0,1300.0,1369.1218887201103,628.633758999058,2104.1982940005255,1622.0
1789882775,50,,Aggregated,24.300000,0.000000,6,7,7,7,9,10,15,17,23,23,23,8103,0,6,15.484325163102218,3.218318997824099,2104.1982940005255,6803.402320128347
1789882776,50,GET,GET /api/v1/reservas,17.700000,0.000000,6,7,7,8,9,11,17,18,23,23,23,6067,0,7,7.593970218664973,4.633864002244081,179.45126099948538,8965.0
1789882776,50,GET,GET /api/v1/reservas/{id},6.500000,0.000000,5,5,5,6,8,8,10,10,10,10,10,2018,0,5,5.523665098111608,3.218318997824099,149.53343399974983,442.0
1789882776,50,POST,POST /api/v1/auth/login,0.000000,0.000000,0,0,0,0,0,0,0,0,0,0,0,50,0,1300.0,1369.1218887201103,628.633758999058,2104.1982940005255,1622.0
1789882776,50,,Aggregated,24.200000,0.000000,6,7,7,7,8,10,14,17,23,23,23,8135,0,6,15.448736068916427,3.218318997824099,2104.1982940005255,6805.619053472649
1789882777,50,GET,GET /api/v1/reservas,18.900000,0.000000,6,7,7,8,9,11,15,17,23,23,23,6089,0,7,7.593494900743067,4.633864002244081,179.45126099948538,8965.0
1789882777,50,GET,GET /api/v1/reservas/{id},6.500000,0.000000,5,5,6,6,8,10,10,11,11,11,11,2023,0,5,5.526234452290499,3.218318997824099,149.53343399974983,442.0
1789882777,50,POST,POST /api/v1/auth/login,0.000000,0.000000,0,0,0,0,0,0,0,0,0,0,0,50,0,1300.0,1369.1218887201103,628.633758999058,2104.1982940005255,1622.0
1789882777,50,,Aggregated,25.400000,0.000000,6,7,7,8,9,10,13,17,23,23,23,8162,0,6,15.421766378781394,3.218318997824099,2104.1982940005255,6807.541166380789
1789882778,50,GET,GET /api/v1/reservas,18.500000,0.000000,6,7,7,8,9,11,15,17,23,23,23,6109,0,7,7.5895460388958345,4.633864002244081,179.45126099948538,8965.0
1789882778,50,GET,GET /api/v1/reservas/{id},6.200000,0.000000,5,5,6,6,8,10,10,11,11,11,11,2027,0,5,5.523513858898199,3.218318997824099,149.53343399974983,442.0
1789882778,50,POST,POST /api/v1/auth/login,0.000000,0.000000,0,0,0,0,0,0,0,0,0,0,0,50,0,1300.0,1369.1218887201103,628.633758999058,2104.1982940005255,1622.0
1789882778,50,,Aggregated,24.700000,0.000000,6,7,7,8,9,10,14,17,23,23,23,8186,0,6,15.394184434352164,3.218318997824099,2104.1982940005255,6809.701807964818
1789882779,50,GET,GET /api/v1/reservas,20.000000,0.000000,6,7,8,8,9,11,15,17,23,23,23,6126,0,7,7.586379810746211,4.633864002244081,179.45126099948538,8965.0
1789882779,50,GET,GET /api/v1/reservas/{id},5.700000,0.000000,5,5,6,6,8,10,10,11,11,11,11,2032,0,5,5.521720574309679,3.218318997824099,149.53343399974983,442.0
1789882779,50,POST,POST /api/v1/auth/login,0.000000,0.000000,0,0,0,0,0,0,0,0,0,0,0,50,0,1300.0,1369.1218887201103,628.633758999058,2104.1982940005255,1622.0
1789882779,50,,Aggregated,25.700000,0.000000,6,7,7,8,9,10,14,17,23,23,23,8208,0,6,15.369199971202981,3.218318997824099,2104.1982940005255,6810.28679337232
1789882780,50,GET,GET /api/v1/reservas,20.200000,0.000000,6,7,7,8,8,10,15,17,23,23,23,6145,0,7,7.581702195547644,4.633864002244081,179.45126099948538,8965.0
1789882780,50,GET,GET /api/v1/reservas/{id},5.700000,0.000000,5,5,6,6,8,10,10,11,11,11,11,2041,0,5,5.516981062223956,3.218318997824099,149.53343399974983,442.0
1789882780,50,POST,POST /api/v1/auth/login,0.000000,0.000000,0,0,0,0,0,0,0,0,0,0,0,50,0,1300.0,1369.1218887201103,628.633758999058,2104.1982940005255,1622.0
1789882780,50,,Aggregated,25.900000,0.000000,6,7,7,7,8,10,12,17,23,23,23,8236,0,6,15.335819909621767,3.218318997824099,2104.1982940005255,6808.298567265663
1789882781,50,GET,GET /api/v1/reservas,19.900000,0.000000,6,7,7,8,9,10,12,18,23,23,23,6159,0,7,7.584468648426662,4.633864002244081,179.45126099948538,8965.0
1789882781,50,GET,GET /api/v1/reservas/{id},5.400000,0.000000,5,5,6,6,8,11,15,24,24,24,24,2047,0,5,5.530701767952284,3.218318997824099,149.53343399974983,442.0
1789882781,50,POST,POST /api/v1/auth/login,0.000000,0.000000,0,0,0,0,0,0,0,0,0,0,0,50,0,1300.0,1369.1218887201103,628.633758999058,2104.1982940005255,1622.0
1789882781,50,,Aggregated,25.300000,0.000000,6,7,7,8,8,10,15,18,24,24,24,8256,0,6,15.321000891553252,3.218318997824099,2104.1982940005255,6807.329093992248
1789882782,50,GET,GET /api/v1/reservas,20.000000,0.000000,6,7,7,7,8,9,11,18,23,23,23,6174,0,7,7.5817756559238,4.633864002244081,179.45126099948538,8965.0
1789882782,50,GET,GET /api/v1/reservas/{id},5.500000,0.000000,5,5,5,6,8,10,15,24,24,24,24,2058,0,5,5.524342887261267,3.218318997824099,149.53343399974983,442.0
1789882782,50,POST,POST /api/v1/auth/login,0.000000,0.000000,0,0,0,0,0,0,0,0,0,0,0,50,0,1300.0,1369.1218887201103,628.633758999058,2104.1982940005255,1622.0
1789882782,50,,Aggregated,25.500000,0.000000,6,7,7,7,8,10,11,18,24,24,24,8282,0,6,15.290397850478476,3.218318997824099,2104.1982940005255,6802.782661192949
1789882783,50,GET,GET /api/v1/reservas,19.400000,0.000000,6,7,7,8,8,10,11,18,23,23,23,6192,0,7,7.580878809542549,4.633864002244081,179.45126099948538,8965.0
1789882783,50,GET,GET /api/v1/reservas/{id},5.800000,0.000000,5,5,5,6,8,10,15,24,24,24,24,2063,0,5,5.523551698490312,3.218318997824099,149.53343399974983,442.0
1789882783,50,POST,POST /api/v1/auth/login,0.000000,0.000000,0,0,0,0,0,0,0,0,0,0,0,50,0,1300.0,1369.1218887201103,628.633758999058,2104.1982940005255,1622.0
1789882783,50,,Aggregated,25.200000,0.000000,6,7,7,7,8,10,11,18,24,24,24,8305,0,6,15.266945596469416,3.218318997824099,2104.1982940005255,6803.639494280554
1789882784,50,GET,GET /api/v1/reservas,19.400000,0.000000,7,7,7,8,9,10,11,18,23,23,23,6212,0,7,7.577814513791184,4.633864002244081,179.45126099948538,8965.0
1789882784,50,GET,GET /api/v1/reservas/{id},6.200000,0.000000,5,5,5,5,7,10,15,24,24,24,24,2068,0,5,5.5210364796850335,3.218318997824099,149.53343399974983,442.0
1789882784,50,POST,POST /api/v1/auth/login,0.000000,0.000000,0,0,0,0,0,0,0,0,0,0,0,50,0,1300.0,1369.1218887201103,628.633758999058,2104.1982940005255,1622.0
1789882784,50,,Aggregated,25.600000,0.000000,6,7,7,8,9,10,12,18,24,24,24,8330,0,6,15.239733689755703,3.218318997824099,2104.1982940005255,6805.010324129652
1789882785,50,GET,GET /api/v1/reservas,19.600000,0.000000,7,7,7,8,9,10,11,18,23,23,23,6229,0,7,7.575611479317519,4.633864002244081,179.45126099948538,8965.0
1789882785,50,GET,GET /api/v1/reservas/{id},6.300000,0.000000,5,5,5,5,6,9,15,24,24,24,24,2076,0,5,5.51734165124932,3.218318997824099,149.53343399974983,442.0
1789882785,50,POST,POST /api/v1/auth/login,0.000000,0.000000,0,0,0,0,0,0,0,0,0,0,0,50,0,1300.0,1369.1218887201103,628.633758999058,2104.1982940005255,1622.0
1789882785,50,,Aggregated,25.900000,0.000000,6,7,7,7,8,10,11,18,24,24,24,8355,0,6,15.212277631199035,3.218318997824099,2104.1982940005255,6803.31262716936
1789882786,50,GET,GET /api/v1/reservas,19.600000,0.000000,7,7,7,8,9,11,16,22,23,23,23,6252,0,7,7.580188777615047,4.633864002244081,179.45126099948538,8965.0
1789882786,50,GET,GET /api/v1/reservas/{id},6.400000,0.000000,5,5,5,6,7,9,15,24,24,24,24,2081,0,5,5.51945988034107,3.218318997824099,149.53343399974983,442.0
1789882786,50,POST,POST /api/v1/auth/login,0.000000,0.000000,0,0,0,0,0,0,0,0,0,0,0,50,0,1300.0,1369.1218887201103,628.633758999058,2104.1982940005255,1622.0
1789882786,50,,Aggregated,26.000000,0.000000,6,7,7,7,9,11,16,22,24,24,24,8383,0,6,15.189482367248544,3.218318997824099,2104.1982940005255,6805.44936180365
1789882787,50,GET,GET /api/v1/reservas,18.700000,0.000000,7,7,8,8,10,11,16,22,23,23,23,6267,0,7,7.582105540555971,4.633864002244081,179.45126099948538,8965.0
1789882787,50,GET,GET /api/v1/reservas/{id},6.200000,0.000000,5,5,5,5,7,7,15,24,24,24,24,2086,0,5,5.517957171609445,3.218318997824099,149.53343399974983,442.0
1789882787,50,POST,POST /api/v1/auth/login,0.000000,0.000000,0,0,0,0,0,0,0,0,0,0,0,50,0,1300.0,1369.1218887201103,628.633758999058,2104.1982940005255,1622.0
1789882787,50,,Aggregated,24.900000,0.000000,6,7,7,8,9,11,16,22,24,24,24,8403,0,6,15.171201775395346,3.218318997824099,2104.1982940005255,6805.517910270141
1789882788,50,GET,GET /api/v1/reservas,18.700000,0.000000,7,7,8,8,10,11,16,22,23,23,23,6291,0,7,7.578387306577894,4.633864002244081,179.45126099948538,8965.0
1789882788,50,GET,GET /api/v1/reservas/{id},6.400000,0.000000,5,5,5,5,7,7,15,24,24,24,24,2091,0,5,5.51470977282592,3.218318997824099,149.53343399974983,442.0
1789882788,50,POST,POST /api/v1/auth/login,0.000000,0.000000,0,0,0,0,0,0,0,0,0,0,0,50,0,1300.0,1369.1218887201103,628.633758999058,2104.1982940005255,1622.0
1789882788,50,,Aggregated,25.100000,0.000000,6,7,7,7,9,11,16,22,24,24,24,8432,0,6,15.140297333570452,3.218318997824099,2104.1982940005255,6807.891010436432
1789882789,50,GET,GET /api/v1/reservas,18.200000,0.000000,7,7,7,8,10,11,16,22,23,23,23,6312,0,7,7.573096928023231,4.633864002244081,179.45126099948538,8965.0
1789882789,50,GET,GET /api/v1/reservas/{id},6.400000,0.000000,5,5,5,5,7,9,15,24,24,24,24,2096,0,5,5.513380162677768,3.218318997824099,149.53343399974983,442.0
1789882789,50,POST,POST /api/v1/auth/login,0.000000,0.000000,0,0,0,0,0,0,0,0,0,0,0,50,0,1300.0,1369.1218887201103,628.633758999058,2104.1982940005255,1622.0
1789882789,50,,Aggregated,24.600000,0.000000,6,7,7,7,9,11,16,22,24,24,24,8458,0,6,15.111554394261145,3.218318997824099,2104.1982940005255,6809.483565854812
1789882790,50,GET,GET /api/v1/reservas,18.100000,0.000000,7,7,8,8,10,11,16,22,23,23,23,6333,0,7,7.569782142060444,4.633864002244081,179.45126099948538,8965.0
1789882790,50,GET,GET /api/v1/reservas/{id},6.300000,0.000000,5,5,5,5,7,9,15,24,24,24,24,2103,0,5,5.50952882547291,3.218318997824099,149.53343399974983,442.0
1789882790,50,POST,POST /api/v1/auth/login,0.000000,0.000000,0,0,0,0,0,0,0,0,0,0,0,50,0,1300.0,1369.1218887201103,628.633758999058,2104.1982940005255,1622.0
1789882790,50,,Aggregated,24.400000,0.000000,6,7,7,8,9,11,16,22,24,24,24,8486,0,6,15.081553601419259,3.218318997824099,2104.1982940005255,6809.565283997172
1789882791,50,GET,GET /api/v1/reservas,18.300000,0.000000,7,7,8,8,10,11,15,22,24,24,24,6355,0,7,7.576907329611373,4.633864002244081,179.45126099948538,8965.0
1789882791,50,GET,GET /api/v1/reservas/{id},6.300000,0.000000,5,5,5,5,7,7,8,9,9,9,9,2105,0,5,5.511212228965916,3.218318997824099,149.53343399974983,442.0
1789882791,50,POST,POST /api/v1/auth/login,0.000000,0.000000,0,0,0,0,0,0,0,0,0,0,0,50,0,1300.0,1369.1218887201103,628.633758999058,2104.1982940005255,1622.0
1789882791,50,,Aggregated,24.600000,0.000000,6,7,7,8,10,11,15,16,24,24,24,8510,0,6,15.065621886916457,3.218318997824099,2104.1982940005255,6813.641010575793
1789882792,50,GET,GET /api/v1/reservas,18.700000,0.000000,7,8,9,10,11,15,16,24,27,27,27,6376,0,7,7.592944841231871,4.633864002244081,179.45126099948538,8965.0
1789882792,50,GET,GET /api/v1/reservas/{id},6.200000,0.000000,5,5,6,6,7,8,9,9,9,9,9,2110,0,5,5.515522831265805,3.218318997824099,149.53343399974983,442.0
1789882792,50,POST,POST /api/v1/auth/login,0.000000,0.000000,0,0,0,0,0,0,0,0,0,0,0,50,0,1300.0,1369.1218887201103,628.633758999058,2104.1982940005255,1622.0
1789882792,50,,Aggregated,24.900000,0.000000,7,7,8,9,11,14,16,22,27,27,27,8536,0,6,15.054646663269772,3.218318997824099,2104.1982940005255,6815.201499531397
1789882793,50,GET,GET /api/v1/reservas,19.000000,0.000000,7,9,10,11,13,15,18,24,27,27,27,6394,0,7,7.606835622877328,4.633864002244081,179.45126099948538,8965.0
1789882793,50,GET,GET /api/v1/reservas/{id},6.000000,0.000000,5,6,7,7,8,9,9,13,13,13,13,2117,0,5,5.525180250807972,3.218318997824099,149.53343399974983,442.0
1789882793,50,POST,POST /api/v1/auth/login,0.000000,0.000000,0,0,0,0,0,0,0,0,0,0,0,50,0,1300.0,1369.1218887201103,628.633758999058,2104.1982940005255,1622.0
1789882793,50,,Aggregated,25.000000,0.000000,7,8,9,10,13,15,16,22,27,27,27,8561,0,6,15.043921037220374,3.218318997824099,2104.1982940005255,6814.51045438617
1789882794,50,GET,GET /api/v1/reservas,19.500000,0.000000,7,9,10,11,13,15,18,24,27,27,27,6406,0,7,7.605285353366826,4.633864002244081,179.45126099948538,8965.0
1789882794,50,GET,GET /api/v1/reservas/{id},5.600000,0.000000,5,6,7,7,8,9,13,34,34,34,34,2132,0,5,5.532945042190097,3.218318997824099,149.53343399974983,442.0
1789882794,50,POST,POST /api/v1/auth/login,0.000000,0.000000,0,0,0,0,0,0,0,0,0,0,0,50,0,1300.0,1369.1218887201103,628.633758999058,2104.1982940005255,1622.0
1789882794,50,,Aggregated,25.100000,0.000000,7,8,9,10,13,15,17,24,34,34,34,8588,0,6,15.017674806663099,3.218318997824099,2104.1982940005255,6806.384955752213
1789882795,50,GET,GET /api/v1/reservas,20.000000,0.000000,7,9,10,11,13,15,18,24,27,27,27,6423,0,7,7.6047883460477035,4.633864002244081,179.45126099948538,8965.0
1789882795,50,GET,GET /api/v1/reservas/{id},5.400000,0.000000,5,6,7,7,8,9,13,34,34,34,34,2139,0,5,5.533502216902272,3.218318997824099,149.53343399974983,442.0
1789882795,50,POST,POST /api/v1/auth/login,0.000000,0.000000,0,0,0,0,0,0,0,0,0,0,0,50,0,1300.0,1369.1218887201103,628.633758999058,2104.1982940005255,1622.0
1789882795,50,,Aggregated,25.400000,0.000000,7,8,9,10,13,15,17,24,34,34,34,8612,0,6,14.99510116402971,3.218318997824099,2104.1982940005255,6805.472944728286
1789882796,50,GET,GET /api/v1/reservas,20.000000,0.000000,7,9,10,11,13,15,17,24,27,27,27,6443,0,7,7.604132707226916,4.633864002244081,179.45126099948538,8965.0
1789882796,50,GET,GET /api/v1/reservas/{id},5.500000,0.000000,5,6,6,7,8,9,13,34,34,34,34,2147,0,5,5.531038030249935,3.218318997824099,149.53343399974983,442.0
1789882796,50,POST,POST /api/v1/auth/login,0.000000,0.000000,0,0,0,0,0,0,0,0,0,0,0,50,0,1300.0,1369.1218887201103,628.633758999058,2104.1982940005255,1622.0
1789882796,50,,Aggregated,25.500000,0.000000,7,8,9,10,12,15,16,24,34,34,34,8640,0,6,14.96813195828879,3.218318997824099,2104.1982940005255,6804.579745370371
1789882797,50,GET,GET /api/v1/reservas,19.400000,0.000000,8,9,10,11,13,15,17,24,27,27,27,6460,0,7,7.606506769144816,4.633864002244081,179.45126099948538,8965.0
1789882797,50,GET,GET /api/v1/reservas/{id},6.300000,0.000000,5,6,7,7,8,9,13,34,34,34,34,2151,0,5,5.531151317035261,3.218318997824099,149.53343399974983,442.0
1789882797,50,POST,POST /api/v1/auth/login,0.000000,0.000000,0,0,0,0,0,0,0,0,0,0,0,50,0,1300.0,1369.1218887201103,628.633758999058,2104.1982940005255,1622.0
1789882797,50,,Aggregated,25.700000,0.000000,7,8,9,10,12,15,17,24,34,34,34,8661,0,6,14.95111819046575,3.218318997824099,2104.1982940005255,6805.8817688488625
1789882798,50,GET,GET /api/v1/reservas,19.400000,0.000000,8,9,10,11,13,15,18,24,27,27,27,6481,0,7,7.606997653396896,4.633864002244081,179.45126099948538,8965.0
1789882798,50,GET,GET /api/v1/reservas/{id},6.400000,0.000000,5,6,6,7,8,9,13,34,34,34,34,2158,0,5,5.52839754863481,3.218318997824099,149.53343399974983,442.0
1789882798,50,POST,POST /api/v1/auth/login,0.000000,0.000000,0,0,0,0,0,0,0,0,0,0,0,50,0,1300.0,1369.1218887201103,628.633758999058,2104.1982940005255,1622.0
1789882798,50,,Aggregated,25.800000,0.000000,7,8,9,10,12,15,17,24,34,34,34,8689,0,6,14.925460713272496,3.218318997824099,2104.1982940005255,6805.973184486132
1789882799,50,GET,GET /api/v1/reservas,19.100000,0.000000,8,9,10,11,13,15,18,24,27,27,27,6494,0,7,7.604317194898407,4.633864002244081,179.45126099948538,8965.0
1789882799,50,GET,GET /api/v1/reservas/{id},6.500000,0.000000,5,6,6,7,8,9,13,34,34,34,34,2164,0,5,5.5250734842649525,3.218318997824099,149.53343399974983,442.0
1789882799,50,POST,POST /api/v1/auth/login,0.000000,0.000000,0,0,0,0,0,0,0,0,0,0,0,50,0,1300.0,1369.1218887201103,628.633758999058,2104.1982940005255,1622.0
1789882799,50,,Aggregated,25.600000,0.000000,7,8,9,10,13,15,18,24,34,34,34,8708,0,6,14.90523533757753,3.218318997824099,2104.1982940005255,6804.811437758383
1789882800,50,GET,GET /api/v1/reservas,19.000000,0.000000,8,9,10,11,14,15,18,24,27,27,27,6517,0,7,7.606289759195188,4.633864002244081,179.45126099948538,8965.0
1789882800,50,GET,GET /api/v1/reservas/{id},6.500000,0.000000,5,6,6,7,8,9,13,34,34,34,34,2169,0,5,5.524450601178266,3.218318997824099,149.53343399974983,442.0
1789882800,50,POST,POST /api/v1/auth/login,0.000000,0.000000,0,0,0,0,0,0,0,0,0,0,0,50,0,1300.0,1369.1218887201103,628.633758999058,2104.1982940005255,1622.0
1789882800,50,,Aggregated,25.500000,0.000000,7,8,9,10,13,15,18,24,34,34,34,8736,0,6,14.881961784642424,3.218318997824099,2104.1982940005255,6806.857028388278
1789882801,50,GET,GET /api/v1/reservas,19.000000,0.000000,8,9,10,11,14,15,18,27,30,30,30,6532,0,7,7.615583132529279,4.633864002244081,179.45126099948538,8965.0
1789882801,50,GET,GET /api/v1/reservas/{id},6.700000,0.000000,5,6,6,7,9,9,13,34,34,34,34,2177,0,5,5.526789048665154,3.218318997824099,149.53343399974983,442.0
1789882801,50,POST,POST /api/v1/auth/login,0.000000,0.000000,0,0,0,0,0,0,0,0,0,0,0,50,0,1300.0,1369.1218887201103,628.633758999058,2104.1982940005255,1622.0
1789882801,50,,Aggregated,25.700000,0.000000,7,8,9,10,13,15,18,27,34,34,34,8759,0,6,14.868467087182418,3.218318997824099,2104.1982940005255,6804.7395821440805
1789882802,50,GET,GET /api/v1/reservas,18.100000,0.000000,7,9,9,10,12,14,15,21,30,30,30,6550,0,7,7.615071608041118,4.633864002244081,179.45126099948538,8965.0
1789882802,50,GET,GET /api/v1/reservas/{id},6.900000,0.000000,5,6,6,6,8,11,13,34,34,34,34,2183,0,5,5.526550857512374,3.218318997824099,149.53343399974983,442.0
1789882802,50,POST,POST /api/v1/auth/login,0.000000,0.000000,0,0,0,0,0,0,0,0,0,0,0,50,0,1300.0,1369.1218887201103,628.633758999058,2104.1982940005255,1622.0
1789882802,50,,Aggregated,25.000000,0.000000,7,8,9,9,11,13,15,21,34,34,34,8783,0,6,14.846780597816732,3.218318997824099,2104.1982940005255,6804.820220881248
1789882803,50,GET,GET /api/v1/reservas,18.000000,0.000000,7,8,8,9,11,13,15,21,30,30,30,6568,0,7,7.61167328648994,4.633864002244081,179.45126099948538,8965.0
1789882803,50,GET,GET /api/v1/reservas/{id},6.700000,0.000000,5,5,6,6,6,7,11,12,12,12,12,2189,0,5,5.5231702452906655,3.218318997824099,149.53343399974983,442.0
1789882803,50,POST,POST /api/v1/auth/login,0.000000,0.000000,0,0,0,0,0,0,0,0,0,0,0,50,0,1300.0,1369.1218887201103,628.633758999058,2104.1982940005255,1622.0
1789882803,50,,Aggregated,24.700000,0.000000,6,7,8,8,10,12,14,15,30,30,30,8807,0,6,14.822275945113285,3.218318997824099,2104.1982940005255,6804.900420120359
1789882804,50,GET,GET /api/v1/reservas,17.600000,0.000000,7,8,9,9,11,14,15,21,30,30,30,6584,0,7,7.613968435699536,4.633864002244081,179.45126099948538,8965.0
1789882804,50,GET,GET /api/v1/reservas/{id},7.100000,0.000000,5,5,6,6,6,7,11,12,12,12,12,2195,0,5,5.522521879698483,3.218318997824099,149.53343399974983,442.0
1789882804,50,POST,POST /api/v1/auth/login,0.000000,0.000000,0,0,0,0,0,0,0,0,0,0,0,50,0,1300.0,1369.1218887201103,628.633758999058,2104.1982940005255,1622.0
1789882804,50,,Aggregated,24.700000,0.000000,7,7,8,9,11,12,15,16,30,30,30,8829,0,6,14.804439703543938,3.218318997824099,2104.1982940005255,6804.490882319628
1789882805,50,GET,GET /api/v1/reservas,17.100000,0.000000,7,8,8,9,11,14,15,21,30,30,30,6600,0,7,7.610943321767881,4.633864002244081,179.45126099948538,8965.0
1789882805,50,GET,GET /api/v1/reservas/{id},7.200000,0.000000,5,5,6,6,6,7,9,11,11,11,11,2204,0,5,5.517107097526249,3.218318997824099,149.53343399974983,442.0
1789882805,50,POST,POST /api/v1/auth/login,0.000000,0.000000,0,0,0,0,0,0,0,0,0,0,0,50,0,1300.0,1369.1218887201103,628.633758999058,2104.1982940005255,1622.0
1789882805,50,,Aggregated,24.300000,0.000000,6,7,8,8,10,12,15,16,30,30,30,8854,0,6,14.778407996681882,3.218318997824099,2104.1982940005255,6801.927716286425
1789882806,50,GET,GET /api/v1/reservas,17.400000,0.000000,7,8,8,9,11,14,15,21,30,30,30,6619,0,7,7.609784424483639,4.633864002244081,179.45126099948538,8965.0
1789882806,50,GET,GET /api/v1/reservas/{id},7.000000,0.000000,5,5,6,6,6,7,9,11,11,11,11,2210,0,5,5.516107293644949,3.218318997824099,149.53343399974983,442.0
1789882806,50,POST,POST /api/v1/auth/login,0.000000,0.000000,0,0,0,0,0,0,0,0,0,0,0,50,0,1300.0,1369.1218887201103,628.633758999058,2104.1982940005255,1622.0
1789882806,50,,Aggregated,24.400000,0.000000,6,7,8,8,10,12,15,16,30,30,30,8879,0,6,14.755699364862942,3.218318997824099,2104.1982940005255,6802.258700304088
1789882807,50,GET,GET /api/v1/reservas,17.800000,0.000000,7,7,8,9,11,14,15,21,30,30,30,6638,0,7,7.6072446182098705,4.633864002244081,179.45126099948538,8965.0
1789882807,50,GET,GET /api/v1/reservas/{id},6.700000,0.000000,5,5,6,6,6,7,9,11,11,11,11,2218,0,5,5.514112086103623,3.218318997824099,149.53343399974983,442.0
1789882807,50,POST,POST /api/v1/auth/login,0.000000,0.000000,0,0,0,0,0,0,0,0,0,0,0,50,0,1300.0,1369.1218887201103,628.633758999058,2104.1982940005255,1622.0
1789882807,50,,Aggregated,24.500000,0.000000,6,7,7,8,10,12,15,16,30,30,30,8906,0,6,14.729764744965244,3.218318997824099,2104.1982940005255,6801.159443072086
1789882808,50,GET,GET /api/v1/reservas,17.600000,0.000000,7,8,8,9,11,13,15,16,30,30,30,6656,0,7,7.608445761218919,4.633864002244081,179.45126099948538,8965.0
1789882808,50,GET,GET /api/v1/reservas/{id},6.300000,0.000000,5,5,6,6,6,7,9,11,11,11,11,2225,0,5,5.512654479096638,3.218318997824099,149.53343399974983,442.0
1789882808,50,POST,POST /api/v1/auth/login,0.000000,0.000000,0,0,0,0,0,0,0,0,0,0,0,50,0,1300.0,1369.1218887201103,628.633758999058,2104.1982940005255,1622.0
1789882808,50,,Aggregated,23.900000,0.000000,6,7,8,8,10,12,14,15,30,30,30,8931,0,6,14.70871858007711,3.218318997824099,2104.1982940005255,6800.5363341171205
1789882809,50,GET,GET /api/v1/reservas,17.700000,0.000000,7,8,8,9,11,13,15,16,30,30,30,6674,0,7,7.605247682752058,4.633864002244081,179.45126099948538,8965.0
1789882809,50,GET,GET /api/v1/reservas/{id},6.400000,0.000000,5,5,6,6,6,7,9,11,11,11,11,2229,0,5,5.510918084334106,3.218318997824099,149.53343399974983,442.0
1789882809,50,POST,POST /api/v1/auth/login,0.000000,0.000000,0,0,0,0,0,0,0,0,0,0,0,50,0,1300.0,1369.1218887201103,628.633758999058,2104.1982940005255,1622.0
1789882809,50,,Aggregated,24.100000,0.000000,6,7,8,8,10,12,14,15,30,30,30,8953,0,6,14.68751858379018,3.218318997824099,2104.1982940005255,6802.047135038534
1789882810,50,GET,GET /api/v1/reservas,17.500000,0.000000,7,7,8,8,10,12,14,16,30,30,30,6689,0,7,7.60190888633452,4.633864002244081,179.45126099948538,8965.0
1789882810,50,GET,GET /api/v1/reservas/{id},6.700000,0.000000,5,5,6,6,6,7,9,11,11,11,11,2237,0,5,5.508345847107469,3.218318997824099,149.53343399974983,442.0
1789882810,50,POST,POST /api/v1/auth/login,0.000000,0.000000,0,0,0,0,0,0,0,0,0,0,0,50,0,1300.0,1369.1218887201103,628.633758999058,2104.1982940005255,1622.0
1789882810,50,,Aggregated,24.200000,0.000000,6,7,7,8,10,11,14,15,30,30,30,8976,0,6,14.664375293747385,3.218318997824099,2104.1982940005255,6799.993204099822
1789882811,50,GET,GET /api/v1/reservas,17.100000,0.000000,7,7,7,8,9,10,11,14,16,16,16,6711,0,7,7.598754957783352,4.633864002244081,179.45126099948538,8965.0
1789882811,50,GET,GET /api/v1/reservas/{id},6.700000,0.000000,5,5,5,5,6,6,7,8,8,8,8,2242,0,5,5.5061735958870885,3.218318997824099,149.53343399974983,442.0
1789882811,50,POST,POST /api/v1/auth/login,0.000000,0.000000,0,0,0,0,0,0,0,0,0,0,0,50,0,1300.0,1369.1218887201103,628.633758999058,2104.1982940005255,1622.0
1789882811,50,,Aggregated,23.800000,0.000000,6,7,7,7,8,10,11,12,16,16,16,9003,0,6,14.639140304306169,3.218318997824099,2104.1982940005255,6801.752638009552
1789882812,50,GET,GET /api/v1/reservas,18.100000,0.000000,7,7,8,8,9,10,11,14,16,16,16,6734,0,7,7.596742165822583,4.633864002244081,179.45126099948538,8965.0
1789882812,50,GET,GET /api/v1/reservas/{id},6.300000,0.000000,5,5,5,5,6,6,7,8,8,8,8,2245,0,5,5.505127487743698,3.218318997824099,149.53343399974983,442.0
1789882812,50,POST,POST /api/v1/auth/login,0.000000,0.000000,0,0,0,0,0,0,0,0,0,0,0,50,0,1300.0,1369.1218887201103,628.633758999058,2104.1982940005255,1622.0
1789882812,50,,Aggregated,24.400000,0.000000,6,7,7,7,8,10,11,12,16,16,16,9029,0,6,14.61641016620217,3.218318997824099,2104.1982940005255,6805.150071990253
1789882813,50,GET,GET /api/v1/reservas,17.500000,0.000000,7,7,8,8,9,10,11,14,16,16,16,6747,0,7,7.59507733698594,4.633864002244081,179.45126099948538,8965.0
1789882813,50,GET,GET /api/v1/reservas/{id},6.800000,0.000000,5,5,5,6,6,6,7,8,8,8,8,2252,0,5,5.502517229124383,3.218318997824099,149.53343399974983,442.0
1789882813,50,POST,POST /api/v1/auth/login,0.000000,0.000000,0,0,0,0,0,0,0,0,0,0,0,50,0,1300.0,1369.1218887201103,628.633758999058,2104.1982940005255,1622.0
1789882813,50,,Aggregated,24.300000,0.000000,6,7,7,7,8,10,11,12,16,16,16,9049,0,6,14.59738645470635,3.218318997824099,2104.1982940005255,6803.330644270085
1789882814,50,GET,GET /api/v1/reservas,18.100000,0.000000,7,7,8,8,9,10,11,12,12,12,12,6769,0,7,7.594679461905517,4.633864002244081,179.45126099948538,8965.0
1789882814,50,GET,GET /api/v1/reservas/{id},6.400000,0.000000,5,5,5,5,6,6,7,8,8,8,8,2258,0,5,5.5005865057508,3.218318997824099,149.53343399974983,442.0
1789882814,50,POST,POST /api/v1/auth/login,0.000000,0.000000,0,0,0,0,0,0,0,0,0,0,0,50,0,1300.0,1369.1218887201103,628.633758999058,2104.1982940005255,1622.0
1789882814,50,,Aggregated,24.500000,0.000000,6,7,7,8,8,10,11,11,12,12,12,9077,0,6,14.573626092721083,3.218318997824099,2104.1982940005255,6804.364988432301
1789882815,50,GET,GET /api/v1/reservas,18.400000,0.000000,7,7,8,8,9,10,11,12,12,12,12,6785,0,7,7.591614817481816,4.633864002244081,179.45126099948538,8965.0
1789882815,50,GET,GET /api/v1/reservas/{id},6.100000,0.000000,5,5,5,5,6,6,7,8,8,8,8,2265,0,5,5.4978496618020225,3.218318997824099,149.53343399974983,442.0
1789882815,50,POST,POST /api/v1/auth/login,0.000000,0.000000,0,0,0,0,0,0,0,0,0,0,0,50,0,1300.0,1369.1218887201103,628.633758999058,2104.1982940005255,1622.0
1789882815,50,,Aggregated,24.500000,0.000000,6,7,7,8,8,9,11,11,12,12,12,9100,0,6,14.551409940285849,3.218318997824099,2104.1982940005255,6803.26978021978
1789882816,50,GET,GET /api/v1/reservas,18.300000,0.000000,7,7,8,8,9,10,11,11,12,12,12,6807,0,7,7.589824237788679,4.633864002244081,179.45126099948538,8965.0
1789882816,50,GET,GET /api/v1/reservas/{id},6.600000,0.000000,5,5,5,5,6,6,6,8,8,8,8,2271,0,5,5.495087672382259,3.218318997824099,149.53343399974983,442.0
1789882816,50,POST,POST /api/v1/auth/login,0.000000,0.000000,0,0,0,0,0,0,0,0,0,0,0,50,0,1300.0,1369.1218887201103,628.633758999058,2104.1982940005255,1622.0
1789882816,50,,Aggregated,24.900000,0.000000,6,7,7,8,8,9,11,11,12,12,12,9128,0,6,14.526662152345876,3.218318997824099,2104.1982940005255,6804.298531989483
1789882817,50,GET,GET /api/v1/reservas,18.400000,0.000000,7,7,8,8,9,10,12,13,14,14,14,6826,0,7,7.591436674720187,4.633864002244081,179.45126099948538,8965.0
1789882817,50,GET,GET /api/v1/reservas/{id},6.000000,0.000000,5,5,5,5,6,6,6,8,8,8,8,2276,0,5,5.493899494282354,3.218318997824099,149.53343399974983,442.0
1789882817,50,POST,POST /api/v1/auth/login,0.000000,0.000000,0,0,0,0,0,0,0,0,0,0,0,50,0,1300.0,1369.1218887201103,628.633758999058,2104.1982940005255,1622.0
1789882817,50,,Aggregated,24.400000,0.000000,6,7,7,8,8,9,11,12,14,14,14,9152,0,6,14.508233875287603,3.218318997824099,2104.1982940005255,6805.308347902098
1789882818,50,GET,GET /api/v1/reservas,18.700000,0.000000,7,7,8,8,9,10,13,13,14,14,14,6846,0,7,7.5914757083883435,4.633864002244081,179.45126099948538,8965.0
1789882818,50,GET,GET /api/v1/reservas/{id},6.200000,0.000000,5,5,5,5,6,8,10,11,11,11,11,2284,0,5,5.4962496978923765,3.218318997824099,149.53343399974983,442.0
1789882818,50,POST,POST /api/v1/auth/login,0.000000,0.000000,0,0,0,0,0,0,0,0,0,0,0,50,0,1300.0,1369.1218887201103,628.633758999058,2104.1982940005255,1622.0
1789882818,50,,Aggregated,24.900000,0.000000,6,7,7,8,9,10,12,13,14,14,14,9180,0,6,14.48592281542683,3.218318997824099,2104.1982940005255,6804.468191721133
1789882819,50,GET,GET /api/v1/reservas,18.700000,0.000000,7,7,8,8,9,10,13,13,14,14,14,6863,0,7,7.589395307101733,4.633864002244081,179.45126099948538,8965.0
1789882819,50,GET,GET /api/v1/reservas/{id},6.000000,0.000000,5,5,5,5,6,8,10,11,11,11,11,2287,0,5,5.495216033226651,3.218318997824099,149.53343399974983,442.0
1789882819,50,POST,POST /api/v1/auth/login,0.000000,0.000000,0,0,0,0,0,0,0,0,0,0,0,50,0,1300.0,1369.1218887201103,628.633758999058,2104.1982940005255,1622.0
1789882819,50,,Aggregated,24.700000,0.000000,6,7,7,8,9,10,12,13,14,14,14,9200,0,6,14.468442771373267,3.218318997824099,2104.1982940005255,6806.385760869565
1789882820,50,GET,GET /api/v1/reservas,19.000000,0.000000,7,7,8,8,9,10,13,13,14,14,14,6884,0,7,7.5858176486960405,4.633864002244081,179.45126099948538,8965.0
1789882820,50,GET,GET /api/v1/reservas/{id},5.700000,0.000000,5,5,5,5,6,6,10,11,11,11,11,2294,0,5,5.492126491282639,3.218318997824099,149.53343399974983,442.0
1789882820,50,POST,POST /api/v1/auth/login,0.000000,0.000000,0,0,0,0,0,0,0,0,0,0,0,50,0,1300.0,1369.1218887201103,628.633758999058,2104.1982940005255,1622.0
1789882820,50,,Aggregated,24.700000,0.000000,6,7,7,8,9,10,12,13,14,14,14,9228,0,6,14.442544570939686,3.218318997824099,2104.1982940005255,6806.470307758995
1789882821,50,GET,GET /api/v1/reservas,19.300000,0.000000,7,7,8,8,9,11,14,19,24,24,24,6907,0,7,7.587785647551046,4.633864002244081,179.45126099948538,8965.0
1789882821,50,GET,GET /api/v1/reservas/{id},5.900000,0.000000,5,5,5,5,6,6,10,11,11,11,11,2297,0,5,5.489928686111782,3.218318997824099,149.53343399974983,442.0
1789882821,50,POST,POST /api/v1/auth/login,0.000000,0.000000,0,0,0,0,0,0,0,0,0,0,0,50,0,1300.0,1369.1218887201103,628.633758999058,2104.1982940005255,1622.0
1789882821,50,,Aggregated,25.200000,0.000000,6,7,7,8,9,10,13,15,24,24,24,9254,0,6,14.423524540267922,3.218318997824099,2104.1982940005255,6809.77188242922
1789882822,50,GET,GET /api/v1/reservas,18.600000,0.000000,7,7,8,8,9,11,14,19,24,24,24,6930,0,7,7.585533017839292,4.633864002244081,179.45126099948538,8965.0
1789882822,50,GET,GET /api/v1/reservas/{id},5.900000,0.000000,5,5,5,5,6,6,10,11,11,11,11,2302,0,5,5.487912207646592,3.218318997824099,149.53343399974983,442.0
1789882822,50,POST,POST /api/v1/auth/login,0.000000,0.000000,0,0,0,0,0,0,0,0,0,0,0,50,0,1300.0,1369.1218887201103,628.633758999058,2104.1982940005255,1622.0
1789882822,50,,Aggregated,24.500000,0.000000,6,7,7,8,9,10,13,15,24,24,24,9282,0,6,14.39959191463416,3.218318997824099,2104.1982940005255,6811.682180564533
1789882823,50,GET,GET /api/v1/reservas,19.400000,0.000000,7,7,8,8,9,11,14,19,24,24,24,6944,0,7,7.582811751532138,4.633864002244081,179.45126099948538,8965.0
1789882823,50,GET,GET /api/v1/reservas/{id},5.700000,0.000000,5,5,5,5,6,6,10,11,11,11,11,2308,0,5,5.485442165939101,3.218318997824099,149.53343399974983,442.0
1789882823,50,POST,POST /api/v1/auth/login,0.000000,0.000000,0,0,0,0,0,0,0,0,0,0,0,50,0,1300.0,1369.1218887201103,628.633758999058,2104.1982940005255,1622.0
1789882823,50,,Aggregated,25.100000,0.000000,6,7,7,8,9,10,13,15,24,24,24,9302,0,6,14.380943856980448,3.218318997824099,2104.1982940005255,6810.814448505697
1789882824,50,GET,GET /api/v1/reservas,19.300000,0.000000,6,7,7,8,10,11,14,19,24,24,24,6961,0,7,7.582639547713221,4.633864002244081,179.45126099948538,8965.0
1789882824,50,GET,GET /api/v1/reservas/{id},5.500000,0.000000,5,5,5,5,6,8,10,11,11,11,11,2317,0,5,5.483477127319991,3.218318997824099,149.53343399974983,442.0
1789882824,50,POST,POST /api/v1/auth/login,0.000000,0.000000,0,0,0,0,0,0,0,0,0,0,0,50,0,1300.0,1369.1218887201103,628.633758999058,2104.1982940005255,1622.0
1789882824,50,,Aggregated,24.800000,0.000000,6,7,7,8,9,11,13,15,24,24,24,9328,0,6,14.359355149189286,3.218318997824099,2104.1982940005255,6808.5955188679245
1789882825,50,GET,GET /api/v1/reservas,19.800000,0.000000,6,7,7,8,10,11,14,19,24,24,24,6974,0,7,7.57980857364901,4.633864002244081,179.45126099948538,8965.0
1789882825,50,GET,GET /api/v1/reservas/{id},5.700000,0.000000,5,5,5,5,6,8,10,11,11,11,11,2327,0,5,5.481051353672775,3.218318997824099,149.53343399974983,442.0
1789882825,50,POST,POST /api/v1/auth/login,0.000000,0.000000,0,0,0,0,0,0,0,0,0,0,0,50,0,1300.0,1369.1218887201103,628.633758999058,2104.1982940005255,1622.0
1789882825,50,,Aggregated,25.500000,0.000000,6,7,7,8,9,11,13,15,24,24,24,9351,0,6,14.337727080379667,3.218318997824099,2104.1982940005255,6804.784942786868
1789882826,50,GET,GET /api/v1/reservas,19.700000,0.000000,6,7,7,8,9,11,14,19,24,24,24,7000,0,7,7.57562010251734,4.633864002244081,179.45126099948538,8965.0
1789882826,50,GET,GET /api/v1/reservas/{id},5.500000,0.000000,5,5,5,5,6,8,10,11,11,11,11,2331,0,5,5.479265113682508,3.218318997824099,149.53343399974983,442.0
1789882826,50,POST,POST /api/v1/auth/login,0.000000,0.000000,0,0,0,0,0,0,0,0,0,0,0,50,0,1300.0,1369.1218887201103,628.633758999058,2104.1982940005255,1622.0
1789882826,50,,Aggregated,25.200000,0.000000,6,7,7,7,9,10,13,15,24,24,24,9381,0,6,14.311651437332994,3.218318997824099,2104.1982940005255,6808.059055537789
1789882827,50,GET,GET /api/v1/reservas,19.100000,0.000000,6,7,7,8,9,10,13,19,24,24,24,7015,0,7,7.575904452122886,4.633864002244081,179.45126099948538,8965.0
1789882827,50,GET,GET /api/v1/reservas/{id},6.200000,0.000000,5,5,5,6,6,7,10,11,11,11,11,2337,0,5,5.479228334613044,3.218318997824099,149.53343399974983,442.0
1789882827,50,POST,POST /api/v1/auth/login,0.000000,0.000000,0,0,0,0,0,0,0,0,0,0,0,50,0,1300.0,1369.1218887201103,628.633758999058,2104.1982940005255,1622.0
1789882827,50,,Aggregated,25.300000,0.000000,6,7,7,7,9,10,13,15,24,24,24,9402,0,6,14.295471259906217,3.218318997824099,2104.1982940005255,6807.437672835567
1789882828,50,GET,GET /api/v1/reservas,18.600000,0.000000,6,7,7,8,9,10,13,19,24,24,24,7034,0,7,7.575823319113672,4.633864002244081,179.45126099948538,8965.0
1789882828,50,GET,GET /api/v1/reservas/{id},6.100000,0.000000,5,5,5,6,6,7,7,8,8,8,8,2343,0,5,5.479425170296726,3.218318997824099,149.53343399974983,442.0
1789882828,50,POST,POST /api/v1/auth/login,0.000000,0.000000,0,0,0,0,0,0,0,0,0,0,0,50,0,1300.0,1369.1218887201103,628.633758999058,2104.1982940005255,1622.0
1789882828,50,,Aggregated,24.700000,0.000000,6,7,7,7,8,10,11,15,24,24,24,9427,0,6,14.276305169900956,3.218318997824099,2104.1982940005255,6807.734804285563
1789882829,50,GET,GET /api/v1/reservas,19.100000,0.000000,6,7,7,8,9,10,13,19,24,24,24,7054,0,7,7.5734079204223566,4.633864002244081,179.45126099948538,8965.0
1789882829,50,GET,GET /api/v1/reservas/{id},6.200000,0.000000,5,5,5,5,6,7,7,8,8,8,8,2350,0,5,5.47693526425877,3.218318997824099,149.53343399974983,442.0
1789882829,50,POST,POST /api/v1/auth/login,0.000000,0.000000,0,0,0,0,0,0,0,0,0,0,0,50,0,1300.0,1369.1218887201103,628.633758999058,2104.1982940005255,1622.0
1789882829,50,,Aggregated,25.300000,0.000000,6,7,7,7,9,10,11,15,24,24,24,9454,0,6,14.253195660849686,3.218318997824099,2104.1982940005255,6807.5851491432195
1789882830,50,GET,GET /api/v1/reservas,18.600000,0.000000,6,7,7,8,9,10,13,19,24,24,24,7071,0,7,7.5702130419540135,4.633864002244081,179.45126099948538,8965.0
1789882830,50,GET,GET /api/v1/reservas/{id},6.100000,0.000000,5,5,5,6,6,7,7,8,8,8,8,2352,0,5,5.476540239799631,3.218318997824099,149.53343399974983,442.0
1789882830,50,POST,POST /api/v1/auth/login,0.000000,0.000000,0,0,0,0,0,0,0,0,0,0,0,50,0,1300.0,1369.1218887201103,628.633758999058,2104.1982940005255,1622.0
1789882830,50,,Aggregated,24.700000,0.000000,6,7,7,7,9,10,11,15,24,24,24,9473,0,6,14.236872532425956,3.218318997824099,2104.1982940005255,6810.112847038953
1789882831,50,GET,GET /api/v1/reservas,18.700000,0.000000,6,7,7,8,9,10,13,21,25,25,25,7094,0,7,7.572789542380695,4.633864002244081,179.45126099948538,8965.0
1789882831,50,GET,GET /api/v1/reservas/{id},5.900000,0.000000,5,5,5,6,6,7,7,8,8,8,8,2361,0,5,5.471732084714835,3.218318997824099,149.53343399974983,442.0
1789882831,50,POST,POST /api/v1/auth/login,0.000000,0.000000,0,0,0,0,0,0,0,0,0,0,0,50,0,1300.0,1369.1218887201103,628.633758999058,2104.1982940005255,1622.0
1789882831,50,,Aggregated,24.600000,0.000000,6,7,7,7,8,10,11,17,25,25,25,9505,0,6,14.21317442416264,3.218318997824099,2104.1982940005255,6809.297422409259
1789882832,50,GET,GET /api/v1/reservas,19.000000,0.000000,6,7,7,8,9,11,16,21,25,25,25,7109,0,7,7.572805428845614,4.633864002244081,179.45126099948538,8965.0
1789882832,50,GET,GET /api/v1/reservas/{id},6.200000,0.000000,5,5,5,6,6,7,7,8,8,8,8,2362,0,5,5.471974259954018,3.218318997824099,149.53343399974983,442.0
1789882832,50,POST,POST /api/v1/auth/login,0.000000,0.000000,0,0,0,0,0,0,0,0,0,0,0,50,0,1300.0,1369.1218887201103,628.633758999058,2104.1982940005255,1622.0
1789882832,50,,Aggregated,25.200000,0.000000,6,7,7,7,8,10,13,17,25,25,25,9521,0,6,14.201866550958972,3.218318997824099,2104.1982940005255,6812.024892343241
1789882833,50,GET,GET /api/v1/reservas,18.600000,0.000000,7,7,8,8,9,11,16,21,25,25,25,7127,0,7,7.5709770976109185,4.633864002244081,179.45126099948538,8965.0
1789882833,50,GET,GET /api/v1/reservas/{id},5.900000,0.000000,5,5,5,6,6,7,8,8,8,8,8,2372,0,5,5.46817884655536,3.218318997824099,149.53343399974983,442.0
1789882833,50,POST,POST /api/v1/auth/login,0.000000,0.000000,0,0,0,0,0,0,0,0,0,0,0,50,0,1300.0,1369.1218887201103,628.633758999058,2104.1982940005255,1622.0
1789882833,50,,Aggregated,24.500000,0.000000,6,7,7,8,9,10,15,17,25,25,25,9549,0,6,14.177921084376148,3.218318997824099,2104.1982940005255,6809.412399204105
1789882834,50,GET,GET /api/v1/reservas,18.800000,0.000000,7,7,7,8,9,10,16,21,25,25,25,7147,0,7,7.567472973651186,4.633864002244081,179.45126099948538,8965.0
1789882834,50,GET,GET /api/v1/reservas/{id},6.400000,0.000000,5,5,5,6,6,7,7,8,8,8,8,2376,0,5,5.466011592603775,3.218318997824099,149.53343399974983,442.0
1789882834,50,POST,POST /api/v1/auth/login,0.000000,0.000000,0,0,0,0,0,0,0,0,0,0,0,50,0,1300.0,1369.1218887201103,628.633758999058,2104.1982940005255,1622.0
1789882834,50,,Aggregated,25.200000,0.000000,6,7,7,7,8,10,15,17,25,25,25,9573,0,6,14.157324487905266,3.218318997824099,2104.1982940005255,6811.255301368432
1789882835,50,GET,GET /api/v1/reservas,17.900000,0.000000,7,7,7,8,9,10,16,21,25,25,25,7168,0,7,7.564691941641603,4.633864002244081,179.45126099948538,8965.0
1789882835,50,GET,GET /api/v1/reservas/{id},6.100000,0.000000,4,5,5,5,6,7,7,8,8,8,8,2383,0,5,5.46279340118592,3.218318997824099,149.53343399974983,442.0
1789882835,50,POST,POST /api/v1/auth/login,0.000000,0.000000,0,0,0,0,0,0,0,0,0,0,0,50,0,1300.0,1369.1218887201103,628.633758999058,2104.1982940005255,1622.0
1789882835,50,,Aggregated,24.000000,0.000000,6,7,7,7,9,9,15,17,25,25,25,9601,0,6,14.133698880191497,3.218318997824099,2104.1982940005255,6811.322362253932
1789882836,50,GET,GET /api/v1/reservas,17.800000,0.000000,7,7,8,8,9,10,16,21,25,25,25,7182,0,7,7.561537092271492,4.633864002244081,179.45126099948538,8965.0
1789882836,50,GET,GET /api/v1/reservas/{id},6.200000,0.000000,5,5,5,5,6,7,7,8,8,8,8,2391,0,5,5.460294503983848,3.218318997824099,149.53343399974983,442.0
1789882836,50,POST,POST /api/v1/auth/login,0.000000,0.000000,0,0,0,0,0,0,0,0,0,0,0,50,0,1300.0,1369.1218887201103,628.633758999058,2104.1982940005255,1622.0
1789882836,50,,Aggregated,24.000000,0.000000,6,7,7,7,9,9,15,17,25,25,25,9623,0,6,14.113958016390393,3.218318997824099,2104.1982940005255,6809.160552842149
1789882837,50,GET,GET /api/v1/reservas,18.500000,0.000000,7,7,7,8,9,11,16,21,25,25,25,7199,0,7,7.562508015517148,4.633864002244081,179.45126099948538,8965.0
1789882837,50,GET,GET /api/v1/reservas/{id},5.500000,0.000000,4,5,5,5,6,7,7,8,8,8,8,2395,0,5,5.458810273080939,3.218318997824099,149.53343399974983,442.0
1789882837,50,POST,POST /api/v1/auth/login,0.000000,0.000000,0,0,0,0,0,0,0,0,0,0,0,50,0,1300.0,1369.1218887201103,628.633758999058,2104.1982940005255,1622.0
1789882837,50,,Aggregated,24.000000,0.000000,6,7,7,7,9,9,15,17,25,25,25,9644,0,6,14.099174641615752,3.218318997824099,2104.1982940005255,6810.319888013272
1789882838,50,GET,GET /api/v1/reservas,19.400000,0.000000,7,7,7,8,9,12,16,21,25,25,25,7214,0,7,7.56311184539873,4.633864002244081,179.45126099948538,8965.0
1789882838,50,GET,GET /api/v1/reservas/{id},5.600000,0.000000,5,5,5,5,7,7,7,8,8,8,8,2406,0,5,5.458683713228055,3.218318997824099,149.53343399974983,442.0
1789882838,50,POST,POST /api/v1/auth/login,0.000000,0.000000,0,0,0,0,0,0,0,0,0,0,0,50,0,1300.0,1369.1218887201103,628.633758999058,2104.1982940005255,1622.0
1789882838,50,,Aggregated,25.000000,0.000000,6,7,7,7,9,9,15,17,25,25,25,9670,0,6,14.079625263985383,3.218318997824099,2104.1982940005255,6806.417993795243
1789882839,50,GET,GET /api/v1/reservas,18.300000,0.000000,7,7,8,8,9,12,16,21,25,25,25,7230,0,7,7.562979600786935,4.633864002244081,179.45126099948538,8965.0
1789882839,50,GET,GET /api/v1/reservas/{id},5.800000,0.000000,5,5,5,6,7,7,7,8,8,8,8,2411,0,5,5.459741251358353,3.218318997824099,149.53343399974983,442.0
1789882839,50,POST,POST /api/v1/auth/login,0.000000,0.000000,0,0,0,0,0,0,0,0,0,0,0,50,0,1300.0,1369.1218887201103,628.633758999058,2104.1982940005255,1622.0
1789882839,50,,Aggregated,24.100000,0.000000,6,7,7,7,9,11,15,17,25,25,25,9691,0,6,14.064582922992471,3.218318997824099,2104.1982940005255,6806.6981735631
1789882840,50,GET,GET /api/v1/reservas,18.400000,0.000000,7,7,8,8,9,12,16,21,25,25,25,7254,0,7,7.559766681095544,4.633864002244081,179.45126099948538,8965.0
1789882840,50,GET,GET /api/v1/reservas/{id},6.000000,0.000000,5,5,5,6,7,7,7,8,8,8,8,2412,0,5,5.4591037155999524,3.218318997824099,149.53343399974983,442.0
1789882840,50,POST,POST /api/v1/auth/login,0.000000,0.000000,0,0,0,0,0,0,0,0,0,0,0,50,0,1300.0,1369.1218887201103,628.633758999058,2104.1982940005255,1622.0
1789882840,50,,Aggregated,24.400000,0.000000,6,7,7,8,9,11,15,17,25,25,25,9716,0,6,14.045080290520756,3.218318997824099,2104.1982940005255,6811.374433923425
1789882841,50,GET,GET /api/v1/reservas,18.100000,0.000000,7,7,8,8,9,11,13,16,22,22,22,7272,0,7,7.55991054107079,4.633864002244081,179.45126099948538,8965.0
1789882841,50,GET,GET /api/v1/reservas/{id},6.400000,0.000000,5,5,5,6,7,7,8,10,10,10,10,2419,0,5,5.459917062020058,3.218318997824099,149.53343399974983,442.0
1789882841,50,POST,POST /api/v1/auth/login,0.000000,0.000000,0,0,0,0,0,0,0,0,0,0,0,50,0,1300.0,1369.1218887201103,628.633758999058,2104.1982940005255,1622.0
1789882841,50,,Aggregated,24.500000,0.000000,6,7,7,8,9,10,13,15,22,22,22,9741,0,6,14.027235731824128,3.218318997824099,2104.1982940005255,6810.776922287239
1789882842,50,GET,GET /api/v1/reservas,17.700000,0.000000,7,7,7,8,9,10,12,13,22,22,22,7286,0,7,7.557230091910426,4.633864002244081,179.45126099948538,8965.0
1789882842,50,GET,GET /api/v1/reservas/{id},6.000000,0.000000,5,5,5,5,7,7,7,10,10,10,10,2426,0,5,5.456364426223889,3.218318997824099,149.53343399974983,442.0
1789882842,50,POST,POST /api/v1/auth/login,0.000000,0.000000,0,0,0,0,0,0,0,0,0,0,0,50,0,1300.0,1369.1218887201103,628.633758999058,2104.1982940005255,1622.0
1789882842,50,,Aggregated,23.700000,0.000000,6,7,7,7,9,10,12,13,22,22,22,9762,0,6,14.008933925802502,3.218318997824099,2104.1982940005255,6809.299528785085
1789882843,50,GET,GET /api/v1/reservas,18.400000,0.000000,7,7,8,8,9,11,12,13,22,22,22,7306,0,7,7.556885648187927,4.633864002244081,179.45126099948538,8965.0
1789882843,50,GET,GET /api/v1/reservas/{id},5.800000,0.000000,5,5,6,6,7,7,7,10,10,10,10,2434,0,5,5.4553202937676675,3.218318997824099,149.53343399974983,442.0
1789882843,50,POST,POST /api/v1/auth/login,0.000000,0.000000,0,0,0,0,0,0,0,0,0,0,0,50,0,1300.0,1369.1218887201103,628.633758999058,2104.1982940005255,1622.0
1789882843,50,,Aggregated,24.200000,0.000000,6,7,7,7,9,10,12,13,22,22,22,9790,0,6,13.988248271368438,3.218318997824099,2104.1982940005255,6808.500306435138
1789882844,50,GET,GET /api/v1/reservas,17.900000,0.000000,7,7,8,8,9,11,12,13,22,22,22,7324,0,7,7.553405931416295,4.633864002244081,179.45126099948538,8965.0
1789882844,50,GET,GET /api/v1/reservas/{id},5.800000,0.000000,5,5,6,6,7,7,7,10,10,10,10,2440,0,5,5.453477774191,3.218318997824099,149.53343399974983,442.0
1789882844,50,POST,POST /api/v1/auth/login,0.000000,0.000000,0,0,0,0,0,0,0,0,0,0,0,50,0,1300.0,1369.1218887201103,628.633758999058,2104.1982940005255,1622.0
1789882844,50,,Aggregated,23.700000,0.000000,6,7,7,7,9,10,12,13,22,22,22,9814,0,6,13.968180685421286,3.218318997824099,2104.1982940005255,6808.563276951294
1789882845,50,GET,GET /api/v1/reservas,17.600000,0.000000,7,7,8,8,10,12,13,14,22,22,22,7343,0,7,7.557446475103937,4.633864002244081,179.45126099948538,8965.0
1789882845,50,GET,GET /api/v1/reservas/{id},6.400000,0.000000,5,5,6,6,7,7,10,10,10,10,10,2446,0,5,5.453468184394367,3.218318997824099,149.53343399974983,442.0
1789882845,50,POST,POST /api/v1/auth/login,0.000000,0.000000,0,0,0,0,0,0,0,0,0,0,0,50,0,1300.0,1369.1218887201103,628.633758999058,2104.1982940005255,1622.0
1789882845,50,,Aggregated,24.000000,0.000000,6,7,7,8,10,11,13,13,22,22,22,9839,0,6,13.95361389183071,3.218318997824099,2104.1982940005255,6808.84510620998
1789882846,50,GET,GET /api/v1/reservas,18.000000,0.000000,7,7,8,8,10,12,13,14,22,22,22,7363,0,7,7.5535030996442245,4.633864002244081,179.45126099948538,8965.0
1789882846,50,GET,GET /api/v1/reservas/{id},6.200000,0.000000,5,5,6,6,7,7,10,10,10,10,10,2451,0,5,5.45128529948202,3.218318997824099,149.53343399974983,442.0
1789882846,50,POST,POST /api/v1/auth/login,0.000000,0.000000,0,0,0,0,0,0,0,0,0,0,0,50,0,1300.0,1369.1218887201103,628.633758999058,2104.1982940005255,1622.0
1789882846,50,,Aggregated,24.200000,0.000000,6,7,7,8,10,11,13,13,22,22,22,9864,0,6,13.932850570530857,3.218318997824099,2104.1982940005255,6809.989557988645
1789882847,50,GET,GET /api/v1/reservas,17.700000,0.000000,7,7,8,8,10,11,13,14,22,22,22,7387,0,7,7.552428780519013,4.633864002244081,179.45126099948538,8965.0
1789882847,50,GET,GET /api/v1/reservas/{id},6.500000,0.000000,5,5,6,6,7,10,10,10,10,10,10,2457,0,5,5.452375527076193,3.218318997824099,149.53343399974983,442.0
1789882847,50,POST,POST /api/v1/auth/login,0.000000,0.000000,0,0,0,0,0,0,0,0,0,0,0,50,0,1300.0,1369.1218887201103,628.633758999058,2104.1982940005255,1622.0
1789882847,50,,Aggregated,24.200000,0.000000,6,7,8,8,9,11,13,13,22,22,22,9894,0,6,13.91170128438707,3.218318997824099,2104.1982940005255,6811.355265817668
1789882848,50,GET,GET /api/v1/reservas,17.400000,0.000000,7,7,8,8,10,11,13,14,22,22,22,7403,0,7,7.5521188471842295,4.633864002244081,179.45126099948538,8965.0
1789882848,50,GET,GET /api/v1/reservas/{id},6.200000,0.000000,5,5,6,6,7,10,10,10,10,10,10,2463,0,5,5.452597170536902,3.218318997824099,149.53343399974983,442.0
1789882848,50,POST,POST /api/v1/auth/login,0.000000,0.000000,0,0,0,0,0,0,0,0,0,0,0,50,0,1300.0,1369.1218887201103,628.633758999058,2104.1982940005255,1622.0
1789882848,50,,Aggregated,23.600000,0.000000,6,7,7,8,9,10,12,13,22,22,22,9916,0,6,13.896145330046668,3.218318997824099,2104.1982940005255,6810.976300927793
1789882849,50,GET,GET /api/v1/reservas,17.900000,0.000000,7,7,8,8,10,11,13,14,22,22,22,7418,0,7,7.552458323500536,4.633864002244081,179.45126099948538,8965.0
1789882849,50,GET,GET /api/v1/reservas/{id},6.100000,0.000000,5,5,6,6,7,8,10,10,10,10,10,2475,0,5,5.452558402835763,3.218318997824099,149.53343399974983,442.0
1789882849,50,POST,POST /api/v1/auth/login,0.000000,0.000000,0,0,0,0,0,0,0,0,0,0,0,50,0,1300.0,1369.1218887201103,628.633758999058,2104.1982940005255,1622.0
1789882849,50,,Aggregated,24.000000,0.000000,6,7,8,8,9,10,12,13,22,22,22,9943,0,6,13.87662801234547,3.218318997824099,2104.1982940005255,6806.539273861008
1789882850,50,GET,GET /api/v1/reservas,18.900000,0.000000,7,7,8,8,10,11,13,14,22,22,22,7437,0,7,7.5490011814894356,4.633864002244081,179.45126099948538,8965.0
1789882850,50,GET,GET /api/v1/reservas/{id},6.000000,0.000000,5,5,6,6,7,8,10,10,10,10,10,2481,0,5,5.450229150754115,3.218318997824099,149.53343399974983,442.0
1789882850,50,POST,POST /api/v1/auth/login,0.000000,0.000000,0,0,0,0,0,0,0,0,0,0,0,50,0,1300.0,1369.1218887201103,628.633758999058,2104.1982940005255,1622.0
1789882850,50,,Aggregated,24.900000,0.000000,6,7,7,8,9,10,12,13,22,22,22,9968,0,6,13.856343774655237,3.218318997824099,2104.1982940005255,6806.8225321027285
1789882851,50,GET,GET /api/v1/reservas,18.700000,0.000000,7,7,8,8,10,11,13,14,14,14,14,7450,0,7,7.5498556979529905,4.633864002244081,179.45126099948538,8965.0
1789882851,50,GET,GET /api/v1/reservas/{id},5.800000,0.000000,5,5,6,6,8,9,10,16,16,16,16,2488,0,5,5.456116395104253,3.218318997824099,149.53343399974983,442.0
1789882851,50,POST,POST /api/v1/auth/login,0.000000,0.000000,0,0,0,0,0,0,0,0,0,0,0,50,0,1300.0,1369.1218887201103,628.633758999058,2104.1982940005255,1622.0
1789882851,50,,Aggregated,24.500000,0.000000,6,7,8,8,9,11,13,14,16,16,16,9988,0,6,13.844346913974237,3.218318997824099,2104.1982940005255,6805.170804965959
1789882852,50,GET,GET /api/v1/reservas,18.600000,0.000000,7,7,8,8,10,11,13,14,14,14,14,7475,0,7,7.545620838494,4.633864002244081,179.45126099948538,8965.0
1789882852,50,GET,GET /api/v1/reservas/{id},6.500000,0.000000,5,5,6,6,8,9,10,16,16,16,16,2493,0,5,5.454106986372264,3.218318997824099,149.53343399974983,442.0
1789882852,50,POST,POST /api/v1/auth/login,0.000000,0.000000,0,0,0,0,0,0,0,0,0,0,0,50,0,1300.0,1369.1218887201103,628.633758999058,2104.1982940005255,1622.0
1789882852,50,,Aggregated,25.100000,0.000000,6,7,8,8,9,11,12,14,16,16,16,10018,0,6,13.82079246563927,3.218318997824099,2104.1982940005255,6807.384807346776
1789882853,50,GET,GET /api/v1/reservas,18.400000,0.000000,6,7,8,8,10,11,13,14,14,14,14,7495,0,7,7.543315078417495,4.633864002244081,179.45126099948538,8965.0
1789882853,50,GET,GET /api/v1/reservas/{id},6.900000,0.000000,5,5,6,6,8,9,10,16,16,16,16,2496,0,5,5.453552254817414,3.218318997824099,149.53343399974983,442.0
1789882853,50,POST,POST /api/v1/auth/login,0.000000,0.000000,0,0,0,0,0,0,0,0,0,0,0,50,0,1300.0,1369.1218887201103,628.633758999058,2104.1982940005255,1622.0
1789882853,50,,Aggregated,25.300000,0.000000,6,7,7,8,9,11,13,14,16,16,16,10041,0,6,13.803934605793138,3.218318997824099,2104.1982940005255,6809.7805995418785
1789882854,50,GET,GET /api/v1/reservas,17.600000,0.000000,7,7,8,8,10,11,13,14,14,14,14,7517,0,7,7.540168964045832,4.633864002244081,179.45126099948538,8965.0
1789882854,50,GET,GET /api/v1/reservas/{id},6.900000,0.000000,5,5,6,6,8,9,10,16,16,16,16,2504,0,5,5.4499212859484185,3.218318997824099,149.53343399974983,442.0
1789882854,50,POST,POST /api/v1/auth/login,0.000000,0.000000,0,0,0,0,0,0,0,0,0,0,0,50,0,1300.0,1369.1218887201103,628.633758999058,2104.1982940005255,1622.0
1789882854,50,,Aggregated,24.500000,0.000000,6,7,7,8,9,11,12,14,16,16,16,10071,0,6,13.780374087851541,3.218318997824099,2104.1982940005255,6809.430344553669
1789882855,50,GET,GET /api/v1/reservas,18.900000,0.000000,6,7,7,8,9,10,11,12,14,14,14,7537,0,7,7.5376554538594736,4.633864002244081,179.45126099948538,8965.0
1789882855,50,GET,GET /api/v1/reservas/{id},6.600000,0.000000,5,5,6,6,8,8,10,16,16,16,16,2513,0,5,5.447796737764251,3.218318997824099,149.53343399974983,442.0
1789882855,50,POST,POST /api/v1/auth/login,0.000000,0.000000,0,0,0,0,0,0,0,0,0,0,0,50,0,1300.0,1369.1218887201103,628.633758999058,2104.1982940005255,1622.0
1789882855,50,,Aggregated,25.500000,0.000000,6,7,7,7,8,10,11,12,16,16,16,10100,0,6,13.758189781559002,3.218318997824099,2104.1982940005255,6808.024851485148
1789882856,50,GET,GET /api/v1/reservas,18.900000,0.000000,6,7,7,8,9,10,11,12,14,14,14,7554,0,7,7.533649391681196,4.633864002244081,179.45126099948538,8965.0
1789882856,50,GET,GET /api/v1/reservas/{id},6.200000,0.000000,5,5,6,6,8,8,10,16,16,16,16,2520,0,5,5.444559644840613,3.218318997824099,149.53343399974983,442.0
1789882856,50,POST,POST /api/v1/auth/login,0.000000,0.000000,0,0,0,0,0,0,0,0,0,0,0,50,0,1300.0,1369.1218887201103,628.633758999058,2104.1982940005255,1622.0
1789882856,50,,Aggregated,25.100000,0.000000,6,7,7,7,8,10,11,12,16,16,16,10124,0,6,13.738203501161953,3.218318997824099,2104.1982940005255,6807.245160015804
1789882857,50,GET,GET /api/v1/reservas,19.400000,0.000000,6,7,7,7,8,10,11,12,14,14,14,7570,0,7,7.5320632475227365,4.633864002244081,179.45126099948538,8965.0
1789882857,50,GET,GET /api/v1/reservas/{id},6.400000,0.000000,5,5,6,6,6,8,9,16,16,16,16,2529,0,5,5.443551994466091,3.218318997824099,149.53343399974983,442.0
1789882857,50,POST,POST /api/v1/auth/login,0.000000,0.000000,0,0,0,0,0,0,0,0,0,0,0,50,0,1300.0,1369.1218887201103,628.633758999058,2104.1982940005255,1622.0
1789882857,50,,Aggregated,25.800000,0.000000,6,7,7,7,8,9,11,12,16,16,16,10149,0,6,13.719633088359185,3.218318997824099,2104.1982940005255,6805.002266233127
1789882858,50,GET,GET /api/v1/reservas,19.600000,0.000000,6,7,7,8,9,10,13,16,16,16,16,7588,0,7,7.53534303041002,4.633864002244081,179.45126099948538,8965.0
1789882858,50,GET,GET /api/v1/reservas/{id},6.700000,0.000000,5,5,6,6,7,8,10,16,16,16,16,2538,0,5,5.445063930260371,3.218318997824099,149.53343399974983,442.0
1789882858,50,POST,POST /api/v1/auth/login,0.000000,0.000000,0,0,0,0,0,0,0,0,0,0,0,50,0,1300.0,1369.1218887201103,628.633758999058,2104.1982940005255,1622.0
1789882858,50,,Aggregated,26.300000,0.000000,6,7,7,7,8,10,12,16,16,16,16,10176,0,6,13.704191195534353,3.218318997824099,2104.1982940005255,6803.19536163522
1789882859,50,GET,GET /api/v1/reservas,19.100000,0.000000,6,7,7,8,8,10,13,16,16,16,16,7603,0,7,7.535703040084134,4.633864002244081,179.45126099948538,8965.0
1789882859,50,GET,GET /api/v1/reservas/{id},6.800000,0.000000,5,5,6,6,7,8,10,16,16,16,16,2546,0,5,5.445105426546117,3.218318997824099,149.53343399974983,442.0
1789882859,50,POST,POST /api/v1/auth/login,0.000000,0.000000,0,0,0,0,0,0,0,0,0,0,0,50,0,1300.0,1369.1218887201103,628.633758999058,2104.1982940005255,1622.0
1789882859,50,,Aggregated,25.900000,0.000000,6,7,7,7,8,10,12,16,16,16,16,10199,0,6,13.68891882201702,3.218318997824099,2104.1982940005255,6801.385135797627
1789882860,50,GET,GET /api/v1/reservas,18.400000,0.000000,6,7,8,8,9,11,14,16,16,16,16,7622,0,7,7.535225886744818,4.633864002244081,179.45126099948538,8965.0
1789882860,50,GET,GET /api/v1/reservas/{id},7.200000,0.000000,5,5,6,6,7,8,10,16,16,16,16,2556,0,5,5.443166323542889,3.218318997824099,149.53343399974983,442.0
1789882860,50,POST,POST /api/v1/auth/login,0.000000,0.000000,0,0,0,0,0,0,0,0,0,0,0,50,0,1300.0,1369.1218887201103,628.633758999058,2104.1982940005255,1622.0
1789882860,50,,Aggregated,25.600000,0.000000,6,7,7,8,8,10,13,16,16,16,16,10228,0,6,13.668588117691645,3.218318997824099,2104.1982940005255,6799.186742276105
1789882861,50,GET,GET /api/v1/reservas,18.400000,0.000000,6,7,8,8,9,11,15,16,18,18,18,7640,0,7,7.537323498396119,4.633864002244081,179.45126099948538,8965.0
1789882861,50,GET,GET /api/v1/reservas/{id},7.300000,0.000000,5,5,6,6,7,7,9,10,10,10,10,2560,0,5,5.444659952331676,3.218318997824099,149.53343399974983,442.0
1789882861,50,POST,POST /api/v1/auth/login,0.000000,0.000000,0,0,0,0,0,0,0,0,0,0,0,50,0,1300.0,1369.1218887201103,628.633758999058,2104.1982940005255,1622.0
1789882861,50,,Aggregated,25.700000,0.000000,6,7,7,8,8,10,13,16,18,18,18,10250,0,6,13.656543945533752,3.218318997824099,2104.1982940005255,6800.509268292683
1789882862,50,GET,GET /api/v1/reservas,18.500000,0.000000,7,7,8,8,10,11,15,16,18,18,18,7657,0,7,7.53523275052069,4.633864002244081,179.45126099948538,8965.0
1789882862,50,GET,GET /api/v1/reservas/{id},7.100000,0.000000,5,5,6,6,7,7,9,10,10,10,10,2565,0,5,5.443043812069943,3.218318997824099,149.53343399974983,442.0
1789882862,50,POST,POST /api/v1/auth/login,0.000000,0.000000,0,0,0,0,0,0,0,0,0,0,0,50,0,1300.0,1369.1218887201103,628.633758999058,2104.1982940005255,1622.0
1789882862,50,,Aggregated,25.600000,0.000000,6,7,7,8,9,10,13,16,18,18,18,10272,0,6,13.640457455675802,3.218318997824099,2104.1982940005255,6800.996397975078
1789882863,50,GET,GET /api/v1/reservas,18.200000,0.000000,7,7,8,8,9,11,16,18,18,18,18,7679,0,7,7.533847755535455,4.633864002244081,179.45126099948538,8965.0
1789882863,50,GET,GET /api/v1/reservas/{id},7.500000,0.000000,5,5,6,6,7,8,9,10,10,10,10,2572,0,5,5.441865266315471,3.218318997824099,149.53343399974983,442.0
1789882863,50,POST,POST /api/v1/auth/login,0.000000,0.000000,0,0,0,0,0,0,0,0,0,0,0,50,0,1300.0,1369.1218887201103,628.633758999058,2104.1982940005255,1622.0
1789882863,50,,Aggregated,25.700000,0.000000,6,7,7,8,9,10,14,16,18,18,18,10301,0,6,13.620521193643885,3.218318997824099,2104.1982940005255,6801.296864382099
1789882864,50,GET,GET /api/v1/reservas,19.000000,0.000000,7,7,8,8,10,11,16,18,18,18,18,7693,0,7,7.532346456485865,4.633864002244081,179.45126099948538,8965.0
1789882864,50,GET,GET /api/v1/reservas/{id},7.200000,0.000000,5,5,6,6,7,8,9,10,10,10,10,2576,0,5,5.439956123044687,3.218318997824099,149.53343399974983,442.0
1789882864,50,POST,POST /api/v1/auth/login,0.000000,0.000000,0,0,0,0,0,0,0,0,0,0,0,50,0,1300.0,1369.1218887201103,628.633758999058,2104.1982940005255,1622.0
1789882864,50,,Aggregated,26.200000,0.000000,6,7,7,8,9,10,15,16,18,18,18,10319,0,6,13.607497111998681,3.218318997824099,2104.1982940005255,6801.767322414963
1789882865,50,GET,GET /api/v1/reservas,18.100000,0.000000,7,7,8,8,10,11,16,18,18,18,18,7717,0,7,7.528461369540472,4.633864002244081,179.45126099948538,8965.0
1789882865,50,GET,GET /api/v1/reservas/{id},7.200000,0.000000,5,5,5,6,7,8,9,10,10,10,10,2584,0,5,5.435520210504638,3.218318997824099,149.53343399974983,442.0
1789882865,50,POST,POST /api/v1/auth/login,0.000000,0.000000,0,0,0,0,0,0,0,0,0,0,0,50,0,1300.0,1369.1218887201103,628.633758999058,2104.1982940005255,1622.0
1789882865,50,,Aggregated,25.300000,0.000000,6,7,7,8,9,10,15,16,18,18,18,10351,0,6,13.583094874765077,3.218318997824099,2104.1982940005255,6801.8677422471255
1789882866,50,GET,GET /api/v1/reservas,18.500000,0.000000,7,7,8,8,10,11,16,18,18,18,18,7731,0,7,7.528061561341472,4.633864002244081,179.45126099948538,8965.0
1789882866,50,GET,GET /api/v1/reservas/{id},7.700000,0.000000,5,5,6,6,7,9,10,13,13,13,13,2589,0,5,5.438778543812084,3.218318997824099,149.53343399974983,442.0
1789882866,50,POST,POST /api/v1/auth/login,0.000000,0.000000,0,0,0,0,0,0,0,0,0,0,0,50,0,1300.0,1369.1218887201103,628.633758999058,2104.1982940005255,1622.0
1789882866,50,,Aggregated,26.200000,0.000000,6,7,8,8,9,11,15,16,18,18,18,10370,0,6,13.571507812600379,3.218318997824099,2104.1982940005255,6801.721600771456
1789882867,50,GET,GET /api/v1/reservas,17.700000,0.000000,7,7,8,8,10,11,16,18,18,18,18,7749,0,7,7.524992306198926,4.633864002244081,179.45126099948538,8965.0
1789882867,50,GET,GET /api/v1/reservas/{id},7.200000,0.000000,5,5,5,6,7,9,10,13,13,13,13,2601,0,5,5.434075801586683,3.218318997824099,149.53343399974983,442.0
1789882867,50,POST,POST /api/v1/auth/login,0.000000,0.000000,0,0,0,0,0,0,0,0,0,0,0,50,0,1300.0,1369.1218887201103,628.633758999058,2104.1982940005255,1622.0
1789882867,50,,Aggregated,24.900000,0.000000,6,7,7,8,9,11,15,16,18,18,18,10400,0,6,13.54820105544884,3.218318997824099,2104.1982940005255,6798.127596153846
1789882868,50,GET,GET /api/v1/reservas,18.000000,0.000000,6,7,8,8,9,11,14,18,18,18,18,7772,0,7,7.52367752067975,4.633864002244081,179.45126099948538,8965.0
1789882868,50,GET,GET /api/v1/reservas/{id},7.100000,0.000000,5,5,5,6,7,9,9,13,13,13,13,2603,0,5,5.435643148646029,3.218318997824099,149.53343399974983,442.0
1789882868,50,POST,POST /api/v1/auth/login,0.000000,0.000000,0,0,0,0,0,0,0,0,0,0,0,50,0,1300.0,1369.1218887201103,628.633758999058,2104.1982940005255,1622.0
1789882868,50,,Aggregated,25.100000,0.000000,6,7,7,8,9,10,13,15,18,18,18,10425,0,6,13.532766929750997,3.218318997824099,2104.1982940005255,6801.688824940048
1789882869,50,GET,GET /api/v1/reservas,17.900000,0.000000,7,7,8,8,9,11,14,18,18,18,18,7789,0,7,7.5249651225711665,4.633864002244081,179.45126099948538,8965.0
1789882869,50,GET,GET /api/v1/reservas/{id},7.000000,0.000000,5,5,6,6,6,9,9,13,13,13,13,2610,0,5,5.435661056292622,3.218318997824099,149.53343399974983,442.0
1789882869,50,POST,POST /api/v1/auth/login,0.000000,0.000000,0,0,0,0,0,0,0,0,0,0,0,50,0,1300.0,1369.1218887201103,628.633758999058,2104.1982940005255,1622.0
1789882869,50,,Aggregated,24.900000,0.000000,6,7,7,8,9,10,13,15,18,18,18,10449,0,6,13.518530302673565,3.218318997824099,2104.1982940005255,6800.947937601684
1789882870,50,GET,GET /api/v1/reservas,17.900000,0.000000,7,7,8,8,10,11,12,18,18,18,18,7808,0,7,7.525797958082801,4.633864002244081,179.45126099948538,8965.0
1789882870,50,GET,GET /api/v1/reservas/{id},7.200000,0.000000,5,5,6,6,8,9,9,13,13,13,13,2618,0,5,5.439347807077449,3.218318997824099,149.53343399974983,442.0
1789882870,50,POST,POST /api/v1/auth/login,0.000000,0.000000,0,0,0,0,0,0,0,0,0,0,0,50,0,1300.0,1369.1218887201103,628.633758999058,2104.1982940005255,1622.0
1789882870,50,,Aggregated,25.100000,0.000000,6,7,8,8,9,10,12,15,18,18,18,10476,0,6,13.503029539103169,3.218318997824099,2104.1982940005255,6800.0168003054605
1789882871,50,GET,GET /api/v1/reservas,18.400000,0.000000,7,7,8,8,9,10,12,12,18,18,18,7827,0,7,7.52283947038535,4.633864002244081,179.45126099948538,8965.0
1789882871,50,GET,GET /api/v1/reservas/{id},6.500000,0.000000,5,5,6,6,7,9,9,13,13,13,13,2623,0,5,5.438044803251383,3.218318997824099,149.53343399974983,442.0
1789882871,50,POST,POST /api/v1/auth/login,0.000000,0.000000,0,0,0,0,0,0,0,0,0,0,0,50,0,1300.0,1369.1218887201103,628.633758999058,2104.1982940005255,1622.0
1789882871,50,,Aggregated,24.900000,0.000000,6,7,7,8,9,10,12,12,18,18,18,10500,0,6,13.485842903775241,3.218318997824099,2104.1982940005255,6800.906761904762
1789882872,50,GET,GET /api/v1/reservas,18.600000,0.000000,6,7,8,8,9,10,12,12,18,18,18,7850,0,7,7.518686328879832,4.633864002244081,179.45126099948538,8965.0
1789882872,50,GET,GET /api/v1/reservas/{id},6.300000,0.000000,5,5,6,6,7,9,9,13,13,13,13,2629,0,5,5.435602645084505,3.218318997824099,149.53343399974983,442.0
1789882872,50,POST,POST /api/v1/auth/login,0.000000,0.000000,0,0,0,0,0,0,0,0,0,0,0,50,0,1300.0,1369.1218887201103,628.633758999058,2104.1982940005255,1622.0
1789882872,50,,Aggregated,24.900000,0.000000,6,7,7,8,9,10,11,12,18,18,18,10529,0,6,13.464524785985313,3.218318997824099,2104.1982940005255,6802.01044733593
1789882873,50,GET,GET /api/v1/reservas,18.600000,0.000000,6,7,8,8,9,10,11,12,12,12,12,7864,0,7,7.516594596096796,4.633864002244081,179.45126099948538,8965.0
1789882873,50,GET,GET /api/v1/reservas/{id},6.200000,0.000000,5,5,6,6,7,9,9,13,13,13,13,2632,0,5,5.435190834699034,3.218318997824099,149.53343399974983,442.0
1789882873,50,POST,POST /api/v1/auth/login,0.000000,0.000000,0,0,0,0,0,0,0,0,0,0,0,50,0,1300.0,1369.1218887201103,628.633758999058,2104.1982940005255,1622.0
1789882873,50,,Aggregated,24.800000,0.000000,6,7,7,8,8,10,11,12,13,13,13,10546,0,6,13.452685057523096,3.218318997824099,2104.1982940005255,6803.072634174095
1789882874,50,GET,GET /api/v1/reservas,18.600000,0.000000,6,7,8,8,9,10,12,12,12,12,12,7885,0,7,7.515875717146516,4.633864002244081,179.45126099948538,8965.0
1789882874,50,GET,GET /api/v1/reservas/{id},6.400000,0.000000,5,5,6,6,7,8,9,13,13,13,13,2641,0,5,5.434255765212391,3.218318997824099,149.53343399974983,442.0
1789882874,50,POST,POST /api/v1/auth/login,0.000000,0.000000,0,0,0,0,0,0,0,0,0,0,0,50,0,1300.0,1369.1218887201103,628.633758999058,2104.1982940005255,1622.0
1789882874,50,,Aggregated,25.000000,0.000000,6,7,7,8,9,10,11,12,13,13,13,10576,0,6,13.433305970275313,3.218318997824099,2104.1982940005255,6801.952250378215
1789882875,50,GET,GET /api/v1/reservas,19.300000,0.000000,6,7,8,8,9,10,12,12,12,12,12,7906,0,7,7.512762913320385,4.633864002244081,179.45126099948538,8965.0
1789882875,50,GET,GET /api/v1/reservas/{id},6.400000,0.000000,5,5,6,6,7,9,9,13,13,13,13,2643,0,5,5.433563063155561,3.218318997824099,149.53343399974983,442.0
1789882875,50,POST,POST /api/v1/auth/login,0.000000,0.000000,0,0,0,0,0,0,0,0,0,0,0,50,0,1300.0,1369.1218887201103,628.633758999058,2104.1982940005255,1622.0
1789882875,50,,Aggregated,25.700000,0.000000,6,7,7,8,9,10,12,12,13,13,13,10599,0,6,13.417577620967698,3.218318997824099,2104.1982940005255,6805.037833757901
1789882876,50,GET,GET /api/v1/reservas,18.300000,0.000000,7,7,8,8,9,10,12,12,14,14,14,7926,0,7,7.513228980533056,4.633864002244081,179.45126099948538,8965.0
1789882876,50,GET,GET /api/v1/reservas/{id},5.900000,0.000000,5,5,6,6,7,8,9,10,10,10,10,2651,0,5,5.434578139914491,3.218318997824099,149.53343399974983,442.0
1789882876,50,POST,POST /api/v1/auth/login,0.000000,0.000000,0,0,0,0,0,0,0,0,0,0,0,50,0,1300.0,1369.1218887201103,628.633758999058,2104.1982940005255,1622.0
1789882876,50,,Aggregated,24.200000,0.000000,6,7,7,8,9,10,12,12,14,14,14,10627,0,6,13.401055235214438,3.218318997824099,2104.1982940005255,6804.312788181048
1789882877,50,GET,GET /api/v1/reservas,19.000000,0.000000,6,7,8,8,9,10,12,12,14,14,14,7945,0,7,7.51050678725245,4.633864002244081,179.45126099948538,8965.0
1789882877,50,GET,GET /api/v1/reservas/{id},6.400000,0.000000,5,6,6,6,7,9,9,10,10,10,10,2659,0,5,5.433058981543787,3.218318997824099,149.53343399974983,442.0
1789882877,50,POST,POST /api/v1/auth/login,0.000000,0.000000,0,0,0,0,0,0,0,0,0,0,0,50,0,1300.0,1369.1218887201103,628.633758999058,2104.1982940005255,1622.0
1789882877,50,,Aggregated,25.400000,0.000000,6,7,7,8,9,10,12,12,14,14,14,10654,0,6,13.382163947123255,3.218318997824099,2104.1982940005255,6803.388680307866
1789882878,50,GET,GET /api/v1/reservas,18.700000,0.000000,7,7,8,8,9,11,12,12,14,14,14,7964,0,7,7.50984162352159,4.633864002244081,179.45126099948538,8965.0
1789882878,50,GET,GET /api/v1/reservas/{id},6.000000,0.000000,5,5,6,6,7,8,9,10,10,10,10,2665,0,5,5.432275202223379,3.218318997824099,149.53343399974983,442.0
1789882878,50,POST,POST /api/v1/auth/login,0.000000,0.000000,0,0,0,0,0,0,0,0,0,0,0,50,0,1300.0,1369.1218887201103,628.633758999058,2104.1982940005255,1622.0
1789882878,50,,Aggregated,24.700000,0.000000,6,7,7,8,9,10,11,12,14,14,14,10679,0,6,13.366559278926562,3.218318997824099,2104.1982940005255,6803.660455098792
1789882879,50,GET,GET /api/v1/reservas,19.400000,0.000000,6,7,7,8,9,11,12,27,30,30,30,7980,0,7,7.514720518761955,4.633864002244081,179.45126099948538,8965.0
1789882879,50,GET,GET /api/v1/reservas/{id},6.200000,0.000000,5,5,6,6,8,9,10,26,26,26,26,2674,0,5,5.439826811492013,3.218318997824099,149.53343399974983,442.0
1789882879,50,POST,POST /api/v1/auth/login,0.000000,0.000000,0,0,0,0,0,0,0,0,0,0,0,50,0,1300.0,1369.1218887201103,628.633758999058,2104.1982940005255,1622.0
1789882879,50,,Aggregated,25.600000,0.000000,6,7,7,8,9,10,12,26,30,30,30,10704,0,6,13.356657424295175,3.218318997824099,2104.1982940005255,6801.542227204784
1789882880,50,GET,GET /api/v1/reservas,19.300000,0.000000,6,7,7,8,9,11,12,27,30,30,30,7994,0,7,7.515215581148857,4.633864002244081,179.45126099948538,8965.0
1789882880,50,GET,GET /api/v1/reservas/{id},5.800000,0.000000,5,5,6,6,7,8,10,26,26,26,26,2685,0,5,5.440628989167153,3.218318997824099,149.53343399974983,442.0
1789882880,50,POST,POST /api/v1/auth/login,0.000000,0.000000,0,0,0,0,0,0,0,0,0,0,0,50,0,1300.0,1369.1218887201103,628.633758999058,2104.1982940005255,1622.0
1789882880,50,,Aggregated,25.100000,0.000000,6,7,7,7,9,10,12,26,30,30,30,10729,0,6,13.341487242764776,3.218318997824099,2104.1982940005255,6797.845092739305
1789882881,50,GET,GET /api/v1/reservas,19.200000,0.000000,7,7,8,8,9,11,12,27,30,30,30,8006,0,7,7.515353013829408,4.633864002244081,179.45126099948538,8965.0
1789882881,50,GET,GET /api/v1/reservas/{id},6.200000,0.000000,5,5,6,6,7,8,10,26,26,26,26,2693,0,5,5.438947296670398,3.218318997824099,149.53343399974983,442.0
1789882881,50,POST,POST /api/v1/auth/login,0.000000,0.000000,0,0,0,0,0,0,0,0,0,0,0,50,0,1300.0,1369.1218887201103,628.633758999058,2104.1982940005255,1622.0
1789882881,50,,Aggregated,25.400000,0.000000,6,7,7,8,9,10,12,26,30,30,30,10749,0,6,13.328783676124024,3.218318997824099,2104.1982940005255,6795.534096194995
1789882882,50,GET,GET /api/v1/reservas,19.100000,0.000000,7,7,8,8,9,11,12,27,30,30,30,8030,0,7,7.511253645918502,4.633864002244081,179.45126099948538,8965.0
1789882882,50,GET,GET /api/v1/reservas/{id},6.600000,0.000000,5,5,6,6,7,8,10,26,26,26,26,2698,0,5,5.437662860613051,3.218318997824099,149.53343399974983,442.0
1789882882,50,POST,POST /api/v1/auth/login,0.000000,0.000000,0,0,0,0,0,0,0,0,0,0,0,50,0,1300.0,1369.1218887201103,628.633758999058,2104.1982940005255,1622.0
1789882882,50,,Aggregated,25.700000,0.000000,6,7,7,8,9,10,12,26,30,30,30,10778,0,6,13.308802710212014,3.218318997824099,2104.1982940005255,6797.417517164595
1789882883,50,GET,GET /api/v1/reservas,18.600000,0.000000,7,7,8,8,9,11,12,27,30,30,30,8048,0,7,7.50841942541431,4.633864002244081,179.45126099948538,8965.0
1789882883,50,GET,GET /api/v1/reservas/{id},6.700000,0.000000,5,5,6,6,7,8,10,26,26,26,26,2704,0,5,5.434895038807774,3.218318997824099,149.53343399974983,442.0
1789882883,50,POST,POST /api/v1/auth/login,0.000000,0.000000,0,0,0,0,0,0,0,0,0,0,0,50,0,1300.0,1369.1218887201103,628.633758999058,2104.1982940005255,1622.0
1789882883,50,,Aggregated,25.300000,0.000000,6,7,7,8,9,10,12,26,30,30,30,10802,0,6,13.291965391286437,3.218318997824099,2104.1982940005255,6797.499351971857
1789882884,50,GET,GET /api/v1/reservas,18.000000,0.000000,7,7,8,8,9,10,12,27,30,30,30,8065,0,7,7.507787762523438,4.633864002244081,179.45126099948538,8965.0
1789882884,50,GET,GET /api/v1/reservas/{id},7.000000,0.000000,5,5,5,6,7,8,10,26,26,26,26,2713,0,5,5.4300511182966655,3.218318997824099,149.53343399974983,442.0
1789882884,50,POST,POST /api/v1/auth/login,0.000000,0.000000,0,0,0,0,0,0,0,0,0,0,0,50,0,1300.0,1369.1218887201103,628.633758999058,2104.1982940005255,1622.0
1789882884,50,,Aggregated,25.000000,0.000000,6,7,7,8,9,10,11,26,30,30,30,10828,0,6,13.274670430799398,3.218318997824099,2104.1982940005255,6795.619782046546
1789882885,50,GET,GET /api/v1/reservas,17.900000,0.000000,7,7,8,8,9,10,12,27,30,30,30,8082,0,7,7.504976326993026,4.633864002244081,179.45126099948538,8965.0
1789882885,50,GET,GET /api/v1/reservas/{id},6.900000,0.000000,5,5,6,6,7,8,10,26,26,26,26,2723,0,5,5.42866957250982,3.218318997824099,149.53343399974983,442.0
1789882885,50,POST,POST /api/v1/auth/login,0.000000,0.000000,0,0,0,0,0,0,0,0,0,0,0,50,0,1300.0,1369.1218887201103,628.633758999058,2104.1982940005255,1622.0
1789882885,50,,Aggregated,24.800000,0.000000,6,7,7,8,9,10,11,26,30,30,30,10855,0,6,13.255972395827488,3.218318997824099,2104.1982940005255,6793.164071856288
1789882886,50,GET,GET /api/v1/reservas,18.600000,0.000000,7,7,8,8,9,10,11,27,30,30,30,8098,0,7,7.504965367590922,4.633864002244081,179.45126099948538,8965.0
1789882886,50,GET,GET /api/v1/reservas/{id},7.200000,0.000000,5,5,5,6,7,8,9,26,26,26,26,2729,0,5,5.428575576013777,3.218318997824099,149.53343399974983,442.0
1789882886,50,POST,POST /api/v1/auth/login,0.000000,0.000000,0,0,0,0,0,0,0,0,0,0,0,50,0,1300.0,1369.1218887201103,628.633758999058,2104.1982940005255,1622.0
1789882886,50,,Aggregated,25.800000,0.000000,6,7,7,8,9,10,11,26,30,30,30,10877,0,6,13.243163255465515,3.218318997824099,2104.1982940005255,6792.855382918084
1789882887,50,GET,GET /api/v1/reservas,17.900000,0.000000,6,7,8,8,9,10,11,27,30,30,30,8124,0,7,7.500197417496681,4.633864002244081,179.45126099948538,8965.0
1789882887,50,GET,GET /api/v1/reservas/{id},7.200000,0.000000,5,5,5,6,7,8,9,26,26,26,26,2735,0,5,5.425927465065094,3.218318997824099,149.53343399974983,442.0
1789882887,50,POST,POST /api/v1/auth/login,0.000000,0.000000,0,0,0,0,0,0,0,0,0,0,0,50,0,1300.0,1369.1218887201103,628.633758999058,2104.1982940005255,1622.0
1789882887,50,,Aggregated,25.100000,0.000000,6,7,7,8,9,10,11,26,30,30,30,10909,0,6,13.220974413117753,3.218318997824099,2104.1982940005255,6794.539371161426
1789882888,50,GET,GET /api/v1/reservas,17.600000,0.000000,6,7,7,8,9,10,10,27,30,30,30,8139,0,7,7.49817421805282,4.633864002244081,179.45126099948538,8965.0
1789882888,50,GET,GET /api/v1/reservas/{id},8.000000,0.000000,5,5,5,6,7,8,8,26,26,26,26,2738,0,5,5.426291266965808,3.218318997824099,149.53343399974983,442.0
1789882888,50,POST,POST /api/v1/auth/login,0.000000,0.000000,0,0,0,0,0,0,0,0,0,0,0,50,0,1300.0,1369.1218887201103,628.633758999058,2104.1982940005255,1622.0
1789882888,50,,Aggregated,25.600000,0.000000,6,7,7,7,8,9,10,26,30,30,30,10927,0,6,13.209565286509545,3.218318997824099,2104.1982940005255,6795.774778072664
1789882889,50,GET,GET /api/v1/reservas,17.300000,0.000000,6,7,7,8,9,10,10,12,14,14,14,8158,0,7,7.498777331544095,4.633864002244081,179.45126099948538,8965.0
1789882889,50,GET,GET /api/v1/reservas/{id},7.700000,0.000000,5,5,6,6,7,8,9,9,9,9,9,2752,0,5,5.42834186262553,3.218318997824099,149.53343399974983,442.0
1789882889,50,POST,POST /api/v1/auth/login,0.000000,0.000000,0,0,0,0,0,0,0,0,0,0,0,50,0,1300.0,1369.1218887201103,628.633758999058,2104.1982940005255,1622.0
1789882889,50,,Aggregated,25.000000,0.000000,6,7,7,7,8,9,10,11,14,14,14,10960,0,6,13.190685831449608,3.218318997824099,2104.1982940005255,6791.419160583941
1789882890,50,GET,GET /api/v1/reservas,18.000000,0.000000,6,7,7,8,9,10,12,15,21,21,21,8175,0,7,7.501269087307717,4.633864002244081,179.45126099948538,8965.0
1789882890,50,GET,GET /api/v1/reservas/{id},7.600000,0.000000,5,5,6,6,7,8,9,9,9,9,9,2754,0,5,5.429493884874341,3.218318997824099,149.53343399974983,442.0
1789882890,50,POST,POST /api/v1/auth/login,0.000000,0.000000,0,0,0,0,0,0,0,0,0,0,0,50,0,1300.0,1369.1218887201103,628.633758999058,2104.1982940005255,1622.0
1789882890,50,,Aggregated,25.600000,0.000000,6,7,7,7,9,9,11,14,21,21,21,10979,0,6,13.182602731003739,3.218318997824099,2104.1982940005255,6793.628108206576
1789882891,50,GET,GET /api/v1/reservas,17.500000,0.000000,6,7,8,8,9,12,21,31,36,36,36,8201,0,7,7.510231729514478,4.633864002244081,179.45126099948538,8965.0
1789882891,50,GET,GET /api/v1/reservas/{id},7.300000,0.000000,5,5,6,6,7,8,9,9,9,9,9,2759,0,5,5.428263080442556,3.218318997824099,149.53343399974983,442.0
1789882891,50,POST,POST /api/v1/auth/login,0.000000,0.000000,0,0,0,0,0,0,0,0,0,0,0,50,0,1300.0,1369.1218887201103,628.633758999058,2104.1982940005255,1622.0
1789882891,50,,Aggregated,24.800000,0.000000,6,7,7,8,9,10,15,22,36,36,36,11010,0,6,13.172032941752477,3.218318997824099,2104.1982940005255,6795.871298819256
1789882892,50,GET,GET /api/v1/reservas,17.800000,0.000000,6,7,8,8,9,12,21,31,36,36,36,8217,0,7,7.508192502587232,4.633864002244081,179.45126099948538,8965.0
1789882892,50,GET,GET /api/v1/reservas/{id},7.600000,0.000000,5,5,6,6,7,8,9,9,9,9,9,2766,0,5,5.4252026290438335,3.218318997824099,149.53343399974983,442.0
1789882892,50,POST,POST /api/v1/auth/login,0.000000,0.000000,0,0,0,0,0,0,0,0,0,0,0,50,0,1300.0,1369.1218887201103,628.633758999058,2104.1982940005255,1622.0
1789882892,50,,Aggregated,25.400000,0.000000,6,7,7,8,9,10,15,22,36,36,36,11033,0,6,13.156623103571109,3.218318997824099,2104.1982940005255,6794.9856793256595
1789882893,50,GET,GET /api/v1/reservas,18.100000,0.000000,6,7,8,8,9,12,21,31,36,36,36,8237,0,7,7.505111521035718,4.633864002244081,179.45126099948538,8965.0
1789882893,50,GET,GET /api/v1/reservas/{id},6.900000,0.000000,5,5,6,6,7,8,9,9,9,9,9,2770,0,5,5.4238319671252615,3.218318997824099,149.53343399974983,442.0
1789882893,50,POST,POST /api/v1/auth/login,0.000000,0.000000,0,0,0,0,0,0,0,0,0,0,0,50,0,1300.0,1369.1218887201103,628.633758999058,2104.1982940005255,1622.0
1789882893,50,,Aggregated,25.000000,0.000000,6,7,7,8,9,10,15,22,36,36,36,11057,0,6,13.140970659646712,3.218318997824099,2104.1982940005255,6796.612553133761
1789882894,50,GET,GET /api/v1/reservas,19.400000,0.000000,6,7,8,8,9,12,21,31,36,36,36,8262,0,7,7.503354301956181,4.633864002244081,179.45126099948538,8965.0
1789882894,50,GET,GET /api/v1/reservas/{id},6.600000,0.000000,5,5,6,6,7,8,9,9,9,9,9,2772,0,5,5.423448885978456,3.218318997824099,149.53343399974983,442.0
1789882894,50,POST,POST /api/v1/auth/login,0.000000,0.000000,0,0,0,0,0,0,0,0,0,0,0,50,0,1300.0,1369.1218887201103,628.633758999058,2104.1982940005255,1622.0
1789882894,50,,Aggregated,26.000000,0.000000,6,7,7,8,9,10,15,22,36,36,36,11084,0,6,13.125460843621415,3.218318997824099,2104.1982940005255,6800.356730422231
1789882895,50,GET,GET /api/v1/reservas,18.900000,0.000000,6,7,8,8,9,12,21,31,36,36,36,8281,0,7,7.499780378548344,4.633864002244081,179.45126099948538,8965.0
1789882895,50,GET,GET /api/v1/reservas/{id},6.800000,0.000000,5,5,6,6,7,8,9,9,9,9,9,2775,0,5,5.422009722136175,3.218318997824099,149.53343399974983,442.0
1789882895,50,POST,POST /api/v1/auth/login,0.000000,0.000000,0,0,0,0,0,0,0,0,0,0,0,50,0,1300.0,1369.1218887201103,628.633758999058,2104.1982940005255,1622.0
1789882895,50,,Aggregated,25.700000,0.000000,6,7,7,8,9,10,16,22,36,36,36,11106,0,6,13.110737685007406,3.218318997824099,2104.1982940005255,6802.342427516658
1789882896,50,GET,GET /api/v1/reservas,18.700000,0.000000,6,7,7,8,9,11,16,22,36,36,36,8303,0,7,7.498593722842899,4.633864002244081,179.45126099948538,8965.0
1789882896,50,GET,GET /api/v1/reservas/{id},6.600000,0.000000,5,5,6,6,7,8,9,9,9,9,9,2778,0,5,5.421337119482562,3.218318997824099,149.53343399974983,442.0
1789882896,50,POST,POST /api/v1/auth/login,0.000000,0.000000,0,0,0,0,0,0,0,0,0,0,0,50,0,1300.0,1369.1218887201103,628.633758999058,2104.1982940005255,1622.0
1789882896,50,,Aggregated,25.300000,0.000000,6,7,7,8,9,10,15,22,36,36,36,11131,0,6,13.09652256173683,3.218318997824099,2104.1982940005255,6804.902614320366
1789882897,50,GET,GET /api/v1/reservas,19.700000,0.000000,7,7,8,8,9,12,21,31,36,36,36,8325,0,7,7.497052770422096,4.633864002244081,179.45126099948538,8965.0
1789882897,50,GET,GET /api/v1/reservas/{id},5.900000,0.000000,5,5,6,6,7,8,9,9,9,9,9,2783,0,5,5.419769914807676,3.218318997824099,149.53343399974983,442.0
1789882897,50,POST,POST /api/v1/auth/login,0.000000,0.000000,0,0,0,0,0,0,0,0,0,0,0,50,0,1300.0,1369.1218887201103,628.633758999058,2104.1982940005255,1622.0
1789882897,50,,Aggregated,25.600000,0.000000,6,7,7,8,9,10,16,22,36,36,36,11158,0,6,13.080505325567238,3.218318997824099,2104.1982940005255,6806.31036027962
1789882898,50,GET,GET /api/v1/reservas,20.000000,0.000000,7,7,8,8,9,11,16,22,36,36,36,8349,0,7,7.493119365045767,4.633864002244081,179.45126099948538,8965.0
1789882898,50,GET,GET /api/v1/reservas/{id},5.100000,0.000000,5,5,6,6,7,8,9,9,9,9,9,2786,0,5,5.418544394080255,3.218318997824099,149.53343399974983,442.0
1789882898,50,POST,POST /api/v1/auth/login,0.000000,0.000000,0,0,0,0,0,0,0,0,0,0,0,50,0,1300.0,1369.1218887201103,628.633758999058,2104.1982940005255,1622.0
1789882898,50,,Aggregated,25.100000,0.000000,6,7,7,8,9,10,15,22,36,36,36,11185,0,6,13.063228672032205,3.218318997824099,2104.1982940005255,6809.235315154225
1789882899,50,GET,GET /api/v1/reservas,20.300000,0.000000,7,7,7,8,9,11,16,22,36,36,36,8362,0,7,7.492521583804156,4.633864002244081,179.45126099948538,8965.0
1789882899,50,GET,GET /api/v1/reservas/{id},4.900000,0.000000,4,5,5,5,6,6,7,7,7,7,7,2795,0,5,5.417408411769482,3.218318997824099,149.53343399974983,442.0
1789882899,50,POST,POST /api/v1/auth/login,0.000000,0.000000,0,0,0,0,0,0,0,0,0,0,0,50,0,1300.0,1369.1218887201103,628.633758999058,2104.1982940005255,1622.0
1789882899,50,,Aggregated,25.200000,0.000000,6,7,7,8,9,10,16,22,36,36,36,11207,0,6,13.049898851670525,3.218318997824099,2104.1982940005255,6806.622646560186
1789882900,50,GET,GET /api/v1/reservas,20.000000,0.000000,7,7,8,8,9,10,13,22,36,36,36,8383,0,7,7.493790215887787,4.633864002244081,179.45126099948538,8965.0
1789882900,50,GET,GET /api/v1/reservas/{id},4.800000,0.000000,5,5,5,6,6,6,8,8,8,8,8,2803,0,5,5.418341510842863,3.218318997824099,149.53343399974983,442.0
1789882900,50,POST,POST /api/v1/auth/login,0.000000,0.000000,0,0,0,0,0,0,0,0,0,0,0,50,0,1300.0,1369.1218887201103,628.633758999058,2104.1982940005255,1622.0
1789882900,50,,Aggregated,24.800000,0.000000,6,7,7,8,9,10,12,22,36,36,36,11236,0,6,13.035257126262493,3.218318997824099,2104.1982940005255,6806.125044499822
1789882901,50,GET,GET /api/v1/reservas,21.000000,0.000000,7,7,7,8,9,10,12,16,20,20,20,8400,0,7,7.496010069976148,4.633864002244081,179.45126099948538,8965.0
1789882901,50,GET,GET /api/v1/reservas/{id},4.800000,0.000000,5,5,6,6,6,8,19,19,19,19,19,2805,0,5,5.424501625276789,3.218318997824099,149.53343399974983,442.0
1789882901,50,POST,POST /api/v1/auth/login,0.000000,0.000000,0,0,0,0,0,0,0,0,0,0,0,50,0,1300.0,1369.1218887201103,628.633758999058,2104.1982940005255,1622.0
1789882901,50,,Aggregated,25.800000,0.000000,6,7,7,8,9,10,12,16,20,20,20,11255,0,6,13.028725551551004,3.218318997824099,2104.1982940005255,6808.254997778765
1789882902,50,GET,GET /api/v1/reservas,20.400000,0.000000,6,7,7,8,9,10,11,16,20,20,20,8424,0,7,7.491911991430108,4.633864002244081,179.45126099948538,8965.0
1789882902,50,GET,GET /api/v1/reservas/{id},4.300000,0.000000,5,5,6,6,6,8,19,19,19,19,19,2808,0,5,5.423267782730609,3.218318997824099,149.53343399974983,442.0
1789882902,50,POST,POST /api/v1/auth/login,0.000000,0.000000,0,0,0,0,0,0,0,0,0,0,0,50,0,1300.0,1369.1218887201103,628.633758999058,2104.1982940005255,1622.0
1789882902,50,,Aggregated,24.700000,0.000000,6,7,7,7,9,10,12,16,20,20,20,11282,0,6,13.011566830856257,3.218318997824099,2104.1982940005255,6811.150150682503
1789882903,50,GET,GET /api/v1/reservas,20.800000,0.000000,6,7,7,8,9,10,11,16,20,20,20,8442,0,7,7.4892524678789325,4.633864002244081,179.45126099948538,8965.0
1789882903,50,GET,GET /api/v1/reservas/{id},4.900000,0.000000,5,5,6,6,6,8,19,19,19,19,19,2813,0,5,5.422151886212837,3.218318997824099,149.53343399974983,442.0
1789882903,50,POST,POST /api/v1/auth/login,0.000000,0.000000,0,0,0,0,0,0,0,0,0,0,0,50,0,1300.0,1369.1218887201103,628.633758999058,2104.1982940005255,1622.0
1789882903,50,,Aggregated,25.700000,0.000000,6,7,7,8,9,10,12,16,20,20,20,11305,0,6,12.997158516210188,3.218318997824099,2104.1982940005255,6811.762582927908
1789882904,50,GET,GET /api/v1/reservas,19.900000,0.000000,6,7,7,7,8,10,11,16,20,20,20,8463,0,7,7.485813204991636,4.633864002244081,179.45126099948538,8965.0
1789882904,50,GET,GET /api/v1/reservas/{id},4.500000,0.000000,5,5,6,6,7,8,19,19,19,19,19,2820,0,5,5.4211659187643795,3.218318997824099,149.53343399974983,442.0
1789882904,50,POST,POST /api/v1/auth/login,0.000000,0.000000,0,0,0,0,0,0,0,0,0,0,0,50,0,1300.0,1369.1218887201103,628.633758999058,2104.1982940005255,1622.0
1789882904,50,,Aggregated,24.400000,0.000000,6,7,7,7,8,10,12,16,20,20,20,11333,0,6,12.979459938301005,3.218318997824099,2104.1982940005255,6811.81814171005
1789882905,50,GET,GET /api/v1/reservas,20.500000,0.000000,7,7,7,8,9,10,12,16,20,20,20,8481,0,7,7.485735734798684,4.633864002244081,179.45126099948538,8965.0
1789882905,50,GET,GET /api/v1/reservas/{id},4.200000,0.000000,5,5,6,6,7,8,19,19,19,19,19,2822,0,5,5.420585191675353,3.218318997824099,149.53343399974983,442.0
1789882905,50,POST,POST /api/v1/auth/login,0.000000,0.000000,0,0,0,0,0,0,0,0,0,0,0,50,0,1300.0,1369.1218887201103,628.633758999058,2104.1982940005255,1622.0
1789882905,50,,Aggregated,24.700000,0.000000,6,7,7,8,9,10,12,16,20,20,20,11353,0,6,12.969216120297807,3.218318997824099,2104.1982940005255,6814.109838809125
1789882906,50,GET,GET /api/v1/reservas,20.500000,0.000000,7,7,7,8,8,10,12,16,20,20,20,8498,0,7,7.4841453054625635,4.633864002244081,179.45126099948538,8965.0
1789882906,50,GET,GET /api/v1/reservas/{id},4.300000,0.000000,5,5,6,6,6,8,9,19,19,19,19,2831,0,5,5.417348507913005,3.218318997824099,149.53343399974983,442.0
1789882906,50,POST,POST /api/v1/auth/login,0.000000,0.000000,0,0,0,0,0,0,0,0,0,0,0,50,0,1300.0,1369.1218887201103,628.633758999058,2104.1982940005255,1622.0
1789882906,50,,Aggregated,24.800000,0.000000,6,7,7,7,8,10,12,16,20,20,20,11379,0,6,12.95306045063082,3.218318997824099,2104.1982940005255,6812.283328939274
1789882907,50,GET,GET /api/v1/reservas,20.100000,0.000000,6,7,7,8,9,10,12,16,20,20,20,8517,0,7,7.4825348825681655,4.633864002244081,179.45126099948538,8965.0
1789882907,50,GET,GET /api/v1/reservas/{id},4.800000,0.000000,5,5,6,6,7,8,19,19,19,19,19,2831,0,5,5.417348507913005,3.218318997824099,149.53343399974983,442.0
1789882907,50,POST,POST /api/v1/auth/login,0.000000,0.000000,0,0,0,0,0,0,0,0,0,0,0,50,0,1300.0,1369.1218887201103,628.633758999058,2104.1982940005255,1622.0
1789882907,50,,Aggregated,24.900000,0.000000,6,7,7,8,8,10,12,16,20,20,20,11398,0,6,12.942740626139699,3.218318997824099,2104.1982940005255,6815.871819617477
1789882909,50,GET,GET /api/v1/reservas,19.900000,0.000000,6,7,7,8,9,10,12,16,20,20,20,8537,0,7,7.478918620221884,4.633864002244081,179.45126099948538,8965.0
1789882909,50,GET,GET /api/v1/reservas/{id},4.700000,0.000000,5,5,6,6,7,8,19,19,19,19,19,2839,0,5,5.4144504127906545,3.218318997824099,149.53343399974983,442.0
1789882909,50,POST,POST /api/v1/auth/login,0.000000,0.000000,0,0,0,0,0,0,0,0,0,0,0,50,0,1300.0,1369.1218887201103,628.633758999058,2104.1982940005255,1622.0
1789882909,50,,Aggregated,24.600000,0.000000,6,7,7,7,8,10,12,16,20,20,20,11426,0,6,12.924492159876808,3.218318997824099,2104.1982940005255,6815.17092595834
1789882910,50,GET,GET /api/v1/reservas,19.500000,0.000000,6,7,7,7,8,9,11,16,20,20,20,8556,0,7,7.477151515757936,4.633864002244081,179.45126099948538,8965.0
1789882910,50,GET,GET /api/v1/reservas/{id},5.300000,0.000000,5,5,5,5,6,8,19,19,19,19,19,2846,0,5,5.411539283525938,3.218318997824099,149.53343399974983,442.0
1789882910,50,POST,POST /api/v1/auth/login,0.000000,0.000000,0,0,0,0,0,0,0,0,0,0,0,50,0,1300.0,1369.1218887201103,628.633758999058,2104.1982940005255,1622.0
1789882910,50,,Aggregated,24.800000,0.000000,6,7,7,7,8,9,11,16,20,20,20,11452,0,6,12.908823227885543,3.218318997824099,2104.1982940005255,6814.842123646525
1789882911,50,GET,GET /api/v1/reservas,19.200000,0.000000,6,7,7,7,8,9,10,11,20,20,20,8576,0,7,7.476161692495816,4.633864002244081,179.45126099948538,8965.0
1789882911,50,GET,GET /api/v1/reservas/{id},4.800000,0.000000,4,5,5,5,6,6,12,12,12,12,12,2851,0,5,5.4116789533187095,3.218318997824099,149.53343399974983,442.0
1789882911,50,POST,POST /api/v1/auth/login,0.000000,0.000000,0,0,0,0,0,0,0,0,0,0,0,50,0,1300.0,1369.1218887201103,628.633758999058,2104.1982940005255,1622.0
1789882911,50,,Aggregated,24.000000,0.000000,6,7,7,7,8,9,10,11,20,20,20,11477,0,6,12.895386756710051,3.218318997824099,2104.1982940005255,6815.812668815893
1789882912,50,GET,GET /api/v1/reservas,18.800000,0.000000,7,7,7,8,9,10,11,31,38,38,38,8594,0,7,7.483244078526204,4.633864002244081,179.45126099948538,8965.0
1789882912,50,GET,GET /api/v1/reservas/{id},5.300000,0.000000,5,5,5,5,6,9,12,12,12,12,12,2855,0,5,5.41481439997175,3.218318997824099,149.53343399974983,442.0
1789882912,50,POST,POST /api/v1/auth/login,0.000000,0.000000,0,0,0,0,0,0,0,0,0,0,0,50,0,1300.0,1369.1218887201103,628.633758999058,2104.1982940005255,1622.0
1789882912,50,,Aggregated,24.100000,0.000000,6,7,7,7,9,10,11,20,38,38,38,11499,0,6,12.890372133122797,3.218318997824099,2104.1982940005255,6816.959735629185
1789882913,50,GET,GET /api/v1/reservas,19.400000,0.000000,6,7,7,8,9,10,11,31,38,38,38,8619,0,7,7.479503580095927,4.633864002244081,179.45126099948538,8965.0
1789882913,50,GET,GET /api/v1/reservas/{id},5.100000,0.000000,5,5,5,5,6,9,12,12,12,12,12,2857,0,5,5.4139124325938335,3.218318997824099,149.53343399974983,442.0
1789882913,50,POST,POST /api/v1/auth/login,0.000000,0.000000,0,0,0,0,0,0,0,0,0,0,0,50,0,1300.0,1369.1218887201103,628.633758999058,2104.1982940005255,1622.0
1789882913,50,,Aggregated,24.500000,0.000000,6,7,7,7,9,9,11,20,38,38,38,11526,0,6,12.874326185387202,3.218318997824099,2104.1982940005255,6820.512667013708
1789882914,50,GET,GET /api/v1/reservas,19.300000,0.000000,7,7,7,8,9,10,11,31,38,38,38,8641,0,7,7.476259476427437,4.633864002244081,179.45126099948538,8965.0
1789882914,50,GET,GET /api/v1/reservas/{id},4.800000,0.000000,4,5,5,5,6,9,12,12,12,12,12,2862,0,5,5.411438303958011,3.218318997824099,149.53343399974983,442.0
1789882914,50,POST,POST /api/v1/auth/login,0.000000,0.000000,0,0,0,0,0,0,0,0,0,0,0,50,0,1300.0,1369.1218887201103,628.633758999058,2104.1982940005255,1622.0
1789882914,50,,Aggregated,24.100000,0.000000,6,7,7,8,9,10,11,20,38,38,38,11553,0,6,12.857784904158471,3.218318997824099,2104.1982940005255,6821.83580022505
1789882915,50,GET,GET /api/v1/reservas,19.400000,0.000000,6,7,7,7,8,9,11,31,38,38,38,8669,0,7,7.471126718976753,4.633864002244081,179.45126099948538,8965.0
1789882915,50,GET,GET /api/v1/reservas/{id},5.000000,0.000000,4,5,5,5,6,9,12,12,12,12,12,2865,0,5,5.4108102313915545,3.218318997824099,149.53343399974983,442.0
1789882915,50,POST,POST /api/v1/auth/login,0.000000,0.000000,0,0,0,0,0,0,0,0,0,0,0,50,0,1300.0,1369.1218887201103,628.633758999058,2104.1982940005255,1622.0
1789882915,50,,Aggregated,24.400000,0.000000,6,7,7,7,8,9,11,20,38,38,38,11584,0,6,12.838852147423324,3.218318997824099,2104.1982940005255,6825.363863950276
1789882916,50,GET,GET /api/v1/reservas,19.500000,0.000000,6,7,7,7,8,10,12,31,38,38,38,8689,0,7,7.469608817333247,4.633864002244081,179.45126099948538,8965.0
1789882916,50,GET,GET /api/v1/reservas/{id},4.900000,0.000000,4,5,5,5,6,9,12,12,12,12,12,2869,0,5,5.409772056792777,3.218318997824099,149.53343399974983,442.0
1789882916,50,POST,POST /api/v1/auth/login,0.000000,0.000000,0,0,0,0,0,0,0,0,0,0,0,50,0,1300.0,1369.1218887201103,628.633758999058,2104.1982940005255,1622.0
1789882916,50,,Aggregated,24.400000,0.000000,6,7,7,7,8,10,12,20,38,38,38,11608,0,6,12.82565140254588,3.218318997824099,2104.1982940005255,6826.850706409373
1789882917,50,GET,GET /api/v1/reservas,19.900000,0.000000,6,7,7,7,8,10,12,31,38,38,38,8703,0,7,7.467072695483746,4.633864002244081,179.45126099948538,8965.0
1789882917,50,GET,GET /api/v1/reservas/{id},4.900000,0.000000,4,5,5,5,6,9,12,12,12,12,12,2877,0,5,5.408037874152901,3.190816001733765,149.53343399974983,442.0
1789882917,50,POST,POST /api/v1/auth/login,0.000000,0.000000,0,0,0,0,0,0,0,0,0,0,0,50,0,1300.0,1369.1218887201103,628.633758999058,2104.1982940005255,1622.0
1789882917,50,,Aggregated,24.800000,0.000000,6,6,7,7,8,10,12,20,38,38,38,11630,0,6,12.81177584425954,3.190816001733765,2104.1982940005255,6825.032588134136
1789882918,50,GET,GET /api/v1/reservas,20.600000,0.000000,6,7,7,7,9,10,12,31,38,38,38,8718,0,7,7.466191820347709,4.633864002244081,179.45126099948538,8965.0
1789882918,50,GET,GET /api/v1/reservas/{id},4.500000,0.000000,4,5,5,5,6,9,12,12,12,12,12,2883,0,5,5.40568337459057,3.190816001733765,149.53343399974983,442.0
1789882918,50,POST,POST /api/v1/auth/login,0.000000,0.000000,0,0,0,0,0,0,0,0,0,0,0,50,0,1300.0,1369.1218887201103,628.633758999058,2104.1982940005255,1622.0
1789882918,50,,Aggregated,25.100000,0.000000,6,7,7,7,8,10,12,20,38,38,38,11651,0,6,12.799840348016604,3.190816001733765,2104.1982940005255,6824.500557892026
1789882919,50,GET,GET /api/v1/reservas,20.500000,0.000000,6,7,7,7,8,10,12,31,38,38,38,8742,0,7,7.461376494829709,4.633864002244081,179.45126099948538,8965.0
1789882919,50,GET,GET /api/v1/reservas/{id},4.600000,0.000000,4,5,5,5,7,9,12,12,12,12,12,2893,0,5,5.401984389197615,3.190816001733765,149.53343399974983,442.0
1789882919,50,POST,POST /api/v1/auth/login,0.000000,0.000000,0,0,0,0,0,0,0,0,0,0,0,50,0,1300.0,1369.1218887201103,628.633758999058,2104.1982940005255,1622.0
1789882919,50,,Aggregated,25.100000,0.000000,6,6,7,7,8,10,12,20,38,38,38,11685,0,6,12.778039246192172,3.190816001733765,2104.1982940005255,6823.434830979889
1789882920,50,GET,GET /api/v1/reservas,20.100000,0.000000,6,7,7,7,8,10,11,31,38,38,38,8757,0,7,7.460213353524032,4.633864002244081,179.45126099948538,8965.0
1789882920,50,GET,GET /api/v1/reservas/{id},5.200000,0.000000,5,5,5,6,7,9,11,11,11,11,11,2898,0,5,5.402371105226006,3.190816001733765,149.53343399974983,442.0
1789882920,50,POST,POST /api/v1/auth/login,0.000000,0.000000,0,0,0,0,0,0,0,0,0,0,0,50,0,1300.0,1369.1218887201103,628.633758999058,2104.1982940005255,1622.0
1789882920,50,,Aggregated,25.300000,0.000000,6,6,7,7,8,9,11,12,38,38,38,11705,0,6,12.767300660893671,3.190816001733765,2104.1982940005255,6823.453310551046
1789882921,50,GET,GET /api/v1/reservas,20.100000,0.000000,6,7,7,7,8,9,11,12,13,13,13,8778,0,7,7.460572193759101,4.633864002244081,179.45126099948538,8965.0
1789882921,50,GET,GET /api/v1/reservas/{id},5.200000,0.000000,4,5,5,5,6,7,9,9,9,9,9,2903,0,5,5.400939257647353,3.190816001733765,149.53343399974983,442.0
1789882921,50,POST,POST /api/v1/auth/login,0.000000,0.000000,0,0,0,0,0,0,0,0,0,0,0,50,0,1300.0,1369.1218887201103,628.633758999058,2104.1982940005255,1622.0
1789882921,50,,Aggregated,25.300000,0.000000,6,6,7,7,8,9,11,11,13,13,13,11731,0,6,12.754575382982965,3.190816001733765,2104.1982940005255,6824.567044582729
1789882922,50,GET,GET /api/v1/reservas,20.500000,0.000000,6,7,8,8,15,46,170,190,190,190,190,8801,0,7,7.643700948169292,4.633864002244081,190.1265000051353,8965.0
1789882922,50,GET,GET /api/v1/reservas/{id},5.200000,0.000000,4,5,5,5,7,8,16,16,16,16,16,2906,0,5,5.4049568330880975,3.190816001733765,149.53343399974983,442.0
1789882922,50,POST,POST /api/v1/auth/login,0.000000,0.000000,0,0,0,0,0,0,0,0,0,0,0,50,0,1300.0,1369.1218887201103,628.633758999058,2104.1982940005255,1622.0
1789882922,50,,Aggregated,25.700000,0.000000,6,7,7,8,12,34,160,180,190,190,190,11757,0,6,12.880421114042482,3.190816001733765,2104.1982940005255,6827.1257123415835
1789882923,50,GET,GET /api/v1/reservas,20.200000,0.000000,6,7,10,12,39,150,190,210,260,260,260,8813,0,7,7.750363728905899,4.633864002244081,256.99183600227116,8965.0
1789882923,50,GET,GET /api/v1/reservas/{id},5.200000,0.000000,5,5,6,7,16,67,69,100,100,100,100,2914,0,5,5.51245729030618,3.190816001733765,149.53343399974983,442.0
1789882923,50,POST,POST /api/v1/auth/login,0.000000,0.000000,0,0,0,0,0,0,0,0,0,0,0,50,0,1300.0,1369.1218887201103,628.633758999058,2104.1982940005255,1622.0
1789882923,50,,Aggregated,25.400000,0.000000,6,7,8,11,34,130,190,200,260,260,260,11777,0,6,12.97642443090816,3.190816001733765,2104.1982940005255,6824.966714783051
1789882924,50,GET,GET /api/v1/reservas,20.700000,0.000000,7,10,16,22,56,150,190,210,260,260,260,8837,0,7,7.7867461714241,4.633864002244081,256.99183600227116,8965.0
1789882924,50,GET,GET /api/v1/reservas/{id},5.100000,0.000000,5,6,7,9,27,67,69,100,100,100,100,2918,0,5,5.532088916364827,3.190816001733765,149.53343399974983,442.0
1789882924,50,POST,POST /api/v1/auth/login,0.000000,0.000000,0,0,0,0,0,0,0,0,0,0,0,50,0,1300.0,1369.1218887201103,628.633758999058,2104.1982940005255,1622.0
1789882924,50,,Aggregated,25.800000,0.000000,7,9,14,19,41,130,190,200,260,260,260,11805,0,6,12.995358391430145,3.190816001733765,2104.1982940005255,6827.154680220246
1789882925,50,GET,GET /api/v1/reservas,19.300000,0.000000,8,10,16,21,46,150,190,210,260,260,260,8860,0,7,7.789855324926667,4.633864002244081,256.99183600227116,8965.0
1789882925,50,GET,GET /api/v1/reservas/{id},5.600000,0.000000,5,6,7,8,27,67,69,100,100,100,100,2926,0,5,5.530368454186062,3.190816001733765,149.53343399974983,442.0
1789882925,50,POST,POST /api/v1/auth/login,0.000000,0.000000,0,0,0,0,0,0,0,0,0,0,0,50,0,1300.0,1369.1218887201103,628.633758999058,2104.1982940005255,1622.0
1789882925,50,,Aggregated,24.900000,0.000000,7,9,14,18,41,130,190,200,260,260,260,11836,0,6,12.982094517725939,3.190816001733765,2104.1982940005255,6826.993240959784
1789882926,50,GET,GET /api/v1/reservas,19.400000,0.000000,8,10,16,21,46,150,190,210,260,260,260,8874,0,7,7.789801516999946,4.633864002244081,256.99183600227116,8965.0
1789882926,50,GET,GET /api/v1/reservas/{id},5.600000,0.000000,5,6,7,8,27,67,69,100,100,100,100,2935,0,5,5.5278642780074705,3.190816001733765,149.53343399974983,442.0
1789882926,50,POST,POST /api/v1/auth/login,0.000000,0.000000,0,0,0,0,0,0,0,0,0,0,0,50,0,1300.0,1369.1218887201103,628.633758999058,2104.1982940005255,1622.0
1789882926,50,,Aggregated,25.000000,0.000000,7,9,14,18,41,130,190,200,260,260,260,11859,0,6,12.96964961243064,3.190816001733765,2104.1982940005255,6824.671557466902
1789882927,50,GET,GET /api/v1/reservas,19.400000,0.000000,8,10,15,20,46,150,190,210,260,260,260,8896,0,7,7.786087049108122,4.633864002244081,256.99183600227116,8965.0
1789882927,50,GET,GET /api/v1/reservas/{id},5.600000,0.000000,5,6,7,9,27,67,69,100,100,100,100,2937,0,5,5.526982610809795,3.190816001733765,149.53343399974983,442.0
1789882927,50,POST,POST /api/v1/auth/login,0.000000,0.000000,0,0,0,0,0,0,0,0,0,0,0,50,0,1300.0,1369.1218887201103,628.633758999058,2104.1982940005255,1622.0
1789882927,50,,Aggregated,25.000000,0.000000,7,9,14,18,39,130,190,200,260,260,260,11883,0,6,12.955808529228287,3.190816001733765,2104.1982940005255,6827.559875452327
1789882928,50,GET,GET /api/v1/reservas,18.500000,0.000000,8,10,16,20,46,150,190,210,260,260,260,8918,0,7,7.783048921269538,4.633864002244081,256.99183600227116,8965.0
1789882928,50,GET,GET /api/v1/reservas/{id},6.400000,0.000000,5,6,7,9,27,67,69,100,100,100,100,2942,0,5,5.525329810994102,3.190816001733765,149.53343399974983,442.0
1789882928,50,POST,POST /api/v1/auth/login,0.000000,0.000000,0,0,0,0,0,0,0,0,0,0,0,50,0,1300.0,1369.1218887201103,628.633758999058,2104.1982940005255,1622.0
1789882928,50,,Aggregated,24.900000,0.000000,7,9,14,18,41,130,190,200,260,260,260,11910,0,6,12.940457180506456,3.190816001733765,2104.1982940005255,6828.827371956339
1789882929,50,GET,GET /api/v1/reservas,19.300000,0.000000,8,10,15,20,46,150,190,210,260,260,260,8936,0,7,7.779438472904449,4.633864002244081,256.99183600227116,8965.0
1789882929,50,GET,GET /api/v1/reservas/{id},6.000000,0.000000,5,5,7,13,30,67,100,100,100,100,100,2946,0,5,5.524100815999405,3.190816001733765,149.53343399974983,442.0
1789882929,50,POST,POST /api/v1/auth/login,0.000000,0.000000,0,0,0,0,0,0,0,0,0,0,0,50,0,1300.0,1369.1218887201103,628.633758999058,2104.1982940005255,1622.0
1789882929,50,,Aggregated,25.300000,0.000000,7,9,14,18,41,130,190,200,260,260,260,11932,0,6,12.927183844603915,3.190816001733765,2104.1982940005255,6829.908816627556
1789882930,50,GET,GET /api/v1/reservas,19.900000,0.000000,7,10,16,21,46,150,190,210,260,260,260,8951,0,7,7.776778694209627,4.633864002244081,256.99183600227116,8965.0
1789882930,50,GET,GET /api/v1/reservas/{id},5.900000,0.000000,5,6,7,13,30,67,100,100,100,100,100,2953,0,5,5.5221418950016155,3.189665003446862,149.53343399974983,442.0
1789882930,50,POST,POST /api/v1/auth/login,0.000000,0.000000,0,0,0,0,0,0,0,0,0,0,0,50,0,1300.0,1369.1218887201103,628.633758999058,2104.1982940005255,1622.0
1789882930,50,,Aggregated,25.800000,0.000000,7,9,14,19,41,130,190,200,260,260,260,11954,0,6,12.913913798211114,3.189665003446862,2104.1982940005255,6828.847331437176
1789882931,50,GET,GET /api/v1/reservas,19.300000,0.000000,7,8,10,12,26,41,75,210,260,260,260,8969,0,7,7.7776699240576574,4.633864002244081,256.99183600227116,8965.0
1789882931,50,GET,GET /api/v1/reservas/{id},5.500000,0.000000,5,6,7,8,27,67,69,100,100,100,100,2958,0,5,5.524019081120494,3.189665003446862,149.53343399974983,442.0
1789882931,50,POST,POST /api/v1/auth/login,0.000000,0.000000,0,0,0,0,0,0,0,0,0,0,0,50,0,1300.0,1369.1218887201103,628.633758999058,2104.1982940005255,1622.0
1789882931,50,,Aggregated,24.800000,0.000000,7,8,9,11,27,58,75,200,260,260,260,11977,0,6,12.904238492680394,3.189665003446862,2104.1982940005255,6829.391416882358
1789882932,50,GET,GET /api/v1/reservas,19.400000,0.000000,7,8,9,10,16,23,36,41,61,61,61,8985,0,7,7.784927290692354,4.633864002244081,256.99183600227116,8965.0
1789882932,50,GET,GET /api/v1/reservas/{id},5.500000,0.000000,5,5,6,7,11,20,27,27,27,27,27,2961,0,5,5.528622945273055,3.189665003446862,149.53343399974983,442.0
1789882932,50,POST,POST /api/v1/auth/login,0.000000,0.000000,0,0,0,0,0,0,0,0,0,0,0,50,0,1300.0,1369.1218887201103,628.633758999058,2104.1982940005255,1622.0
1789882932,50,,Aggregated,24.900000,0.000000,7,8,9,10,15,22,35,38,61,61,61,11996,0,6,12.90212726607451,3.189665003446862,2104.1982940005255,6830.642464154718
1789882933,50,GET,GET /api/v1/reservas,19.000000,0.000000,7,7,8,9,10,14,22,36,41,41,41,9007,0,7,7.781843075926436,4.633864002244081,256.99183600227116,8965.0
1789882933,50,GET,GET /api/v1/reservas/{id},5.400000,0.000000,5,5,5,6,7,11,12,12,12,12,12,2968,0,5,5.5262960114376405,3.189665003446862,149.53343399974983,442.0
1789882933,50,POST,POST /api/v1/auth/login,0.000000,0.000000,0,0,0,0,0,0,0,0,0,0,0,50,0,1300.0,1369.1218887201103,628.633758999058,2104.1982940005255,1622.0
1789882933,50,,Aggregated,24.400000,0.000000,6,7,8,8,10,12,22,23,41,41,41,12025,0,6,12.885588489215953,3.189665003446862,2104.1982940005255,6830.828357588358
1789882934,50,GET,GET /api/v1/reservas,19.000000,0.000000,6,7,7,8,10,12,19,22,23,23,23,9029,0,7,7.7788316658413015,4.633864002244081,256.99183600227116,8965.0
1789882934,50,GET,GET /api/v1/reservas/{id},5.400000,0.000000,5,5,6,6,8,11,12,12,12,12,12,2973,0,5,5.525824240475268,3.189665003446862,149.53343399974983,442.0
1789882934,50,POST,POST /api/v1/auth/login,0.000000,0.000000,0,0,0,0,0,0,0,0,0,0,0,50,0,1300.0,1369.1218887201103,628.633758999058,2104.1982940005255,1622.0
1789882934,50,,Aggregated,24.400000,0.000000,6,7,7,8,9,11,15,22,23,23,23,12052,0,6,12.870846416679356,3.189665003446862,2104.1982940005255,6832.073597743113
1789882935,50,GET,GET /api/v1/reservas,18.300000,0.000000,6,7,7,8,9,12,19,22,23,23,23,9049,0,7,7.776326099335844,4.633864002244081,256.99183600227116,8965.0
1789882935,50,GET,GET /api/v1/reservas/{id},5.500000,0.000000,5,5,5,6,7,11,12,12,12,12,12,2976,0,5,5.524786845743649,3.189665003446862,149.53343399974983,442.0
1789882935,50,POST,POST /api/v1/auth/login,0.000000,0.000000,0,0,0,0,0,0,0,0,0,0,0,50,0,1300.0,1369.1218887201103,628.633758999058,2104.1982940005255,1622.0
1789882935,50,,Aggregated,23.800000,0.000000,6,7,7,7,9,11,15,22,23,23,23,12075,0,6,12.85845424114523,3.189665003446862,2104.1982940005255,6834.018799171843
1789882936,50,GET,GET /api/v1/reservas,19.400000,0.000000,6,7,7,8,10,12,19,22,23,23,23,9069,0,7,7.774763376436233,4.633864002244081,256.99183600227116,8965.0
1789882936,50,GET,GET /api/v1/reservas/{id},5.500000,0.000000,5,5,5,6,7,11,12,12,12,12,12,2983,0,5,5.522298208496341,3.189665003446862,149.53343399974983,442.0
1789882936,50,POST,POST /api/v1/auth/login,0.000000,0.000000,0,0,0,0,0,0,0,0,0,0,0,50,0,1300.0,1369.1218887201103,628.633758999058,2104.1982940005255,1622.0
1789882936,50,,Aggregated,24.900000,0.000000,6,7,7,8,10,12,15,22,23,23,23,12102,0,6,12.844029007837571,3.189665003446862,2104.1982940005255,6833.8432490497435
1789882937,50,GET,GET /api/v1/reservas,19.100000,0.000000,6,7,7,8,10,12,19,22,23,23,23,9087,0,7,7.772219066897997,4.633864002244081,256.99183600227116,8965.0
1789882937,50,GET,GET /api/v1/reservas/{id},5.100000,0.000000,5,5,5,6,7,11,12,12,12,12,12,2992,0,5,5.519379260673829,3.189665003446862,149.53343399974983,442.0
1789882937,50,POST,POST /api/v1/auth/login,0.000000,0.000000,0,0,0,0,0,0,0,0,0,0,0,50,0,1300.0,1369.1218887201103,628.633758999058,2104.1982940005255,1622.0
1789882937,50,,Aggregated,24.200000,0.000000,6,7,7,7,9,12,15,22,23,23,23,12129,0,6,12.828446850098418,3.189665003446862,2104.1982940005255,6832.263088465661
1789882938,50,GET,GET /api/v1/reservas,19.100000,0.000000,6,7,7,8,10,12,19,22,23,23,23,9104,0,7,7.769805232413224,4.633864002244081,256.99183600227116,8965.0
1789882938,50,GET,GET /api/v1/reservas/{id},5.100000,0.000000,4,5,5,6,7,11,11,12,12,12,12,2999,0,5,5.515720712883006,3.189665003446862,149.53343399974983,442.0
1789882938,50,POST,POST /api/v1/auth/login,0.000000,0.000000,0,0,0,0,0,0,0,0,0,0,0,50,0,1300.0,1369.1218887201103,628.633758999058,2104.1982940005255,1622.0
1789882938,50,,Aggregated,24.200000,0.000000,6,7,7,8,9,11,15,22,23,23,23,12153,0,6,12.81445303133643,3.189665003446862,2104.1982940005255,6831.565703941414
1789882939,50,GET,GET /api/v1/reservas,18.800000,0.000000,7,7,8,8,10,12,19,22,23,23,23,9124,0,7,7.76809688983725,4.633864002244081,256.99183600227116,8965.0
1789882939,50,GET,GET /api/v1/reservas/{id},5.500000,0.000000,5,5,6,6,7,11,11,12,12,12,12,3009,0,5,5.514192445640829,3.189665003446862,149.53343399974983,442.0
1789882939,50,POST,POST /api/v1/auth/login,0.000000,0.000000,0,0,0,0,0,0,0,0,0,0,0,50,0,1300.0,1369.1218887201103,628.633758999058,2104.1982940005255,1622.0
1789882939,50,,Aggregated,24.300000,0.000000,6,7,7,8,10,11,15,22,23,23,23,12183,0,6,12.798523805943843,3.189665003446862,2104.1982940005255,6829.823360420258
1789882940,50,GET,GET /api/v1/reservas,18.700000,0.000000,6,7,8,8,10,12,15,22,23,23,23,9140,0,7,7.7656527971426295,4.633864002244081,256.99183600227116,8965.0
1789882940,50,GET,GET /api/v1/reservas/{id},5.700000,0.000000,4,5,5,6,6,8,11,12,12,12,12,3016,0,5,5.5101277121790355,3.189665003446862,149.53343399974983,442.0
1789882940,50,POST,POST /api/v1/auth/login,0.000000,0.000000,0,0,0,0,0,0,0,0,0,0,0,50,0,1300.0,1369.1218887201103,628.633758999058,2104.1982940005255,1622.0
1789882940,50,,Aggregated,24.400000,0.000000,6,7,7,8,9,11,14,19,23,23,23,12206,0,6,12.784917760267174,3.189665003446862,2104.1982940005255,6828.9588726855645
1789882941,50,GET,GET /api/v1/reservas,18.500000,0.000000,6,7,7,7,9,10,12,12,12,12,12,9157,0,7,7.764169957176385,4.633864002244081,256.99183600227116,8965.0
1789882941,50,GET,GET /api/v1/reservas/{id},6.300000,0.000000,4,5,5,5,6,7,8,8,8,8,8,3022,0,5,5.509656097594493,3.189665003446862,149.53343399974983,442.0
1789882941,50,POST,POST /api/v1/auth/login,0.000000,0.000000,0,0,0,0,0,0,0,0,0,0,0,50,0,1300.0,1369.1218887201103,628.633758999058,2104.1982940005255,1622.0
1789882941,50,,Aggregated,24.800000,0.000000,6,7,7,7,8,9,11,12,12,12,12,12229,0,6,12.773144121416324,3.189665003446862,2104.1982940005255,6828.794586638319
1789882942,50,GET,GET /api/v1/reservas,18.800000,0.000000,6,7,7,8,10,11,12,17,19,19,19,9181,0,7,7.766775794671725,4.633864002244081,256.99183600227116,8965.0
1789882942,50,GET,GET /api/v1/reservas/{id},6.300000,0.000000,4,5,5,6,6,8,8,9,9,9,9,3026,0,5,5.510932767324541,3.189665003446862,149.53343399974983,442.0
1789882942,50,POST,POST /api/v1/auth/login,0.000000,0.000000,0,0,0,0,0,0,0,0,0,0,0,50,0,1300.0,1369.1218887201103,628.633758999058,2104.1982940005255,1622.0
1789882942,50,,Aggregated,25.100000,0.000000,6,7,7,7,9,10,12,14,19,19,19,12257,0,6,12.763232892290992,3.189665003446862,2104.1982940005255,6830.8931222974625
1789882943,50,GET,GET /api/v1/reservas,18.800000,0.000000,6,7,8,8,10,11,12,17,19,19,19,9200,0,7,7.765199030421607,4.633864002244081,256.99183600227116,8965.0
1789882943,50,GET,GET /api/v1/reservas/{id},6.300000,0.000000,4,5,6,6,6,7,8,9,9,9,9,3031,0,5,5.510687899678496,3.189665003446862,149.53343399974983,442.0
1789882943,50,POST,POST /api/v1/auth/login,0.000000,0.000000,0,0,0,0,0,0,0,0,0,0,0,50,0,1300.0,1369.1218887201103,628.633758999058,2104.1982940005255,1622.0
1789882943,50,,Aggregated,25.100000,0.000000,6,7,7,8,9,10,12,14,19,19,19,12281,0,6,12.751308569319258,3.189665003446862,2104.1982940005255,6831.593681296311
1789882944,50,GET,GET /api/v1/reservas,19.600000,0.000000,7,7,8,8,10,10,12,17,19,19,19,9217,0,7,7.763443879014121,4.633864002244081,256.99183600227116,8965.0
1789882944,50,GET,GET /api/v1/reservas/{id},6.500000,0.000000,4,5,6,6,6,7,8,9,9,9,9,3036,0,5,5.509778617891438,3.189665003446862,149.53343399974983,442.0
1789882944,50,POST,POST /api/v1/auth/login,0.000000,0.000000,0,0,0,0,0,0,0,0,0,0,0,50,0,1300.0,1369.1218887201103,628.633758999058,2104.1982940005255,1622.0
1789882944,50,,Aggregated,26.100000,0.000000,6,7,7,8,9,10,12,14,19,19,19,12303,0,6,12.739936970884912,3.189665003446862,2104.1982940005255,6831.944810208892
1789882945,50,GET,GET /api/v1/reservas,19.400000,0.000000,7,7,8,8,10,10,12,17,19,19,19,9234,0,7,7.762121777873734,4.633864002244081,256.99183600227116,8965.0
1789882945,50,GET,GET /api/v1/reservas/{id},6.400000,0.000000,4,5,6,6,6,7,8,9,9,9,9,3045,0,5,5.506815652518127,3.189665003446862,149.53343399974983,442.0
1789882945,50,POST,POST /api/v1/auth/login,0.000000,0.000000,0,0,0,0,0,0,0,0,0,0,0,50,0,1300.0,1369.1218887201103,628.633758999058,2104.1982940005255,1622.0
1789882945,50,,Aggregated,25.800000,0.000000,6,7,7,8,9,10,11,14,19,19,19,12329,0,6,12.726075155714922,3.189665003446862,2104.1982940005255,6830.221429150783
1789882946,50,GET,GET /api/v1/reservas,18.700000,0.000000,7,7,8,8,10,10,12,17,19,19,19,9248,0,7,7.760425287077753,4.633864002244081,256.99183600227116,8965.0
1789882946,50,GET,GET /api/v1/reservas/{id},6.200000,0.000000,4,5,6,6,7,7,8,9,9,9,9,3053,0,5,5.50490591513585,3.189665003446862,149.53343399974983,442.0
1789882946,50,POST,POST /api/v1/auth/login,0.000000,0.000000,0,0,0,0,0,0,0,0,0,0,0,50,0,1300.0,1369.1218887201103,628.633758999058,2104.1982940005255,1622.0
1789882946,50,,Aggregated,24.900000,0.000000,6,7,7,8,9,10,11,14,19,19,19,12351,0,6,12.714030058279517,3.189665003446862,2104.1982940005255,6828.503441016922
1789882947,50,GET,GET /api/v1/reservas,18.700000,0.000000,7,7,8,9,10,10,12,17,19,19,19,9263,0,7,7.759035538042798,4.633864002244081,256.99183600227116,8965.0
1789882947,50,GET,GET /api/v1/reservas/{id},6.200000,0.000000,5,5,6,6,7,7,8,9,9,9,9,3059,0,5,5.503665886860046,3.189665003446862,149.53343399974983,442.0
1789882947,50,POST,POST /api/v1/auth/login,0.000000,0.000000,0,0,0,0,0,0,0,0,0,0,0,50,0,1300.0,1369.1218887201103,628.633758999058,2104.1982940005255,1622.0
1789882947,50,,Aggregated,24.900000,0.000000,6,7,7,8,9,10,11,14,19,19,19,12372,0,6,12.703180938635695,3.189665003446862,2104.1982940005255,6827.996524409958
1789882948,50,GET,GET /api/v1/reservas,17.800000,0.000000,6,7,8,8,10,10,12,17,19,19,19,9277,0,7,7.756430135808836,4.633864002244081,256.99183600227116,8965.0
1789882948,50,GET,GET /api/v1/reservas/{id},7.100000,0.000000,5,5,6,6,7,7,7,9,9,9,9,3073,0,5,5.499151874034778,3.189665003446862,149.53343399974983,442.0
1789882948,50,POST,POST /api/v1/auth/login,0.000000,0.000000,0,0,0,0,0,0,0,0,0,0,0,50,0,1300.0,1369.1218887201103,628.633758999058,2104.1982940005255,1622.0
1789882948,50,,Aggregated,24.900000,0.000000,6,7,7,7,9,10,11,14,19,19,19,12400,0,6,12.686402460872012,3.189665003446862,2104.1982940005255,6823.199274193548
1789882949,50,GET,GET /api/v1/reservas,17.900000,0.000000,7,7,8,9,10,11,14,17,19,19,19,9294,0,7,7.756256596717334,4.633864002244081,256.99183600227116,8965.0
1789882949,50,GET,GET /api/v1/reservas/{id},6.700000,0.000000,5,5,6,6,7,7,8,9,9,9,9,3081,0,5,5.497628250863823,3.189665003446862,149.53343399974983,442.0
1789882949,50,POST,POST /api/v1/auth/login,0.000000,0.000000,0,0,0,0,0,0,0,0,0,0,0,50,0,1300.0,1369.1218887201103,628.633758999058,2104.1982940005255,1622.0
1789882949,50,,Aggregated,24.600000,0.000000,6,7,7,8,9,10,13,14,19,19,19,12425,0,6,12.674522002962403,3.189665003446862,2104.1982940005255,6822.021086519115
1789882950,50,GET,GET /api/v1/reservas,17.200000,0.000000,6,7,8,8,10,11,14,17,19,19,19,9314,0,7,7.75201295682722,4.633864002244081,256.99183600227116,8965.0
1789882950,50,GET,GET /api/v1/reservas/{id},7.200000,0.000000,5,5,6,6,7,7,8,9,9,9,9,3089,0,5,5.495050908353414,3.189665003446862,149.53343399974983,442.0
1789882950,50,POST,POST /api/v1/auth/login,0.000000,0.000000,0,0,0,0,0,0,0,0,0,0,0,50,0,1300.0,1369.1218887201103,628.633758999058,2104.1982940005255,1622.0
1789882950,50,,Aggregated,24.400000,0.000000,6,7,7,7,9,10,13,14,19,19,19,12453,0,6,12.658199258957515,3.189665003446862,2104.1982940005255,6821.3641692764795
1789882951,50,GET,GET /api/v1/reservas,17.200000,0.000000,6,7,7,8,9,10,11,14,15,15,15,9333,0,7,7.751198719050886,4.633864002244081,256.99183600227116,8965.0
1789882951,50,GET,GET /api/v1/reservas/{id},7.200000,0.000000,5,5,6,6,7,7,13,15,15,15,15,3095,0,5,5.50054531047331,3.189665003446862,149.53343399974983,442.0
1789882951,50,POST,POST /api/v1/auth/login,0.000000,0.000000,0,0,0,0,0,0,0,0,0,0,0,50,0,1300.0,1369.1218887201103,628.633758999058,2104.1982940005255,1622.0
1789882951,50,,Aggregated,24.400000,0.000000,6,7,7,7,8,10,13,14,15,15,15,12478,0,6,12.648038132458915,3.189665003446862,2104.1982940005255,6821.56074691457
1789882952,50,GET,GET /api/v1/reservas,17.500000,0.000000,6,7,7,8,9,11,15,19,25,25,25,9347,0,7,7.75341699870517,4.633864002244081,256.99183600227116,8965.0
1789882952,50,GET,GET /api/v1/reservas/{id},7.300000,0.000000,5,5,6,6,7,8,13,15,15,15,15,3102,0,5,5.501152405516701,3.189665003446862,149.53343399974983,442.0
1789882952,50,POST,POST /api/v1/auth/login,0.000000,0.000000,0,0,0,0,0,0,0,0,0,0,0,50,0,1300.0,1369.1218887201103,628.633758999058,2104.1982940005255,1622.0
1789882952,50,,Aggregated,24.800000,0.000000,6,7,7,7,9,11,14,15,25,25,25,12499,0,6,12.64035985957401,3.189665003446862,2104.1982940005255,6820.388751100088
1789882953,50,GET,GET /api/v1/reservas,17.600000,0.000000,7,7,7,8,10,11,15,19,25,25,25,9365,0,7,7.753191054231814,4.633864002244081,256.99183600227116,8965.0
1789882953,50,GET,GET /api/v1/reservas/{id},6.900000,0.000000,5,5,6,6,7,8,13,15,15,15,15,3108,0,5,5.498716214259071,3.189665003446862,149.53343399974983,442.0
1789882953,50,POST,POST /api/v1/auth/login,0.000000,0.000000,0,0,0,0,0,0,0,0,0,0,0,50,0,1300.0,1369.1218887201103,628.633758999058,2104.1982940005255,1622.0
1789882953,50,,Aggregated,24.500000,0.000000,6,7,7,7,9,11,14,15,25,25,25,12523,0,6,12.629141471915966,3.189665003446862,2104.1982940005255,6820.415315818893
1789882954,50,GET,GET /api/v1/reservas,16.600000,0.000000,7,7,7,8,10,12,14,19,25,25,25,9390,0,7,7.751259708718211,4.633864002244081,256.99183600227116,8965.0
1789882954,50,GET,GET /api/v1/reservas/{id},7.600000,0.000000,5,5,5,6,7,8,13,15,15,15,15,3113,0,5,5.4967152730210005,3.189665003446862,149.53343399974983,442.0
1789882954,50,POST,POST /api/v1/auth/login,0.000000,0.000000,0,0,0,0,0,0,0,0,0,0,0,50,0,1300.0,1369.1218887201103,628.633758999058,2104.1982940005255,1622.0
1789882954,50,,Aggregated,24.200000,0.000000,6,7,7,7,9,11,14,15,25,25,25,12553,0,6,12.614649704913877,3.189665003446862,2104.1982940005255,6822.1457818848085
1789882955,50,GET,GET /api/v1/reservas,16.400000,0.000000,6,7,7,8,10,12,14,19,25,25,25,9406,0,7,7.748503290969845,4.633864002244081,256.99183600227116,8965.0
1789882955,50,GET,GET /api/v1/reservas/{id},7.700000,0.000000,5,5,5,6,7,8,13,15,15,15,15,3116,0,5,5.495648343684279,3.189665003446862,149.53343399974983,442.0
1789882955,50,POST,POST /api/v1/auth/login,0.000000,0.000000,0,0,0,0,0,0,0,0,0,0,0,50,0,1300.0,1369.1218887201103,628.633758999058,2104.1982940005255,1622.0
1789882955,50,,Aggregated,24.100000,0.000000,6,7,7,7,9,11,14,15,25,25,25,12572,0,6,12.604434984870196,3.189665003446862,2104.1982940005255,6823.350461342667
1789882956,50,GET,GET /api/v1/reservas,17.200000,0.000000,6,7,7,7,10,11,14,19,25,25,25,9428,0,7,7.7453128678266525,4.633864002244081,256.99183600227116,8965.0
1789882956,50,GET,GET /api/v1/reservas/{id},7.800000,0.000000,5,5,5,6,7,8,13,15,15,15,15,3120,0,5,5.4942111762568695,3.189665003446862,149.53343399974983,442.0
1789882956,50,POST,POST /api/v1/auth/login,0.000000,0.000000,0,0,0,0,0,0,0,0,0,0,0,50,0,1300.0,1369.1218887201103,628.633758999058,2104.1982940005255,1622.0
1789882956,50,,Aggregated,25.000000,0.000000,6,7,7,7,8,11,14,15,25,25,25,12598,0,6,12.590954359723497,3.189665003446862,2104.1982940005255,6825.064295919988
1789882957,50,GET,GET /api/v1/reservas,17.200000,0.000000,6,7,7,8,10,12,15,25,26,26,26,9451,0,7,7.745889756624158,4.633864002244081,256.99183600227116,8965.0
1789882957,50,GET,GET /api/v1/reservas/{id},7.200000,0.000000,5,5,6,6,7,8,13,15,15,15,15,3126,0,5,5.493759075794358,3.189665003446862,149.53343399974983,442.0
1789882957,50,POST,POST /api/v1/auth/login,0.000000,0.000000,0,0,0,0,0,0,0,0,0,0,0,50,0,1300.0,1369.1218887201103,628.633758999058,2104.1982940005255,1622.0
1789882957,50,,Aggregated,24.400000,0.000000,6,7,7,7,9,12,15,19,26,26,26,12627,0,6,12.579075742202708,3.189665003446862,2104.1982940005255,6825.9291201393835
1789882958,50,GET,GET /api/v1/reservas,18.000000,0.000000,6,7,7,7,9,11,15,25,26,26,26,9470,0,7,7.743006441377538,4.633864002244081,256.99183600227116,8965.0
1789882958,50,GET,GET /api/v1/reservas/{id},6.600000,0.000000,5,5,5,6,7,8,15,15,15,15,15,3131,0,5,5.491981864881285,3.189665003446862,149.53343399974983,442.0
1789882958,50,POST,POST /api/v1/auth/login,0.000000,0.000000,0,0,0,0,0,0,0,0,0,0,0,50,0,1300.0,1369.1218887201103,628.633758999058,2104.1982940005255,1622.0
1789882958,50,,Aggregated,24.600000,0.000000,6,7,7,7,8,11,15,19,26,26,26,12651,0,6,12.566418516701772,3.189665003446862,2104.1982940005255,6826.618607224726
1789882959,50,GET,GET /api/v1/reservas,18.700000,0.000000,7,7,7,8,10,13,19,25,26,26,26,9491,0,7,7.743963951621096,4.633864002244081,256.99183600227116,8965.0
1789882959,50,GET,GET /api/v1/reservas/{id},6.600000,0.000000,5,5,6,6,8,13,17,17,17,17,17,3139,0,5,5.495650052546559,3.189665003446862,149.53343399974983,442.0
1789882959,50,POST,POST /api/v1/auth/login,0.000000,0.000000,0,0,0,0,0,0,0,0,0,0,0,50,0,1300.0,1369.1218887201103,628.633758999058,2104.1982940005255,1622.0
1789882959,50,,Aggregated,25.300000,0.000000,6,7,7,7,10,13,18,20,26,26,26,12680,0,6,12.55559162585055,3.189665003446862,2104.1982940005255,6826.131940063092
1789882960,50,GET,GET /api/v1/reservas,19.100000,0.000000,7,7,7,8,10,13,19,25,26,26,26,9507,0,7,7.74312236066296,4.633864002244081,256.99183600227116,8965.0
1789882960,50,GET,GET /api/v1/reservas/{id},5.900000,0.000000,5,5,6,6,7,13,15,17,17,17,17,3143,0,5,5.49476581608167,3.189665003446862,149.53343399974983,442.0
1789882960,50,POST,POST /api/v1/auth/login,0.000000,0.000000,0,0,0,0,0,0,0,0,0,0,0,50,0,1300.0,1369.1218887201103,628.633758999058,2104.1982940005255,1622.0
1789882960,50,,Aggregated,25.000000,0.000000,6,7,7,7,10,13,18,20,26,26,26,12700,0,6,12.546457297541178,3.189665003446862,2104.1982940005255,6826.8158267716535
1789882961,50,GET,GET /api/v1/reservas,19.800000,0.000000,6,7,7,7,9,12,15,20,26,26,26,9529,0,7,7.739508433501716,4.633864002244081,256.99183600227116,8965.0
1789882961,50,GET,GET /api/v1/reservas/{id},5.700000,0.000000,5,5,5,5,6,7,17,17,17,17,17,3148,0,5,5.494018880862633,3.189665003446862,149.53343399974983,442.0
1789882961,50,POST,POST /api/v1/auth/login,0.000000,0.000000,0,0,0,0,0,0,0,0,0,0,0,50,0,1300.0,1369.1218887201103,628.633758999058,2104.1982940005255,1622.0
1789882961,50,,Aggregated,25.500000,0.000000,6,7,7,7,8,12,15,18,26,26,26,12727,0,6,12.5324932612398,3.189665003446862,2104.1982940005255,6828.003535790052
1789882962,50,GET,GET /api/v1/reservas,19.100000,0.000000,6,7,7,7,9,12,15,20,26,26,26,9549,0,7,7.739636697017789,4.633864002244081,256.99183600227116,8965.0
1789882962,50,GET,GET /api/v1/reservas/{id},5.400000,0.000000,5,5,6,6,7,8,17,17,17,17,17,3156,0,5,5.496785233197175,3.189665003446862,149.53343399974983,442.0
1789882962,50,POST,POST /api/v1/auth/login,0.000000,0.000000,0,0,0,0,0,0,0,0,0,0,0,50,0,1300.0,1369.1218887201103,628.633758999058,2104.1982940005255,1622.0
1789882962,50,,Aggregated,24.500000,0.000000,6,7,7,7,9,12,16,18,26,26,26,12755,0,6,12.521343743770966,3.189665003446862,2104.1982940005255,6827.349039592316
1789882963,50,GET,GET /api/v1/reservas,19.500000,0.000000,6,7,7,7,9,12,15,20,26,26,26,9560,0,7,7.739439747367298,4.633864002244081,256.99183600227116,8965.0
1789882963,50,GET,GET /api/v1/reservas/{id},5.700000,0.000000,5,6,6,6,7,8,17,17,17,17,17,3160,0,5,5.497643169927628,3.189665003446862,149.53343399974983,442.0
1789882963,50,POST,POST /api/v1/auth/login,0.000000,0.000000,0,0,0,0,0,0,0,0,0,0,0,50,0,1300.0,1369.1218887201103,628.633758999058,2104.1982940005255,1622.0
1789882963,50,,Aggregated,25.200000,0.000000,6,7,7,7,9,12,16,18,26,26,26,12770,0,6,12.51508933733815,3.189665003446862,2104.1982940005255,6827.190289741582
1789882964,50,GET,GET /api/v1/reservas,19.800000,0.000000,6,7,7,8,9,12,15,20,26,26,26,9587,0,7,7.736090550935317,4.633864002244081,256.99183600227116,8965.0
1789882964,50,GET,GET /api/v1/reservas/{id},5.200000,0.000000,5,6,6,6,8,10,17,17,17,17,17,3166,0,5,5.49648829752877,3.189665003446862,149.53343399974983,442.0
1789882964,50,POST,POST /api/v1/auth/login,0.000000,0.000000,0,0,0,0,0,0,0,0,0,0,0,50,0,1300.0,1369.1218887201103,628.633758999058,2104.1982940005255,1622.0
1789882964,50,,Aggregated,25.000000,0.000000,6,7,7,7,9,12,16,18,26,26,26,12803,0,6,12.49893591328583,3.189665003446862,2104.1982940005255,6828.706318831524
1789882965,50,GET,GET /api/v1/reservas,19.500000,0.000000,6,7,7,8,9,12,15,20,26,26,26,9608,0,7,7.732501522567373,4.633864002244081,256.99183600227116,8965.0
1789882965,50,GET,GET /api/v1/reservas/{id},5.200000,0.000000,5,5,6,6,7,10,16,17,17,17,17,3172,0,5,5.493946805790353,3.189665003446862,149.53343399974983,442.0
1789882965,50,POST,POST /api/v1/auth/login,0.000000,0.000000,0,0,0,0,0,0,0,0,0,0,0,50,0,1300.0,1369.1218887201103,628.633758999058,2104.1982940005255,1622.0
1789882965,50,,Aggregated,24.700000,0.000000,6,7,7,8,9,12,16,18,26,26,26,12830,0,6,12.48454936342945,3.189665003446862,2104.1982940005255,6829.216212003118
1789882966,50,GET,GET /api/v1/reservas,19.800000,0.000000,6,7,7,7,9,12,13,18,20,20,20,9627,0,7,7.729941159741682,4.633864002244081,256.99183600227116,8965.0
1789882966,50,GET,GET /api/v1/reservas/{id},5.300000,0.000000,5,5,6,6,8,10,17,17,17,17,17,3175,0,5,5.492683675893634,3.189665003446862,149.53343399974983,442.0
1789882966,50,POST,POST /api/v1/auth/login,0.000000,0.000000,0,0,0,0,0,0,0,0,0,0,0,50,0,1300.0,1369.1218887201103,628.633758999058,2104.1982940005255,1622.0
1789882966,50,,Aggregated,25.100000,0.000000,6,7,7,7,8,11,15,17,20,20,20,12852,0,6,12.47366236008411,3.189665003446862,2104.1982940005255,6830.882741985683
1789882967,50,GET,GET /api/v1/reservas,20.100000,0.000000,6,7,7,8,9,12,15,18,20,20,20,9647,0,7,7.729805821275749,4.633864002244081,256.99183600227116,8965.0
1789882967,50,GET,GET /api/v1/reservas/{id},5.500000,0.000000,5,5,6,6,8,10,16,17,17,17,17,3181,0,5,5.493120676193478,3.189665003446862,149.53343399974983,442.0
1789882967,50,POST,POST /api/v1/auth/login,0.000000,0.000000,0,0,0,0,0,0,0,0,0,0,0,50,0,1300.0,1369.1218887201103,628.633758999058,2104.1982940005255,1622.0
1789882967,50,,Aggregated,25.600000,0.000000,6,7,7,8,9,12,16,17,20,20,20,12878,0,6,12.463049236280797,3.189665003446862,2104.1982940005255,6831.220453486566
1789882968,50,GET,GET /api/v1/reservas,19.700000,0.000000,6,7,7,8,9,11,13,15,17,17,17,9665,0,7,7.729348338628441,4.633864002244081,256.99183600227116,8965.0
1789882968,50,GET,GET /api/v1/reservas/{id},5.600000,0.000000,5,6,6,6,7,10,10,16,16,16,16,3190,0,5,5.492345409082441,3.189665003446862,149.53343399974983,442.0
1789882968,50,POST,POST /api/v1/auth/login,0.000000,0.000000,0,0,0,0,0,0,0,0,0,0,0,50,0,1300.0,1369.1218887201103,628.633758999058,2104.1982940005255,1622.0
1789882968,50,,Aggregated,25.300000,0.000000,6,7,7,8,9,11,13,15,17,17,17,12905,0,6,12.451052149075737,3.189665003446862,2104.1982940005255,6829.740798140256
1789882969,50,GET,GET /api/v1/reservas,19.100000,0.000000,6,7,7,8,9,11,13,14,17,17,17,9681,0,7,7.727046069087923,4.633864002244081,256.99183600227116,8965.0
1789882969,50,GET,GET /api/v1/reservas/{id},5.500000,0.000000,5,6,6,6,7,10,10,16,16,16,16,3197,0,5,5.4908533240440525,3.189665003446862,149.53343399974983,442.0
1789882969,50,POST,POST /api/v1/auth/login,0.000000,0.000000,0,0,0,0,0,0,0,0,0,0,0,50,0,1300.0,1369.1218887201103,628.633758999058,2104.1982940005255,1622.0
1789882969,50,,Aggregated,24.600000,0.000000,6,7,7,7,8,10,13,14,17,17,17,12928,0,6,12.43934757950298,3.189665003446862,2104.1982940005255,6828.924737004951
1789882970,50,GET,GET /api/v1/reservas,19.700000,0.000000,6,7,7,8,9,11,13,14,17,17,17,9698,0,7,7.724614748900122,4.633864002244081,256.99183600227116,8965.0
1789882970,50,GET,GET /api/v1/reservas/{id},6.000000,0.000000,4,6,6,6,8,10,10,16,16,16,16,3205,0,5,5.4896965229251045,3.189665003446862,149.53343399974983,442.0
1789882970,50,POST,POST /api/v1/auth/login,0.000000,0.000000,0,0,0,0,0,0,0,0,0,0,0,50,0,1300.0,1369.1218887201103,628.633758999058,2104.1982940005255,1622.0
1789882970,50,,Aggregated,25.700000,0.000000,6,7,7,7,9,10,13,14,17,17,17,12953,0,6,12.42676489051292,3.189665003446862,2104.1982940005255,6827.783525052111
1789882971,50,GET,GET /api/v1/reservas,18.800000,0.000000,6,7,7,8,9,11,13,14,17,17,17,9718,0,7,7.722155370121013,4.633864002244081,256.99183600227116,8965.0
1789882971,50,GET,GET /api/v1/reservas/{id},5.800000,0.000000,5,5,6,6,7,8,10,10,10,10,10,3207,0,5,5.489342711562848,3.189665003446862,149.53343399974983,442.0
1789882971,50,POST,POST /api/v1/auth/login,0.000000,0.000000,0,0,0,0,0,0,0,0,0,0,0,50,0,1300.0,1369.1218887201103,628.633758999058,2104.1982940005255,1622.0
1789882971,50,,Aggregated,24.600000,0.000000,6,7,7,7,8,10,12,13,17,17,17,12975,0,6,12.416518103955573,3.189665003446862,2104.1982940005255,6830.093564547206
1789882972,50,GET,GET /api/v1/reservas,19.100000,0.000000,6,7,7,8,9,12,14,17,18,18,18,9733,0,7,7.724221820182608,4.633864002244081,256.99183600227116,8965.0
1789882972,50,GET,GET /api/v1/reservas/{id},6.200000,0.000000,5,5,6,6,8,10,10,12,12,12,12,3217,0,5,5.493135274166103,3.189665003446862,149.53343399974983,442.0
1789882972,50,POST,POST /api/v1/auth/login,0.000000,0.000000,0,0,0,0,0,0,0,0,0,0,0,50,0,1300.0,1369.1218887201103,628.633758999058,2104.1982940005255,1622.0
1789882972,50,,Aggregated,25.300000,0.000000,6,7,7,7,9,11,13,14,18,18,18,13000,0,6,12.408258583756552,3.189665003446862,2104.1982940005255,6827.643
1789882973,50,GET,GET /api/v1/reservas,18.600000,0.000000,6,7,7,8,9,12,16,17,18,18,18,9751,0,7,7.724665691707745,4.633864002244081,256.99183600227116,8965.0
1789882973,50,GET,GET /api/v1/reservas/{id},5.900000,0.000000,5,6,6,6,8,9,10,12,12,12,12,3224,0,5,5.492699925555151,3.189665003446862,149.53343399974983,442.0
1789882973,50,POST,POST /api/v1/auth/login,0.000000,0.000000,0,0,0,0,0,0,0,0,0,0,0,50,0,1300.0,1369.1218887201103,628.633758999058,2104.1982940005255,1622.0
1789882973,50,,Aggregated,24.500000,0.000000,6,7,7,7,9,11,14,17,18,18,18,13025,0,6,12.398293601215935,3.189665003446862,2104.1982940005255,6827.164913627639
1789882974,50,GET,GET /api/v1/reservas,18.700000,0.000000,7,7,7,8,9,12,16,17,18,18,18,9767,0,7,7.72388387568791,4.633864002244081,256.99183600227116,8965.0
1789882974,50,GET,GET /api/v1/reservas/{id},6.200000,0.000000,5,6,6,6,8,9,10,12,12,12,12,3231,0,5,5.491180499839318,3.189665003446862,149.53343399974983,442.0
1789882974,50,POST,POST /api/v1/auth/login,0.000000,0.000000,0,0,0,0,0,0,0,0,0,0,0,50,0,1300.0,1369.1218887201103,628.633758999058,2104.1982940005255,1622.0
1789882974,50,,Aggregated,24.900000,0.000000,6,7,7,7,9,11,14,17,18,18,18,13048,0,6,12.387896416679197,3.189665003446862,2104.1982940005255,6826.360898221949
1789882975,50,GET,GET /api/v1/reservas,19.000000,0.000000,7,7,8,8,10,12,16,17,18,18,18,9789,0,7,7.722271691475396,4.633864002244081,256.99183600227116,8965.0
1789882975,50,GET,GET /api/v1/reservas/{id},6.300000,0.000000,5,6,6,6,7,9,10,12,12,12,12,3238,0,5,5.488568231309518,3.189665003446862,149.53343399974983,442.0
1789882975,50,POST,POST /api/v1/auth/login,0.000000,0.000000,0,0,0,0,0,0,0,0,0,0,0,50,0,1300.0,1369.1218887201103,628.633758999058,2104.1982940005255,1622.0
1789882975,50,,Aggregated,25.300000,0.000000,6,7,7,8,9,11,14,17,18,18,18,13077,0,6,12.37450454667266,3.189665003446862,2104.1982940005255,6826.541332109811
1789882976,50,GET,GET /api/v1/reservas,17.900000,0.000000,7,7,8,8,10,12,16,17,18,18,18,9802,0,7,7.720602546403749,4.633864002244081,256.99183600227116,8965.0
1789882976,50,GET,GET /api/v1/reservas/{id},6.500000,0.000000,5,5,6,6,7,9,10,12,12,12,12,3245,0,5,5.485544237592964,3.189665003446862,149.53343399974983,442.0
1789882976,50,POST,POST /api/v1/auth/login,0.000000,0.000000,0,0,0,0,0,0,0,0,0,0,0,50,0,1300.0,1369.1218887201103,628.633758999058,2104.1982940005255,1622.0
1789882976,50,,Aggregated,24.400000,0.000000,6,7,7,8,9,11,14,17,18,18,18,13097,0,6,12.364207959597177,3.189665003446862,2104.1982940005255,6825.25158433229
1789882977,50,GET,GET /api/v1/reservas,17.900000,0.000000,7,7,7,8,9,11,14,17,18,18,18,9823,0,7,7.717446022889398,4.633864002244081,256.99183600227116,8965.0
1789882977,50,GET,GET /api/v1/reservas/{id},6.700000,0.000000,4,5,6,6,6,9,9,12,12,12,12,3247,0,5,5.484626653522124,3.189665003446862,149.53343399974983,442.0
1789882977,50,POST,POST /api/v1/auth/login,0.000000,0.000000,0,0,0,0,0,0,0,0,0,0,0,50,0,1300.0,1369.1218887201103,628.633758999058,2104.1982940005255,1622.0
1789882977,50,,Aggregated,24.600000,0.000000,6,7,7,7,8,10,13,16,18,18,18,13120,0,6,12.35313639198433,3.189665003446862,2104.1982940005255,6827.703429878049
1789882978,50,GET,GET /api/v1/reservas,17.700000,0.000000,7,7,7,8,9,11,14,17,18,18,18,9845,0,7,7.7160915011532545,4.633864002244081,256.99183600227116,8965.0
1789882978,50,GET,GET /api/v1/reservas/{id},6.900000,0.000000,4,5,6,6,6,9,9,12,12,12,12,3252,0,5,5.483464222015979,3.189665003446862,149.53343399974983,442.0
1789882978,50,POST,POST /api/v1/auth/login,0.000000,0.000000,0,0,0,0,0,0,0,0,0,0,0,50,0,1300.0,1369.1218887201103,628.633758999058,2104.1982940005255,1622.0
1789882978,50,,Aggregated,24.600000,0.000000,6,7,7,8,9,10,13,16,18,18,18,13147,0,6,12.341465042584261,3.189665003446862,2104.1982940005255,6828.851372936791
1789882979,50,GET,GET /api/v1/reservas,17.900000,0.000000,7,7,7,8,9,11,14,17,18,18,18,9857,0,7,7.714609774053003,4.633864002244081,256.99183600227116,8965.0
1789882979,50,GET,GET /api/v1/reservas/{id},6.700000,0.000000,4,5,5,6,6,7,9,12,12,12,12,3266,0,5,5.479275726578183,3.189665003446862,149.53343399974983,442.0
1789882979,50,POST,POST /api/v1/auth/login,0.000000,0.000000,0,0,0,0,0,0,0,0,0,0,0,50,0,1300.0,1369.1218887201103,628.633758999058,2104.1982940005255,1622.0
1789882979,50,,Aggregated,24.600000,0.000000,6,7,7,7,9,10,13,16,18,18,18,13173,0,6,12.327815797604973,3.189665003446862,2104.1982940005255,6824.0094891065055
1789882980,50,GET,GET /api/v1/reservas,17.900000,0.000000,7,7,8,8,10,12,14,17,18,18,18,9873,0,7,7.714420747578783,4.633864002244081,256.99183600227116,8965.0
1789882980,50,GET,GET /api/v1/reservas/{id},6.100000,0.000000,4,5,6,6,6,7,9,12,12,12,12,3273,0,5,5.478463264588418,3.189665003446862,149.53343399974983,442.0
1789882980,50,POST,POST /api/v1/auth/login,0.000000,0.000000,0,0,0,0,0,0,0,0,0,0,0,50,0,1300.0,1369.1218887201103,628.633758999058,2104.1982940005255,1622.0
1789882980,50,,Aggregated,24.000000,0.000000,6,7,7,8,9,11,13,16,18,18,18,13196,0,6,12.318246494532339,3.189665003446862,2104.1982940005255,6823.219990906336
1789882981,50,GET,GET /api/v1/reservas,17.800000,0.000000,7,7,8,8,9,10,12,16,17,17,17,9889,0,7,7.712561491844137,4.633864002244081,256.99183600227116,8965.0
1789882981,50,GET,GET /api/v1/reservas/{id},6.900000,0.000000,4,5,5,6,6,6,7,9,9,9,9,3281,0,5,5.478243716246951,3.189665003446862,149.53343399974983,442.0
1789882981,50,POST,POST /api/v1/auth/login,0.000000,0.000000,0,0,0,0,0,0,0,0,0,0,0,50,0,1300.0,1369.1218887201103,628.633758999058,2104.1982940005255,1622.0
1789882981,50,,Aggregated,24.700000,0.000000,6,7,7,7,9,9,11,13,17,17,17,13220,0,6,12.307090216479457,3.189665003446862,2104.1982940005255,6821.950605143722
1789882982,50,GET,GET /api/v1/reservas,17.300000,0.000000,7,7,8,8,9,10,11,12,13,13,13,9909,0,7,7.711389977073834,4.633864002244081,256.99183600227116,8965.0
1789882982,50,GET,GET /api/v1/reservas/{id},6.700000,0.000000,4,5,5,5,6,6,7,9,9,9,9,3284,0,5,5.477194101402305,3.189665003446862,149.53343399974983,442.0
1789882982,50,POST,POST /api/v1/auth/login,0.000000,0.000000,0,0,0,0,0,0,0,0,0,0,0,50,0,1300.0,1369.1218887201103,628.633758999058,2104.1982940005255,1622.0
1789882982,50,,Aggregated,24.000000,0.000000,6,7,7,7,9,9,10,11,13,13,13,13243,0,6,12.297467578934931,3.189665003446862,2104.1982940005255,6823.741825870271
1789882983,50,GET,GET /api/v1/reservas,16.900000,0.000000,7,7,8,8,9,10,11,12,13,13,13,9930,0,7,7.711481682157314,4.633864002244081,256.99183600227116,8965.0
1789882983,50,GET,GET /api/v1/reservas/{id},7.200000,0.000000,4,5,5,6,6,7,8,9,9,9,9,3288,0,5,5.4785260538370855,3.189665003446862,149.53343399974983,442.0
1789882983,50,POST,POST /api/v1/auth/login,0.000000,0.000000,0,0,0,0,0,0,0,0,0,0,0,50,0,1300.0,1369.1218887201103,628.633758999058,2104.1982940005255,1622.0
1789882983,50,,Aggregated,24.100000,0.000000,6,7,7,8,9,10,11,11,13,13,13,13268,0,6,12.288551492677419,3.189665003446862,2104.1982940005255,6825.206964124209
1789882984,50,GET,GET /api/v1/reservas,17.500000,0.000000,6,7,8,8,9,10,11,12,13,13,13,9946,0,7,7.710082098916133,4.633864002244081,256.99183600227116,8965.0
1789882984,50,GET,GET /api/v1/reservas/{id},6.800000,0.000000,5,5,6,6,6,7,8,9,9,9,9,3301,0,5,5.476690812791332,3.1258880044333637,149.53343399974983,442.0
1789882984,50,POST,POST /api/v1/auth/login,0.000000,0.000000,0,0,0,0,0,0,0,0,0,0,0,50,0,1300.0,1369.1218887201103,628.633758999058,2104.1982940005255,1622.0
1789882984,50,,Aggregated,24.300000,0.000000,6,7,7,7,9,10,11,11,13,13,13,13297,0,6,12.274883610201515,3.1258880044333637,2104.1982940005255,6821.541099496127
1789882985,50,GET,GET /api/v1/reservas,18.000000,0.000000,7,7,8,8,9,10,11,12,13,13,13,9965,0,7,7.707937587639421,4.633864002244081,256.99183600227116,8965.0
1789882985,50,GET,GET /api/v1/reservas/{id},6.500000,0.000000,5,5,6,6,6,7,9,12,12,12,12,3307,0,5,5.4779744191200805,3.1258880044333637,149.53343399974983,442.0
1789882985,50,POST,POST /api/v1/auth/login,0.000000,0.000000,0,0,0,0,0,0,0,0,0,0,0,50,0,1300.0,1369.1218887201103,628.633758999058,2104.1982940005255,1622.0
1789882985,50,,Aggregated,24.500000,0.000000,6,7,7,8,9,10,11,12,13,13,13,13322,0,6,12.264025964634623,3.1258880044333637,2104.1982940005255,6821.724891157484
1789882986,50,GET,GET /api/v1/reservas,18.000000,0.000000,7,7,8,8,9,10,11,12,13,13,13,9978,0,7,7.706271821490344,4.633864002244081,256.99183600227116,8965.0
1789882986,50,GET,GET /api/v1/reservas/{id},7.000000,0.000000,5,5,6,6,6,7,9,12,12,12,12,3312,0,5,5.4773269154710045,3.1258880044333637,149.53343399974983,442.0
1789882986,50,POST,POST /api/v1/auth/login,0.000000,0.000000,0,0,0,0,0,0,0,0,0,0,0,50,0,1300.0,1369.1218887201103,628.633758999058,2104.1982940005255,1622.0
1789882986,50,,Aggregated,25.000000,0.000000,6,7,7,8,9,10,11,12,13,13,13,13340,0,6,12.2556357882216,3.1258880044333637,2104.1982940005255,6821.4223388305845
1789882987,50,GET,GET /api/v1/reservas,17.400000,0.000000,6,7,7,8,9,10,11,12,13,13,13,9999,0,7,7.702953429125731,4.633864002244081,256.99183600227116,8965.0
1789882987,50,GET,GET /api/v1/reservas/{id},6.800000,0.000000,5,5,6,6,6,7,9,12,12,12,12,3321,0,5,5.473234411632251,3.1258880044333637,149.53343399974983,442.0
1789882987,50,POST,POST /api/v1/auth/login,0.000000,0.000000,0,0,0,0,0,0,0,0,0,0,0,50,0,1300.0,1369.1218887201103,628.633758999058,2104.1982940005255,1622.0
1789882987,50,,Aggregated,24.200000,0.000000,6,7,7,7,9,10,11,12,13,13,13,13370,0,6,12.24042911405119,3.1258880044333637,2104.1982940005255,6820.494913986537
1789882988,50,GET,GET /api/v1/reservas,17.400000,0.000000,6,7,8,8,9,10,12,13,13,13,13,10022,0,7,7.703139666117556,4.633864002244081,256.99183600227116,8965.0
1789882988,50,GET,GET /api/v1/reservas/{id},6.800000,0.000000,5,5,6,6,7,8,9,12,12,12,12,3324,0,5,5.473566067396868,3.1258880044333637,149.53343399974983,442.0
1789882988,50,POST,POST /api/v1/auth/login,0.000000,0.000000,0,0,0,0,0,0,0,0,0,0,0,50,0,1300.0,1369.1218887201103,628.633758999058,2104.1982940005255,1622.0
1789882988,50,,Aggregated,24.200000,0.000000,6,7,7,8,9,10,12,12,13,13,13,13396,0,6,12.231344713187731,3.1258880044333637,2104.1982940005255,6822.748432367871
1789882989,50,GET,GET /api/v1/reservas,17.800000,0.000000,6,7,7,8,9,10,11,12,13,13,13,10032,0,7,7.7023768949199365,4.633864002244081,256.99183600227116,8965.0
1789882989,50,GET,GET /api/v1/reservas/{id},7.000000,0.000000,5,5,6,6,6,7,9,12,12,12,12,3335,0,5,5.4708940590745065,3.1258880044333637,149.53343399974983,442.0
1789882989,50,POST,POST /api/v1/auth/login,0.000000,0.000000,0,0,0,0,0,0,0,0,0,0,0,50,0,1300.0,1369.1218887201103,628.633758999058,2104.1982940005255,1622.0
1789882989,50,,Aggregated,24.800000,0.000000,6,7,7,7,9,10,11,12,13,13,13,13417,0,6,12.221194837359752,3.1258880044333637,2104.1982940005255,6819.113810836998
1789882990,50,GET,GET /api/v1/reservas,17.900000,0.000000,6,7,7,8,9,10,11,12,13,13,13,10055,0,7,7.699938189741194,4.633864002244081,256.99183600227116,8965.0
1789882990,50,GET,GET /api/v1/reservas/{id},7.300000,0.000000,5,5,6,6,7,8,9,12,12,12,12,3338,0,5,5.471337198027141,3.1258880044333637,149.53343399974983,442.0
1789882990,50,POST,POST /api/v1/auth/login,0.000000,0.000000,0,0,0,0,0,0,0,0,0,0,0,50,0,1300.0,1369.1218887201103,628.633758999058,2104.1982940005255,1622.0
1789882990,50,,Aggregated,25.200000,0.000000,6,7,7,7,9,10,11,12,13,13,13,13443,0,6,12.21024298898072,3.1258880044333637,2104.1982940005255,6821.362121550249
1789882991,50,GET,GET /api/v1/reservas,17.400000,0.000000,6,7,7,8,9,10,11,13,17,17,17,10071,0,7,7.698184644211462,4.633864002244081,256.99183600227116,8965.0
1789882991,50,GET,GET /api/v1/reservas/{id},6.500000,0.000000,5,5,6,6,6,7,8,12,12,12,12,3347,0,5,5.468438092319464,3.1258880044333637,149.53343399974983,442.0
1789882991,50,POST,POST /api/v1/auth/login,0.000000,0.000000,0,0,0,0,0,0,0,0,0,0,0,50,0,1300.0,1369.1218887201103,628.633758999058,2104.1982940005255,1622.0
1789882991,50,,Aggregated,23.900000,0.000000,6,7,7,7,9,10,11,12,17,17,17,13468,0,6,12.19834973885153,3.1258880044333637,2104.1982940005255,6819.645752895753
1789882992,50,GET,GET /api/v1/reservas,18.500000,0.000000,6,7,7,7,9,10,11,13,17,17,17,10088,0,7,7.696978876272416,4.633864002244081,256.99183600227116,8965.0
1789882992,50,GET,GET /api/v1/reservas/{id},6.600000,0.000000,5,5,5,6,6,7,7,12,12,12,12,3354,0,5,5.467286911743696,3.1258880044333637,149.53343399974983,442.0
1789882992,50,POST,POST /api/v1/auth/login,0.000000,0.000000,0,0,0,0,0,0,0,0,0,0,0,50,0,1300.0,1369.1218887201103,628.633758999058,2104.1982940005255,1622.0
1789882992,50,,Aggregated,25.100000,0.000000,6,6,7,7,8,10,11,12,17,17,17,13492,0,6,12.18800012168915,3.1258880044333637,2104.1982940005255,6819.040023717758
1789882993,50,GET,GET /api/v1/reservas,18.600000,0.000000,6,7,7,7,9,10,11,13,17,17,17,10103,0,7,7.696246343444445,4.633864002244081,256.99183600227116,8965.0
1789882993,50,GET,GET /api/v1/reservas/{id},6.700000,0.000000,5,5,5,6,6,7,8,12,12,12,12,3363,0,5,5.467146332734419,3.1258880044333637,149.53343399974983,442.0
1789882993,50,POST,POST /api/v1/auth/login,0.000000,0.000000,0,0,0,0,0,0,0,0,0,0,0,50,0,1300.0,1369.1218887201103,628.633758999058,2104.1982940005255,1622.0
1789882993,50,,Aggregated,25.300000,0.000000,6,7,7,7,9,10,11,12,17,17,17,13516,0,6,12.177958298373083,3.1258880044333637,2104.1982940005255,6817.17527374963
1789882994,50,GET,GET /api/v1/reservas,18.000000,0.000000,6,7,7,7,9,10,11,13,17,17,17,10124,0,7,7.693980092831659,4.633864002244081,256.99183600227116,8965.0
1789882994,50,GET,GET /api/v1/reservas/{id},6.900000,0.000000,5,5,5,5,6,7,7,8,8,8,8,3369,0,5,5.4652907239508615,3.1258880044333637,149.53343399974983,442.0
1789882994,50,POST,POST /api/v1/auth/login,0.000000,0.000000,0,0,0,0,0,0,0,0,0,0,0,50,0,1300.0,1369.1218887201103,628.633758999058,2104.1982940005255,1622.0
1789882994,50,,Aggregated,24.900000,0.000000,6,7,7,7,8,10,10,12,17,17,17,13543,0,6,12.165880037275617,3.1258880044333637,2104.1982940005255,6817.681311378572
1789882995,50,GET,GET /api/v1/reservas,17.100000,0.000000,6,7,7,8,10,10,12,13,17,17,17,10141,0,7,7.694647389196673,4.633864002244081,256.99183600227116,8965.0
1789882995,50,GET,GET /api/v1/reservas/{id},7.200000,0.000000,5,5,5,6,6,7,8,10,10,10,10,3377,0,5,5.464682271542571,3.1258880044333637,149.53343399974983,442.0
1789882995,50,POST,POST /api/v1/auth/login,0.000000,0.000000,0,0,0,0,0,0,0,0,0,0,0,50,0,1300.0,1369.1218887201103,628.633758999058,2104.1982940005255,1622.0
1789882995,50,,Aggregated,24.300000,0.000000,6,7,7,7,9,10,12,13,17,17,17,13568,0,6,12.156673469991762,3.1258880044333637,2104.1982940005255,6816.612544221698
1789882996,50,GET,GET /api/v1/reservas,17.600000,0.000000,7,7,7,8,10,10,12,13,17,17,17,10154,0,7,7.6932113922450585,4.633864002244081,256.99183600227116,8965.0
1789882996,50,GET,GET /api/v1/reservas/{id},6.800000,0.000000,5,5,5,6,6,7,8,10,10,10,10,3383,0,5,5.4636895675404675,3.1258880044333637,149.53343399974983,442.0
1789882996,50,POST,POST /api/v1/auth/login,0.000000,0.000000,0,0,0,0,0,0,0,0,0,0,0,50,0,1300.0,1369.1218887201103,628.633758999058,2104.1982940005255,1622.0
1789882996,50,,Aggregated,24.400000,0.000000,6,7,7,7,9,10,12,13,17,17,17,13587,0,6,12.148128705369194,3.1258880044333637,2104.1982940005255,6815.853094870096
1789882997,50,GET,GET /api/v1/reservas,18.000000,0.000000,6,7,7,7,9,10,10,13,17,17,17,10177,0,7,7.688989625316878,4.633864002244081,256.99183600227116,8965.0
1789882997,50,GET,GET /api/v1/reservas/{id},7.100000,0.000000,5,5,5,6,6,7,8,10,10,10,10,3388,0,5,5.462241737892336,3.1258880044333637,149.53343399974983,442.0
1789882997,50,POST,POST /api/v1/auth/login,0.000000,0.000000,0,0,0,0,0,0,0,0,0,0,0,50,0,1300.0,1369.1218887201103,628.633758999058,2104.1982940005255,1622.0
1789882997,50,,Aggregated,25.100000,0.000000,6,7,7,7,8,10,10,12,17,17,17,13615,0,6,12.134632160178818,3.1258880044333637,2104.1982940005255,6817.14293059126
1789882998,50,GET,GET /api/v1/reservas,17.300000,0.000000,6,7,7,8,9,10,11,13,17,17,17,10194,0,7,7.688048354017126,4.633864002244081,256.99183600227116,8965.0
1789882998,50,GET,GET /api/v1/reservas/{id},7.200000,0.000000,5,5,5,6,6,7,8,10,10,10,10,3397,0,5,5.461248617888227,3.1258880044333637,149.53343399974983,442.0
1789882998,50,POST,POST /api/v1/auth/login,0.000000,0.000000,0,0,0,0,0,0,0,0,0,0,0,50,0,1300.0,1369.1218887201103,628.633758999058,2104.1982940005255,1622.0
1789882998,50,,Aggregated,24.500000,0.000000,6,7,7,7,8,10,10,12,17,17,17,13641,0,6,12.123738795676447,3.1258880044333637,2104.1982940005255,6815.613518070522
1789882999,50,GET,GET /api/v1/reservas,17.700000,0.000000,7,7,7,7,9,10,11,13,17,17,17,10213,0,7,7.685392156454993,4.633864002244081,256.99183600227116,8965.0
1789882999,50,GET,GET /api/v1/reservas/{id},7.000000,0.000000,5,5,5,6,6,7,8,10,10,10,10,3402,0,5,5.459557884765664,3.1258880044333637,149.53343399974983,442.0
1789882999,50,POST,POST /api/v1/auth/login,0.000000,0.000000,0,0,0,0,0,0,0,0,0,0,0,50,0,1300.0,1369.1218887201103,628.633758999058,2104.1982940005255,1622.0
1789882999,50,,Aggregated,24.700000,0.000000,6,7,7,7,8,9,10,12,17,17,17,13665,0,6,12.11272743899401,3.1258880044333637,2104.1982940005255,6816.269959751189
1789883000,50,GET,GET /api/v1/reservas,16.800000,0.000000,7,7,7,7,9,10,11,13,17,17,17,10232,0,7,7.682966680987534,4.633864002244081,256.99183600227116,8965.0
1789883000,50,GET,GET /api/v1/reservas/{id},7.200000,0.000000,5,5,5,6,6,7,8,10,10,10,10,3407,0,5,5.457796049306528,3.1258880044333637,149.53343399974983,442.0
1789883000,50,POST,POST /api/v1/auth/login,0.000000,0.000000,0,0,0,0,0,0,0,0,0,0,0,50,0,1300.0,1369.1218887201103,628.633758999058,2104.1982940005255,1622.0
1789883000,50,,Aggregated,24.000000,0.000000,6,7,7,7,8,10,11,12,17,17,17,13689,0,6,12.101900844171036,3.1258880044333637,2104.1982940005255,6816.9240996420485
1789883001,50,GET,GET /api/v1/reservas,18.000000,0.000000,7,7,7,8,9,10,12,12,13,13,13,10245,0,7,7.683028100035597,4.633864002244081,256.99183600227116,8965.0
1789883001,50,GET,GET /api/v1/reservas/{id},7.200000,0.000000,5,5,5,6,6,6,8,10,10,10,10,3414,0,5,5.456350628582856,3.1258880044333637,149.53343399974983,442.0
1789883001,50,POST,POST /api/v1/auth/login,0.000000,0.000000,0,0,0,0,0,0,0,0,0,0,0,50,0,1300.0,1369.1218887201103,628.633758999058,2104.1982940005255,1622.0
1789883001,50,,Aggregated,25.200000,0.000000,6,7,7,7,9,10,11,12,13,13,13,13709,0,6,12.094003819888545,3.1258880044333637,2104.1982940005255,6815.705959588591
1789883002,50,GET,GET /api/v1/reservas,17.800000,0.000000,7,7,7,8,9,10,12,13,22,22,22,10270,0,7,7.681408938153915,4.633864002244081,256.99183600227116,8965.0
1789883002,50,GET,GET /api/v1/reservas/{id},6.900000,0.000000,5,5,5,5,6,6,7,10,10,10,10,3418,0,5,5.454769424806138,3.1258880044333637,149.53343399974983,442.0
1789883002,50,POST,POST /api/v1/auth/login,0.000000,0.000000,0,0,0,0,0,0,0,0,0,0,0,50,0,1300.0,1369.1218887201103,628.633758999058,2104.1982940005255,1622.0
1789883002,50,,Aggregated,24.700000,0.000000,6,7,7,7,8,10,12,12,22,22,22,13738,0,6,12.082440393422157,3.1258880044333637,2104.1982940005255,6817.761391760081
1789883003,50,GET,GET /api/v1/reservas,17.500000,0.000000,6,7,7,8,9,10,12,13,22,22,22,10290,0,7,7.679317540120913,4.633864002244081,256.99183600227116,8965.0
1789883003,50,GET,GET /api/v1/reservas/{id},6.600000,0.000000,5,5,5,5,6,6,6,10,10,10,10,3424,0,5,5.453368385511465,3.1258880044333637,149.53343399974983,442.0
1789883003,50,POST,POST /api/v1/auth/login,0.000000,0.000000,0,0,0,0,0,0,0,0,0,0,0,50,0,1300.0,1369.1218887201103,628.633758999058,2104.1982940005255,1622.0
1789883003,50,,Aggregated,24.100000,0.000000,6,7,7,7,8,10,12,12,22,22,22,13764,0,6,12.071244207776878,3.1258880044333637,2104.1982940005255,6818.102150537635
1789883004,50,GET,GET /api/v1/reservas,18.100000,0.000000,7,7,7,8,8,9,11,12,22,22,22,10302,0,7,7.679349683929997,4.633864002244081,256.99183600227116,8965.0
1789883004,50,GET,GET /api/v1/reservas/{id},6.400000,0.000000,5,5,5,6,6,7,7,12,12,12,12,3432,0,5,5.4557585547760805,3.1258880044333637,149.53343399974983,442.0
1789883004,50,POST,POST /api/v1/auth/login,0.000000,0.000000,0,0,0,0,0,0,0,0,0,0,0,50,0,1300.0,1369.1218887201103,628.633758999058,2104.1982940005255,1622.0
1789883004,50,,Aggregated,24.500000,0.000000,6,7,7,7,8,9,11,12,22,22,22,13784,0,6,12.064198943691515,3.1258880044333637,2104.1982940005255,6816.270603598375
1789883005,50,GET,GET /api/v1/reservas,18.800000,0.000000,6,7,7,7,8,9,11,12,22,22,22,10322,0,7,7.676162788204334,4.633864002244081,256.99183600227116,8965.0
1789883005,50,GET,GET /api/v1/reservas/{id},6.300000,0.000000,4,5,5,6,6,7,7,12,12,12,12,3440,0,5,5.452081368897526,3.1258880044333637,149.53343399974983,442.0
1789883005,50,POST,POST /api/v1/auth/login,0.000000,0.000000,0,0,0,0,0,0,0,0,0,0,0,50,0,1300.0,1369.1218887201103,628.633758999058,2104.1982940005255,1622.0
1789883005,50,,Aggregated,25.100000,0.000000,6,7,7,7,8,9,11,12,22,22,22,13812,0,6,12.050724489202008,3.1258880044333637,2104.1982940005255,6815.689979727773
1789883006,50,GET,GET /api/v1/reservas,17.900000,0.000000,6,7,7,8,8,9,11,12,22,22,22,10340,0,7,7.673638786350652,4.633864002244081,256.99183600227116,8965.0
1789883006,50,GET,GET /api/v1/reservas/{id},6.200000,0.000000,5,5,5,6,6,7,7,12,12,12,12,3449,0,5,5.45044926877661,3.1258880044333637,149.53343399974983,442.0
1789883006,50,POST,POST /api/v1/auth/login,0.000000,0.000000,0,0,0,0,0,0,0,0,0,0,0,50,0,1300.0,1369.1218887201103,628.633758999058,2104.1982940005255,1622.0
1789883006,50,,Aggregated,24.100000,0.000000,6,7,7,7,8,9,11,12,22,22,22,13839,0,6,12.038450683928158,3.1258880044333637,2104.1982940005255,6814.34048702941
1789883007,50,GET,GET /api/v1/reservas,18.000000,0.000000,6,7,7,8,8,9,11,12,22,22,22,10360,0,7,7.670421587343818,4.633864002244081,256.99183600227116,8965.0
1789883007,50,GET,GET /api/v1/reservas/{id},6.100000,0.000000,5,5,5,6,6,7,7,12,12,12,12,3454,0,5,5.448381380722294,3.1258880044333637,149.53343399974983,442.0
1789883007,50,POST,POST /api/v1/auth/login,0.000000,0.000000,0,0,0,0,0,0,0,0,0,0,0,50,0,1300.0,1369.1218887201103,628.633758999058,2104.1982940005255,1622.0
1789883007,50,,Aggregated,24.100000,0.000000,6,7,7,7,8,9,11,12,22,22,22,13864,0,6,12.026858869727516,3.1258880044333637,2104.1982940005255,6815.144835545298
1789883008,50,GET,GET /api/v1/reservas,18.700000,0.000000,6,7,7,7,8,9,11,12,22,22,22,10375,0,7,7.668292880952443,4.633864002244081,256.99183600227116,8965.0
1789883008,50,GET,GET /api/v1/reservas/{id},6.500000,0.000000,5,5,5,5,6,7,7,12,12,12,12,3461,0,5,5.446008210059264,3.1258880044333637,149.53343399974983,442.0
1789883008,50,POST,POST /api/v1/auth/login,0.000000,0.000000,0,0,0,0,0,0,0,0,0,0,0,50,0,1300.0,1369.1218887201103,628.633758999058,2104.1982940005255,1622.0
1789883008,50,,Aggregated,25.200000,0.000000,6,7,7,7,8,9,11,12,22,22,22,13886,0,6,12.016654723527454,3.1258880044333637,2104.1982940005255,6814.254428921216
1789883009,50,GET,GET /api/v1/reservas,18.300000,0.000000,6,7,7,8,8,9,10,12,22,22,22,10396,0,7,7.666341121188748,4.633864002244081,256.99183600227116,8965.0
1789883009,50,GET,GET /api/v1/reservas/{id},6.700000,0.000000,4,5,5,5,6,7,7,12,12,12,12,3466,0,5,5.444024225049735,3.1258880044333637,149.53343399974983,442.0
1789883009,50,POST,POST /api/v1/auth/login,0.000000,0.000000,0,0,0,0,0,0,0,0,0,0,0,50,0,1300.0,1369.1218887201103,628.633758999058,2104.1982940005255,1622.0
1789883009,50,,Aggregated,25.000000,0.000000,6,7,7,7,8,9,10,12,22,22,22,13912,0,6,12.005776645766684,3.1258880044333637,2104.1982940005255,6815.210753306498
1789883010,50,GET,GET /api/v1/reservas,18.300000,0.000000,6,7,7,7,8,8,9,10,22,22,22,10416,0,7,7.66416668230577,4.633864002244081,256.99183600227116,8965.0
1789883010,50,GET,GET /api/v1/reservas/{id},6.400000,0.000000,4,5,5,5,6,7,7,12,12,12,12,3467,0,5,5.443732267384445,3.1258880044333637,149.53343399974983,442.0
1789883010,50,POST,POST /api/v1/auth/login,0.000000,0.000000,0,0,0,0,0,0,0,0,0,0,0,50,0,1300.0,1369.1218887201103,628.633758999058,2104.1982940005255,1622.0
1789883010,50,,Aggregated,24.700000,0.000000,6,7,7,7,8,8,9,10,22,22,22,13933,0,6,11.997378480580226,3.1258880044333637,2104.1982940005255,6817.839230603603
1789883011,50,GET,GET /api/v1/reservas,18.100000,0.000000,6,7,7,7,8,9,10,10,12,12,12,10438,0,7,7.662697365766552,4.633864002244081,256.99183600227116,8965.0
1789883011,50,GET,GET /api/v1/reservas/{id},6.300000,0.000000,4,5,5,5,6,7,7,12,12,12,12,3472,0,5,5.442733046665071,3.1258880044333637,149.53343399974983,442.0
1789883011,50,POST,POST /api/v1/auth/login,0.000000,0.000000,0,0,0,0,0,0,0,0,0,0,0,50,0,1300.0,1369.1218887201103,628.633758999058,2104.1982940005255,1622.0
1789883011,50,,Aggregated,24.400000,0.000000,6,7,7,7,8,8,10,10,12,12,12,13960,0,6,11.986855206153145,3.1258880044333637,2104.1982940005255,6818.939398280802
1789883012,50,GET,GET /api/v1/reservas,17.900000,0.000000,6,7,7,7,8,9,10,14,22,22,22,10461,0,7,7.6615360080186035,4.633864002244081,256.99183600227116,8965.0
1789883012,50,GET,GET /api/v1/reservas/{id},6.000000,0.000000,4,5,5,5,6,7,7,12,12,12,12,3474,0,5,5.442339134722749,3.1258880044333637,149.53343399974983,442.0
1789883012,50,POST,POST /api/v1/auth/login,0.000000,0.000000,0,0,0,0,0,0,0,0,0,0,0,50,0,1300.0,1369.1218887201103,628.633758999058,2104.1982940005255,1622.0
1789883012,50,,Aggregated,23.900000,0.000000,6,7,7,7,8,8,10,12,22,22,22,13985,0,6,11.977841170533782,3.1258880044333637,2104.1982940005255,6821.556882373972
1789883013,50,GET,GET /api/v1/reservas,19.000000,0.000000,6,7,7,7,8,8,11,14,22,22,22,10482,0,7,7.660293205579776,4.633864002244081,256.99183600227116,8965.0
1789883013,50,GET,GET /api/v1/reservas/{id},5.900000,0.000000,4,5,5,5,6,6,12,12,12,12,12,3481,0,5,5.441807420867102,3.1258880044333637,149.53343399974983,442.0
1789883013,50,POST,POST /api/v1/auth/login,0.000000,0.000000,0,0,0,0,0,0,0,0,0,0,0,50,0,1300.0,1369.1218887201103,628.633758999058,2104.1982940005255,1622.0
1789883013,50,,Aggregated,24.900000,0.000000,6,7,7,7,8,8,11,12,22,22,22,14013,0,6,11.967046274811326,3.1258880044333637,2104.1982940005255,6821.58224505816
1789883014,50,GET,GET /api/v1/reservas,19.100000,0.000000,6,7,7,7,8,9,11,14,22,22,22,10497,0,7,7.659543627977634,4.633864002244081,256.99183600227116,8965.0
1789883014,50,GET,GET /api/v1/reservas/{id},5.700000,0.000000,4,5,5,5,6,6,7,7,7,7,7,3488,0,5,5.439600565663268,3.1258880044333637,149.53343399974983,442.0
1789883014,50,POST,POST /api/v1/auth/login,0.000000,0.000000,0,0,0,0,0,0,0,0,0,0,0,50,0,1300.0,1369.1218887201103,628.633758999058,2104.1982940005255,1622.0
1789883014,50,,Aggregated,24.800000,0.000000,6,7,7,7,8,9,11,12,22,22,22,14035,0,6,11.958079848373368,3.1258880044333637,2104.1982940005255,6820.691200570003
1789883015,50,GET,GET /api/v1/reservas,19.000000,0.000000,6,7,7,8,8,10,11,14,22,22,22,10512,0,7,7.658720660664069,4.633864002244081,256.99183600227116,8965.0
1789883015,50,GET,GET /api/v1/reservas/{id},5.700000,0.000000,4,5,5,5,5,6,6,7,7,7,7,3500,0,5,5.4359985205872885,3.1258880044333637,149.53343399974983,442.0
1789883015,50,POST,POST /api/v1/auth/login,0.000000,0.000000,0,0,0,0,0,0,0,0,0,0,0,50,0,1300.0,1369.1218887201103,628.633758999058,2104.1982940005255,1622.0
1789883015,50,,Aggregated,24.700000,0.000000,6,7,7,7,8,9,11,12,22,22,22,14062,0,6,11.94642019932881,3.1258880044333637,2104.1982940005255,6817.5352012516005
1789883016,50,GET,GET /api/v1/reservas,19.500000,0.000000,7,7,7,8,8,10,11,14,22,22,22,10533,0,7,7.656959090562651,4.633864002244081,256.99183600227116,8965.0
1789883016,50,GET,GET /api/v1/reservas/{id},5.700000,0.000000,4,5,5,5,6,6,6,7,7,7,7,3506,0,5,5.435126747308559,3.1258880044333637,149.53343399974983,442.0
1789883016,50,POST,POST /api/v1/auth/login,0.000000,0.000000,0,0,0,0,0,0,0,0,0,0,0,50,0,1300.0,1369.1218887201103,628.633758999058,2104.1982940005255,1622.0
1789883016,50,,Aggregated,25.200000,0.000000,6,7,7,7,8,9,11,12,22,22,22,14089,0,6,11.935722827238678,3.1258880044333637,2104.1982940005255,6818.020938320676
1789883017,50,GET,GET /api/v1/reservas,19.000000,0.000000,7,7,7,8,8,10,11,14,22,22,22,10549,0,7,7.655329639483219,4.633864002244081,256.99183600227116,8965.0
1789883017,50,GET,GET /api/v1/reservas/{id},6.100000,0.000000,4,5,5,5,6,6,6,7,7,7,7,3513,0,5,5.433276564207518,3.1258880044333637,149.53343399974983,442.0
1789883017,50,POST,POST /api/v1/auth/login,0.000000,0.000000,0,0,0,0,0,0,0,0,0,0,0,50,0,1300.0,1369.1218887201103,628.633758999058,2104.1982940005255,1622.0
1789883017,50,,Aggregated,25.100000,0.000000,6,7,7,7,8,9,11,12,22,22,22,14112,0,6,11.925968492982923,3.1258880044333637,2104.1982940005255,6817.292446145125
1789883018,50,GET,GET /api/v1/reservas,19.200000,0.000000,6,7,7,8,8,10,11,14,22,22,22,10571,0,7,7.652104074344411,4.633864002244081,256.99183600227116,8965.0
1789883018,50,GET,GET /api/v1/reservas/{id},5.700000,0.000000,4,5,5,5,6,6,6,7,7,7,7,3519,0,5,5.431026211439156,3.1258880044333637,149.53343399974983,442.0
1789883018,50,POST,POST /api/v1/auth/login,0.000000,0.000000,0,0,0,0,0,0,0,0,0,0,0,50,0,1300.0,1369.1218887201103,628.633758999058,2104.1982940005255,1622.0
1789883018,50,,Aggregated,24.900000,0.000000,6,7,7,7,8,9,11,12,22,22,22,14140,0,6,11.91359744299538,3.1258880044333637,2104.1982940005255,6817.928783592645
1789883019,50,GET,GET /api/v1/reservas,19.000000,0.000000,6,7,7,8,9,11,12,14,22,22,22,10589,0,7,7.650853118228221,4.633864002244081,256.99183600227116,8965.0
1789883019,50,GET,GET /api/v1/reservas/{id},5.800000,0.000000,4,5,5,5,6,6,6,7,7,7,7,3523,0,5,5.430014599506397,3.1258880044333637,149.53343399974983,442.0
1789883019,50,POST,POST /api/v1/auth/login,0.000000,0.000000,0,0,0,0,0,0,0,0,0,0,0,50,0,1300.0,1369.1218887201103,628.633758999058,2104.1982940005255,1622.0
1789883019,50,,Aggregated,24.800000,0.000000,6,7,7,7,8,10,11,12,22,22,22,14162,0,6,11.905163080001778,3.1258880044333637,2104.1982940005255,6818.856870498517
1789883020,50,GET,GET /api/v1/reservas,19.400000,0.000000,6,7,7,7,8,10,11,14,22,22,22,10611,0,7,7.647148048058555,4.633864002244081,256.99183600227116,8965.0
1789883020,50,GET,GET /api/v1/reservas/{id},5.700000,0.000000,4,5,5,5,6,6,6,7,7,7,7,3529,0,5,5.428494313422871,3.1258880044333637,149.53343399974983,442.0
1789883020,50,POST,POST /api/v1/auth/login,0.000000,0.000000,0,0,0,0,0,0,0,0,0,0,0,50,0,1300.0,1369.1218887201103,628.633758999058,2104.1982940005255,1622.0
1789883020,50,,Aggregated,25.100000,0.000000,6,7,7,7,8,9,11,12,22,22,22,14190,0,6,11.892680676957305,3.1258880044333637,2104.1982940005255,6819.487878787879
1789883021,50,GET,GET /api/v1/reservas,19.400000,0.000000,7,7,7,8,9,11,12,12,14,14,14,10627,0,7,7.648882028976437,4.633864002244081,256.99183600227116,8965.0
1789883021,50,GET,GET /api/v1/reservas/{id},5.600000,0.000000,4,5,5,5,6,6,7,7,7,7,7,3539,0,5,5.42760010880442,3.1258880044333637,149.53343399974983,442.0
1789883021,50,POST,POST /api/v1/auth/login,0.000000,0.000000,0,0,0,0,0,0,0,0,0,0,0,50,0,1300.0,1369.1218887201103,628.633758999058,2104.1982940005255,1622.0
1789883021,50,,Aggregated,25.000000,0.000000,6,7,7,7,8,10,11,12,14,14,14,14216,0,6,11.884428850801699,3.1258880044333637,2104.1982940005255,6817.416502532358
1789883022,50,GET,GET /api/v1/reservas,19.500000,0.000000,7,7,8,8,10,11,12,15,20,20,20,10646,0,7,7.649243357595213,4.633864002244081,256.99183600227116,8965.0
1789883022,50,GET,GET /api/v1/reservas/{id},6.000000,0.000000,4,5,5,5,6,6,6,7,7,7,7,3542,0,5,5.426484377487813,3.1258880044333637,149.53343399974983,442.0
1789883022,50,POST,POST /api/v1/auth/login,0.000000,0.000000,0,0,0,0,0,0,0,0,0,0,0,50,0,1300.0,1369.1218887201103,628.633758999058,2104.1982940005255,1622.0
1789883022,50,,Aggregated,25.500000,0.000000,6,7,7,7,9,11,12,14,20,20,20,14238,0,6,11.877408827505688,3.1258880044333637,2104.1982940005255,6818.939036381515
1789883023,50,GET,GET /api/v1/reservas,18.800000,0.000000,6,7,7,8,9,11,12,15,20,20,20,10666,0,7,7.646529195851313,4.633864002244081,256.99183600227116,8965.0
1789883023,50,GET,GET /api/v1/reservas/{id},6.500000,0.000000,4,5,5,5,6,6,6,7,7,7,7,3552,0,5,5.423283714265438,3.1258880044333637,149.53343399974983,442.0
1789883023,50,POST,POST /api/v1/auth/login,0.000000,0.000000,0,0,0,0,0,0,0,0,0,0,0,50,0,1300.0,1369.1218887201103,628.633758999058,2104.1982940005255,1622.0
1789883023,50,,Aggregated,25.300000,0.000000,6,7,7,7,8,10,12,14,20,20,20,14268,0,6,11.86413502887766,3.1258880044333637,2104.1982940005255,6817.477852537146
1789883024,50,GET,GET /api/v1/reservas,18.700000,0.000000,6,7,7,8,9,11,12,15,20,20,20,10682,0,7,7.646031711755504,4.633864002244081,256.99183600227116,8965.0
1789883024,50,GET,GET /api/v1/reservas/{id},6.700000,0.000000,4,5,5,5,6,7,7,8,8,8,8,3558,0,5,5.424317636047963,3.1258880044333637,149.53343399974983,442.0
1789883024,50,POST,POST /api/v1/auth/login,0.000000,0.000000,0,0,0,0,0,0,0,0,0,0,0,50,0,1300.0,1369.1218887201103,628.633758999058,2104.1982940005255,1622.0
1789883024,50,,Aggregated,25.400000,0.000000,6,7,7,7,8,10,12,14,20,20,20,14290,0,6,11.856593934922076,3.1258880044333637,2104.1982940005255,6817.205458362491
1789883025,50,GET,GET /api/v1/reservas,18.400000,0.000000,6,7,7,8,9,11,12,15,20,20,20,10698,0,7,7.645111873244945,4.633864002244081,256.99183600227116,8965.0
1789883025,50,GET,GET /api/v1/reservas/{id},7.100000,0.000000,4,5,5,6,7,7,8,9,9,9,9,3566,0,5,5.4260041839728474,3.1258880044333637,149.53343399974983,442.0
1789883025,50,POST,POST /api/v1/auth/login,0.000000,0.000000,0,0,0,0,0,0,0,0,0,0,0,50,0,1300.0,1369.1218887201103,628.633758999058,2104.1982940005255,1622.0
1789883025,50,,Aggregated,25.500000,0.000000,6,7,7,7,8,10,12,14,20,20,20,14314,0,6,11.848025162500146,3.1258880044333637,2104.1982940005255,6816.0431745144615
1789883026,50,GET,GET /api/v1/reservas,18.500000,0.000000,7,7,7,8,9,10,12,15,20,20,20,10718,0,7,7.643979610466959,4.633864002244081,256.99183600227116,8965.0
1789883026,50,GET,GET /api/v1/reservas/{id},7.000000,0.000000,4,5,5,6,7,7,8,9,9,9,9,3570,0,5,5.424892164718527,3.1258880044333637,149.53343399974983,442.0
1789883026,50,POST,POST /api/v1/auth/login,0.000000,0.000000,0,0,0,0,0,0,0,0,0,0,0,50,0,1300.0,1369.1218887201103,628.633758999058,2104.1982940005255,1622.0
1789883026,50,,Aggregated,25.500000,0.000000,6,7,7,7,8,10,12,14,20,20,20,14338,0,6,11.839247658602003,3.1258880044333637,2104.1982940005255,6817.2625191798015
1789883027,50,GET,GET /api/v1/reservas,18.400000,0.000000,7,7,7,8,9,10,12,15,20,20,20,10741,0,7,7.641375162087971,4.633864002244081,256.99183600227116,8965.0
1789883027,50,GET,GET /api/v1/reservas/{id},6.600000,0.000000,4,5,5,5,7,7,8,9,9,9,9,3581,0,5,5.420463948913506,3.1258880044333637,149.53343399974983,442.0
1789883027,50,POST,POST /api/v1/auth/login,0.000000,0.000000,0,0,0,0,0,0,0,0,0,0,0,50,0,1300.0,1369.1218887201103,628.633758999058,2104.1982940005255,1622.0
1789883027,50,,Aggregated,25.000000,0.000000,6,7,7,7,8,10,12,14,20,20,20,14372,0,6,11.82457462100276,3.1258880044333637,2104.1982940005255,6815.820136376287
1789883028,50,GET,GET /api/v1/reservas,18.700000,0.000000,7,7,7,8,9,10,12,15,20,20,20,10756,0,7,7.639520206487824,4.633864002244081,256.99183600227116,8965.0
1789883028,50,GET,GET /api/v1/reservas/{id},6.500000,0.000000,4,5,5,6,7,7,8,9,9,9,9,3586,0,5,5.419256901020892,3.1258880044333637,149.53343399974983,442.0
1789883028,50,POST,POST /api/v1/auth/login,0.000000,0.000000,0,0,0,0,0,0,0,0,0,0,0,50,0,1300.0,1369.1218887201103,628.633758999058,2104.1982940005255,1622.0
1789883028,50,,Aggregated,25.200000,0.000000,6,7,7,7,8,9,12,14,20,20,20,14392,0,6,11.81630273930305,3.1258880044333637,2104.1982940005255,6815.845747637576
1789883029,50,GET,GET /api/v1/reservas,18.900000,0.000000,7,7,8,8,9,10,12,15,20,20,20,10768,0,7,7.638357710623983,4.633864002244081,256.99183600227116,8965.0
1789883029,50,GET,GET /api/v1/reservas/{id},6.700000,0.000000,5,5,5,6,7,7,8,9,9,9,9,3596,0,5,5.4186682305554985,3.1258880044333637,149.53343399974983,442.0
1789883029,50,POST,POST /api/v1/auth/login,0.000000,0.000000,0,0,0,0,0,0,0,0,0,0,0,50,0,1300.0,1369.1218887201103,628.633758999058,2104.1982940005255,1622.0
1789883029,50,,Aggregated,25.600000,0.000000,6,7,7,7,8,9,12,14,20,20,20,14414,0,6,11.807372084159994,3.1258880044333637,2104.1982940005255,6813.212987373387
1789883030,50,GET,GET /api/v1/reservas,18.700000,0.000000,7,7,7,8,9,10,12,15,20,20,20,10789,0,7,7.635388108351003,4.633864002244081,256.99183600227116,8965.0
1789883030,50,GET,GET /api/v1/reservas/{id},6.600000,0.000000,5,5,5,6,7,7,8,9,9,9,9,3602,0,5,5.417407724343563,3.1258880044333637,149.53343399974983,442.0
1789883030,50,POST,POST /api/v1/auth/login,0.000000,0.000000,0,0,0,0,0,0,0,0,0,0,0,50,0,1300.0,1369.1218887201103,628.633758999058,2104.1982940005255,1622.0
1789883030,50,,Aggregated,25.300000,0.000000,6,7,7,7,8,9,11,14,20,20,20,14441,0,6,11.796122107893497,3.1258880044333637,2104.1982940005255,6813.694965722595
1789883031,50,GET,GET /api/v1/reservas,18.200000,0.000000,7,7,7,8,8,9,9,10,14,14,14,10807,0,7,7.634180241047186,4.633864002244081,256.99183600227116,8965.0
1789883031,50,GET,GET /api/v1/reservas/{id},7.400000,0.000000,5,5,5,6,7,7,9,10,10,10,10,3606,0,5,5.418006394922815,3.1258880044333637,149.53343399974983,442.0
1789883031,50,POST,POST /api/v1/auth/login,0.000000,0.000000,0,0,0,0,0,0,0,0,0,0,0,50,0,1300.0,1369.1218887201103,628.633758999058,2104.1982940005255,1622.0
1789883031,50,,Aggregated,25.600000,0.000000,6,7,7,7,8,9,9,10,14,14,14,14463,0,6,11.788426423362658,3.1258880044333637,2104.1982940005255,6814.610177694807
1789883032,50,GET,GET /api/v1/reservas,18.300000,0.000000,7,7,7,8,8,9,11,24,35,35,35,10828,0,7,7.637767072957968,4.633864002244081,256.99183600227116,8965.0
1789883032,50,GET,GET /api/v1/reservas/{id},7.400000,0.000000,5,5,6,7,7,8,9,10,10,10,10,3612,0,5,5.418834547091678,3.1258880044333637,149.53343399974983,442.0
1789883032,50,POST,POST /api/v1/auth/login,0.000000,0.000000,0,0,0,0,0,0,0,0,0,0,0,50,0,1300.0,1369.1218887201103,628.633758999058,2104.1982940005255,1622.0
1789883032,50,,Aggregated,25.700000,0.000000,6,7,7,7,8,9,10,14,35,35,35,14490,0,6,11.782654705734267,3.1258880044333637,2104.1982940005255,6815.087922705314
1789883033,50,GET,GET /api/v1/reservas,18.400000,0.000000,7,7,7,8,9,9,12,24,35,35,35,10848,0,7,7.6366098493700445,4.633864002244081,256.99183600227116,8965.0
1789883033,50,GET,GET /api/v1/reservas/{id},7.000000,0.000000,5,5,6,6,7,8,9,10,10,10,10,3618,0,5,5.417828004725795,3.1258880044333637,149.53343399974983,442.0
1789883033,50,POST,POST /api/v1/auth/login,0.000000,0.000000,0,0,0,0,0,0,0,0,0,0,0,50,0,1300.0,1369.1218887201103,628.633758999058,2104.1982940005255,1622.0
1789883033,50,,Aggregated,25.400000,0.000000,6,7,7,7,8,9,11,14,35,35,35,14516,0,6,11.77319783708113,3.1258880044333637,2104.1982940005255,6815.415817029485
1789883034,50,GET,GET /api/v1/reservas,17.900000,0.000000,7,7,7,8,8,10,12,24,35,35,35,10871,0,7,7.634489421577221,4.633864002244081,256.99183600227116,8965.0
1789883034,50,GET,GET /api/v1/reservas/{id},7.000000,0.000000,4,5,5,5,7,8,8,10,10,10,10,3622,0,5,5.416628570426733,3.1258880044333637,149.53343399974983,442.0
1789883034,50,POST,POST /api/v1/auth/login,0.000000,0.000000,0,0,0,0,0,0,0,0,0,0,0,50,0,1300.0,1369.1218887201103,628.633758999058,2104.1982940005255,1622.0
1789883034,50,,Aggregated,24.900000,0.000000,6,7,7,7,8,9,11,14,35,35,35,14543,0,6,11.763023971674146,3.1258880044333637,2104.1982940005255,6817.062435535997
1789883035,50,GET,GET /api/v1/reservas,18.300000,0.000000,7,7,7,8,9,10,12,24,35,35,35,10889,0,7,7.635298103311729,4.633864002244081,256.99183600227116,8965.0
1789883035,50,GET,GET /api/v1/reservas/{id},6.700000,0.000000,5,5,5,6,7,8,9,10,10,10,10,3626,0,5,5.41766433896503,3.1258880044333637,149.53343399974983,442.0
1789883035,50,POST,POST /api/v1/auth/login,0.000000,0.000000,0,0,0,0,0,0,0,0,0,0,0,50,0,1300.0,1369.1218887201103,628.633758999058,2104.1982940005255,1622.0
1789883035,50,,Aggregated,25.000000,0.000000,6,7,7,7,9,10,11,14,35,35,35,14565,0,6,11.757041289121464,3.1258880044333637,2104.1982940005255,6817.966151733608
1789883036,50,GET,GET /api/v1/reservas,18.900000,0.000000,7,7,7,8,9,10,12,24,35,35,35,10905,0,7,7.63396643034874,4.633864002244081,256.99183600227116,8965.0
1789883036,50,GET,GET /api/v1/reservas/{id},6.300000,0.000000,5,5,6,6,7,8,9,10,10,10,10,3634,0,5,5.416550674761738,3.1258880044333637,149.53343399974983,442.0
1789883036,50,POST,POST /api/v1/auth/login,0.000000,0.000000,0,0,0,0,0,0,0,0,0,0,0,50,0,1300.0,1369.1218887201103,628.633758999058,2104.1982940005255,1622.0
1789883036,50,,Aggregated,25.200000,0.000000,6,7,7,7,9,10,11,14,35,35,35,14589,0,6,11.747771849410013,3.1258880044333637,2104.1982940005255,6816.824525327302
1789883037,50,GET,GET /api/v1/reservas,19.100000,0.000000,7,7,7,8,9,10,12,24,35,35,35,10923,0,7,7.631665847379329,4.633864002244081,256.99183600227116,8965.0
1789883037,50,GET,GET /api/v1/reservas/{id},6.100000,0.000000,5,5,5,6,7,8,9,10,10,10,10,3640,0,5,5.41542255963937,3.1258880044333637,149.53343399974983,442.0
1789883037,50,POST,POST /api/v1/auth/login,0.000000,0.000000,0,0,0,0,0,0,0,0,0,0,0,50,0,1300.0,1369.1218887201103,628.633758999058,2104.1982940005255,1622.0
1789883037,50,,Aggregated,25.200000,0.000000,6,7,7,7,9,10,11,14,35,35,35,14613,0,6,11.7381043320343,3.1258880044333637,2104.1982940005255,6816.853144460412
1789883038,50,GET,GET /api/v1/reservas,18.400000,0.000000,7,7,7,8,9,10,12,24,35,35,35,10944,0,7,7.629244791201283,4.633864002244081,256.99183600227116,8965.0
1789883038,50,GET,GET /api/v1/reservas/{id},6.300000,0.000000,5,5,5,6,7,8,10,10,10,10,10,3645,0,5,5.414490793165412,3.1258880044333637,149.53343399974983,442.0
1789883038,50,POST,POST /api/v1/auth/login,0.000000,0.000000,0,0,0,0,0,0,0,0,0,0,0,50,0,1300.0,1369.1218887201103,628.633758999058,2104.1982940005255,1622.0
1789883038,50,,Aggregated,24.700000,0.000000,6,7,7,8,9,10,11,14,35,35,35,14639,0,6,11.728012048090736,3.1258880044333637,2104.1982940005255,6817.7573604754425
1789883039,50,GET,GET /api/v1/reservas,18.100000,0.000000,7,7,7,8,9,10,12,24,35,35,35,10962,0,7,7.627948533108024,4.633864002244081,256.99183600227116,8965.0
1789883039,50,GET,GET /api/v1/reservas/{id},6.000000,0.000000,5,5,5,6,7,8,10,10,10,10,10,3649,0,5,5.412880446997277,3.1258880044333637,149.53343399974983,442.0
1789883039,50,POST,POST /api/v1/auth/login,0.000000,0.000000,0,0,0,0,0,0,0,0,0,0,0,50,0,1300.0,1369.1218887201103,628.633758999058,2104.1982940005255,1622.0
1789883039,50,,Aggregated,24.100000,0.000000,6,7,7,8,9,10,11,14,35,35,35,14661,0,6,11.719887252372194,3.1258880044333637,2104.1982940005255,6818.65411636314
1789883040,50,GET,GET /api/v1/reservas,18.600000,0.000000,7,7,8,8,9,10,12,24,35,35,35,10980,0,7,7.627584437061809,4.633864002244081,256.99183600227116,8965.0
1789883040,50,GET,GET /api/v1/reservas/{id},6.100000,0.000000,5,5,6,6,7,8,9,9,9,9,9,3656,0,5,5.413165854241361,3.1258880044333637,149.53343399974983,442.0
1789883040,50,POST,POST /api/v1/auth/login,0.000000,0.000000,0,0,0,0,0,0,0,0,0,0,0,50,0,1300.0,1369.1218887201103,628.633758999058,2104.1982940005255,1622.0
1789883040,50,,Aggregated,24.700000,0.000000,6,7,7,8,9,10,11,13,35,35,35,14686,0,6,11.711664572930042,3.1258880044333637,2104.1982940005255,6818.245403785919
1789883041,50,GET,GET /api/v1/reservas,18.900000,0.000000,7,7,7,8,9,10,11,12,13,13,13,10998,0,7,7.624952262859179,4.633864002244081,256.99183600227116,8965.0
1789883041,50,GET,GET /api/v1/reservas/{id},5.300000,0.000000,5,5,5,6,7,8,9,10,10,10,10,3662,0,5,5.412987143120441,3.1258880044333637,149.53343399974983,442.0
1789883041,50,POST,POST /api/v1/auth/login,0.000000,0.000000,0,0,0,0,0,0,0,0,0,0,0,50,0,1300.0,1369.1218887201103,628.633758999058,2104.1982940005255,1622.0
1789883041,50,,Aggregated,24.200000,0.000000,6,7,7,7,9,10,10,11,13,13,13,14710,0,6,11.702085543238466,3.1258880044333637,2104.1982940005255,6818.271515975527
1789883042,50,GET,GET /api/v1/reservas,19.000000,0.000000,7,7,8,8,9,10,11,14,27,27,27,11018,0,7,7.626980873021832,4.633864002244081,256.99183600227116,8965.0
1789883042,50,GET,GET /api/v1/reservas/{id},5.300000,0.000000,5,5,5,6,7,9,10,35,35,35,35,3669,0,5,5.419477776534436,3.1258880044333637,149.53343399974983,442.0
1789883042,50,POST,POST /api/v1/auth/login,0.000000,0.000000,0,0,0,0,0,0,0,0,0,0,0,50,0,1300.0,1369.1218887201103,628.633758999058,2104.1982940005255,1622.0
1789883042,50,,Aggregated,24.300000,0.000000,6,7,7,8,9,10,11,14,35,35,35,14737,0,6,11.696697676397157,3.1258880044333637,2104.1982940005255,6818.156205469227
1789883043,50,GET,GET /api/v1/reservas,19.200000,0.000000,7,7,8,8,9,10,11,14,27,27,27,11035,0,7,7.625260917350068,4.633864002244081,256.99183600227116,8965.0
1789883043,50,GET,GET /api/v1/reservas/{id},5.200000,0.000000,5,5,5,6,7,9,10,35,35,35,35,3676,0,5,5.416817731254624,3.1258880044333637,149.53343399974983,442.0
1789883043,50,POST,POST /api/v1/auth/login,0.000000,0.000000,0,0,0,0,0,0,0,0,0,0,0,50,0,1300.0,1369.1218887201103,628.633758999058,2104.1982940005255,1622.0
1789883043,50,,Aggregated,24.400000,0.000000,6,7,7,8,9,10,11,14,35,35,35,14761,0,6,11.68708560660223,3.1258880044333637,2104.1982940005255,6817.6049725628345
1789883044,50,GET,GET /api/v1/reservas,19.000000,0.000000,6,7,7,8,9,10,13,14,27,27,27,11054,0,7,7.624261137412229,4.633864002244081,256.99183600227116,8965.0
1789883044,50,GET,GET /api/v1/reservas/{id},5.500000,0.000000,4,5,5,5,6,7,10,35,35,35,35,3683,0,5,5.414705104289329,3.1258880044333637,149.53343399974983,442.0
1789883044,50,POST,POST /api/v1/auth/login,0.000000,0.000000,0,0,0,0,0,0,0,0,0,0,0,50,0,1300.0,1369.1218887201103,628.633758999058,2104.1982940005255,1622.0
1789883044,50,,Aggregated,24.500000,0.000000,6,7,7,7,9,9,13,14,35,35,35,14787,0,6,11.677624666805835,3.1258880044333637,2104.1982940005255,6817.346047203625
1789883045,50,GET,GET /api/v1/reservas,18.000000,0.000000,6,7,8,8,9,11,14,14,27,27,27,11075,0,7,7.624941259135364,4.633864002244081,256.99183600227116,8965.0
1789883045,50,GET,GET /api/v1/reservas/{id},5.600000,0.000000,4,5,5,5,6,8,10,35,35,35,35,3687,0,5,5.4149425042292885,3.1258880044333637,149.53343399974983,442.0
1789883045,50,POST,POST /api/v1/auth/login,0.000000,0.000000,0,0,0,0,0,0,0,0,0,0,0,50,0,1300.0,1369.1218887201103,628.633758999058,2104.1982940005255,1622.0
1789883045,50,,Aggregated,23.600000,0.000000,6,7,7,8,9,10,14,14,35,35,35,14812,0,6,11.670754246153326,3.1258880044333637,2104.1982940005255,6818.669254658385
1789883046,50,GET,GET /api/v1/reservas,17.900000,0.000000,6,7,8,8,9,12,14,18,27,27,27,11093,0,7,7.624385637512644,4.633864002244081,256.99183600227116,8965.0
1789883046,50,GET,GET /api/v1/reservas/{id},5.900000,0.000000,4,5,5,5,6,8,10,35,35,35,35,3692,0,5,5.412920938541156,3.1258880044333637,149.53343399974983,442.0
1789883046,50,POST,POST /api/v1/auth/login,0.000000,0.000000,0,0,0,0,0,0,0,0,0,0,0,50,0,1300.0,1369.1218887201103,628.633758999058,2104.1982940005255,1622.0
1789883046,50,,Aggregated,23.800000,0.000000,6,7,7,8,9,11,14,18,35,35,35,14835,0,6,11.662818228380669,3.1258880044333637,2104.1982940005255,6819.124300640377
1789883047,50,GET,GET /api/v1/reservas,18.600000,0.000000,7,7,8,8,9,12,14,18,27,27,27,11108,0,7,7.623454917980963,4.633864002244081,256.99183600227116,8965.0
1789883047,50,GET,GET /api/v1/reservas/{id},6.000000,0.000000,4,5,5,5,7,8,10,35,35,35,35,3700,0,5,5.411498470295212,3.1258880044333637,149.53343399974983,442.0
1789883047,50,POST,POST /api/v1/auth/login,0.000000,0.000000,0,0,0,0,0,0,0,0,0,0,0,50,0,1300.0,1369.1218887201103,628.633758999058,2104.1982940005255,1622.0
1789883047,50,,Aggregated,24.600000,0.000000,6,7,7,8,9,11,14,18,35,35,35,14858,0,6,11.654326019991272,3.1258880044333637,2104.1982940005255,6817.857046708844
1789883048,50,GET,GET /api/v1/reservas,19.000000,0.000000,7,7,8,8,9,12,14,18,27,27,27,11129,0,7,7.620511341803432,4.633864002244081,256.99183600227116,8965.0
1789883048,50,GET,GET /api/v1/reservas/{id},5.800000,0.000000,4,5,5,5,7,8,10,35,35,35,35,3706,0,5,5.410051288479027,3.1258880044333637,149.53343399974983,442.0
1789883048,50,POST,POST /api/v1/auth/login,0.000000,0.000000,0,0,0,0,0,0,0,0,0,0,0,50,0,1300.0,1369.1218887201103,628.633758999058,2104.1982940005255,1622.0
1789883048,50,,Aggregated,24.800000,0.000000,6,7,7,8,9,11,14,18,35,35,35,14885,0,6,11.643561654957285,3.1258880044333637,2104.1982940005255,6818.3162243869665
1789883049,50,GET,GET /api/v1/reservas,18.900000,0.000000,6,7,8,8,9,11,14,18,27,27,27,11146,0,7,7.618720862006317,4.633864002244081,256.99183600227116,8965.0
1789883049,50,GET,GET /api/v1/reservas/{id},5.700000,0.000000,4,5,5,5,5,8,10,35,35,35,35,3711,0,5,5.408692274887959,3.1258880044333637,149.53343399974983,442.0
1789883049,50,POST,POST /api/v1/auth/login,0.000000,0.000000,0,0,0,0,0,0,0,0,0,0,0,50,0,1300.0,1369.1218887201103,628.633758999058,2104.1982940005255,1622.0
1789883049,50,,Aggregated,24.600000,0.000000,6,7,7,8,8,10,14,18,35,35,35,14907,0,6,11.635205889584567,3.1258880044333637,2104.1982940005255,6818.6256121285305
1789883050,50,GET,GET /api/v1/reservas,18.500000,0.000000,7,7,8,8,9,12,14,18,27,27,27,11169,0,7,7.618040931678648,4.633864002244081,256.99183600227116,8965.0
1789883050,50,GET,GET /api/v1/reservas/{id},6.200000,0.000000,4,5,5,5,5,8,10,35,35,35,35,3715,0,5,5.407199908778761,3.1258880044333637,149.53343399974983,442.0
1789883050,50,POST,POST /api/v1/auth/login,0.000000,0.000000,0,0,0,0,0,0,0,0,0,0,0,50,0,1300.0,1369.1218887201103,628.633758999058,2104.1982940005255,1622.0
1789883050,50,,Aggregated,24.700000,0.000000,6,7,7,8,9,10,14,18,35,35,35,14934,0,6,11.626472563481816,3.1258880044333637,2104.1982940005255,6820.2233159233965
1789883051,50,GET,GET /api/v1/reservas,18.500000,0.000000,7,7,8,8,9,10,13,14,18,18,18,11191,0,7,7.6160588054616545,4.633864002244081,256.99183600227116,8965.0
1789883051,50,GET,GET /api/v1/reservas/{id},6.300000,0.000000,4,5,5,5,5,6,7,8,8,8,8,3720,0,5,5.405654165353495,3.1258880044333637,149.53343399974983,442.0
1789883051,50,POST,POST /api/v1/auth/login,0.000000,0.000000,0,0,0,0,0,0,0,0,0,0,0,50,0,1300.0,1369.1218887201103,628.633758999058,2104.1982940005255,1622.0
1789883051,50,,Aggregated,24.800000,0.000000,6,7,7,8,8,9,13,14,18,18,18,14961,0,6,11.616632713257262,3.1258880044333637,2104.1982940005255,6821.245571820065
1789883052,50,GET,GET /api/v1/reservas,18.700000,0.000000,7,7,8,8,10,18,52,71,100,100,100,11203,0,7,7.647378610723805,4.633864002244081,256.99183600227116,8965.0
1789883052,50,GET,GET /api/v1/reservas/{id},6.100000,0.000000,4,5,5,5,8,9,24,24,24,24,24,3724,0,5,5.414205172963019,3.1258880044333637,149.53343399974983,442.0
1789883052,50,POST,POST /api/v1/auth/login,0.000000,0.000000,0,0,0,0,0,0,0,0,0,0,0,50,0,1300.0,1369.1218887201103,628.633758999058,2104.1982940005255,1622.0
1789883052,50,,Aggregated,24.800000,0.000000,6,7,8,8,9,15,31,64,100,100,100,14977,0,6,11.637322366031821,3.1258880044333637,2104.1982940005255,6821.259464512252
1789883053,50,GET,GET /api/v1/reservas,19.000000,0.000000,7,8,9,10,20,52,180,200,220,220,220,11222,0,7,7.732818476025681,4.633864002244081,256.99183600227116,8965.0
1789883053,50,GET,GET /api/v1/reservas/{id},6.000000,0.000000,5,6,8,9,24,150,150,180,180,180,180,3737,0,5,5.574555809508488,3.1258880044333637,177.67928400280653,442.0
1789883053,50,POST,POST /api/v1/auth/login,0.000000,0.000000,0,0,0,0,0,0,0,0,0,0,0,50,0,1300.0,1369.1218887201103,628.633758999058,2104.1982940005255,1622.0
1789883053,50,,Aggregated,25.000000,0.000000,7,8,9,10,20,54,180,200,220,220,220,15009,0,6,11.730688149383631,3.1258880044333637,2104.1982940005255,6818.447864614564
1789883054,50,GET,GET /api/v1/reservas,18.600000,0.000000,7,8,10,12,26,52,180,200,220,220,220,11238,0,7,7.74133188778822,4.633864002244081,256.99183600227116,8965.0
1789883054,50,GET,GET /api/v1/reservas/{id},5.800000,0.000000,5,6,9,11,24,150,150,180,180,180,180,3740,0,5,5.579563889339741,3.1258880044333637,177.67928400280653,442.0
1789883054,50,POST,POST /api/v1/auth/login,0.000000,0.000000,0,0,0,0,0,0,0,0,0,0,0,50,0,1300.0,1369.1218887201103,628.633758999058,2104.1982940005255,1622.0
1789883054,50,,Aggregated,24.400000,0.000000,7,8,10,12,25,54,180,200,220,220,220,15028,0,6,11.7328154868978,3.1258880044333637,2104.1982940005255,6819.460340697365
1789883055,50,GET,GET /api/v1/reservas,19.400000,0.000000,7,9,11,12,26,52,180,200,220,220,220,11255,0,7,7.743051501197287,4.633864002244081,256.99183600227116,8965.0
1789883055,50,GET,GET /api/v1/reservas/{id},6.100000,0.000000,5,6,9,10,24,150,150,180,180,180,180,3748,0,5,5.578733900251291,3.1258880044333637,177.67928400280653,442.0
1789883055,50,POST,POST /api/v1/auth/login,0.000000,0.000000,0,0,0,0,0,0,0,0,0,0,0,50,0,1300.0,1369.1218887201103,628.633758999058,2104.1982940005255,1622.0
1789883055,50,,Aggregated,25.500000,0.000000,7,8,10,12,25,54,180,200,220,220,220,15053,0,6,11.726116637223331,3.1258880044333637,2104.1982940005255,6818.494054341328
1789883056,50,GET,GET /api/v1/reservas,18.600000,0.000000,7,9,10,12,26,52,180,200,220,220,220,11276,0,7,7.741143968513531,4.633864002244081,256.99183600227116,8965.0
1789883056,50,GET,GET /api/v1/reservas/{id},5.900000,0.000000,5,6,9,10,24,150,150,180,180,180,180,3755,0,5,5.578683218678857,3.1258880044333637,177.67928400280653,442.0
1789883056,50,POST,POST /api/v1/auth/login,0.000000,0.000000,0,0,0,0,0,0,0,0,0,0,0,50,0,1300.0,1369.1218887201103,628.633758999058,2104.1982940005255,1622.0
1789883056,50,,Aggregated,24.500000,0.000000,7,8,10,12,25,54,180,200,220,220,220,15081,0,6,11.716278052589562,3.1258880044333637,2104.1982940005255,6818.5233074729795
1789883057,50,GET,GET /api/v1/reservas,17.900000,0.000000,8,9,11,12,25,52,180,200,220,220,220,11299,0,7,7.741978031771333,4.633864002244081,256.99183600227116,8965.0
1789883057,50,GET,GET /api/v1/reservas/{id},6.000000,0.000000,6,7,9,11,24,150,150,180,180,180,180,3759,0,5,5.57839371352384,3.1258880044333637,177.67928400280653,442.0
1789883057,50,POST,POST /api/v1/auth/login,0.000000,0.000000,0,0,0,0,0,0,0,0,0,0,0,50,0,1300.0,1369.1218887201103,628.633758999058,2104.1982940005255,1622.0
1789883057,50,,Aggregated,23.900000,0.000000,7,9,10,12,25,54,180,200,220,220,220,15108,0,6,11.709153176206376,3.1258880044333637,2104.1982940005255,6820.102793222134
1789883058,50,GET,GET /api/v1/reservas,18.100000,0.000000,8,9,11,12,25,52,180,200,220,220,220,11315,0,7,7.741157340784384,4.633864002244081,256.99183600227116,8965.0
1789883058,50,GET,GET /api/v1/reservas/{id},6.200000,0.000000,5,6,9,10,24,150,150,180,180,180,180,3770,0,5,5.574705181999252,3.1258880044333637,177.67928400280653,442.0
1789883058,50,POST,POST /api/v1/auth/login,0.000000,0.000000,0,0,0,0,0,0,0,0,0,0,0,50,0,1300.0,1369.1218887201103,628.633758999058,2104.1982940005255,1622.0
1789883058,50,,Aggregated,24.300000,0.000000,7,9,10,12,24,54,180,200,220,220,220,15135,0,6,11.698971145234093,3.1258880044333637,2104.1982940005255,6817.734720845722
1789883059,50,GET,GET /api/v1/reservas,18.800000,0.000000,8,9,11,12,26,52,180,200,220,220,220,11332,0,7,7.739809356510464,4.633864002244081,256.99183600227116,8965.0
1789883059,50,GET,GET /api/v1/reservas/{id},6.000000,0.000000,5,6,9,10,20,88,150,180,180,180,180,3777,0,5,5.57361440564632,3.1258880044333637,177.67928400280653,442.0
1789883059,50,POST,POST /api/v1/auth/login,0.000000,0.000000,0,0,0,0,0,0,0,0,0,0,0,50,0,1300.0,1369.1218887201103,628.633758999058,2104.1982940005255,1622.0
1789883059,50,,Aggregated,24.800000,0.000000,7,9,10,12,25,54,180,200,220,220,220,15159,0,6,11.690425204440151,3.1258880044333637,2104.1982940005255,6817.198627877829
1789883060,50,GET,GET /api/v1/reservas,18.700000,0.000000,8,9,11,12,26,52,180,200,220,220,220,11351,0,7,7.740427895160669,4.633864002244081,256.99183600227116,8965.0
1789883060,50,GET,GET /api/v1/reservas/{id},6.300000,0.000000,6,6,8,10,20,88,150,180,180,180,180,3783,0,5,5.573845049200564,3.1258880044333637,177.67928400280653,442.0
1789883060,50,POST,POST /api/v1/auth/login,0.000000,0.000000,0,0,0,0,0,0,0,0,0,0,0,50,0,1300.0,1369.1218887201103,628.633758999058,2104.1982940005255,1622.0
1789883060,50,,Aggregated,25.000000,0.000000,8,9,10,12,25,54,180,200,220,220,220,15184,0,6,11.68358451627371,3.1258880044333637,2104.1982940005255,6817.367031085353
1789883061,50,GET,GET /api/v1/reservas,18.800000,0.000000,8,9,10,11,19,34,180,200,220,220,220,11374,0,7,7.740838807539129,4.633864002244081,256.99183600227116,8965.0
1789883061,50,GET,GET /api/v1/reservas/{id},6.500000,0.000000,5,6,7,9,15,88,150,180,180,180,180,3785,0,5,5.573223887483606,3.1258880044333637,177.67928400280653,442.0
1789883061,50,POST,POST /api/v1/auth/login,0.000000,0.000000,0,0,0,0,0,0,0,0,0,0,0,50,0,1300.0,1369.1218887201103,628.633758999058,2104.1982940005255,1622.0
1789883061,50,,Aggregated,25.300000,0.000000,7,9,10,11,19,52,180,200,220,220,220,15209,0,6,11.67697070465389,3.1258880044333637,2104.1982940005255,6819.776448155697
1789883062,50,GET,GET /api/v1/reservas,18.100000,0.000000,7,8,9,9,11,15,23,26,28,28,28,11398,0,7,7.739634311103368,4.633864002244081,256.99183600227116,8965.0
1789883062,50,GET,GET /api/v1/reservas/{id},6.700000,0.000000,5,6,6,6,8,11,15,20,20,20,20,3787,0,5,5.572566190682446,3.1258880044333637,177.67928400280653,442.0
1789883062,50,POST,POST /api/v1/auth/login,0.000000,0.000000,0,0,0,0,0,0,0,0,0,0,0,50,0,1300.0,1369.1218887201103,628.633758999058,2104.1982940005255,1622.0
1789883062,50,,Aggregated,24.800000,0.000000,7,8,8,9,11,14,21,26,28,28,28,15235,0,6,11.66890413377592,3.1258880044333637,2104.1982940005255,6822.318608467345
1789883063,50,GET,GET /api/v1/reservas,18.000000,0.000000,7,8,8,9,10,11,13,17,17,17,17,11418,0,7,7.739531714482194,4.633864002244081,256.99183600227116,8965.0
1789883063,50,GET,GET /api/v1/reservas/{id},6.700000,0.000000,5,5,6,6,6,7,9,9,9,9,9,3789,0,5,5.571687900003522,3.1258880044333637,177.67928400280653,442.0
1789883063,50,POST,POST /api/v1/auth/login,0.000000,0.000000,0,0,0,0,0,0,0,0,0,0,0,50,0,1300.0,1369.1218887201103,628.633758999058,2104.1982940005255,1622.0
1789883063,50,,Aggregated,24.700000,0.000000,7,8,8,8,10,11,13,14,17,17,17,15257,0,6,11.662659304258803,3.1258880044333637,2104.1982940005255,6824.291013960805
1789883064,50,GET,GET /api/v1/reservas,19.100000,0.000000,7,8,8,9,10,11,13,17,17,17,17,11439,0,7,7.736835408073787,4.633864002244081,256.99183600227116,8965.0
1789883064,50,GET,GET /api/v1/reservas/{id},6.200000,0.000000,5,5,6,6,6,7,9,9,9,9,9,3794,0,5,5.5703696934922835,3.1258880044333637,177.67928400280653,442.0
1789883064,50,POST,POST /api/v1/auth/login,0.000000,0.000000,0,0,0,0,0,0,0,0,0,0,0,50,0,1300.0,1369.1218887201103,628.633758999058,2104.1982940005255,1622.0
1789883064,50,,Aggregated,25.300000,0.000000,7,7,8,8,9,11,13,14,17,17,17,15283,0,6,11.65293052974359,3.1258880044333637,2104.1982940005255,6825.144474252437
1789883065,50,GET,GET /api/v1/reservas,19.500000,0.000000,7,8,8,9,10,10,13,17,17,17,17,11457,0,7,7.736416160595718,4.633864002244081,256.99183600227116,8965.0
1789883065,50,GET,GET /api/v1/reservas/{id},5.400000,0.000000,5,5,5,6,6,6,7,7,7,7,7,3800,0,5,5.569648186346488,3.1258880044333637,177.67928400280653,442.0
1789883065,50,POST,POST /api/v1/auth/login,0.000000,0.000000,0,0,0,0,0,0,0,0,0,0,0,50,0,1300.0,1369.1218887201103,628.633758999058,2104.1982940005255,1622.0
1789883065,50,,Aggregated,24.900000,0.000000,7,7,8,8,9,10,11,14,17,17,17,15307,0,6,11.645448324039153,3.1258880044333637,2104.1982940005255,6825.158750898282
1789883066,50,GET,GET /api/v1/reservas,19.600000,0.000000,7,8,8,9,10,11,13,17,17,17,17,11475,0,7,7.737544602609858,4.633864002244081,256.99183600227116,8965.0
1789883066,50,GET,GET /api/v1/reservas/{id},5.300000,0.000000,5,5,5,6,6,6,9,9,9,9,9,3805,0,5,5.5697481871505925,3.1258880044333637,177.67928400280653,442.0
1789883066,50,POST,POST /api/v1/auth/login,0.000000,0.000000,0,0,0,0,0,0,0,0,0,0,0,50,0,1300.0,1369.1218887201103,628.633758999058,2104.1982940005255,1622.0
1789883066,50,,Aggregated,24.900000,0.000000,7,7,8,8,9,10,11,14,17,17,17,15330,0,6,11.639746288523265,3.1258880044333637,2104.1982940005255,6825.58936725375
1789883067,50,GET,GET /api/v1/reservas,20.200000,0.000000,7,8,8,9,10,11,13,17,17,17,17,11494,0,7,7.736355832255715,4.633864002244081,256.99183600227116,8965.0
1789883067,50,GET,GET /api/v1/reservas/{id},5.100000,0.000000,5,5,6,6,6,7,9,9,9,9,9,3809,0,5,5.569493633004111,3.1258880044333637,177.67928400280653,442.0
1789883067,50,POST,POST /api/v1/auth/login,0.000000,0.000000,0,0,0,0,0,0,0,0,0,0,0,50,0,1300.0,1369.1218887201103,628.633758999058,2104.1982940005255,1622.0
1789883067,50,,Aggregated,25.300000,0.000000,7,7,8,8,9,10,11,14,17,17,17,15353,0,6,11.632382571488657,3.1258880044333637,2104.1982940005255,6826.573829219045
1789883068,50,GET,GET /api/v1/reservas,19.900000,0.000000,7,8,8,8,10,11,13,17,17,17,17,11514,0,7,7.735317657022309,4.633864002244081,256.99183600227116,8965.0
1789883068,50,GET,GET /api/v1/reservas/{id},5.000000,0.000000,5,5,6,6,6,7,9,9,9,9,9,3817,0,5,5.567876614385482,3.1258880044333637,177.67928400280653,442.0
1789883068,50,POST,POST /api/v1/auth/login,0.000000,0.000000,0,0,0,0,0,0,0,0,0,0,0,50,0,1300.0,1369.1218887201103,628.633758999058,2104.1982940005255,1622.0
1789883068,50,,Aggregated,24.900000,0.000000,7,7,8,8,9,10,11,14,17,17,17,15381,0,6,11.622984654838422,3.1258880044333637,2104.1982940005255,6826.03367791431
1789883069,50,GET,GET /api/v1/reservas,19.500000,0.000000,7,8,8,8,10,11,13,17,17,17,17,11534,0,7,7.734259365003595,4.633864002244081,256.99183600227116,8965.0
1789883069,50,GET,GET /api/v1/reservas/{id},5.100000,0.000000,5,5,6,6,7,7,9,9,9,9,9,3822,0,5,5.567334328129169,3.1258880044333637,177.67928400280653,442.0
1789883069,50,POST,POST /api/v1/auth/login,0.000000,0.000000,0,0,0,0,0,0,0,0,0,0,0,50,0,1300.0,1369.1218887201103,628.633758999058,2104.1982940005255,1622.0
1789883069,50,,Aggregated,24.600000,0.000000,7,7,8,8,9,10,11,14,17,17,17,15406,0,6,11.615045680518413,3.1258880044333637,2104.1982940005255,6826.73854342464
1789883070,50,GET,GET /api/v1/reservas,19.600000,0.000000,7,8,8,8,9,10,11,17,17,17,17,11549,0,7,7.733714212740862,4.633864002244081,256.99183600227116,8965.0
1789883070,50,GET,GET /api/v1/reservas/{id},4.600000,0.000000,5,6,6,6,6,7,9,9,9,9,9,3826,0,5,5.567233468402038,3.1258880044333637,177.67928400280653,442.0
1789883070,50,POST,POST /api/v1/auth/login,0.000000,0.000000,0,0,0,0,0,0,0,0,0,0,0,50,0,1300.0,1369.1218887201103,628.633758999058,2104.1982940005255,1622.0
1789883070,50,,Aggregated,24.200000,0.000000,7,7,8,8,9,10,11,13,17,17,17,15425,0,6,11.609270348723237,3.1258880044333637,2104.1982940005255,6827.162204213939
1789883071,50,GET,GET /api/v1/reservas,19.700000,0.000000,7,8,8,8,10,11,11,12,13,13,13,11571,0,7,7.734878315958875,4.633864002244081,256.99183600227116,8965.0
1789883071,50,GET,GET /api/v1/reservas/{id},4.500000,0.000000,5,6,6,6,7,9,12,12,12,12,12,3834,0,5,5.570050236073398,3.1258880044333637,177.67928400280653,442.0
1789883071,50,POST,POST /api/v1/auth/login,0.000000,0.000000,0,0,0,0,0,0,0,0,0,0,0,50,0,1300.0,1369.1218887201103,628.633758999058,2104.1982940005255,1622.0
1789883071,50,,Aggregated,24.200000,0.000000,7,7,8,8,9,10,11,12,13,13,13,15455,0,6,11.602196314142418,3.1258880044333637,2104.1982940005255,6826.9002264639275
1789883072,50,GET,GET /api/v1/reservas,19.600000,0.000000,7,8,8,8,10,11,11,12,13,13,13,11588,0,7,7.734091985929607,4.633864002244081,256.99183600227116,8965.0
1789883072,50,GET,GET /api/v1/reservas/{id},4.300000,0.000000,5,6,6,6,7,9,9,12,12,12,12,3841,0,5,5.56977860976304,3.1258880044333637,177.67928400280653,442.0
1789883072,50,POST,POST /api/v1/auth/login,0.000000,0.000000,0,0,0,0,0,0,0,0,0,0,0,50,0,1300.0,1369.1218887201103,628.633758999058,2104.1982940005255,1622.0
1789883072,50,,Aggregated,23.900000,0.000000,7,7,8,8,9,10,11,12,13,13,13,15479,0,6,11.59456502416549,3.1258880044333637,2104.1982940005255,6826.361005232896
1789883073,50,GET,GET /api/v1/reservas,19.600000,0.000000,7,8,8,8,10,11,11,13,13,13,13,11603,0,7,7.735178301382216,4.633864002244081,256.99183600227116,8965.0
1789883073,50,GET,GET /api/v1/reservas/{id},4.900000,0.000000,6,6,6,6,7,9,9,12,12,12,12,3846,0,5,5.570891861700476,3.1258880044333637,177.67928400280653,442.0
1789883073,50,POST,POST /api/v1/auth/login,0.000000,0.000000,0,0,0,0,0,0,0,0,0,0,0,50,0,1300.0,1369.1218887201103,628.633758999058,2104.1982940005255,1622.0
1789883073,50,,Aggregated,24.500000,0.000000,7,8,8,8,10,11,11,12,13,13,13,15499,0,6,11.589974731727429,3.1258880044333637,2104.1982940005255,6826.371185237757
1789883074,50,GET,GET /api/v1/reservas,19.100000,0.000000,7,8,8,8,10,11,11,13,13,13,13,11623,0,7,7.734489957922114,4.633864002244081,256.99183600227116,8965.0
1789883074,50,GET,GET /api/v1/reservas/{id},5.300000,0.000000,5,6,6,6,7,9,9,12,12,12,12,3856,0,5,5.568502544112441,3.1258880044333637,177.67928400280653,442.0
1789883074,50,POST,POST /api/v1/auth/login,0.000000,0.000000,0,0,0,0,0,0,0,0,0,0,0,50,0,1300.0,1369.1218887201103,628.633758999058,2104.1982940005255,1622.0
1789883074,50,,Aggregated,24.400000,0.000000,7,8,8,8,9,11,11,12,13,13,13,15529,0,6,11.580025566812532,3.1258880044333637,2104.1982940005255,6825.014295833602
1789883075,50,GET,GET /api/v1/reservas,18.400000,0.000000,7,8,8,8,10,11,12,16,16,16,16,11641,0,7,7.736391631639742,4.633864002244081,256.99183600227116,8965.0
1789883075,50,GET,GET /api/v1/reservas/{id},5.500000,0.000000,5,6,6,6,7,8,9,12,12,12,12,3856,0,5,5.568502544112441,3.1258880044333637,177.67928400280653,442.0
1789883075,50,POST,POST /api/v1/auth/login,0.000000,0.000000,0,0,0,0,0,0,0,0,0,0,0,50,0,1300.0,1369.1218887201103,628.633758999058,2104.1982940005255,1622.0
1789883075,50,,Aggregated,23.900000,0.000000,7,8,8,8,9,11,12,13,16,16,16,15547,0,6,11.576997184667224,3.1258880044333637,2104.1982940005255,6827.491927703094
1789883076,50,GET,GET /api/v1/reservas,18.800000,0.000000,8,8,8,9,10,11,13,16,16,16,16,11661,0,7,7.73898342740148,4.633864002244081,256.99183600227116,8965.0
1789883076,50,GET,GET /api/v1/reservas/{id},6.200000,0.000000,5,6,6,6,7,9,11,12,12,12,12,3861,0,5,5.569196404843908,3.1258880044333637,177.67928400280653,442.0
1789883076,50,POST,POST /api/v1/auth/login,0.000000,0.000000,0,0,0,0,0,0,0,0,0,0,0,50,0,1300.0,1369.1218887201103,628.633758999058,2104.1982940005255,1622.0
1789883076,50,,Aggregated,25.000000,0.000000,7,8,8,8,10,11,13,13,16,16,16,15572,0,6,11.572248105704887,3.1258880044333637,2104.1982940005255,6828.186938094015
1789883077,50,GET,GET /api/v1/reservas,18.400000,0.000000,8,8,8,9,10,11,13,16,16,16,16,11680,0,7,7.738449165832482,4.633864002244081,256.99183600227116,8965.0
1789883077,50,GET,GET /api/v1/reservas/{id},5.900000,0.000000,5,6,6,6,8,11,12,13,13,13,13,3869,0,5,5.571848475604013,3.1258880044333637,177.67928400280653,442.0
1789883077,50,POST,POST /api/v1/auth/login,0.000000,0.000000,0,0,0,0,0,0,0,0,0,0,0,50,0,1300.0,1369.1218887201103,628.633758999058,2104.1982940005255,1622.0
1789883077,50,,Aggregated,24.300000,0.000000,7,8,8,8,10,11,13,13,16,16,16,15599,0,6,11.564758154050955,3.1258880044333637,2104.1982940005255,6827.514456054875
1789883078,50,GET,GET /api/v1/reservas,18.700000,0.000000,8,8,9,9,11,12,13,16,16,16,16,11698,0,7,7.738884180537358,4.633864002244081,256.99183600227116,8965.0
1789883078,50,GET,GET /api/v1/reservas/{id},5.800000,0.000000,6,6,6,7,9,11,12,13,13,13,13,3878,0,5,5.574347231333767,3.1258880044333637,177.67928400280653,442.0
1789883078,50,POST,POST /api/v1/auth/login,0.000000,0.000000,0,0,0,0,0,0,0,0,0,0,0,50,0,1300.0,1369.1218887201103,628.633758999058,2104.1982940005255,1622.0
1789883078,50,,Aggregated,24.500000,0.000000,7,8,8,9,11,11,13,14,16,16,16,15626,0,6,11.557844627098675,3.1258880044333637,2104.1982940005255,6826.298860872904
1789883079,50,GET,GET /api/v1/reservas,18.800000,0.000000,8,8,8,9,11,12,13,16,16,16,16,11718,0,7,7.737855469697717,4.633864002244081,256.99183600227116,8965.0
1789883079,50,GET,GET /api/v1/reservas/{id},6.200000,0.000000,6,6,6,6,9,11,12,13,13,13,13,3886,0,5,5.573356626379547,3.1258880044333637,177.67928400280653,442.0
1789883079,50,POST,POST /api/v1/auth/login,0.000000,0.000000,0,0,0,0,0,0,0,0,0,0,0,50,0,1300.0,1369.1218887201103,628.633758999058,2104.1982940005255,1622.0
1789883079,50,,Aggregated,25.000000,0.000000,7,8,8,9,11,11,13,14,16,16,16,15654,0,6,11.548891572763145,3.1258880044333637,2104.1982940005255,6825.76862143861
1789883080,50,GET,GET /api/v1/reservas,18.700000,0.000000,8,8,8,9,10,11,13,16,16,16,16,11733,0,7,7.737834140027302,4.633864002244081,256.99183600227116,8965.0
1789883080,50,GET,GET /api/v1/reservas/{id},6.000000,0.000000,5,6,6,6,8,11,11,13,13,13,13,3890,0,5,5.5729677288200925,3.1258880044333637,177.67928400280653,442.0
1789883080,50,POST,POST /api/v1/auth/login,0.000000,0.000000,0,0,0,0,0,0,0,0,0,0,0,50,0,1300.0,1369.1218887201103,628.633758999058,2104.1982940005255,1622.0
1789883080,50,,Aggregated,24.700000,0.000000,7,8,8,8,10,11,13,14,16,16,16,15673,0,6,11.543606639830026,3.1258880044333637,2104.1982940005255,6826.1867542908185
1789883081,50,GET,GET /api/v1/reservas,18.400000,0.000000,8,8,8,9,10,12,14,16,20,20,20,11752,0,7,7.738855990379483,4.633864002244081,256.99183600227116,8965.0
1789883081,50,GET,GET /api/v1/reservas/{id},6.200000,0.000000,5,6,6,6,8,11,11,13,13,13,13,3895,0,5,5.573753072172302,3.1258880044333637,177.67928400280653,442.0
1789883081,50,POST,POST /api/v1/auth/login,0.000000,0.000000,0,0,0,0,0,0,0,0,0,0,0,50,0,1300.0,1369.1218887201103,628.633758999058,2104.1982940005255,1622.0
1789883081,50,,Aggregated,24.600000,0.000000,7,8,8,8,10,11,13,16,20,20,20,15697,0,6,11.538058116267843,3.1258880044333637,2104.1982940005255,6826.74205262152
1789883082,50,GET,GET /api/v1/reservas,18.800000,0.000000,8,8,8,8,10,12,14,16,20,20,20,11774,0,7,7.739224806177728,4.633864002244081,256.99183600227116,8965.0
1789883082,50,GET,GET /api/v1/reservas/{id},6.300000,0.000000,5,6,6,6,8,11,11,13,13,13,13,3900,0,5,5.574108255414803,3.1258880044333637,177.67928400280653,442.0
1789883082,50,POST,POST /api/v1/auth/login,0.000000,0.000000,0,0,0,0,0,0,0,0,0,0,0,50,0,1300.0,1369.1218887201103,628.633758999058,2104.1982940005255,1622.0
1789883082,50,,Aggregated,25.100000,0.000000,7,8,8,8,10,11,14,16,20,20,20,15724,0,6,11.531210220049594,3.1258880044333637,2104.1982940005255,6827.70351055711
1789883083,50,GET,GET /api/v1/reservas,18.500000,0.000000,8,8,8,9,10,12,14,16,20,20,20,11791,0,7,7.740058607491881,4.633864002244081,256.99183600227116,8965.0
1789883083,50,GET,GET /api/v1/reservas/{id},6.000000,0.000000,6,6,6,6,9,11,11,13,13,13,13,3905,0,5,5.574925397214194,3.1258880044333637,177.67928400280653,442.0
1789883083,50,POST,POST /api/v1/auth/login,0.000000,0.000000,0,0,0,0,0,0,0,0,0,0,0,50,0,1300.0,1369.1218887201103,628.633758999058,2104.1982940005255,1622.0
1789883083,50,,Aggregated,24.500000,0.000000,8,8,8,9,10,11,14,16,20,20,20,15746,0,6,11.526051641881349,3.1258880044333637,2104.1982940005255,6827.983297345358
1789883084,50,GET,GET /api/v1/reservas,18.700000,0.000000,8,8,8,9,10,11,14,16,20,20,20,11809,0,7,7.7405047015777,4.633864002244081,256.99183600227116,8965.0
1789883084,50,GET,GET /api/v1/reservas/{id},6.000000,0.000000,6,6,6,6,9,11,11,13,13,13,13,3908,0,5,5.5747671466519115,3.1258880044333637,177.67928400280653,442.0
1789883084,50,POST,POST /api/v1/auth/login,0.000000,0.000000,0,0,0,0,0,0,0,0,0,0,0,50,0,1300.0,1369.1218887201103,628.633758999058,2104.1982940005255,1622.0
1789883084,50,,Aggregated,24.700000,0.000000,8,8,8,8,10,11,13,14,20,20,20,15767,0,6,11.520892019157243,3.1258880044333637,2104.1982940005255,6829.207902581341
1789883085,50,GET,GET /api/v1/reservas,19.000000,0.000000,8,8,8,8,9,10,12,14,20,20,20,11832,0,7,7.740371431367118,4.633864002244081,256.99183600227116,8965.0
1789883085,50,GET,GET /api/v1/reservas/{id},5.900000,0.000000,6,6,6,7,9,11,11,13,13,13,13,3914,0,5,5.5765116415706935,3.1258880044333637,177.67928400280653,442.0
1789883085,50,POST,POST /api/v1/auth/login,0.000000,0.000000,0,0,0,0,0,0,0,0,0,0,0,50,0,1300.0,1369.1218887201103,628.633758999058,2104.1982940005255,1622.0
1789883085,50,,Aggregated,24.900000,0.000000,8,8,8,8,9,11,12,14,20,20,20,15796,0,6,11.513461368514113,3.1258880044333637,2104.1982940005255,6829.891618131172
1789883086,50,GET,GET /api/v1/reservas,19.000000,0.000000,8,8,8,8,9,10,11,14,20,20,20,11848,0,7,7.740406904282001,4.633864002244081,256.99183600227116,8965.0
1789883086,50,GET,GET /api/v1/reservas/{id},5.400000,0.000000,6,6,6,7,8,11,11,11,11,11,11,3919,0,5,5.577324080405737,3.1258880044333637,177.67928400280653,442.0
1789883086,50,POST,POST /api/v1/auth/login,0.000000,0.000000,0,0,0,0,0,0,0,0,0,0,0,50,0,1300.0,1369.1218887201103,628.633758999058,2104.1982940005255,1622.0
1789883086,50,,Aggregated,24.400000,0.000000,8,8,8,8,9,10,11,14,20,20,20,15817,0,6,11.50799573301187,3.1258880044333637,2104.1982940005255,6830.032117342101
1789883087,50,GET,GET /api/v1/reservas,19.300000,0.000000,8,8,8,8,9,10,11,14,20,20,20,11867,0,7,7.738705474589979,4.633864002244081,256.99183600227116,8965.0
1789883087,50,GET,GET /api/v1/reservas/{id},5.400000,0.000000,6,6,6,6,7,9,11,11,11,11,11,3929,0,5,5.577231309268642,3.1258880044333637,177.67928400280653,442.0
1789883087,50,POST,POST /api/v1/auth/login,0.000000,0.000000,0,0,0,0,0,0,0,0,0,0,0,50,0,1300.0,1369.1218887201103,628.633758999058,2104.1982940005255,1622.0
1789883087,50,,Aggregated,24.700000,0.000000,7,8,8,8,9,10,11,11,20,20,20,15846,0,6,11.49843835145029,3.1258880044333637,2104.1982940005255,6828.560709327275
1789883088,50,GET,GET /api/v1/reservas,18.400000,0.000000,8,8,8,8,9,10,11,14,20,20,20,11880,0,7,7.738163124072145,4.633864002244081,256.99183600227116,8965.0
1789883088,50,GET,GET /api/v1/reservas/{id},5.700000,0.000000,6,6,6,6,7,8,9,11,11,11,11,3935,0,5,5.576573349459285,3.1258880044333637,177.67928400280653,442.0
1789883088,50,POST,POST /api/v1/auth/login,0.000000,0.000000,0,0,0,0,0,0,0,0,0,0,0,50,0,1300.0,1369.1218887201103,628.633758999058,2104.1982940005255,1622.0
1789883088,50,,Aggregated,24.100000,0.000000,7,8,8,8,9,10,11,11,20,20,20,15865,0,6,11.492548911446889,3.1258880044333637,2104.1982940005255,6827.895997478727
1789883089,50,GET,GET /api/v1/reservas,18.300000,0.000000,8,8,8,8,9,10,11,14,20,20,20,11895,0,7,7.737947547959473,4.633864002244081,256.99183600227116,8965.0
1789883089,50,GET,GET /api/v1/reservas/{id},5.700000,0.000000,6,6,6,6,7,8,9,11,11,11,11,3941,0,5,5.576596836622187,3.1258880044333637,177.67928400280653,442.0
1789883089,50,POST,POST /api/v1/auth/login,0.000000,0.000000,0,0,0,0,0,0,0,0,0,0,0,50,0,1300.0,1369.1218887201103,628.633758999058,2104.1982940005255,1622.0
1789883089,50,,Aggregated,24.000000,0.000000,7,8,8,8,9,10,11,11,20,20,20,15886,0,6,11.486613914900635,3.1258880044333637,2104.1982940005255,6827.50201435226
1789883090,50,GET,GET /api/v1/reservas,18.000000,0.000000,8,8,8,8,9,10,11,14,20,20,20,11916,0,7,7.738167963914188,4.633864002244081,256.99183600227116,8965.0
1789883090,50,GET,GET /api/v1/reservas/{id},5.700000,0.000000,6,6,6,6,7,8,9,11,11,11,11,3945,0,5,5.576750748576561,3.1258880044333637,177.67928400280653,442.0
1789883090,50,POST,POST /api/v1/auth/login,0.000000,0.000000,0,0,0,0,0,0,0,0,0,0,0,50,0,1300.0,1369.1218887201103,628.633758999058,2104.1982940005255,1622.0
1789883090,50,,Aggregated,23.700000,0.000000,7,8,8,8,9,10,11,11,20,20,20,15911,0,6,11.480383734343631,3.1258880044333637,2104.1982940005255,6828.717868141537
1789883091,50,GET,GET /api/v1/reservas,18.000000,0.000000,8,8,8,8,9,10,11,12,13,13,13,11937,0,7,7.739652923177879,4.633864002244081,256.99183600227116,8965.0
1789883091,50,GET,GET /api/v1/reservas/{id},5.700000,0.000000,6,6,6,7,8,10,11,13,13,13,13,3952,0,5,5.581065774072803,3.1258880044333637,177.67928400280653,442.0
1789883091,50,POST,POST /api/v1/auth/login,0.000000,0.000000,0,0,0,0,0,0,0,0,0,0,0,50,0,1300.0,1369.1218887201103,628.633758999058,2104.1982940005255,1622.0
1789883091,50,,Aggregated,23.700000,0.000000,7,8,8,8,9,10,11,12,13,13,13,15939,0,6,11.475042557194024,3.1258880044333637,2104.1982940005255,6828.727586423239
1789883092,50,GET,GET /api/v1/reservas,18.400000,0.000000,8,8,8,9,10,10,13,13,14,14,14,11960,0,7,7.74117482374323,4.633864002244081,256.99183600227116,8965.0
1789883092,50,GET,GET /api/v1/reservas/{id},5.600000,0.000000,6,6,7,7,8,10,11,13,13,13,13,3955,0,5,5.581906740110313,3.1258880044333637,177.67928400280653,442.0
1789883092,50,POST,POST /api/v1/auth/login,0.000000,0.000000,0,0,0,0,0,0,0,0,0,0,0,50,0,1300.0,1369.1218887201103,628.633758999058,2104.1982940005255,1622.0
1789883092,50,,Aggregated,24.000000,0.000000,7,8,8,8,9,10,13,13,14,14,14,15965,0,6,11.469902066088997,3.1258880044333637,2104.1982940005255,6830.605073598496
1789883093,50,GET,GET /api/v1/reservas,18.300000,0.000000,8,8,8,8,10,10,13,13,14,14,14,11975,0,7,7.739898087259961,4.633864002244081,256.99183600227116,8965.0
1789883093,50,GET,GET /api/v1/reservas/{id},5.500000,0.000000,6,6,6,7,8,10,11,13,13,13,13,3963,0,5,5.579691472406145,3.1258880044333637,177.67928400280653,442.0
1789883093,50,POST,POST /api/v1/auth/login,0.000000,0.000000,0,0,0,0,0,0,0,0,0,0,0,50,0,1300.0,1369.1218887201103,628.633758999058,2104.1982940005255,1622.0
1789883093,50,,Aggregated,23.800000,0.000000,7,8,8,8,9,10,13,13,14,14,14,15988,0,6,11.461952172635046,3.1258880044333637,2104.1982940005255,6829.41087065299
1789883094,50,GET,GET /api/v1/reservas,18.400000,0.000000,7,8,8,8,10,10,13,13,14,14,14,11994,0,7,7.738298313983595,4.633864002244081,256.99183600227116,8965.0
1789883094,50,GET,GET /api/v1/reservas/{id},5.400000,0.000000,5,6,6,6,8,10,11,13,13,13,13,3970,0,5,5.577858606331702,3.1258880044333637,177.67928400280653,442.0
1789883094,50,POST,POST /api/v1/auth/login,0.000000,0.000000,0,0,0,0,0,0,0,0,0,0,0,50,0,1300.0,1369.1218887201103,628.633758999058,2104.1982940005255,1622.0
1789883094,50,,Aggregated,23.800000,0.000000,7,8,8,8,9,10,13,13,14,14,14,16014,0,6,11.45331229430883,3.1258880044333637,2104.1982940005255,6829.152616460597
1789883095,50,GET,GET /api/v1/reservas,18.400000,0.000000,7,8,8,8,10,10,13,13,14,14,14,12017,0,7,7.736454073139163,4.633864002244081,256.99183600227116,8965.0
1789883095,50,GET,GET /api/v1/reservas/{id},5.600000,0.000000,5,6,6,6,7,9,10,13,13,13,13,3976,0,5,5.576990719850845,3.1258880044333637,177.67928400280653,442.0
1789883095,50,POST,POST /api/v1/auth/login,0.000000,0.000000,0,0,0,0,0,0,0,0,0,0,0,50,0,1300.0,1369.1218887201103,628.633758999058,2104.1982940005255,1622.0
1789883095,50,,Aggregated,24.000000,0.000000,7,8,8,8,9,10,13,13,14,14,14,16043,0,6,11.444192366455514,3.1258880044333637,2104.1982940005255,6829.8259053792935
1789883096,50,GET,GET /api/v1/reservas,18.200000,0.000000,7,8,8,8,9,10,13,13,14,14,14,12033,0,7,7.735094036392072,4.633864002244081,256.99183600227116,8965.0
1789883096,50,GET,GET /api/v1/reservas/{id},5.900000,0.000000,5,6,6,6,7,9,10,13,13,13,13,3980,0,5,5.576381285711944,3.1258880044333637,177.67928400280653,442.0
1789883096,50,POST,POST /api/v1/auth/login,0.000000,0.000000,0,0,0,0,0,0,0,0,0,0,0,50,0,1300.0,1369.1218887201103,628.633758999058,2104.1982940005255,1622.0
1789883096,50,,Aggregated,24.100000,0.000000,7,8,8,8,9,10,13,13,14,14,14,16063,0,6,11.43786829938647,3.1258880044333637,2104.1982940005255,6830.362012077445
1789883097,50,GET,GET /api/v1/reservas,17.900000,0.000000,7,8,8,8,9,10,13,13,14,14,14,12056,0,7,7.734135311124422,4.633864002244081,256.99183600227116,8965.0
1789883097,50,GET,GET /api/v1/reservas/{id},6.500000,0.000000,5,6,6,6,7,9,10,13,13,13,13,3983,0,5,5.576578270936274,3.1258880044333637,177.67928400280653,442.0
1789883097,50,POST,POST /api/v1/auth/login,0.000000,0.000000,0,0,0,0,0,0,0,0,0,0,0,50,0,1300.0,1369.1218887201103,628.633758999058,2104.1982940005255,1622.0
1789883097,50,,Aggregated,24.400000,0.000000,7,8,8,8,9,10,13,13,14,14,14,16089,0,6,11.4308124184263,3.1258880044333637,2104.1982940005255,6832.222387966934
1789883098,50,GET,GET /api/v1/reservas,18.700000,0.000000,7,8,8,8,9,10,13,13,14,14,14,12076,0,7,7.733178528726046,4.633864002244081,256.99183600227116,8965.0
1789883098,50,GET,GET /api/v1/reservas/{id},6.000000,0.000000,5,6,6,6,7,9,13,13,13,13,13,3989,0,5,5.574922784440766,3.1258880044333637,177.67928400280653,442.0
1789883098,50,POST,POST /api/v1/auth/login,0.000000,0.000000,0,0,0,0,0,0,0,0,0,0,0,50,0,1300.0,1369.1218887201103,628.633758999058,2104.1982940005255,1622.0
1789883098,50,,Aggregated,24.700000,0.000000,7,8,8,8,9,10,13,13,14,14,14,16115,0,6,11.422918109589542,3.1258880044333637,2104.1982940005255,6832.490102389079
1789883099,50,GET,GET /api/v1/reservas,18.900000,0.000000,7,8,8,8,9,10,13,13,14,14,14,12095,0,7,7.73044817163403,4.633864002244081,256.99183600227116,8965.0
1789883099,50,GET,GET /api/v1/reservas/{id},5.600000,0.000000,5,5,6,6,7,9,10,13,13,13,13,3996,0,5,5.5738204607457424,3.1258880044333637,177.67928400280653,442.0
1789883099,50,POST,POST /api/v1/auth/login,0.000000,0.000000,0,0,0,0,0,0,0,0,0,0,0,50,0,1300.0,1369.1218887201103,628.633758999058,2104.1982940005255,1622.0
1789883099,50,,Aggregated,24.500000,0.000000,6,7,8,8,9,10,13,13,14,14,14,16141,0,6,11.413719821142376,3.1258880044333637,2104.1982940005255,6832.228920141255
1789883100,50,GET,GET /api/v1/reservas,19.700000,0.000000,7,7,8,8,9,10,13,13,14,14,14,12106,0,7,7.729456256065789,4.633864002244081,256.99183600227116,8965.0
1789883100,50,GET,GET /api/v1/reservas/{id},5.500000,0.000000,5,5,6,6,6,9,10,13,13,13,13,4005,0,5,5.571692194537851,3.1258880044333637,177.67928400280653,442.0
1789883100,50,POST,POST /api/v1/auth/login,0.000000,0.000000,0,0,0,0,0,0,0,0,0,0,0,50,0,1300.0,1369.1218887201103,628.633758999058,2104.1982940005255,1622.0
1789883100,50,,Aggregated,25.200000,0.000000,6,7,8,8,9,10,13,13,14,14,14,16161,0,6,11.406690125057983,3.1258880044333637,2104.1982940005255,6830.121898397377
1789883101,50,GET,GET /api/v1/reservas,19.600000,0.000000,7,7,8,8,9,9,10,18,24,24,24,12123,0,7,7.731697820665922,4.633864002244081,256.99183600227116,8965.0
1789883101,50,GET,GET /api/v1/reservas/{id},5.500000,0.000000,5,5,5,6,6,6,7,8,8,8,8,4010,0,5,5.571057092799181,3.1258880044333637,177.67928400280653,442.0
1789883101,50,POST,POST /api/v1/auth/login,0.000000,0.000000,0,0,0,0,0,0,0,0,0,0,0,50,0,1300.0,1369.1218887201103,628.633758999058,2104.1982940005255,1622.0
1789883101,50,,Aggregated,25.100000,0.000000,6,7,8,8,8,9,10,11,24,24,24,16183,0,6,11.402546255827918,3.1258880044333637,2104.1982940005255,6830.390842241859
1789883102,50,GET,GET /api/v1/reservas,18.800000,0.000000,7,7,8,8,9,9,11,18,24,24,24,12142,0,7,7.730741856360418,4.633864002244081,256.99183600227116,8965.0
1789883102,50,GET,GET /api/v1/reservas/{id},5.900000,0.000000,5,5,5,6,6,6,7,9,9,9,9,4020,0,5,5.5700283492848,3.1258880044333637,177.67928400280653,442.0
1789883102,50,POST,POST /api/v1/auth/login,0.000000,0.000000,0,0,0,0,0,0,0,0,0,0,0,50,0,1300.0,1369.1218887201103,628.633758999058,2104.1982940005255,1622.0
1789883102,50,,Aggregated,24.700000,0.000000,6,7,7,8,8,9,10,14,24,24,24,16212,0,6,11.393676043674969,3.1258880044333637,2104.1982940005255,6828.9520108561555
1789883103,50,GET,GET /api/v1/reservas,18.700000,0.000000,7,7,8,8,9,10,12,18,24,24,24,12164,0,7,7.7289877102058275,4.633864002244081,256.99183600227116,8965.0
1789883103,50,GET,GET /api/v1/reservas/{id},5.900000,0.000000,5,5,5,6,6,6,7,9,9,9,9,4030,0,5,5.567740986132564,3.1258880044333637,177.67928400280653,442.0
1789883103,50,POST,POST /api/v1/auth/login,0.000000,0.000000,0,0,0,0,0,0,0,0,0,0,0,50,0,1300.0,1369.1218887201103,628.633758999058,2104.1982940005255,1622.0
1789883103,50,,Aggregated,24.600000,0.000000,6,7,7,8,8,9,11,14,24,24,24,16244,0,6,11.383249022227496,3.1258880044333637,2104.1982940005255,6827.913075597144
1789883104,50,GET,GET /api/v1/reservas,18.500000,0.000000,7,7,8,8,9,10,12,18,24,24,24,12177,0,7,7.728443324706428,4.633864002244081,256.99183600227116,8965.0
1789883104,50,GET,GET /api/v1/reservas/{id},6.600000,0.000000,5,5,6,6,6,7,9,14,14,14,14,4037,0,5,5.56967274364881,3.1258880044333637,177.67928400280653,442.0
1789883104,50,POST,POST /api/v1/auth/login,0.000000,0.000000,0,0,0,0,0,0,0,0,0,0,0,50,0,1300.0,1369.1218887201103,628.633758999058,2104.1982940005255,1622.0
1789883104,50,,Aggregated,25.100000,0.000000,6,7,8,8,8,10,12,14,24,24,24,16264,0,6,11.377897052820089,3.1258880044333637,2104.1982940005255,6826.872786522381
1789883105,50,GET,GET /api/v1/reservas,18.200000,0.000000,7,7,8,8,9,9,12,18,24,24,24,12197,0,7,7.725964917436116,4.633864002244081,256.99183600227116,8965.0
1789883105,50,GET,GET /api/v1/reservas/{id},6.700000,0.000000,5,5,6,6,6,7,12,14,14,14,14,4047,0,5,5.568903767753299,3.1258880044333637,177.67928400280653,442.0
1789883105,50,POST,POST /api/v1/auth/login,0.000000,0.000000,0,0,0,0,0,0,0,0,0,0,0,50,0,1300.0,1369.1218887201103,628.633758999058,2104.1982940005255,1622.0
1789883105,50,,Aggregated,24.900000,0.000000,6,7,7,8,8,9,12,14,24,24,24,16294,0,6,11.36780668234144,3.1258880044333637,2104.1982940005255,6825.578679268442
1789883106,50,GET,GET /api/v1/reservas,18.400000,0.000000,7,7,8,8,8,10,12,18,24,24,24,12212,0,7,7.7248255800806485,4.633864002244081,256.99183600227116,8965.0
1789883106,50,GET,GET /api/v1/reservas/{id},7.000000,0.000000,5,5,6,6,7,9,12,14,14,14,14,4053,0,5,5.570448295359785,3.1258880044333637,177.67928400280653,442.0
1789883106,50,POST,POST /api/v1/auth/login,0.000000,0.000000,0,0,0,0,0,0,0,0,0,0,0,50,0,1300.0,1369.1218887201103,628.633758999058,2104.1982940005255,1622.0
1789883106,50,,Aggregated,25.400000,0.000000,6,7,7,8,8,9,12,14,24,24,24,16315,0,6,11.361856657128017,3.1258880044333637,2104.1982940005255,6825.198038614772
1789883107,50,GET,GET /api/v1/reservas,18.200000,0.000000,7,7,8,8,9,10,13,18,24,24,24,12235,0,7,7.725031041679552,4.633864002244081,256.99183600227116,8965.0
1789883107,50,GET,GET /api/v1/reservas/{id},6.800000,0.000000,5,5,6,6,7,9,12,14,14,14,14,4058,0,5,5.570098549556061,3.1258880044333637,177.67928400280653,442.0
1789883107,50,POST,POST /api/v1/auth/login,0.000000,0.000000,0,0,0,0,0,0,0,0,0,0,0,50,0,1300.0,1369.1218887201103,628.633758999058,2104.1982940005255,1622.0
1789883107,50,,Aggregated,25.000000,0.000000,6,7,7,8,8,10,13,14,24,24,24,16343,0,6,11.355033295297885,3.1258880044333637,2104.1982940005255,6826.256562442636
1789883108,50,GET,GET /api/v1/reservas,17.700000,0.000000,7,7,8,8,9,10,13,18,24,24,24,12250,0,7,7.723892783914213,4.633864002244081,256.99183600227116,8965.0
1789883108,50,GET,GET /api/v1/reservas/{id},7.400000,0.000000,5,5,6,6,7,9,12,14,14,14,14,4066,0,5,5.568182575776376,3.1258880044333637,177.67928400280653,442.0
1789883108,50,POST,POST /api/v1/auth/login,0.000000,0.000000,0,0,0,0,0,0,0,0,0,0,0,50,0,1300.0,1369.1218887201103,628.633758999058,2104.1982940005255,1622.0
1789883108,50,,Aggregated,25.100000,0.000000,6,7,7,8,8,10,13,14,24,24,24,16366,0,6,11.34755049444344,3.1258880044333637,2104.1982940005255,6825.096052792374
1789883109,50,GET,GET /api/v1/reservas,17.600000,0.000000,7,7,8,8,9,11,13,18,24,24,24,12267,0,7,7.7240627520135545,4.633864002244081,256.99183600227116,8965.0
1789883109,50,GET,GET /api/v1/reservas/{id},7.500000,0.000000,5,5,6,6,7,9,12,14,14,14,14,4072,0,5,5.566667669721194,3.1258880044333637,177.67928400280653,442.0
1789883109,50,POST,POST /api/v1/auth/login,0.000000,0.000000,0,0,0,0,0,0,0,0,0,0,0,50,0,1300.0,1369.1218887201103,628.633758999058,2104.1982940005255,1622.0
1789883109,50,,Aggregated,25.100000,0.000000,6,7,8,8,9,11,13,14,24,24,24,16389,0,6,11.341426747578284,3.1258880044333637,2104.1982940005255,6824.978888278723
1789883110,50,GET,GET /api/v1/reservas,17.100000,0.000000,7,7,8,8,9,11,12,14,24,24,24,12286,0,7,7.723080220898312,4.633864002244081,256.99183600227116,8965.0
1789883110,50,GET,GET /api/v1/reservas/{id},7.700000,0.000000,5,5,6,6,7,9,12,14,14,14,14,4076,0,5,5.565533354295764,3.1258880044333637,177.67928400280653,442.0
1789883110,50,POST,POST /api/v1/auth/login,0.000000,0.000000,0,0,0,0,0,0,0,0,0,0,0,50,0,1300.0,1369.1218887201103,628.633758999058,2104.1982940005255,1622.0
1789883110,50,,Aggregated,24.800000,0.000000,6,7,7,8,9,10,12,14,24,24,24,16412,0,6,11.334814281140122,3.1258880044333637,2104.1982940005255,6825.900682427492
1789883111,50,GET,GET /api/v1/reservas,17.600000,0.000000,7,7,8,8,9,10,12,13,40,40,40,12307,0,7,7.723896435845328,4.633864002244081,256.99183600227116,8965.0
1789883111,50,GET,GET /api/v1/reservas/{id},7.500000,0.000000,5,5,6,6,7,8,12,14,14,14,14,4083,0,5,5.5646260259919345,3.1258880044333637,177.67928400280653,442.0
1789883111,50,POST,POST /api/v1/auth/login,0.000000,0.000000,0,0,0,0,0,0,0,0,0,0,0,50,0,1300.0,1369.1218887201103,628.633758999058,2104.1982940005255,1622.0
1789883111,50,,Aggregated,25.100000,0.000000,6,7,7,8,9,10,12,13,40,40,40,16440,0,6,11.328129923119162,3.1258880044333637,2104.1982940005255,6825.914902676399
1789883112,50,GET,GET /api/v1/reservas,18.000000,0.000000,7,7,8,8,9,10,12,13,40,40,40,12324,0,7,7.722472606048513,4.633864002244081,256.99183600227116,8965.0
1789883112,50,GET,GET /api/v1/reservas/{id},7.100000,0.000000,5,5,6,6,7,9,12,14,14,14,14,4094,0,5,5.564326549376456,3.1258880044333637,177.67928400280653,442.0
1789883112,50,POST,POST /api/v1/auth/login,0.000000,0.000000,0,0,0,0,0,0,0,0,0,0,0,50,0,1300.0,1369.1218887201103,628.633758999058,2104.1982940005255,1622.0
1789883112,50,,Aggregated,25.100000,0.000000,6,7,7,8,9,10,12,13,40,40,40,16468,0,6,11.319419463571448,3.1258880044333637,2104.1982940005255,6823.858877823658
1789883113,50,GET,GET /api/v1/reservas,18.400000,0.000000,7,7,8,8,9,10,12,13,40,40,40,12344,0,7,7.720896099639284,4.633864002244081,256.99183600227116,8965.0
1789883113,50,GET,GET /api/v1/reservas/{id},7.300000,0.000000,5,5,6,6,7,9,12,12,12,12,12,4095,0,5,5.563970406873278,3.1258880044333637,177.67928400280653,442.0
1789883113,50,POST,POST /api/v1/auth/login,0.000000,0.000000,0,0,0,0,0,0,0,0,0,0,0,50,0,1300.0,1369.1218887201103,628.633758999058,2104.1982940005255,1622.0
1789883113,50,,Aggregated,25.700000,0.000000,6,7,7,8,9,10,12,12,40,40,40,16489,0,6,11.313438941482135,3.1258880044333637,2104.1982940005255,6826.068894414459
1789883114,50,GET,GET /api/v1/reservas,18.000000,0.000000,7,7,8,8,9,10,12,13,40,40,40,12362,0,7,7.719171396938819,4.633864002244081,256.99183600227116,8965.0
1789883114,50,GET,GET /api/v1/reservas/{id},7.200000,0.000000,5,5,6,6,7,8,12,12,12,12,12,4105,0,5,5.562225542056823,3.1258880044333637,177.67928400280653,442.0
1789883114,50,POST,POST /api/v1/auth/login,0.000000,0.000000,0,0,0,0,0,0,0,0,0,0,0,50,0,1300.0,1369.1218887201103,628.633758999058,2104.1982940005255,1622.0
1789883114,50,,Aggregated,25.200000,0.000000,6,7,7,8,9,10,12,12,40,40,40,16517,0,6,11.304318404983135,3.1258880044333637,2104.1982940005255,6824.53472180178
1789883115,50,GET,GET /api/v1/reservas,18.200000,0.000000,7,7,8,8,9,10,12,13,40,40,40,12388,0,7,7.716499684934631,4.633864002244081,256.99183600227116,8965.0
1789883115,50,GET,GET /api/v1/reservas/{id},6.900000,0.000000,5,5,6,6,6,7,9,12,12,12,12,4107,0,5,5.561886915788266,3.1258880044333637,177.67928400280653,442.0
1789883115,50,POST,POST /api/v1/auth/login,0.000000,0.000000,0,0,0,0,0,0,0,0,0,0,0,50,0,1300.0,1369.1218887201103,628.633758999058,2104.1982940005255,1622.0
1789883115,50,,Aggregated,25.100000,0.000000,6,7,7,8,9,10,12,12,40,40,40,16545,0,6,11.295905838387315,3.1258880044333637,2104.1982940005255,6827.126866122696
1789883116,50,GET,GET /api/v1/reservas,18.500000,0.000000,7,7,8,8,9,10,12,13,40,40,40,12404,0,7,7.715845072233037,4.633864002244081,256.99183600227116,8965.0
1789883116,50,GET,GET /api/v1/reservas/{id},6.400000,0.000000,5,5,6,6,6,7,9,12,12,12,12,4116,0,5,5.5609856458082625,3.1258880044333637,177.67928400280653,442.0
1789883116,50,POST,POST /api/v1/auth/login,0.000000,0.000000,0,0,0,0,0,0,0,0,0,0,0,50,0,1300.0,1369.1218887201103,628.633758999058,2104.1982940005255,1622.0
1789883116,50,,Aggregated,24.900000,0.000000,6,7,7,8,8,9,12,12,40,40,40,16570,0,6,11.288621220889011,3.1258880044333637,2104.1982940005255,6825.723114061557
1789883117,50,GET,GET /api/v1/reservas,18.600000,0.000000,7,7,8,8,9,10,12,12,40,40,40,12423,0,7,7.716956977459326,4.633864002244081,256.99183600227116,8965.0
1789883117,50,GET,GET /api/v1/reservas/{id},6.400000,0.000000,5,5,6,6,6,7,9,12,12,12,12,4119,0,5,5.561112660390974,3.1258880044333637,177.67928400280653,442.0
1789883117,50,POST,POST /api/v1/auth/login,0.000000,0.000000,0,0,0,0,0,0,0,0,0,0,0,50,0,1300.0,1369.1218887201103,628.633758999058,2104.1982940005255,1622.0
1789883117,50,,Aggregated,25.000000,0.000000,6,7,7,8,9,10,12,12,40,40,40,16592,0,6,11.284358366389412,3.1258880044333637,2104.1982940005255,6827.018623432979
1789883118,50,GET,GET /api/v1/reservas,19.500000,0.000000,7,7,8,8,9,10,12,12,40,40,40,12445,0,7,7.714530614380637,4.633864002244081,256.99183600227116,8965.0
1789883118,50,GET,GET /api/v1/reservas/{id},6.100000,0.000000,5,5,6,6,7,7,9,12,12,12,12,4125,0,5,5.560253876885823,3.1258880044333637,177.67928400280653,442.0
1789883118,50,POST,POST /api/v1/auth/login,0.000000,0.000000,0,0,0,0,0,0,0,0,0,0,0,50,0,1300.0,1369.1218887201103,628.633758999058,2104.1982940005255,1622.0
1789883118,50,,Aggregated,25.600000,0.000000,6,7,7,8,8,10,12,12,40,40,40,16620,0,6,11.275540022510624,3.1258880044333637,2104.1982940005255,6827.543622141998
1789883119,50,GET,GET /api/v1/reservas,19.300000,0.000000,7,7,8,8,9,10,12,13,40,40,40,12456,0,7,7.715584452069457,4.633864002244081,256.99183600227116,8965.0
1789883119,50,GET,GET /api/v1/reservas/{id},6.200000,0.000000,5,5,6,6,7,7,9,12,12,12,12,4135,0,5,5.559670699914741,3.1258880044333637,177.67928400280653,442.0
1789883119,50,POST,POST /api/v1/auth/login,0.000000,0.000000,0,0,0,0,0,0,0,0,0,0,0,50,0,1300.0,1369.1218887201103,628.633758999058,2104.1982940005255,1622.0
1789883119,50,,Aggregated,25.500000,0.000000,6,7,7,8,9,10,12,12,40,40,40,16641,0,6,11.270395572088825,3.1258880044333637,2104.1982940005255,6825.119283696893
1789883120,50,GET,GET /api/v1/reservas,19.300000,0.000000,7,7,8,8,9,10,12,13,40,40,40,12479,0,7,7.713338513419295,4.633864002244081,256.99183600227116,8965.0
1789883120,50,GET,GET /api/v1/reservas/{id},5.900000,0.000000,5,5,6,6,7,9,9,12,12,12,12,4141,0,5,5.558136163763349,3.1258880044333637,177.67928400280653,442.0
1789883120,50,POST,POST /api/v1/auth/login,0.000000,0.000000,0,0,0,0,0,0,0,0,0,0,0,50,0,1300.0,1369.1218887201103,628.633758999058,2104.1982940005255,1622.0
1789883120,50,,Aggregated,25.200000,0.000000,6,7,7,8,9,10,12,12,40,40,40,16670,0,6,11.261372981350265,3.1258880044333637,2104.1982940005255,6825.774265146971
1789883121,50,GET,GET /api/v1/reservas,19.100000,0.000000,7,7,8,8,9,10,12,13,13,13,13,12497,0,7,7.714121715528665,4.633864002244081,256.99183600227116,8965.0
1789883121,50,GET,GET /api/v1/reservas/{id},5.900000,0.000000,5,5,6,6,7,7,9,9,9,9,9,4146,0,5,5.557168302979211,3.1258880044333637,177.67928400280653,442.0
1789883121,50,POST,POST /api/v1/auth/login,0.000000,0.000000,0,0,0,0,0,0,0,0,0,0,0,50,0,1300.0,1369.1218887201103,628.633758999058,2104.1982940005255,1622.0
1789883121,50,,Aggregated,25.000000,0.000000,6,7,8,8,9,10,12,12,13,13,13,16693,0,6,11.256184825922187,3.1258880044333637,2104.1982940005255,6826.168873180375
1789883122,50,GET,GET /api/v1/reservas,19.000000,0.000000,7,8,8,8,9,10,12,13,13,13,13,12516,0,7,7.71352708029334,4.633864002244081,256.99183600227116,8965.0
1789883122,50,GET,GET /api/v1/reservas/{id},6.500000,0.000000,5,5,6,6,7,7,9,9,9,9,9,4149,0,5,5.556799014497642,3.1258880044333637,177.67928400280653,442.0
1789883122,50,POST,POST /api/v1/auth/login,0.000000,0.000000,0,0,0,0,0,0,0,0,0,0,0,50,0,1300.0,1369.1218887201103,628.633758999058,2104.1982940005255,1622.0
1789883122,50,,Aggregated,25.500000,0.000000,6,7,8,8,9,10,12,12,13,13,13,16715,0,6,11.250598772605903,3.1258880044333637,2104.1982940005255,6827.454262638349
1789883123,50,GET,GET /api/v1/reservas,19.000000,0.000000,7,8,8,8,9,10,12,13,13,13,13,12536,0,7,7.711671519140377,4.633864002244081,256.99183600227116,8965.0
1789883123,50,GET,GET /api/v1/reservas/{id},6.300000,0.000000,5,5,6,6,7,7,9,9,9,9,9,4156,0,5,5.555649508458791,3.1258880044333637,177.67928400280653,442.0
1789883123,50,POST,POST /api/v1/auth/login,0.000000,0.000000,0,0,0,0,0,0,0,0,0,0,0,50,0,1300.0,1369.1218887201103,628.633758999058,2104.1982940005255,1622.0
1789883123,50,,Aggregated,25.300000,0.000000,6,7,8,8,9,10,12,12,13,13,13,16742,0,6,11.242318000065943,3.1258880044333637,2104.1982940005255,6827.337952454904
1789883124,50,GET,GET /api/v1/reservas,19.300000,0.000000,7,8,8,8,9,10,12,13,13,13,13,12551,0,7,7.710869019435523,4.633864002244081,256.99183600227116,8965.0
1789883124,50,GET,GET /api/v1/reservas/{id},5.800000,0.000000,5,5,6,6,6,7,9,9,9,9,9,4163,0,5,5.554991623627877,3.1258880044333637,177.67928400280653,442.0
1789883124,50,POST,POST /api/v1/auth/login,0.000000,0.000000,0,0,0,0,0,0,0,0,0,0,0,50,0,1300.0,1369.1218887201103,628.633758999058,2104.1982940005255,1622.0
1789883124,50,,Aggregated,25.100000,0.000000,6,7,8,8,9,10,12,12,13,13,13,16764,0,6,11.236020140068218,3.1258880044333637,2104.1982940005255,6826.584407062754
1789883125,50,GET,GET /api/v1/reservas,19.400000,0.000000,7,8,8,8,9,10,12,13,13,13,13,12565,0,7,7.710767800710345,4.633864002244081,256.99183600227116,8965.0
1789883125,50,GET,GET /api/v1/reservas/{id},5.700000,0.000000,5,6,6,6,7,7,9,9,9,9,9,4171,0,5,5.555533579515809,3.1258880044333637,177.67928400280653,442.0
1789883125,50,POST,POST /api/v1/auth/login,0.000000,0.000000,0,0,0,0,0,0,0,0,0,0,0,50,0,1300.0,1369.1218887201103,628.633758999058,2104.1982940005255,1622.0
1789883125,50,,Aggregated,25.100000,0.000000,7,7,8,8,9,10,12,12,13,13,13,16786,0,6,11.230431455504077,3.1258880044333637,2104.1982940005255,6825.325092338854
1789883126,50,GET,GET /api/v1/reservas,18.600000,0.000000,7,8,8,8,9,10,12,13,13,13,13,12584,0,7,7.709885665361173,4.633864002244081,256.99183600227116,8965.0
1789883126,50,GET,GET /api/v1/reservas/{id},5.900000,0.000000,5,5,6,6,6,7,7,9,9,9,9,4180,0,5,5.554390035681905,3.1258880044333637,177.67928400280653,442.0
1789883126,50,POST,POST /api/v1/auth/login,0.000000,0.000000,0,0,0,0,0,0,0,0,0,0,0,50,0,1300.0,1369.1218887201103,628.633758999058,2104.1982940005255,1622.0
1789883126,50,,Aggregated,24.500000,0.000000,6,7,8,8,8,10,11,12,13,13,13,16814,0,6,11.222472106462524,3.1258880044333637,2104.1982940005255,6824.3261567741165
1789883127,50,GET,GET /api/v1/reservas,18.300000,0.000000,7,8,8,8,9,11,12,13,15,15,15,12603,0,7,7.710410774491269,4.633864002244081,256.99183600227116,8965.0
1789883127,50,GET,GET /api/v1/reservas/{id},6.300000,0.000000,5,5,6,6,6,6,7,9,9,9,9,4185,0,5,5.553295244001717,3.1258880044333637,177.67928400280653,442.0
1789883127,50,POST,POST /api/v1/auth/login,0.000000,0.000000,0,0,0,0,0,0,0,0,0,0,0,50,0,1300.0,1369.1218887201103,628.633758999058,2104.1982940005255,1622.0
1789883127,50,,Aggregated,24.600000,0.000000,6,7,8,8,9,10,11,13,15,15,15,16838,0,6,11.216946313283417,3.1258880044333637,2104.1982940005255,6824.846478204062
1789883128,50,GET,GET /api/v1/reservas,17.800000,0.000000,7,8,8,8,9,10,12,13,15,15,15,12623,0,7,7.710680443864724,4.633864002244081,256.99183600227116,8965.0
1789883128,50,GET,GET /api/v1/reservas/{id},6.400000,0.000000,5,5,6,6,6,7,7,9,9,9,9,4189,0,5,5.553005060906804,3.1258880044333637,177.67928400280653,442.0
1789883128,50,POST,POST /api/v1/auth/login,0.000000,0.000000,0,0,0,0,0,0,0,0,0,0,0,50,0,1300.0,1369.1218887201103,628.633758999058,2104.1982940005255,1622.0
1789883128,50,,Aggregated,24.200000,0.000000,7,7,8,8,9,10,11,12,15,15,15,16862,0,6,11.211573471655113,3.1258880044333637,2104.1982940005255,6825.870774522596
1789883129,50,GET,GET /api/v1/reservas,17.400000,0.000000,7,8,8,8,9,10,12,13,15,15,15,12643,0,7,7.708755396655655,4.633864002244081,256.99183600227116,8965.0
1789883129,50,GET,GET /api/v1/reservas/{id},6.300000,0.000000,5,6,6,6,6,7,7,7,7,7,7,4193,0,5,5.552871934687179,3.1258880044333637,177.67928400280653,442.0
1789883129,50,POST,POST /api/v1/auth/login,0.000000,0.000000,0,0,0,0,0,0,0,0,0,0,0,50,0,1300.0,1369.1218887201103,628.633758999058,2104.1982940005255,1622.0
1789883129,50,,Aggregated,23.700000,0.000000,7,7,8,8,9,10,11,12,15,15,15,16886,0,6,11.204612160255023,3.1258880044333637,2104.1982940005255,6826.892159185124
1789883130,50,GET,GET /api/v1/reservas,18.200000,0.000000,7,7,8,8,9,10,11,12,15,15,15,12655,0,7,7.707745523502989,4.633864002244081,256.99183600227116,8965.0
1789883130,50,GET,GET /api/v1/reservas/{id},6.500000,0.000000,5,5,6,6,6,7,7,11,11,11,11,4203,0,5,5.552703615310426,3.1258880044333637,177.67928400280653,442.0
1789883130,50,POST,POST /api/v1/auth/login,0.000000,0.000000,0,0,0,0,0,0,0,0,0,0,0,50,0,1300.0,1369.1218887201103,628.633758999058,2104.1982940005255,1622.0
1789883130,50,,Aggregated,24.700000,0.000000,6,7,7,8,9,10,11,12,15,15,15,16908,0,6,11.197990734036289,3.1258880044333637,2104.1982940005255,6824.633368819494
1789883131,50,GET,GET /api/v1/reservas,18.400000,0.000000,7,7,8,8,9,10,11,12,15,15,15,12681,0,7,7.705120316690289,4.633864002244081,256.99183600227116,8965.0
1789883131,50,GET,GET /api/v1/reservas/{id},6.100000,0.000000,5,5,6,6,6,7,7,11,11,11,11,4208,0,5,5.551918457501135,3.1258880044333637,177.67928400280653,442.0
1789883131,50,POST,POST /api/v1/auth/login,0.000000,0.000000,0,0,0,0,0,0,0,0,0,0,0,50,0,1300.0,1369.1218887201103,628.633758999058,2104.1982940005255,1622.0
1789883131,50,,Aggregated,24.500000,0.000000,6,7,7,8,8,10,11,12,15,15,15,16939,0,6,11.188806779687104,3.1258880044333637,2104.1982940005255,6826.034653757601
1789883132,50,GET,GET /api/v1/reservas,17.700000,0.000000,7,7,8,8,9,10,12,15,16,16,16,12695,0,7,7.70468816762077,4.633864002244081,256.99183600227116,8965.0
1789883132,50,GET,GET /api/v1/reservas/{id},6.000000,0.000000,5,6,6,6,7,7,9,11,11,11,11,4216,0,5,5.552057453785916,3.1258880044333637,177.67928400280653,442.0
1789883132,50,POST,POST /api/v1/auth/login,0.000000,0.000000,0,0,0,0,0,0,0,0,0,0,0,50,0,1300.0,1369.1218887201103,628.633758999058,2104.1982940005255,1622.0
1789883132,50,,Aggregated,23.700000,0.000000,6,7,7,8,8,10,11,12,16,16,16,16961,0,6,11.18298360645673,3.1258880044333637,2104.1982940005255,6824.789045457225
1789883133,50,GET,GET /api/v1/reservas,18.400000,0.000000,7,7,8,8,9,10,12,15,16,16,16,12713,0,7,7.703110108467684,4.633864002244081,256.99183600227116,8965.0
1789883133,50,GET,GET /api/v1/reservas/{id},6.100000,0.000000,5,5,6,6,7,7,9,11,11,11,11,4224,0,5,5.550044289813713,3.1258880044333637,177.67928400280653,442.0
1789883133,50,POST,POST /api/v1/auth/login,0.000000,0.000000,0,0,0,0,0,0,0,0,0,0,0,50,0,1300.0,1369.1218887201103,628.633758999058,2104.1982940005255,1622.0
1789883133,50,,Aggregated,24.500000,0.000000,6,7,7,8,8,10,11,12,16,16,16,16987,0,6,11.174964403669177,3.1258880044333637,2104.1982940005255,6824.050921292754
1789883134,50,GET,GET /api/v1/reservas,17.500000,0.000000,7,7,8,8,9,10,12,15,16,16,16,12735,0,7,7.701475799995698,4.633864002244081,256.99183600227116,8965.0
1789883134,50,GET,GET /api/v1/reservas/{id},6.500000,0.000000,5,5,6,6,7,8,9,11,11,11,11,4227,0,5,5.5491057778980055,3.1258880044333637,177.67928400280653,442.0
1789883134,50,POST,POST /api/v1/auth/login,0.000000,0.000000,0,0,0,0,0,0,0,0,0,0,0,50,0,1300.0,1369.1218887201103,628.633758999058,2104.1982940005255,1622.0
1789883134,50,,Aggregated,24.000000,0.000000,6,7,7,8,9,10,11,12,16,16,16,17012,0,6,11.168026032925324,3.1258880044333637,2104.1982940005255,6825.694157065601
1789883135,50,GET,GET /api/v1/reservas,17.900000,0.000000,7,7,7,8,9,10,11,15,16,16,16,12758,0,7,7.6993048071748955,4.633864002244081,256.99183600227116,8965.0
1789883135,50,GET,GET /api/v1/reservas/{id},6.800000,0.000000,5,5,5,6,7,8,9,11,11,11,11,4233,0,5,5.547494842706363,3.1258880044333637,177.67928400280653,442.0
1789883135,50,POST,POST /api/v1/auth/login,0.000000,0.000000,0,0,0,0,0,0,0,0,0,0,0,50,0,1300.0,1369.1218887201103,628.633758999058,2104.1982940005255,1622.0
1789883135,50,,Aggregated,24.700000,0.000000,6,7,7,7,8,10,11,12,16,16,16,17041,0,6,11.159343397401495,3.1258880044333637,2104.1982940005255,6826.333900592688
1789883136,50,GET,GET /api/v1/reservas,18.200000,0.000000,7,7,7,8,9,10,12,15,16,16,16,12775,0,7,7.699412164613677,4.633864002244081,256.99183600227116,8965.0
1789883136,50,GET,GET /api/v1/reservas/{id},6.600000,0.000000,5,5,6,6,7,8,9,11,11,11,11,4239,0,5,5.547032403671997,3.1258880044333637,177.67928400280653,442.0
1789883136,50,POST,POST /api/v1/auth/login,0.000000,0.000000,0,0,0,0,0,0,0,0,0,0,0,50,0,1300.0,1369.1218887201103,628.633758999058,2104.1982940005255,1622.0
1789883136,50,,Aggregated,24.800000,0.000000,6,7,7,7,9,9,11,14,16,16,16,17064,0,6,11.153888607484227,3.1258880044333637,2104.1982940005255,6826.219702297234
1789883137,50,GET,GET /api/v1/reservas,18.900000,0.000000,7,7,7,8,8,9,10,14,16,16,16,12798,0,7,7.699458224950875,4.633864002244081,256.99183600227116,8965.0
1789883137,50,GET,GET /api/v1/reservas/{id},5.800000,0.000000,5,5,6,6,8,8,9,11,11,11,11,4246,0,5,5.549085879926524,3.1258880044333637,177.67928400280653,442.0
1789883137,50,POST,POST /api/v1/auth/login,0.000000,0.000000,0,0,0,0,0,0,0,0,0,0,0,50,0,1300.0,1369.1218887201103,628.633758999058,2104.1982940005255,1622.0
1789883137,50,,Aggregated,24.700000,0.000000,6,7,7,8,8,9,10,11,16,16,16,17094,0,6,11.147489145027192,3.1258880044333637,2104.1982940005255,6826.483093483093
1789883138,50,GET,GET /api/v1/reservas,19.100000,0.000000,7,7,8,8,9,10,12,14,16,16,16,12814,0,7,7.70099032284385,4.633864002244081,256.99183600227116,8965.0
1789883138,50,GET,GET /api/v1/reservas/{id},6.200000,0.000000,5,6,6,7,8,9,11,11,11,11,11,4250,0,5,5.551048534862382,3.1258880044333637,177.67928400280653,442.0
1789883138,50,POST,POST /api/v1/auth/login,0.000000,0.000000,0,0,0,0,0,0,0,0,0,0,0,50,0,1300.0,1369.1218887201103,628.633758999058,2104.1982940005255,1622.0
1789883138,50,,Aggregated,25.300000,0.000000,7,7,7,8,9,10,12,12,16,16,16,17114,0,6,11.144591603721615,3.1258880044333637,2104.1982940005255,6826.990183475517
1789883139,50,GET,GET /api/v1/reservas,19.500000,0.000000,7,7,8,8,9,10,12,15,16,16,16,12831,0,7,7.701907225383792,4.633864002244081,256.99183600227116,8965.0
1789883139,50,GET,GET /api/v1/reservas/{id},6.100000,0.000000,5,6,7,7,8,8,9,11,11,11,11,4254,0,5,5.55166363708723,3.1258880044333637,177.67928400280653,442.0
1789883139,50,POST,POST /api/v1/auth/login,0.000000,0.000000,0,0,0,0,0,0,0,0,0,0,0,50,0,1300.0,1369.1218887201103,628.633758999058,2104.1982940005255,1622.0
1789883139,50,,Aggregated,25.600000,0.000000,7,7,8,8,9,10,12,14,16,16,16,17135,0,6,11.140708675638985,3.1258880044333637,2104.1982940005255,6827.620834549169
1789883140,50,GET,GET /api/v1/reservas,18.800000,0.000000,7,8,8,8,9,11,12,15,16,16,16,12853,0,7,7.702407770082606,4.633864002244081,256.99183600227116,8965.0
1789883140,50,GET,GET /api/v1/reservas/{id},6.200000,0.000000,5,6,7,7,8,8,9,11,11,11,11,4261,0,5,5.551789823085803,3.1258880044333637,177.67928400280653,442.0
1789883140,50,POST,POST /api/v1/auth/login,0.000000,0.000000,0,0,0,0,0,0,0,0,0,0,0,50,0,1300.0,1369.1218887201103,628.633758999058,2104.1982940005255,1622.0
1789883140,50,,Aggregated,25.000000,0.000000,7,8,8,8,9,10,12,14,16,16,16,17164,0,6,11.134427752333131,3.1258880044333637,2104.1982940005255,6827.756175716616
1789883141,50,GET,GET /api/v1/reservas,18.900000,0.000000,7,8,8,8,9,11,14,16,16,16,16,12876,0,7,7.7021519934656455,4.633864002244081,256.99183600227116,8965.0
1789883141,50,GET,GET /api/v1/reservas/{id},6.300000,0.000000,6,6,7,7,8,8,9,11,11,11,11,4267,0,5,5.552468125656346,3.1258880044333637,177.67928400280653,442.0
1789883141,50,POST,POST /api/v1/auth/login,0.000000,0.000000,0,0,0,0,0,0,0,0,0,0,0,50,0,1300.0,1369.1218887201103,628.633758999058,2104.1982940005255,1622.0
1789883141,50,,Aggregated,25.200000,0.000000,7,8,8,8,9,10,12,15,16,16,16,17193,0,6,11.127865119295342,3.1258880044333637,2104.1982940005255,6828.386785319607
1789883142,50,GET,GET /api/v1/reservas,19.400000,0.000000,7,8,8,8,9,11,12,15,16,16,16,12889,0,7,7.702033317313698,4.633864002244081,256.99183600227116,8965.0
1789883142,50,GET,GET /api/v1/reservas/{id},6.000000,0.000000,6,6,6,7,8,8,8,11,11,11,11,4271,0,5,5.552161158318885,3.1258880044333637,177.67928400280653,442.0
1789883142,50,POST,POST /api/v1/auth/login,0.000000,0.000000,0,0,0,0,0,0,0,0,0,0,0,50,0,1300.0,1369.1218887201103,628.633758999058,2104.1982940005255,1622.0
1789883142,50,,Aggregated,25.400000,0.000000,7,8,8,8,9,10,12,14,16,16,16,17210,0,6,11.123816511914104,3.1258880044333637,2104.1982940005255,6828.516385822197
1789883143,50,GET,GET /api/v1/reservas,18.500000,0.000000,8,8,8,8,9,11,12,15,16,16,16,12909,0,7,7.702169363611192,4.633864002244081,256.99183600227116,8965.0
1789883143,50,GET,GET /api/v1/reservas/{id},6.000000,0.000000,6,6,7,7,8,8,8,11,11,11,11,4279,0,5,5.553147798591562,3.1258880044333637,177.67928400280653,442.0
1789883143,50,POST,POST /api/v1/auth/login,0.000000,0.000000,0,0,0,0,0,0,0,0,0,0,0,50,0,1300.0,1369.1218887201103,628.633758999058,2104.1982940005255,1622.0
1789883143,50,,Aggregated,24.500000,0.000000,7,8,8,8,9,11,12,14,16,16,16,17238,0,6,11.117607505571161,3.1258880044333637,2104.1982940005255,6828.031268128553
1789883144,50,GET,GET /api/v1/reservas,20.000000,0.000000,8,8,8,9,9,11,12,15,16,16,16,12922,0,7,7.701818832290319,4.633864002244081,256.99183600227116,8965.0
1789883144,50,GET,GET /api/v1/reservas/{id},5.500000,0.000000,6,6,6,7,8,8,8,11,11,11,11,4288,0,5,5.5521573370262916,3.1258880044333637,177.67928400280653,442.0
1789883144,50,POST,POST /api/v1/auth/login,0.000000,0.000000,0,0,0,0,0,0,0,0,0,0,0,50,0,1300.0,1369.1218887201103,628.633758999058,2104.1982940005255,1622.0
1789883144,50,,Aggregated,25.500000,0.000000,7,8,8,8,9,11,12,14,16,16,16,17260,0,6,11.111625031751434,3.1258880044333637,2104.1982940005255,6826.3108922363845
1789883145,50,GET,GET /api/v1/reservas,19.500000,0.000000,8,8,8,9,10,11,12,15,16,16,16,12943,0,7,7.701377774150298,4.633864002244081,256.99183600227116,8965.0
1789883145,50,GET,GET /api/v1/reservas/{id},5.500000,0.000000,6,6,6,7,8,8,8,11,11,11,11,4296,0,5,5.550798831046116,3.1258880044333637,177.67928400280653,442.0
1789883145,50,POST,POST /api/v1/auth/login,0.000000,0.000000,0,0,0,0,0,0,0,0,0,0,0,50,0,1300.0,1369.1218887201103,628.633758999058,2104.1982940005255,1622.0
1789883145,50,,Aggregated,25.000000,0.000000,7,8,8,8,9,11,12,12,16,16,16,17289,0,6,11.104243087801892,3.1258880044333637,2104.1982940005255,6825.954479726994
1789883146,50,GET,GET /api/v1/reservas,19.000000,0.000000,8,8,8,9,10,11,12,15,16,16,16,12961,0,7,7.700404633655552,4.633864002244081,256.99183600227116,8965.0
1789883146,50,GET,GET /api/v1/reservas/{id},5.700000,0.000000,6,6,6,6,7,8,8,11,11,11,11,4301,0,5,5.54963346853804,3.1258880044333637,177.67928400280653,442.0
1789883146,50,POST,POST /api/v1/auth/login,0.000000,0.000000,0,0,0,0,0,0,0,0,0,0,0,50,0,1300.0,1369.1218887201103,628.633758999058,2104.1982940005255,1622.0
1789883146,50,,Aggregated,24.700000,0.000000,7,8,8,8,9,11,12,12,16,16,16,17312,0,6,11.098082973717492,3.1258880044333637,2104.1982940005255,6826.334738909427
1789883147,50,GET,GET /api/v1/reservas,18.500000,0.000000,7,8,8,8,9,11,12,15,16,16,16,12982,0,7,7.6991359815757265,4.633864002244081,256.99183600227116,8965.0
1789883147,50,GET,GET /api/v1/reservas/{id},6.500000,0.000000,5,6,6,6,7,8,8,8,8,8,8,4305,0,5,5.549271117582021,3.1258880044333637,177.67928400280653,442.0
1789883147,50,POST,POST /api/v1/auth/login,0.000000,0.000000,0,0,0,0,0,0,0,0,0,0,0,50,0,1300.0,1369.1218887201103,628.633758999058,2104.1982940005255,1622.0
1789883147,50,,Aggregated,25.000000,0.000000,7,8,8,8,9,10,12,12,16,16,16,17337,0,6,11.091647338640607,3.1258880044333637,2104.1982940005255,6827.4522697121765
1789883148,50,GET,GET /api/v1/reservas,18.600000,0.000000,7,8,8,9,10,11,13,15,16,16,16,13005,0,7,7.700120580992539,4.633864002244081,256.99183600227116,8965.0
1789883148,50,GET,GET /api/v1/reservas/{id},6.200000,0.000000,5,6,6,6,7,8,8,9,9,9,9,4311,0,5,5.549322742795646,3.1258880044333637,177.67928400280653,442.0
1789883148,50,POST,POST /api/v1/auth/login,0.000000,0.000000,0,0,0,0,0,0,0,0,0,0,0,50,0,1300.0,1369.1218887201103,628.633758999058,2104.1982940005255,1622.0
1789883148,50,,Aggregated,24.800000,0.000000,7,8,8,8,9,11,12,15,16,16,16,17366,0,6,11.085989458482409,3.1258880044333637,2104.1982940005255,6828.07710468732
1789883149,50,GET,GET /api/v1/reservas,18.700000,0.000000,7,8,8,8,10,11,12,15,16,16,16,13019,0,7,7.698796286565141,4.633864002244081,256.99183600227116,8965.0
1789883149,50,GET,GET /api/v1/reservas/{id},6.000000,0.000000,5,6,6,6,7,8,8,9,9,9,9,4319,0,5,5.547293488815141,3.1258880044333637,177.67928400280653,442.0
1789883149,50,POST,POST /api/v1/auth/login,0.000000,0.000000,0,0,0,0,0,0,0,0,0,0,0,50,0,1300.0,1369.1218887201103,628.633758999058,2104.1982940005255,1622.0
1789883149,50,,Aggregated,24.700000,0.000000,7,7,8,8,9,10,12,13,16,16,16,17388,0,6,11.079220374338032,3.1258880044333637,2104.1982940005255,6826.859500805153
1789883150,50,GET,GET /api/v1/reservas,18.800000,0.000000,7,8,8,8,10,11,14,15,16,16,16,13042,0,7,7.698860531267921,4.633864002244081,256.99183600227116,8965.0
1789883150,50,GET,GET /api/v1/reservas/{id},5.900000,0.000000,5,6,6,6,7,7,8,9,9,9,9,4326,0,5,5.546666588808836,3.1258880044333637,177.67928400280653,442.0
1789883150,50,POST,POST /api/v1/auth/login,0.000000,0.000000,0,0,0,0,0,0,0,0,0,0,0,50,0,1300.0,1369.1218887201103,628.633758999058,2104.1982940005255,1622.0
1789883150,50,,Aggregated,24.700000,0.000000,7,7,8,8,9,10,13,15,16,16,16,17418,0,6,11.072425832356686,3.1258880044333637,2104.1982940005255,6827.11689057297
1789883151,50,GET,GET /api/v1/reservas,18.800000,0.000000,7,8,8,8,10,11,13,15,15,15,15,13053,0,7,7.697980229969653,4.633864002244081,256.99183600227116,8965.0
1789883151,50,GET,GET /api/v1/reservas/{id},6.200000,0.000000,5,5,6,6,6,7,8,9,9,9,9,4334,0,5,5.545473657630689,3.1258880044333637,177.67928400280653,442.0
1789883151,50,POST,POST /api/v1/auth/login,0.000000,0.000000,0,0,0,0,0,0,0,0,0,0,0,50,0,1300.0,1369.1218887201103,628.633758999058,2104.1982940005255,1622.0
1789883151,50,,Aggregated,25.000000,0.000000,6,7,8,8,9,10,12,14,15,15,15,17437,0,6,11.066806974248484,3.1258880044333637,2104.1982940005255,6825.536101393588
1789883152,50,GET,GET /api/v1/reservas,18.900000,0.000000,7,8,8,8,10,11,13,15,15,15,15,13072,0,7,7.696461323194656,4.633864002244081,256.99183600227116,8965.0
1789883152,50,GET,GET /api/v1/reservas/{id},6.500000,0.000000,5,5,6,6,6,7,14,19,19,19,19,4344,0,5,5.5502982479676515,3.1258880044333637,177.67928400280653,442.0
1789883152,50,POST,POST /api/v1/auth/login,0.000000,0.000000,0,0,0,0,0,0,0,0,0,0,0,50,0,1300.0,1369.1218887201103,628.633758999058,2104.1982940005255,1622.0
1789883152,50,,Aggregated,25.400000,0.000000,6,7,8,8,9,10,14,15,19,19,19,17466,0,6,11.060044225465335,3.1258880044333637,2104.1982940005255,6824.208633917325
1789883153,50,GET,GET /api/v1/reservas,18.900000,0.000000,7,8,8,8,10,11,13,15,15,15,15,13091,0,7,7.696519824138603,4.633864002244081,256.99183600227116,8965.0
1789883153,50,GET,GET /api/v1/reservas/{id},6.600000,0.000000,5,5,6,6,7,9,14,19,19,19,19,4351,0,5,5.551074252165709,3.1258880044333637,177.67928400280653,442.0
1789883153,50,POST,POST /api/v1/auth/login,0.000000,0.000000,0,0,0,0,0,0,0,0,0,0,0,50,0,1300.0,1369.1218887201103,628.633758999058,2104.1982940005255,1622.0
1789883153,50,,Aggregated,25.500000,0.000000,6,7,8,8,9,11,14,15,19,19,19,17492,0,6,11.054422566028869,3.1258880044333637,2104.1982940005255,6823.97993368397
1789883154,50,GET,GET /api/v1/reservas,17.400000,0.000000,7,7,8,8,10,11,13,15,15,15,15,13108,0,7,7.694679182392692,4.633864002244081,256.99183600227116,8965.0
1789883154,50,GET,GET /api/v1/reservas/{id},7.200000,0.000000,5,5,6,6,7,9,14,19,19,19,19,4356,0,5,5.550038789296972,3.1258880044333637,177.67928400280653,442.0
1789883154,50,POST,POST /api/v1/auth/login,0.000000,0.000000,0,0,0,0,0,0,0,0,0,0,0,50,0,1300.0,1369.1218887201103,628.633758999058,2104.1982940005255,1622.0
1789883154,50,,Aggregated,24.600000,0.000000,6,7,8,8,9,11,14,15,19,19,19,17514,0,6,11.04795695586311,3.1258880044333637,2104.1982940005255,6824.236153933995
1789883155,50,GET,GET /api/v1/reservas,17.700000,0.000000,7,7,8,8,9,11,13,15,15,15,15,13124,0,7,7.694117545168125,4.633864002244081,256.99183600227116,8965.0
1789883155,50,GET,GET /api/v1/reservas/{id},7.000000,0.000000,5,5,6,6,7,9,14,19,19,19,19,4361,0,5,5.5494289280386315,3.1258880044333637,177.67928400280653,442.0
1789883155,50,POST,POST /api/v1/auth/login,0.000000,0.000000,0,0,0,0,0,0,0,0,0,0,0,50,0,1300.0,1369.1218887201103,628.633758999058,2104.1982940005255,1622.0
1789883155,50,,Aggregated,24.700000,0.000000,6,7,7,8,9,10,14,15,19,19,19,17535,0,6,11.042757493810576,3.1258880044333637,2104.1982940005255,6824.3696606786425
1789883156,50,GET,GET /api/v1/reservas,18.100000,0.000000,7,7,8,8,9,11,13,15,15,15,15,13143,0,7,7.692251843323571,4.633864002244081,256.99183600227116,8965.0
1789883156,50,GET,GET /api/v1/reservas/{id},7.000000,0.000000,5,5,6,6,7,9,14,19,19,19,19,4368,0,5,5.5491798771022385,3.1258880044333637,177.67928400280653,442.0
1789883156,50,POST,POST /api/v1/auth/login,0.000000,0.000000,0,0,0,0,0,0,0,0,0,0,0,50,0,1300.0,1369.1218887201103,628.633758999058,2104.1982940005255,1622.0
1789883156,50,,Aggregated,25.100000,0.000000,6,7,7,8,9,10,14,15,19,19,19,17561,0,6,11.035486482318193,3.1258880044333637,2104.1982940005255,6824.141620636638
1789883157,50,GET,GET /api/v1/reservas,18.200000,0.000000,7,7,8,8,9,10,13,14,15,15,15,13162,0,7,7.690031448852918,4.633864002244081,256.99183600227116,8965.0
1789883157,50,GET,GET /api/v1/reservas/{id},6.600000,0.000000,5,5,6,6,7,9,14,19,19,19,19,4373,0,5,5.548150914290004,3.1258880044333637,177.67928400280653,442.0
1789883157,50,POST,POST /api/v1/auth/login,0.000000,0.000000,0,0,0,0,0,0,0,0,0,0,0,50,0,1300.0,1369.1218887201103,628.633758999058,2104.1982940005255,1622.0
1789883157,50,,Aggregated,24.800000,0.000000,6,7,7,8,8,10,13,14,19,19,19,17585,0,6,11.028396492123845,3.1258880044333637,2104.1982940005255,6824.640090986636
1789883158,50,GET,GET /api/v1/reservas,17.900000,0.000000,7,7,8,8,9,10,13,14,15,15,15,13179,0,7,7.690184002563529,4.633864002244081,256.99183600227116,8965.0
1789883158,50,GET,GET /api/v1/reservas/{id},6.500000,0.000000,5,6,6,6,7,9,14,19,19,19,19,4380,0,5,5.548673294338831,3.1258880044333637,177.67928400280653,442.0
1789883158,50,POST,POST /api/v1/auth/login,0.000000,0.000000,0,0,0,0,0,0,0,0,0,0,0,50,0,1300.0,1369.1218887201103,628.633758999058,2104.1982940005255,1622.0
1789883158,50,,Aggregated,24.400000,0.000000,6,7,7,8,8,10,13,14,19,19,19,17609,0,6,11.023239163779564,3.1258880044333637,2104.1982940005255,6824.169174853768
1789883159,50,GET,GET /api/v1/reservas,18.400000,0.000000,7,7,7,8,8,10,13,14,15,15,15,13198,0,7,7.688558511349455,4.633864002244081,256.99183600227116,8965.0
1789883159,50,GET,GET /api/v1/reservas/{id},6.800000,0.000000,5,6,6,6,7,9,14,19,19,19,19,4388,0,5,5.548607860803273,3.1258880044333637,177.67928400280653,442.0
1789883159,50,POST,POST /api/v1/auth/login,0.000000,0.000000,0,0,0,0,0,0,0,0,0,0,0,50,0,1300.0,1369.1218887201103,628.633758999058,2104.1982940005255,1622.0
1789883159,50,,Aggregated,25.200000,0.000000,6,7,7,7,8,10,13,14,19,19,19,17636,0,6,11.015932238716283,3.1258880044333637,2104.1982940005255,6823.5805171240645
1789883160,50,GET,GET /api/v1/reservas,17.800000,0.000000,7,7,8,8,9,10,13,15,15,15,15,13219,0,7,7.6904213493296325,4.633864002244081,256.99183600227116,8965.0
1789883160,50,GET,GET /api/v1/reservas/{id},6.800000,0.000000,5,6,6,6,7,9,14,19,19,19,19,4392,0,5,5.549432151688193,3.1258880044333637,177.67928400280653,442.0
1789883160,50,POST,POST /api/v1/auth/login,0.000000,0.000000,0,0,0,0,0,0,0,0,0,0,0,50,0,1300.0,1369.1218887201103,628.633758999058,2104.1982940005255,1622.0
1789883160,50,,Aggregated,24.600000,0.000000,6,7,7,8,9,10,13,15,19,19,19,17661,0,6,11.012336802163437,3.1258880044333637,2104.1982940005255,6824.68144499179
1789883161,50,GET,GET /api/v1/reservas,17.800000,0.000000,7,7,8,8,10,11,14,15,22,22,22,13241,0,7,7.691644575998188,4.633864002244081,256.99183600227116,8965.0
1789883161,50,GET,GET /api/v1/reservas/{id},6.800000,0.000000,5,6,6,6,7,9,9,10,10,10,10,4400,0,5,5.550157856187897,3.1258880044333637,177.67928400280653,442.0
1789883161,50,POST,POST /api/v1/auth/login,0.000000,0.000000,0,0,0,0,0,0,0,0,0,0,0,50,0,1300.0,1369.1218887201103,628.633758999058,2104.1982940005255,1622.0
1789883161,50,,Aggregated,24.600000,0.000000,6,7,7,8,9,10,13,15,22,22,22,17691,0,6,11.006831430333179,3.1258880044333637,2104.1982940005255,6824.4567859363515
1789883162,50,GET,GET /api/v1/reservas,17.800000,0.000000,7,7,8,8,10,11,14,15,22,22,22,13260,0,7,7.690621913634446,4.633864002244081,256.99183600227116,8965.0
1789883162,50,GET,GET /api/v1/reservas/{id},6.500000,0.000000,5,6,6,6,7,8,9,10,10,10,10,4403,0,5,5.549632832211436,3.1258880044333637,177.67928400280653,442.0
1789883162,50,POST,POST /api/v1/auth/login,0.000000,0.000000,0,0,0,0,0,0,0,0,0,0,0,50,0,1300.0,1369.1218887201103,628.633758999058,2104.1982940005255,1622.0
1789883162,50,,Aggregated,24.300000,0.000000,6,7,7,8,9,10,13,15,22,22,22,17713,0,6,11.001455110428793,3.1258880044333637,2104.1982940005255,6825.671879410603
1789883163,50,GET,GET /api/v1/reservas,17.900000,0.000000,7,7,8,8,9,10,14,15,22,22,22,13282,0,7,7.689497612843796,4.633864002244081,256.99183600227116,8965.0
1789883163,50,GET,GET /api/v1/reservas/{id},6.300000,0.000000,5,6,6,6,7,8,9,10,10,10,10,4410,0,5,5.549363312293652,3.1258880044333637,177.67928400280653,442.0
1789883163,50,POST,POST /api/v1/auth/login,0.000000,0.000000,0,0,0,0,0,0,0,0,0,0,0,50,0,1300.0,1369.1218887201103,628.633758999058,2104.1982940005255,1622.0
1789883163,50,,Aggregated,24.200000,0.000000,7,7,7,8,9,10,12,15,22,22,22,17742,0,6,10.994290042667783,3.1258880044333637,2104.1982940005255,6825.805997069102
1789883164,50,GET,GET /api/v1/reservas,19.300000,0.000000,7,7,8,8,10,10,15,22,22,22,22,13302,0,7,7.689161629588321,4.633864002244081,256.99183600227116,8965.0
1789883164,50,GET,GET /api/v1/reservas/{id},6.100000,0.000000,5,6,6,6,7,8,9,10,10,10,10,4417,0,5,5.547783873490033,3.1258880044333637,177.67928400280653,442.0
1789883164,50,POST,POST /api/v1/auth/login,0.000000,0.000000,0,0,0,0,0,0,0,0,0,0,0,50,0,1300.0,1369.1218887201103,628.633758999058,2104.1982940005255,1622.0
1789883164,50,,Aggregated,25.400000,0.000000,7,7,7,8,9,10,14,15,22,22,22,17769,0,6,10.98778118082024,3.1258880044333637,2104.1982940005255,6825.698913838708
1789883165,50,GET,GET /api/v1/reservas,19.000000,0.000000,7,7,8,8,9,10,15,22,22,22,22,13320,0,7,7.687584338647549,4.633864002244081,256.99183600227116,8965.0
1789883165,50,GET,GET /api/v1/reservas/{id},6.100000,0.000000,5,5,6,6,7,8,9,10,10,10,10,4420,0,5,5.546812549368025,3.1258880044333637,177.67928400280653,442.0
1789883165,50,POST,POST /api/v1/auth/login,0.000000,0.000000,0,0,0,0,0,0,0,0,0,0,0,50,0,1300.0,1369.1218887201103,628.633758999058,2104.1982940005255,1622.0
1789883165,50,,Aggregated,25.100000,0.000000,7,7,7,8,9,10,14,15,22,22,22,17790,0,6,10.98210395137704,3.1258880044333637,2104.1982940005255,6826.786958965711
1789883166,50,GET,GET /api/v1/reservas,19.200000,0.000000,7,7,8,8,10,11,15,22,22,22,22,13337,0,7,7.68748745233587,4.633864002244081,256.99183600227116,8965.0
1789883166,50,GET,GET /api/v1/reservas/{id},6.200000,0.000000,5,5,6,6,7,8,9,10,10,10,10,4426,0,5,5.545541057433249,3.1258880044333637,177.67928400280653,442.0
1789883166,50,POST,POST /api/v1/auth/login,0.000000,0.000000,0,0,0,0,0,0,0,0,0,0,0,50,0,1300.0,1369.1218887201103,628.633758999058,2104.1982940005255,1622.0
1789883166,50,,Aggregated,25.400000,0.000000,7,7,8,8,9,10,14,15,22,22,22,17813,0,6,10.976740543872934,3.1258880044333637,2104.1982940005255,6826.676977488351
1789883167,50,GET,GET /api/v1/reservas,19.600000,0.000000,7,8,8,8,10,11,15,22,22,22,22,13360,0,7,7.686717999089099,4.633864002244081,256.99183600227116,8965.0
1789883167,50,GET,GET /api/v1/reservas/{id},6.000000,0.000000,5,5,6,6,7,8,8,9,9,9,9,4434,0,5,5.545224388181456,3.1258880044333637,177.67928400280653,442.0
1789883167,50,POST,POST /api/v1/auth/login,0.000000,0.000000,0,0,0,0,0,0,0,0,0,0,0,50,0,1300.0,1369.1218887201103,628.633758999058,2104.1982940005255,1622.0
1789883167,50,,Aggregated,25.600000,0.000000,7,7,8,8,9,10,14,15,22,22,22,17844,0,6,10.969411109674537,3.1258880044333637,2104.1982940005255,6826.570724052903
1789883168,50,GET,GET /api/v1/reservas,19.900000,0.000000,7,7,8,8,9,11,15,22,22,22,22,13373,0,7,7.686064543544348,4.633864002244081,256.99183600227116,8965.0
1789883168,50,GET,GET /api/v1/reservas/{id},5.800000,0.000000,5,5,6,6,7,8,9,10,10,10,10,4439,0,5,5.546505090831932,3.1258880044333637,177.67928400280653,442.0
1789883168,50,POST,POST /api/v1/auth/login,0.000000,0.000000,0,0,0,0,0,0,0,0,0,0,0,50,0,1300.0,1369.1218887201103,628.633758999058,2104.1982940005255,1622.0
1789883168,50,,Aggregated,25.700000,0.000000,7,7,8,8,9,10,14,15,22,22,22,17862,0,6,10.96533264332253,3.1258880044333637,2104.1982940005255,6826.339883551674
1789883169,50,GET,GET /api/v1/reservas,19.100000,0.000000,7,8,8,8,9,11,14,22,22,22,22,13391,0,7,7.6866938887186835,4.633864002244081,256.99183600227116,8965.0
1789883169,50,GET,GET /api/v1/reservas/{id},6.000000,0.000000,5,6,6,6,8,8,9,10,10,10,10,4445,0,5,5.547042301060062,3.1258880044333637,177.67928400280653,442.0
1789883169,50,POST,POST /api/v1/auth/login,0.000000,0.000000,0,0,0,0,0,0,0,0,0,0,0,50,0,1300.0,1369.1218887201103,628.633758999058,2104.1982940005255,1622.0
1789883169,50,,Aggregated,25.100000,0.000000,7,7,8,8,9,10,14,15,22,22,22,17886,0,6,10.960819374261957,3.1258880044333637,2104.1982940005255,6826.350497595885
1789883170,50,GET,GET /api/v1/reservas,19.200000,0.000000,7,8,8,8,9,10,14,22,22,22,22,13406,0,7,7.6863220185625245,4.633864002244081,256.99183600227116,8965.0
1789883170,50,GET,GET /api/v1/reservas/{id},6.000000,0.000000,5,5,6,6,8,8,9,10,10,10,10,4453,0,5,5.545358908198677,3.1258880044333637,177.67928400280653,442.0
1789883170,50,POST,POST /api/v1/auth/login,0.000000,0.000000,0,0,0,0,0,0,0,0,0,0,0,50,0,1300.0,1369.1218887201103,628.633758999058,2104.1982940005255,1622.0
1789883170,50,,Aggregated,25.200000,0.000000,7,7,8,8,9,10,12,14,22,22,22,17909,0,6,10.954961786535453,3.1258880044333637,2104.1982940005255,6825.289854263219
1789883171,50,GET,GET /api/v1/reservas,19.200000,0.000000,7,7,8,8,9,10,12,22,23,23,23,13429,0,7,7.6850607803143545,4.633864002244081,256.99183600227116,8965.0
1789883171,50,GET,GET /api/v1/reservas/{id},6.000000,0.000000,5,5,6,6,7,8,8,10,10,10,10,4457,0,5,5.544784616379544,3.1258880044333637,177.67928400280653,442.0
1789883171,50,POST,POST /api/v1/auth/login,0.000000,0.000000,0,0,0,0,0,0,0,0,0,0,0,50,0,1300.0,1369.1218887201103,628.633758999058,2104.1982940005255,1622.0
1789883171,50,,Aggregated,25.200000,0.000000,7,7,8,8,9,9,11,14,23,23,23,17936,0,6,10.948476844895774,3.1258880044333637,2104.1982940005255,6826.6101137377345
1789883172,50,GET,GET /api/v1/reservas,19.100000,0.000000,7,7,8,8,9,10,12,22,23,23,23,13447,0,7,7.682916974853485,4.633864002244081,256.99183600227116,8965.0
1789883172,50,GET,GET /api/v1/reservas/{id},6.000000,0.000000,5,5,6,6,7,8,8,10,10,10,10,4463,0,5,5.542949661034869,3.1258880044333637,177.67928400280653,442.0
1789883172,50,POST,POST /api/v1/auth/login,0.000000,0.000000,0,0,0,0,0,0,0,0,0,0,0,50,0,1300.0,1369.1218887201103,628.633758999058,2104.1982940005255,1622.0
1789883172,50,,Aggregated,25.100000,0.000000,6,7,7,8,9,9,11,14,23,23,23,17960,0,6,10.941339829290587,3.1258880044333637,2104.1982940005255,6826.620322939866
1789883173,50,GET,GET /api/v1/reservas,19.000000,0.000000,7,7,8,8,9,10,12,22,23,23,23,13465,0,7,7.680906788924877,4.633864002244081,256.99183600227116,8965.0
1789883173,50,GET,GET /api/v1/reservas/{id},6.000000,0.000000,5,5,5,6,7,8,8,10,10,10,10,4469,0,5,5.54189766596673,3.1258880044333637,177.67928400280653,442.0
1789883173,50,POST,POST /api/v1/auth/login,0.000000,0.000000,0,0,0,0,0,0,0,0,0,0,0,50,0,1300.0,1369.1218887201103,628.633758999058,2104.1982940005255,1622.0
1789883173,50,,Aggregated,25.000000,0.000000,6,7,7,8,8,9,11,14,23,23,23,17984,0,6,10.934510955187072,3.1258880044333637,2104.1982940005255,6826.630504893238
1789883174,50,GET,GET /api/v1/reservas,18.700000,0.000000,7,7,8,8,9,10,14,17,23,23,23,13484,0,7,7.681499526244051,4.633864002244081,256.99183600227116,8965.0
1789883174,50,GET,GET /api/v1/reservas/{id},5.700000,0.000000,5,5,6,6,7,8,10,10,10,10,10,4474,0,5,5.542473872642097,3.1258880044333637,177.67928400280653,442.0
1789883174,50,POST,POST /api/v1/auth/login,0.000000,0.000000,0,0,0,0,0,0,0,0,0,0,0,50,0,1300.0,1369.1218887201103,628.633758999058,2104.1982940005255,1622.0
1789883174,50,,Aggregated,24.400000,0.000000,6,7,7,8,9,10,14,16,23,23,23,18008,0,6,10.930167822861009,3.1258880044333637,2104.1982940005255,6827.113949355842
1789883175,50,GET,GET /api/v1/reservas,18.300000,0.000000,7,7,8,8,9,10,14,17,23,23,23,13502,0,7,7.680072808685735,4.633864002244081,256.99183600227116,8965.0
1789883175,50,GET,GET /api/v1/reservas/{id},6.000000,0.000000,5,5,5,6,7,8,10,10,10,10,10,4483,0,5,5.539548606555632,3.1258880044333637,177.67928400280653,442.0
1789883175,50,POST,POST /api/v1/auth/login,0.000000,0.000000,0,0,0,0,0,0,0,0,0,0,0,50,0,1300.0,1369.1218887201103,628.633758999058,2104.1982940005255,1622.0
1789883175,50,,Aggregated,24.300000,0.000000,6,7,7,8,9,10,14,16,23,23,23,18035,0,6,10.922441580375338,3.1258880044333637,2104.1982940005255,6826.061325200998
1789883176,50,GET,GET /api/v1/reservas,18.500000,0.000000,7,7,7,8,9,10,14,17,23,23,23,13518,0,7,7.679084277103844,4.633864002244081,256.99183600227116,8965.0
1789883176,50,GET,GET /api/v1/reservas/{id},5.800000,0.000000,5,5,5,6,7,8,10,10,10,10,10,4488,0,5,5.538788751156628,3.1258880044333637,177.67928400280653,442.0
1789883176,50,POST,POST /api/v1/auth/login,0.000000,0.000000,0,0,0,0,0,0,0,0,0,0,0,50,0,1300.0,1369.1218887201103,628.633758999058,2104.1982940005255,1622.0
1789883176,50,,Aggregated,24.300000,0.000000,6,7,7,8,8,10,14,16,23,23,23,18056,0,6,10.917148848531582,3.1258880044333637,2104.1982940005255,6826.188856889677
1789883177,50,GET,GET /api/v1/reservas,18.300000,0.000000,7,7,8,8,9,10,14,17,23,23,23,13540,0,7,7.678910805308875,4.633864002244081,256.99183600227116,8965.0
1789883177,50,GET,GET /api/v1/reservas/{id},6.000000,0.000000,5,5,5,5,6,7,8,10,10,10,10,4492,0,5,5.53854537604546,3.1258880044333637,177.67928400280653,442.0
1789883177,50,POST,POST /api/v1/auth/login,0.000000,0.000000,0,0,0,0,0,0,0,0,0,0,0,50,0,1300.0,1369.1218887201103,628.633758999058,2104.1982940005255,1622.0
1789883177,50,,Aggregated,24.300000,0.000000,6,7,7,8,8,10,14,16,23,23,23,18082,0,6,10.911829032689077,3.1258880044333637,2104.1982940005255,6827.378829775467
1789883178,50,GET,GET /api/v1/reservas,17.900000,0.000000,7,7,7,8,9,10,14,17,23,23,23,13554,0,7,7.6785663936007476,4.633864002244081,256.99183600227116,8965.0
1789883178,50,GET,GET /api/v1/reservas/{id},6.200000,0.000000,5,5,5,5,6,7,8,10,10,10,10,4501,0,5,5.536534886734938,3.1226329956552945,177.67928400280653,442.0
1789883178,50,POST,POST /api/v1/auth/login,0.000000,0.000000,0,0,0,0,0,0,0,0,0,0,0,50,0,1300.0,1369.1218887201103,628.633758999058,2104.1982940005255,1622.0
1789883178,50,,Aggregated,24.100000,0.000000,6,7,7,7,8,10,12,16,23,23,23,18105,0,6,10.905900406521072,3.1226329956552945,2104.1982940005255,6825.857608395471
1789883179,50,GET,GET /api/v1/reservas,18.000000,0.000000,7,7,8,8,9,10,14,17,23,23,23,13572,0,7,7.67885465899432,4.633864002244081,256.99183600227116,8965.0
1789883179,50,GET,GET /api/v1/reservas/{id},5.700000,0.000000,5,5,5,5,6,6,7,10,10,10,10,4506,0,5,5.535953044647921,3.1226329956552945,177.67928400280653,442.0
1789883179,50,POST,POST /api/v1/auth/login,0.000000,0.000000,0,0,0,0,0,0,0,0,0,0,0,50,0,1300.0,1369.1218887201103,628.633758999058,2104.1982940005255,1622.0
1789883179,50,,Aggregated,23.700000,0.000000,6,7,7,7,9,10,12,16,23,23,23,18128,0,6,10.90128609262246,3.1226329956552945,2104.1982940005255,6826.2208737864075
1789883180,50,GET,GET /api/v1/reservas,18.300000,0.000000,7,7,8,8,9,11,16,17,23,23,23,13596,0,7,7.678918298386799,4.633864002244081,256.99183600227116,8965.0
1789883180,50,GET,GET /api/v1/reservas/{id},6.100000,0.000000,5,5,5,5,6,6,7,10,10,10,10,4512,0,5,5.534573226771932,3.1226329956552945,177.67928400280653,442.0
1789883180,50,POST,POST /api/v1/auth/login,0.000000,0.000000,0,0,0,0,0,0,0,0,0,0,0,50,0,1300.0,1369.1218887201103,628.633758999058,2104.1982940005255,1622.0
1789883180,50,,Aggregated,24.400000,0.000000,6,7,7,8,9,10,14,16,23,23,23,18158,0,6,10.89495880714106,3.1226329956552945,2104.1982940005255,6826.93820905386
1789883181,50,GET,GET /api/v1/reservas,17.700000,0.000000,7,8,8,9,12,16,20,22,32,32,32,13613,0,7,7.6887873395922135,4.633864002244081,256.99183600227116,8965.0
1789883181,50,GET,GET /api/v1/reservas/{id},6.200000,0.000000,5,5,5,5,7,22,32,36,36,36,36,4516,0,5,5.55093172347003,3.1226329956552945,177.67928400280653,442.0
1789883181,50,POST,POST /api/v1/auth/login,0.000000,0.000000,0,0,0,0,0,0,0,0,0,0,0,50,0,1300.0,1369.1218887201103,628.633758999058,2104.1982940005255,1622.0
1789883181,50,,Aggregated,23.900000,0.000000,7,7,8,9,11,16,22,32,36,36,36,18179,0,6,10.902225873428955,3.1226329956552945,2104.1982940005255,6827.5327025688985
1789883182,50,GET,GET /api/v1/reservas,18.300000,0.000000,7,9,10,11,15,22,22,32,37,37,37,13632,0,7,7.702201837870733,4.633864002244081,256.99183600227116,8965.0
1789883182,50,GET,GET /api/v1/reservas/{id},5.900000,0.000000,5,5,6,6,7,22,32,36,36,36,36,4520,0,5,5.552163676372152,3.1226329956552945,177.67928400280653,442.0
1789883182,50,POST,POST /api/v1/auth/login,0.000000,0.000000,0,0,0,0,0,0,0,0,0,0,0,50,0,1300.0,1369.1218887201103,628.633758999058,2104.1982940005255,1622.0
1789883182,50,,Aggregated,24.200000,0.000000,7,8,9,10,15,22,25,32,37,37,37,18202,0,6,10.908048000607707,3.1226329956552945,2104.1982940005255,6828.36061971212
1789883183,50,GET,GET /api/v1/reservas,18.700000,0.000000,8,10,12,13,20,28,47,63,66,66,66,13649,0,7,7.727005772061481,4.633864002244081,256.99183600227116,8965.0
1789883183,50,GET,GET /api/v1/reservas/{id},6.200000,0.000000,5,6,7,8,22,34,36,44,44,44,44,4529,0,5,5.576744550497532,3.1226329956552945,177.67928400280653,442.0
1789883183,50,POST,POST /api/v1/auth/login,0.000000,0.000000,0,0,0,0,0,0,0,0,0,0,0,50,0,1300.0,1369.1218887201103,628.633758999058,2104.1982940005255,1622.0
1789883183,50,,Aggregated,24.900000,0.000000,7,9,11,13,22,30,44,59,66,66,66,18228,0,6,10.927094156686197,3.1226329956552945,2104.1982940005255,6827.200076804916
1789883184,50,GET,GET /api/v1/reservas,18.600000,0.000000,8,10,12,13,20,28,47,63,66,66,66,13666,0,7,7.72598703116503,4.633864002244081,256.99183600227116,8965.0
1789883184,50,GET,GET /api/v1/reservas/{id},5.900000,0.000000,5,6,7,8,22,34,36,44,44,44,44,4537,0,5,5.575958262998045,3.1226329956552945,177.67928400280653,442.0
1789883184,50,POST,POST /api/v1/auth/login,0.000000,0.000000,0,0,0,0,0,0,0,0,0,0,0,50,0,1300.0,1369.1218887201103,628.633758999058,2104.1982940005255,1622.0
1789883184,50,,Aggregated,24.500000,0.000000,7,9,11,13,20,30,44,59,66,66,66,18253,0,6,10.920810597881387,3.1226329956552945,2104.1982940005255,6826.392592998412
1789883185,50,GET,GET /api/v1/reservas,18.700000,0.000000,8,10,12,13,20,28,47,63,66,66,66,13687,0,7,7.724516253299636,4.633864002244081,256.99183600227116,8965.0
1789883185,50,GET,GET /api/v1/reservas/{id},5.900000,0.000000,5,6,7,8,22,34,36,44,44,44,44,4543,0,5,5.574340523272259,3.1226329956552945,177.67928400280653,442.0
1789883185,50,POST,POST /api/v1/auth/login,0.000000,0.000000,0,0,0,0,0,0,0,0,0,0,0,50,0,1300.0,1369.1218887201103,628.633758999058,2104.1982940005255,1622.0
1789883185,50,,Aggregated,24.600000,0.000000,7,9,11,13,20,30,44,59,66,66,66,18280,0,6,10.913882789504568,3.1226329956552945,2104.1982940005255,6826.753884026258
1789883186,50,GET,GET /api/v1/reservas,18.100000,0.000000,8,10,12,13,20,28,47,63,66,66,66,13703,0,7,7.722747783326684,4.633864002244081,256.99183600227116,8965.0
1789883186,50,GET,GET /api/v1/reservas/{id},6.100000,0.000000,5,6,7,8,18,32,36,44,44,44,44,4551,0,5,5.5723808857925565,3.1226329956552945,177.67928400280653,442.0
1789883186,50,POST,POST /api/v1/auth/login,0.000000,0.000000,0,0,0,0,0,0,0,0,0,0,0,50,0,1300.0,1369.1218887201103,628.633758999058,2104.1982940005255,1622.0
1789883186,50,,Aggregated,24.200000,0.000000,7,9,11,12,20,30,44,59,66,66,66,18304,0,6,10.906949995748088,3.1226329956552945,2104.1982940005255,6825.8324409965035
1789883187,50,GET,GET /api/v1/reservas,18.700000,0.000000,8,10,12,14,22,28,47,63,66,66,66,13714,0,7,7.722256309167972,4.633864002244081,256.99183600227116,8965.0
1789883187,50,GET,GET /api/v1/reservas/{id},6.100000,0.000000,5,5,6,8,18,32,36,44,44,44,44,4562,0,5,5.56937270829566,3.1226329956552945,177.67928400280653,442.0
1789883187,50,POST,POST /api/v1/auth/login,0.000000,0.000000,0,0,0,0,0,0,0,0,0,0,0,50,0,1300.0,1369.1218887201103,628.633758999058,2104.1982940005255,1622.0
1789883187,50,,Aggregated,24.800000,0.000000,7,9,11,13,20,30,44,59,66,66,66,18326,0,6,10.900720056486952,3.1226329956552945,2104.1982940005255,6823.284622940085
1789883188,50,GET,GET /api/v1/reservas,18.300000,0.000000,8,9,12,13,20,28,47,63,66,66,66,13737,0,7,7.719720191668928,4.633864002244081,256.99183600227116,8965.0
1789883188,50,GET,GET /api/v1/reservas/{id},6.300000,0.000000,5,5,6,8,18,32,36,44,44,44,44,4569,0,5,5.5677946063129315,3.1226329956552945,177.67928400280653,442.0
1789883188,50,POST,POST /api/v1/auth/login,0.000000,0.000000,0,0,0,0,0,0,0,0,0,0,0,50,0,1300.0,1369.1218887201103,628.633758999058,2104.1982940005255,1622.0
1789883188,50,,Aggregated,24.600000,0.000000,7,8,11,12,20,30,44,59,66,66,66,18356,0,6,10.892413612181596,3.1226329956552945,2104.1982940005255,6823.534702549575
1789883189,50,GET,GET /api/v1/reservas,18.000000,0.000000,8,10,12,14,22,28,47,63,66,66,66,13753,0,7,7.720323205844758,4.633864002244081,256.99183600227116,8965.0
1789883189,50,GET,GET /api/v1/reservas/{id},6.800000,0.000000,5,6,7,8,18,32,36,44,44,44,44,4575,0,5,5.568705003990416,3.1226329956552945,177.67928400280653,442.0
1789883189,50,POST,POST /api/v1/auth/login,0.000000,0.000000,0,0,0,0,0,0,0,0,0,0,0,50,0,1300.0,1369.1218887201103,628.633758999058,2104.1982940005255,1622.0
1789883189,50,,Aggregated,24.800000,0.000000,7,9,11,12,20,30,44,59,66,66,66,18378,0,6,10.888590971773024,3.1226329956552945,2104.1982940005255,6823.3156491457175
1789883190,50,GET,GET /api/v1/reservas,17.900000,0.000000,8,9,11,12,19,25,47,63,66,66,66,13770,0,7,7.721115317137721,4.633864002244081,256.99183600227116,8965.0
1789883190,50,GET,GET /api/v1/reservas/{id},6.700000,0.000000,5,6,7,7,11,18,34,44,44,44,44,4583,0,5,5.569611823318697,3.1226329956552945,177.67928400280653,442.0
1789883190,50,POST,POST /api/v1/auth/login,0.000000,0.000000,0,0,0,0,0,0,0,0,0,0,0,50,0,1300.0,1369.1218887201103,628.633758999058,2104.1982940005255,1622.0
1789883190,50,,Aggregated,24.600000,0.000000,7,8,10,11,15,23,44,59,66,66,66,18403,0,6,10.884170153739147,3.1226329956552945,2104.1982940005255,6822.5200239091455
1789883191,50,GET,GET /api/v1/reservas,18.100000,0.000000,7,8,9,10,14,28,47,63,66,66,66,13785,0,7,7.72090059927279,4.633864002244081,256.99183600227116,8965.0
1789883191,50,GET,GET /api/v1/reservas/{id},6.500000,0.000000,5,6,7,7,11,18,34,44,44,44,44,4588,0,5,5.569375887810454,3.1226329956552945,177.67928400280653,442.0
1789883191,50,POST,POST /api/v1/auth/login,0.000000,0.000000,0,0,0,0,0,0,0,0,0,0,0,50,0,1300.0,1369.1218887201103,628.633758999058,2104.1982940005255,1622.0
1789883191,50,,Aggregated,24.600000,0.000000,6,8,9,10,12,23,44,59,66,66,66,18423,0,6,10.879933006038934,3.1226329956552945,2104.1982940005255,6822.532757965587
1789883192,50,GET,GET /api/v1/reservas,17.900000,0.000000,7,7,8,9,10,12,19,30,47,47,47,13805,0,7,7.720594045561512,4.633864002244081,256.99183600227116,8965.0
1789883192,50,GET,GET /api/v1/reservas/{id},7.100000,0.000000,5,5,6,6,8,10,11,34,34,34,34,4592,0,5,5.5680693386905755,3.1226329956552945,177.67928400280653,442.0
1789883192,50,POST,POST /api/v1/auth/login,0.000000,0.000000,0,0,0,0,0,0,0,0,0,0,0,50,0,1300.0,1369.1218887201103,628.633758999058,2104.1982940005255,1622.0
1789883192,50,,Aggregated,25.000000,0.000000,6,7,8,8,10,11,19,30,47,47,47,18447,0,6,10.874801845191593,3.1226329956552945,2104.1982940005255,6823.472055076706
1789883193,50,GET,GET /api/v1/reservas,17.000000,0.000000,6,7,8,8,10,11,12,15,27,27,27,13821,0,7,7.718838822730587,4.633864002244081,256.99183600227116,8965.0
1789883193,50,GET,GET /api/v1/reservas/{id},7.100000,0.000000,4,5,5,6,7,8,10,11,11,11,11,4601,0,5,5.565779238699775,3.1226329956552945,177.67928400280653,442.0
1789883193,50,POST,POST /api/v1/auth/login,0.000000,0.000000,0,0,0,0,0,0,0,0,0,0,0,50,0,1300.0,1369.1218887201103,628.633758999058,2104.1982940005255,1622.0
1789883193,50,,Aggregated,24.100000,0.000000,6,7,7,8,9,11,11,12,27,27,27,18472,0,6,10.867600480847912,3.1226329956552945,2104.1982940005255,6822.217789086185
1789883194,50,GET,GET /api/v1/reservas,16.800000,0.000000,6,7,8,8,10,11,12,15,27,27,27,13833,0,7,7.71758865690547,4.633864002244081,256.99183600227116,8965.0
1789883194,50,GET,GET /api/v1/reservas/{id},7.200000,0.000000,4,5,5,6,7,7,9,11,11,11,11,4607,0,5,5.564948822936897,3.1226329956552945,177.67928400280653,442.0
1789883194,50,POST,POST /api/v1/auth/login,0.000000,0.000000,0,0,0,0,0,0,0,0,0,0,0,50,0,1300.0,1369.1218887201103,628.633758999058,2104.1982940005255,1622.0
1789883194,50,,Aggregated,24.000000,0.000000,6,7,7,8,10,11,12,12,27,27,27,18490,0,6,10.862694297147062,3.1226329956552945,2104.1982940005255,6821.538074634937
1789883195,50,GET,GET /api/v1/reservas,17.200000,0.000000,6,7,8,8,10,11,12,15,27,27,27,13849,0,7,7.716866069029105,4.633864002244081,256.99183600227116,8965.0
1789883195,50,GET,GET /api/v1/reservas/{id},7.200000,0.000000,5,5,5,6,7,7,9,11,11,11,11,4619,0,5,5.562656492592977,3.1226329956552945,177.67928400280653,442.0
1789883195,50,POST,POST /api/v1/auth/login,0.000000,0.000000,0,0,0,0,0,0,0,0,0,0,0,50,0,1300.0,1369.1218887201103,628.633758999058,2104.1982940005255,1622.0
1789883195,50,,Aggregated,24.400000,0.000000,6,7,7,7,9,11,12,12,27,27,27,18518,0,6,10.855431632210635,3.1226329956552945,2104.1982940005255,6819.256021168592
1789883196,50,GET,GET /api/v1/reservas,17.500000,0.000000,6,7,7,8,10,11,12,15,27,27,27,13868,0,7,7.71488850064845,4.633864002244081,256.99183600227116,8965.0
1789883196,50,GET,GET /api/v1/reservas/{id},7.200000,0.000000,5,5,5,6,7,7,9,11,11,11,11,4626,0,5,5.5613397263917115,3.1226329956552945,177.67928400280653,442.0
1789883196,50,POST,POST /api/v1/auth/login,0.000000,0.000000,0,0,0,0,0,0,0,0,0,0,0,50,0,1300.0,1369.1218887201103,628.633758999058,2104.1982940005255,1622.0
1789883196,50,,Aggregated,24.700000,0.000000,6,6,7,7,9,11,12,12,27,27,27,18544,0,6,10.8484105768597,3.1226329956552945,2104.1982940005255,6819.047238999137
1789883197,50,GET,GET /api/v1/reservas,16.500000,0.000000,6,7,8,8,10,11,12,15,27,27,27,13886,0,7,7.713448931801658,4.633864002244081,256.99183600227116,8965.0
1789883197,50,GET,GET /api/v1/reservas/{id},7.500000,0.000000,5,5,5,6,7,7,9,11,11,11,11,4633,0,5,5.559768016899536,3.1226329956552945,177.67928400280653,442.0
1789883197,50,POST,POST /api/v1/auth/login,0.000000,0.000000,0,0,0,0,0,0,0,0,0,0,0,50,0,1300.0,1369.1218887201103,628.633758999058,2104.1982940005255,1622.0
1789883197,50,,Aggregated,24.000000,0.000000,6,7,7,7,9,11,12,12,27,27,27,18569,0,6,10.841911332074904,3.1226329956552945,2104.1982940005255,6818.7234638375785
1789883198,50,GET,GET /api/v1/reservas,16.300000,0.000000,6,7,7,8,10,11,12,15,27,27,27,13907,0,7,7.711410226505201,4.633864002244081,256.99183600227116,8965.0
1789883198,50,GET,GET /api/v1/reservas/{id},7.300000,0.000000,5,5,6,6,7,8,9,11,11,11,11,4639,0,5,5.560389318668677,3.1226329956552945,177.67928400280653,442.0
1789883198,50,POST,POST /api/v1/auth/login,0.000000,0.000000,0,0,0,0,0,0,0,0,0,0,0,50,0,1300.0,1369.1218887201103,628.633758999058,2104.1982940005255,1622.0
1789883198,50,,Aggregated,23.600000,0.000000,6,7,7,7,9,11,12,12,27,27,27,18596,0,6,10.83530450125389,3.1226329956552945,2104.1982940005255,6819.089750483975
1789883199,50,GET,GET /api/v1/reservas,16.800000,0.000000,6,7,7,7,8,10,12,15,27,27,27,13921,0,7,7.71061257524583,4.633864002244081,256.99183600227116,8965.0
1789883199,50,GET,GET /api/v1/reservas/{id},7.300000,0.000000,5,5,5,6,6,7,8,9,9,9,9,4647,0,5,5.55871831123616,3.1226329956552945,177.67928400280653,442.0
1789883199,50,POST,POST /api/v1/auth/login,0.000000,0.000000,0,0,0,0,0,0,0,0,0,0,0,50,0,1300.0,1369.1218887201103,628.633758999058,2104.1982940005255,1622.0
1789883199,50,,Aggregated,24.100000,0.000000,6,6,7,7,8,9,11,12,27,27,27,18618,0,6,10.829675372667158,3.1226329956552945,2104.1982940005255,6817.963207648512
1789883200,50,GET,GET /api/v1/reservas,16.800000,0.000000,6,7,7,7,9,11,12,16,27,27,27,13930,0,7,7.711466414930942,4.633864002244081,256.99183600227116,8965.0
1789883200,50,GET,GET /api/v1/reservas/{id},7.100000,0.000000,5,5,6,6,7,8,9,9,9,9,9,4655,0,5,5.559904909410169,3.1226329956552945,177.67928400280653,442.0
1789883200,50,POST,POST /api/v1/auth/login,0.000000,0.000000,0,0,0,0,0,0,0,0,0,0,0,50,0,1300.0,1369.1218887201103,628.633758999058,2104.1982940005255,1622.0
1789883200,50,,Aggregated,23.900000,0.000000,6,6,7,7,8,10,12,15,27,27,27,18635,0,6,10.826840834413623,3.1226329956552945,2104.1982940005255,6816.262946069224
1789883201,50,GET,GET /api/v1/reservas,17.100000,0.000000,6,7,7,7,8,10,12,12,16,16,16,13954,0,7,7.710016422961413,4.633864002244081,256.99183600227116,8965.0
1789883201,50,GET,GET /api/v1/reservas/{id},7.600000,0.000000,5,5,5,6,6,7,9,9,9,9,9,4661,0,5,5.558574012507851,3.1226329956552945,177.67928400280653,442.0
1789883201,50,POST,POST /api/v1/auth/login,0.000000,0.000000,0,0,0,0,0,0,0,0,0,0,0,50,0,1300.0,1369.1218887201103,628.633758999058,2104.1982940005255,1622.0
1789883201,50,,Aggregated,24.700000,0.000000,6,6,7,7,8,9,12,12,16,16,16,18665,0,6,10.819725533046245,3.1226329956552945,2104.1982940005255,6816.976801500134
1789883202,50,GET,GET /api/v1/reservas,16.300000,0.000000,6,7,7,7,8,10,12,12,16,16,16,13971,0,7,7.7085754399129796,4.633864002244081,256.99183600227116,8965.0
1789883202,50,GET,GET /api/v1/reservas/{id},7.600000,0.000000,5,5,6,6,7,9,9,9,9,9,9,4669,0,5,5.559738010561367,3.1226329956552945,177.67928400280653,442.0
1789883202,50,POST,POST /api/v1/auth/login,0.000000,0.000000,0,0,0,0,0,0,0,0,0,0,0,50,0,1300.0,1369.1218887201103,628.633758999058,2104.1982940005255,1622.0
1789883202,50,,Aggregated,23.900000,0.000000,6,6,7,7,8,9,12,12,16,16,16,18690,0,6,10.8138586772788,3.1226329956552945,2104.1982940005255,6816.201872659176
1789883203,50,GET,GET /api/v1/reservas,17.000000,0.000000,6,7,7,7,8,10,12,12,16,16,16,13991,0,7,7.706504579444265,4.633864002244081,256.99183600227116,8965.0
1789883203,50,GET,GET /api/v1/reservas/{id},7.200000,0.000000,5,5,6,6,7,9,9,9,9,9,9,4672,0,5,5.559141748782566,3.1226329956552945,177.67928400280653,442.0
1789883203,50,POST,POST /api/v1/auth/login,0.000000,0.000000,0,0,0,0,0,0,0,0,0,0,0,50,0,1300.0,1369.1218887201103,628.633758999058,2104.1982940005255,1622.0
1789883203,50,,Aggregated,24.200000,0.000000,6,7,7,7,8,9,12,12,16,16,16,18713,0,6,10.80800033438371,3.1226329956552945,2104.1982940005255,6817.476567092395
1789883204,50,GET,GET /api/v1/reservas,16.900000,0.000000,6,7,7,7,8,9,11,12,16,16,16,14009,0,7,7.704667206509884,4.633864002244081,256.99183600227116,8965.0
1789883204,50,GET,GET /api/v1/reservas/{id},7.600000,0.000000,5,5,6,6,7,9,9,9,9,9,9,4680,0,5,5.556938253270594,3.1226329956552945,177.67928400280653,442.0
1789883204,50,POST,POST /api/v1/auth/login,0.000000,0.000000,0,0,0,0,0,0,0,0,0,0,0,50,0,1300.0,1369.1218887201103,628.633758999058,2104.1982940005255,1622.0
1789883204,50,,Aggregated,24.500000,0.000000,6,7,7,7,8,9,11,12,16,16,16,18739,0,6,10.800856414819833,3.1226329956552945,2104.1982940005255,6816.817599658466
1789883205,50,GET,GET /api/v1/reservas,16.700000,0.000000,6,7,7,7,8,10,11,12,16,16,16,14026,0,7,7.7042496700397125,4.633864002244081,256.99183600227116,8965.0
1789883205,50,GET,GET /api/v1/reservas/{id},7.400000,0.000000,5,5,6,6,7,9,9,9,9,9,9,4683,0,5,5.557145075870738,3.1226329956552945,177.67928400280653,442.0
1789883205,50,POST,POST /api/v1/auth/login,0.000000,0.000000,0,0,0,0,0,0,0,0,0,0,0,50,0,1300.0,1369.1218887201103,628.633758999058,2104.1982940005255,1622.0
1789883205,50,,Aggregated,24.100000,0.000000,6,7,7,7,8,9,11,12,16,16,16,18759,0,6,10.796951367252262,3.1226329956552945,2104.1982940005255,6817.744869129485
1789883206,50,GET,GET /api/v1/reservas,17.000000,0.000000,6,7,7,8,8,9,11,12,16,16,16,14047,0,7,7.702863386130155,4.633864002244081,256.99183600227116,8965.0
1789883206,50,GET,GET /api/v1/reservas/{id},7.100000,0.000000,5,5,6,6,7,9,9,9,9,9,9,4690,0,5,5.555875184072957,3.1226329956552945,177.67928400280653,442.0
1789883206,50,POST,POST /api/v1/auth/login,0.000000,0.000000,0,0,0,0,0,0,0,0,0,0,0,50,0,1300.0,1369.1218887201103,628.633758999058,2104.1982940005255,1622.0
1789883206,50,,Aggregated,24.100000,0.000000,6,7,7,7,8,9,10,12,16,16,16,18787,0,6,10.790188483221268,3.1226329956552945,2104.1982940005255,6817.769468249321
1789883207,50,GET,GET /api/v1/reservas,17.400000,0.000000,7,7,8,8,9,10,12,12,16,16,16,14071,0,7,7.7032579405842405,4.633864002244081,256.99183600227116,8965.0
1789883207,50,GET,GET /api/v1/reservas/{id},6.700000,0.000000,5,6,6,6,8,9,9,9,9,9,9,4694,0,5,5.5570960145509005,3.1226329956552945,177.67928400280653,442.0
1789883207,50,POST,POST /api/v1/auth/login,0.000000,0.000000,0,0,0,0,0,0,0,0,0,0,0,50,0,1300.0,1369.1218887201103,628.633758999058,2104.1982940005255,1622.0
1789883207,50,,Aggregated,24.100000,0.000000,6,7,7,8,9,9,11,12,16,16,16,18815,0,6,10.785737210218883,3.1226329956552945,2104.1982940005255,6819.152963061387
1789883208,50,GET,GET /api/v1/reservas,17.800000,0.000000,7,7,8,8,9,10,12,12,16,16,16,14084,0,7,7.702259614026531,4.633864002244081,256.99183600227116,8965.0
1789883208,50,GET,GET /api/v1/reservas/{id},6.500000,0.000000,5,6,6,6,8,9,9,9,9,9,9,4697,0,5,5.557001336235708,3.1226329956552945,177.67928400280653,442.0
1789883208,50,POST,POST /api/v1/auth/login,0.000000,0.000000,0,0,0,0,0,0,0,0,0,0,0,50,0,1300.0,1369.1218887201103,628.633758999058,2104.1982940005255,1622.0
1789883208,50,,Aggregated,24.300000,0.000000,6,7,7,8,9,9,11,12,16,16,16,18831,0,6,10.782005953813089,3.1226329956552945,2104.1982940005255,6819.618395199405
1789883209,50,GET,GET /api/v1/reservas,18.200000,0.000000,7,7,8,8,9,10,11,11,12,12,12,14108,0,7,7.702832629000179,4.633864002244081,256.99183600227116,8965.0
1789883209,50,GET,GET /api/v1/reservas/{id},6.500000,0.000000,5,5,6,6,8,9,9,12,12,12,12,4706,0,5,5.556659909752617,3.1226329956552945,177.67928400280653,442.0
1789883209,50,POST,POST /api/v1/auth/login,0.000000,0.000000,0,0,0,0,0,0,0,0,0,0,0,50,0,1300.0,1369.1218887201103,628.633758999058,2104.1982940005255,1622.0
1789883209,50,,Aggregated,24.700000,0.000000,6,7,8,8,9,10,11,11,12,12,12,18864,0,6,10.775938226316574,3.1226329956552945,2104.1982940005255,6819.305131467345
1789883210,50,GET,GET /api/v1/reservas,18.100000,0.000000,7,7,8,8,10,11,12,24,24,24,24,14126,0,7,7.705882861739927,4.633864002244081,256.99183600227116,8965.0
1789883210,50,GET,GET /api/v1/reservas/{id},5.900000,0.000000,5,5,6,7,9,9,12,12,12,12,12,4710,0,5,5.557944431483946,3.1226329956552945,177.67928400280653,442.0
1789883210,50,POST,POST /api/v1/auth/login,0.000000,0.000000,0,0,0,0,0,0,0,0,0,0,0,50,0,1300.0,1369.1218887201103,628.633758999058,2104.1982940005255,1622.0
1789883210,50,,Aggregated,24.000000,0.000000,7,7,8,8,10,11,12,17,24,24,24,18886,0,6,10.774505666273066,3.1226329956552945,2104.1982940005255,6819.999470507254
1789883211,50,GET,GET /api/v1/reservas,17.900000,0.000000,7,7,8,8,10,11,16,24,24,24,24,14141,0,7,7.705127279820538,4.633864002244081,256.99183600227116,8965.0
1789883211,50,GET,GET /api/v1/reservas/{id},5.500000,0.000000,5,5,6,6,9,11,12,12,12,12,12,4716,0,5,5.55844466502892,3.1226329956552945,177.67928400280653,442.0
1789883211,50,POST,POST /api/v1/auth/login,0.000000,0.000000,0,0,0,0,0,0,0,0,0,0,0,50,0,1300.0,1369.1218887201103,628.633758999058,2104.1982940005255,1622.0
1789883211,50,,Aggregated,23.400000,0.000000,7,7,8,8,10,11,12,17,24,24,24,18907,0,6,10.769975371038457,3.1226329956552945,2104.1982940005255,6819.6772094991275
1789883212,50,GET,GET /api/v1/reservas,19.100000,0.000000,7,7,8,9,10,11,16,24,24,24,24,14162,0,7,7.705109787879571,4.633864002244081,256.99183600227116,8965.0
1789883212,50,GET,GET /api/v1/reservas/{id},5.300000,0.000000,5,5,6,7,9,11,12,12,12,12,12,4723,0,5,5.559303317867129,3.1226329956552945,177.67928400280653,442.0
1789883212,50,POST,POST /api/v1/auth/login,0.000000,0.000000,0,0,0,0,0,0,0,0,0,0,0,50,0,1300.0,1369.1218887201103,628.633758999058,2104.1982940005255,1622.0
1789883212,50,,Aggregated,24.400000,0.000000,7,7,8,8,10,11,14,17,24,24,24,18935,0,6,10.76485074318682,3.1226329956552945,2104.1982940005255,6819.698758912067
1789883213,50,GET,GET /api/v1/reservas,18.500000,0.000000,7,8,8,8,10,12,16,24,24,24,24,14178,0,7,7.703722298909795,4.633864002244081,256.99183600227116,8965.0
1789883213,50,GET,GET /api/v1/reservas/{id},5.500000,0.000000,5,5,6,7,9,11,12,12,12,12,12,4731,0,5,5.557508045928719,3.1226329956552945,177.67928400280653,442.0
1789883213,50,POST,POST /api/v1/auth/login,0.000000,0.000000,0,0,0,0,0,0,0,0,0,0,0,50,0,1300.0,1369.1218887201103,628.633758999058,2104.1982940005255,1622.0
1789883213,50,,Aggregated,24.000000,0.000000,7,7,8,8,10,11,14,17,24,24,24,18959,0,6,10.75858641042446,3.1226329956552945,2104.1982940005255,6818.818081122422
1789883214,50,GET,GET /api/v1/reservas,19.100000,0.000000,7,7,8,8,10,11,16,24,24,24,24,14201,0,7,7.701099519466936,4.633864002244081,256.99183600227116,8965.0
1789883214,50,GET,GET /api/v1/reservas/{id},5.500000,0.000000,5,5,6,6,9,11,12,12,12,12,12,4733,0,5,5.557186157466266,3.1226329956552945,177.67928400280653,442.0
1789883214,50,POST,POST /api/v1/auth/login,0.000000,0.000000,0,0,0,0,0,0,0,0,0,0,0,50,0,1300.0,1369.1218887201103,628.633758999058,2104.1982940005255,1622.0
1789883214,50,,Aggregated,24.600000,0.000000,7,7,8,8,10,11,14,17,24,24,24,18984,0,6,10.7522951324928,3.1226329956552945,2104.1982940005255,6820.746470712179
1789883215,50,GET,GET /api/v1/reservas,19.100000,0.000000,7,7,8,8,10,11,16,24,24,24,24,14220,0,7,7.699062983117602,4.633864002244081,256.99183600227116,8965.0
1789883215,50,GET,GET /api/v1/reservas/{id},5.500000,0.000000,5,5,6,7,9,11,12,12,12,12,12,4740,0,5,5.55649124921748,3.1226329956552945,177.67928400280653,442.0
1789883215,50,POST,POST /api/v1/auth/login,0.000000,0.000000,0,0,0,0,0,0,0,0,0,0,0,50,0,1300.0,1369.1218887201103,628.633758999058,2104.1982940005255,1622.0
1789883215,50,,Aggregated,24.600000,0.000000,6,7,8,8,10,11,14,17,24,24,24,19010,0,6,10.745635906219288,3.1226329956552945,2104.1982940005255,6820.540768016834
1789883216,50,GET,GET /api/v1/reservas,18.900000,0.000000,7,7,8,8,10,12,16,24,24,24,24,14238,0,7,7.697408055551791,4.633864002244081,256.99183600227116,8965.0
1789883216,50,GET,GET /api/v1/reservas/{id},5.500000,0.000000,5,5,5,6,9,11,12,12,12,12,12,4746,0,5,5.55452298657473,3.1226329956552945,177.67928400280653,442.0
1789883216,50,POST,POST /api/v1/auth/login,0.000000,0.000000,0,0,0,0,0,0,0,0,0,0,0,50,0,1300.0,1369.1218887201103,628.633758999058,2104.1982940005255,1622.0
1789883216,50,,Aggregated,24.400000,0.000000,6,7,8,8,10,11,14,17,24,24,24,19034,0,6,10.739390376444026,3.1226329956552945,2104.1982940005255,6820.558054008616
1789883217,50,GET,GET /api/v1/reservas,19.400000,0.000000,7,7,8,8,10,11,16,24,24,24,24,14257,0,7,7.695317374968929,4.633864002244081,256.99183600227116,8965.0
1789883217,50,GET,GET /api/v1/reservas/{id},5.200000,0.000000,5,5,5,6,9,11,12,12,12,12,12,4751,0,5,5.55353885966724,3.1226329956552945,177.67928400280653,442.0
1789883217,50,POST,POST /api/v1/auth/login,0.000000,0.000000,0,0,0,0,0,0,0,0,0,0,0,50,0,1300.0,1369.1218887201103,628.633758999058,2104.1982940005255,1622.0
1789883217,50,,Aggregated,24.600000,0.000000,6,7,7,8,10,11,14,17,24,24,24,19058,0,6,10.733188024620453,3.1226329956552945,2104.1982940005255,6821.022510231924
1789883218,50,GET,GET /api/v1/reservas,19.500000,0.000000,6,7,7,8,9,11,16,24,24,24,24,14273,0,7,7.694109922856001,4.633864002244081,256.99183600227116,8965.0
1789883218,50,GET,GET /api/v1/reservas/{id},5.400000,0.000000,5,5,5,6,9,11,12,12,12,12,12,4758,0,5,5.553010425025687,3.1226329956552945,177.67928400280653,442.0
1789883218,50,POST,POST /api/v1/auth/login,0.000000,0.000000,0,0,0,0,0,0,0,0,0,0,0,50,0,1300.0,1369.1218887201103,628.633758999058,2104.1982940005255,1622.0
1789883218,50,,Aggregated,24.900000,0.000000,6,7,7,8,9,11,14,17,24,24,24,19081,0,6,10.727705516859778,3.1226329956552945,2104.1982940005255,6820.480111105288
1789883219,50,GET,GET /api/v1/reservas,18.900000,0.000000,6,7,7,8,9,11,16,24,24,24,24,14290,0,7,7.693131117418741,4.633864002244081,256.99183600227116,8965.0
1789883219,50,GET,GET /api/v1/reservas/{id},5.500000,0.000000,5,5,5,6,7,10,11,12,12,12,12,4769,0,5,5.551078987894525,3.1226329956552945,177.67928400280653,442.0
1789883219,50,POST,POST /api/v1/auth/login,0.000000,0.000000,0,0,0,0,0,0,0,0,0,0,0,50,0,1300.0,1369.1218887201103,628.633758999058,2104.1982940005255,1622.0
1789883219,50,,Aggregated,24.400000,0.000000,6,7,7,7,9,11,14,17,24,24,24,19109,0,6,10.72081395139402,3.1226329956552945,2104.1982940005255,6818.716207022869
1789883220,50,GET,GET /api/v1/reservas,19.200000,0.000000,7,7,8,8,9,11,13,16,29,29,29,14312,0,7,7.695917784579598,4.633864002244081,256.99183600227116,8965.0
1789883220,50,GET,GET /api/v1/reservas/{id},6.000000,0.000000,5,5,5,6,7,10,11,12,12,12,12,4771,0,5,5.552921241306361,3.1226329956552945,177.67928400280653,442.0
1789883220,50,POST,POST /api/v1/auth/login,0.000000,0.000000,0,0,0,0,0,0,0,0,0,0,0,50,0,1300.0,1369.1218887201103,628.633758999058,2104.1982940005255,1622.0
1789883220,50,,Aggregated,25.200000,0.000000,6,7,7,8,9,11,12,14,29,29,29,19133,0,6,10.719336069157025,3.1226329956552945,2104.1982940005255,6820.517535148696
1789883221,50,GET,GET /api/v1/reservas,18.800000,0.000000,7,7,8,8,9,11,12,19,29,29,29,14332,0,7,7.697656369793905,4.633864002244081,256.99183600227116,8965.0
1789883221,50,GET,GET /api/v1/reservas/{id},6.300000,0.000000,5,5,6,6,8,9,12,14,14,14,14,4779,0,5,5.5569304949290705,3.1226329956552945,177.67928400280653,442.0
1789883221,50,POST,POST /api/v1/auth/login,0.000000,0.000000,0,0,0,0,0,0,0,0,0,0,0,50,0,1300.0,1369.1218887201103,628.633758999058,2104.1982940005255,1622.0
1789883221,50,,Aggregated,25.100000,0.000000,6,7,7,8,9,11,12,14,29,29,29,19161,0,6,10.71632359287917,3.1226329956552945,2104.1982940005255,6820.092792651741
1789883222,50,GET,GET /api/v1/reservas,18.400000,0.000000,7,7,8,8,9,11,12,19,29,29,29,14345,0,7,7.697304837984025,4.633864002244081,256.99183600227116,8965.0
1789883222,50,GET,GET /api/v1/reservas/{id},6.100000,0.000000,5,5,6,6,8,9,12,14,14,14,14,4785,0,5,5.556809145509817,3.1226329956552945,177.67928400280653,442.0
1789883222,50,POST,POST /api/v1/auth/login,0.000000,0.000000,0,0,0,0,0,0,0,0,0,0,0,50,0,1300.0,1369.1218887201103,628.633758999058,2104.1982940005255,1622.0
1789883222,50,,Aggregated,24.500000,0.000000,6,7,8,8,9,11,12,14,29,29,29,19180,0,6,10.712370390935915,3.1226329956552945,2104.1982940005255,6819.551355578727
1789883223,50,GET,GET /api/v1/reservas,19.500000,0.000000,7,7,8,8,9,11,12,19,29,29,29,14365,0,7,7.696059458606376,4.633864002244081,256.99183600227116,8965.0
1789883223,50,GET,GET /api/v1/reservas/{id},6.200000,0.000000,5,6,6,6,7,9,12,14,14,14,14,4795,0,5,5.555418606102357,3.1226329956552945,177.67928400280653,442.0
1789883223,50,POST,POST /api/v1/auth/login,0.000000,0.000000,0,0,0,0,0,0,0,0,0,0,0,50,0,1300.0,1369.1218887201103,628.633758999058,2104.1982940005255,1622.0
1789883223,50,,Aggregated,25.700000,0.000000,6,7,8,8,9,11,12,14,29,29,29,19210,0,6,10.705269171012333,3.1226329956552945,2104.1982940005255,6818.465122332119
1789883224,50,GET,GET /api/v1/reservas,18.700000,0.000000,7,7,8,8,9,11,12,19,29,29,29,14380,0,7,7.695228106597106,4.633864002244081,256.99183600227116,8965.0
1789883224,50,GET,GET /api/v1/reservas/{id},5.900000,0.000000,5,5,6,6,7,9,12,14,14,14,14,4800,0,5,5.554497687139701,3.1226329956552945,177.67928400280653,442.0
1789883224,50,POST,POST /api/v1/auth/login,0.000000,0.000000,0,0,0,0,0,0,0,0,0,0,0,50,0,1300.0,1369.1218887201103,628.633758999058,2104.1982940005255,1622.0
1789883224,50,,Aggregated,24.600000,0.000000,6,7,8,8,9,11,12,14,29,29,29,19230,0,6,10.700731331624674,3.1226329956552945,2104.1982940005255,6818.48153926157
1789883225,50,GET,GET /api/v1/reservas,18.200000,0.000000,7,8,8,8,10,11,12,19,29,29,29,14402,0,7,7.694239839108832,4.633864002244081,256.99183600227116,8965.0
1789883225,50,GET,GET /api/v1/reservas/{id},6.400000,0.000000,5,5,6,6,7,9,12,14,14,14,14,4804,0,5,5.553631675327016,3.1226329956552945,177.67928400280653,442.0
1789883225,50,POST,POST /api/v1/auth/login,0.000000,0.000000,0,0,0,0,0,0,0,0,0,0,0,50,0,1300.0,1369.1218887201103,628.633758999058,2104.1982940005255,1622.0
1789883225,50,,Aggregated,24.600000,0.000000,7,7,8,8,9,11,12,14,29,29,29,19256,0,6,10.695273326086513,3.1226329956552945,2104.1982940005255,6819.609368508517
1789883226,50,GET,GET /api/v1/reservas,18.200000,0.000000,7,8,8,8,10,11,12,19,29,29,29,14419,0,7,7.692717619034133,4.633864002244081,256.99183600227116,8965.0
1789883226,50,GET,GET /api/v1/reservas/{id},6.500000,0.000000,5,5,6,6,7,9,12,14,14,14,14,4812,0,5,5.551267006082049,3.1226329956552945,177.67928400280653,442.0
1789883226,50,POST,POST /api/v1/auth/login,0.000000,0.000000,0,0,0,0,0,0,0,0,0,0,0,50,0,1300.0,1369.1218887201103,628.633758999058,2104.1982940005255,1622.0
1789883226,50,,Aggregated,24.700000,0.000000,7,7,8,8,9,11,12,14,29,29,29,19281,0,6,10.688765448790285,3.1226329956552945,2104.1982940005255,6818.854779316425
1789883227,50,GET,GET /api/v1/reservas,18.000000,0.000000,7,8,8,8,10,11,12,19,29,29,29,14439,0,7,7.689859859813076,4.633864002244081,256.99183600227116,8965.0
1789883227,50,GET,GET /api/v1/reservas/{id},6.800000,0.000000,5,5,6,6,7,9,12,14,14,14,14,4821,0,5,5.549487622746561,3.1226329956552945,177.67928400280653,442.0
1789883227,50,POST,POST /api/v1/auth/login,0.000000,0.000000,0,0,0,0,0,0,0,0,0,0,0,50,0,1300.0,1369.1218887201103,628.633758999058,2104.1982940005255,1622.0
1789883227,50,,Aggregated,24.800000,0.000000,6,7,8,8,9,11,12,14,29,29,29,19310,0,6,10.680686731284707,3.1226329956552945,2104.1982940005255,6818.105489383739
1789883228,50,GET,GET /api/v1/reservas,17.900000,0.000000,7,7,8,8,10,11,12,19,29,29,29,14461,0,7,7.688894091891827,4.633864002244081,256.99183600227116,8965.0
1789883228,50,GET,GET /api/v1/reservas/{id},6.800000,0.000000,5,5,6,6,7,9,12,14,14,14,14,4825,0,5,5.549746733734872,3.1226329956552945,177.67928400280653,442.0
1789883228,50,POST,POST /api/v1/auth/login,0.000000,0.000000,0,0,0,0,0,0,0,0,0,0,0,50,0,1300.0,1369.1218887201103,628.633758999058,2104.1982940005255,1622.0
1789883228,50,,Aggregated,24.700000,0.000000,6,7,8,8,9,11,12,14,29,29,29,19336,0,6,10.675564743955523,3.1226329956552945,2104.1982940005255,6819.229158047166
1789883229,50,GET,GET /api/v1/reservas,17.800000,0.000000,7,7,8,8,9,11,12,19,29,29,29,14481,0,7,7.687471887633957,4.633864002244081,256.99183600227116,8965.0
1789883229,50,GET,GET /api/v1/reservas/{id},6.700000,0.000000,5,5,6,6,7,9,12,14,14,14,14,4832,0,5,5.5488351962480165,3.1226329956552945,177.67928400280653,442.0
1789883229,50,POST,POST /api/v1/auth/login,0.000000,0.000000,0,0,0,0,0,0,0,0,0,0,0,50,0,1300.0,1369.1218887201103,628.633758999058,2104.1982940005255,1622.0
1789883229,50,,Aggregated,24.500000,0.000000,6,7,8,8,9,11,12,14,29,29,29,19363,0,6,10.66933566643099,3.1226329956552945,2104.1982940005255,6819.14006094097
1789883230,50,GET,GET /api/v1/reservas,18.200000,0.000000,7,7,8,8,9,10,12,13,19,19,19,14495,0,7,7.688316865183156,4.633864002244081,256.99183600227116,8965.0
1789883230,50,GET,GET /api/v1/reservas/{id},6.800000,0.000000,5,5,5,6,6,7,8,14,14,14,14,4837,0,5,5.549624382317038,3.1226329956552945,177.67928400280653,442.0
1789883230,50,POST,POST /api/v1/auth/login,0.000000,0.000000,0,0,0,0,0,0,0,0,0,0,0,50,0,1300.0,1369.1218887201103,628.633758999058,2104.1982940005255,1622.0
1789883230,50,,Aggregated,25.000000,0.000000,6,7,7,8,8,10,12,13,19,19,19,19382,0,6,10.666689739660658,3.1226329956552945,2104.1982940005255,6819.044938602828
1789883231,50,GET,GET /api/v1/reservas,19.000000,0.000000,7,7,8,8,10,11,14,21,33,33,33,14524,0,7,7.692221150842756,4.633864002244081,256.99183600227116,8965.0
1789883231,50,GET,GET /api/v1/reservas/{id},6.400000,0.000000,5,5,6,6,7,7,8,8,8,8,8,4842,0,5,5.5501442776271706,3.1226329956552945,177.67928400280653,442.0
1789883231,50,POST,POST /api/v1/auth/login,0.000000,0.000000,0,0,0,0,0,0,0,0,0,0,0,50,0,1300.0,1369.1218887201103,628.633758999058,2104.1982940005255,1622.0
1789883231,50,,Aggregated,25.400000,0.000000,6,7,7,8,10,11,13,14,33,33,33,19416,0,6,10.663973682690383,3.1226329956552945,2104.1982940005255,6820.607952204367
1789883232,50,GET,GET /api/v1/reservas,18.900000,0.000000,7,7,8,8,11,11,14,21,33,33,33,14538,0,7,7.6915025012947,4.633864002244081,256.99183600227116,8965.0
1789883232,50,GET,GET /api/v1/reservas/{id},6.500000,0.000000,5,5,5,6,6,8,8,8,8,8,8,4850,0,5,5.548158346655233,3.1226329956552945,177.67928400280653,442.0
1789883232,50,POST,POST /api/v1/auth/login,0.000000,0.000000,0,0,0,0,0,0,0,0,0,0,0,50,0,1300.0,1369.1218887201103,628.633758999058,2104.1982940005255,1622.0
1789883232,50,,Aggregated,25.400000,0.000000,6,7,7,8,10,11,13,14,33,33,33,19438,0,6,10.65869563643923,3.1226329956552945,2104.1982940005255,6819.5272147340265
1789883233,50,GET,GET /api/v1/reservas,18.200000,0.000000,6,7,8,8,11,11,14,21,33,33,33,14557,0,7,7.690453036671766,4.633864002244081,256.99183600227116,8965.0
1789883233,50,GET,GET /api/v1/reservas/{id},6.500000,0.000000,5,5,5,6,7,8,8,8,8,8,8,4857,0,5,5.547881191118935,3.1226329956552945,177.67928400280653,442.0
1789883233,50,POST,POST /api/v1/auth/login,0.000000,0.000000,0,0,0,0,0,0,0,0,0,0,0,50,0,1300.0,1369.1218887201103,628.633758999058,2104.1982940005255,1622.0
1789883233,50,,Aggregated,24.700000,0.000000,6,7,7,8,10,11,13,14,33,33,33,19464,0,6,10.653107184345513,3.1226329956552945,2104.1982940005255,6819.3279387587345
1789883234,50,GET,GET /api/v1/reservas,18.700000,0.000000,6,7,8,8,11,12,14,21,33,33,33,14573,0,7,7.68873358929516,4.633864002244081,256.99183600227116,8965.0
1789883234,50,GET,GET /api/v1/reservas/{id},6.400000,0.000000,5,5,5,6,7,8,8,8,8,8,8,4863,0,5,5.546191205486183,3.1226329956552945,177.67928400280653,442.0
1789883234,50,POST,POST /api/v1/auth/login,0.000000,0.000000,0,0,0,0,0,0,0,0,0,0,0,50,0,1300.0,1369.1218887201103,628.633758999058,2104.1982940005255,1622.0
1789883234,50,,Aggregated,25.100000,0.000000,6,7,7,8,10,11,13,14,33,33,33,19486,0,6,10.647394891977994,3.1226329956552945,2104.1982940005255,6819.126090526532
1789883235,50,GET,GET /api/v1/reservas,19.200000,0.000000,7,7,8,8,10,11,14,21,33,33,33,14596,0,7,7.688609157906932,4.633864002244081,256.99183600227116,8965.0
1789883235,50,GET,GET /api/v1/reservas/{id},6.400000,0.000000,5,5,5,6,7,8,8,8,8,8,8,4870,0,5,5.544990253239369,3.1226329956552945,177.67928400280653,442.0
1789883235,50,POST,POST /api/v1/auth/login,0.000000,0.000000,0,0,0,0,0,0,0,0,0,0,0,50,0,1300.0,1369.1218887201103,628.633758999058,2104.1982940005255,1622.0
1789883235,50,,Aggregated,25.600000,0.000000,6,7,8,8,10,11,13,14,33,33,33,19516,0,6,10.641685603509469,3.1226329956552945,2104.1982940005255,6819.367698298832
1789883236,50,GET,GET /api/v1/reservas,19.400000,0.000000,7,7,8,9,10,11,14,21,33,33,33,14617,0,7,7.687079144544775,4.633864002244081,256.99183600227116,8965.0
1789883236,50,GET,GET /api/v1/reservas/{id},6.500000,0.000000,5,5,6,6,7,8,8,9,9,9,9,4877,0,5,5.544135428392909,3.1226329956552945,177.67928400280653,442.0
1789883236,50,POST,POST /api/v1/auth/login,0.000000,0.000000,0,0,0,0,0,0,0,0,0,0,0,50,0,1300.0,1369.1218887201103,628.633758999058,2104.1982940005255,1622.0
1789883236,50,,Aggregated,25.900000,0.000000,6,7,8,8,10,11,12,14,33,33,33,19544,0,6,10.635329450270605,3.1226329956552945,2104.1982940005255,6819.389019647974
1789883237,50,GET,GET /api/v1/reservas,19.400000,0.000000,7,7,8,8,10,11,14,21,33,33,33,14633,0,7,7.68588738958718,4.633864002244081,256.99183600227116,8965.0
1789883237,50,GET,GET /api/v1/reservas/{id},6.300000,0.000000,5,5,5,6,7,8,8,9,9,9,9,4882,0,5,5.5428135785061645,3.1226329956552945,177.67928400280653,442.0
1789883237,50,POST,POST /api/v1/auth/login,0.000000,0.000000,0,0,0,0,0,0,0,0,0,0,0,50,0,1300.0,1369.1218887201103,628.633758999058,2104.1982940005255,1622.0
1789883237,50,,Aggregated,25.700000,0.000000,6,7,8,8,10,11,13,14,33,33,33,19565,0,6,10.630396140971214,3.1226329956552945,2104.1982940005255,6819.5138768208535
1789883238,50,GET,GET /api/v1/reservas,19.500000,0.000000,7,8,8,9,11,12,14,21,33,33,33,14661,0,7,7.686486592172147,4.633864002244081,256.99183600227116,8965.0
1789883238,50,GET,GET /api/v1/reservas/{id},6.400000,0.000000,5,5,6,6,8,8,9,11,11,11,11,4887,0,5,5.543844020926391,3.1226329956552945,177.67928400280653,442.0
1789883238,50,POST,POST /api/v1/auth/login,0.000000,0.000000,0,0,0,0,0,0,0,0,0,0,0,50,0,1300.0,1369.1218887201103,628.633758999058,2104.1982940005255,1622.0
1789883238,50,,Aggregated,25.900000,0.000000,7,7,8,8,10,11,14,15,33,33,33,19598,0,6,10.625596494239648,3.1226329956552945,2104.1982940005255,6820.952086947647
1789883239,50,GET,GET /api/v1/reservas,20.000000,0.000000,7,7,8,8,10,11,14,21,33,33,33,14678,0,7,7.6847577635807,4.633864002244081,256.99183600227116,8965.0
1789883239,50,GET,GET /api/v1/reservas/{id},6.500000,0.000000,4,5,5,6,7,8,9,11,11,11,11,4891,0,5,5.542675323507689,3.1226329956552945,177.67928400280653,442.0
1789883239,50,POST,POST /api/v1/auth/login,0.000000,0.000000,0,0,0,0,0,0,0,0,0,0,0,50,0,1300.0,1369.1218887201103,628.633758999058,2104.1982940005255,1622.0
1789883239,50,,Aggregated,26.500000,0.000000,6,7,8,8,10,11,14,15,33,33,33,19619,0,6,10.620428864729046,3.1226329956552945,2104.1982940005255,6821.509353178042
1789883240,50,GET,GET /api/v1/reservas,20.100000,0.000000,7,7,8,8,10,11,14,21,33,33,33,14696,0,7,7.684990823478004,4.633864002244081,256.99183600227116,8965.0
1789883240,50,GET,GET /api/v1/reservas/{id},6.300000,0.000000,4,5,5,5,7,8,9,11,11,11,11,4895,0,5,5.5422308382616725,3.1226329956552945,177.67928400280653,442.0
1789883240,50,POST,POST /api/v1/auth/login,0.000000,0.000000,0,0,0,0,0,0,0,0,0,0,0,50,0,1300.0,1369.1218887201103,628.633758999058,2104.1982940005255,1622.0
1789883240,50,,Aggregated,26.400000,0.000000,7,7,8,8,10,11,14,15,33,33,33,19641,0,6,10.616767961464749,3.1226329956552945,2104.1982940005255,6822.174532864926
1789883241,50,GET,GET /api/v1/reservas,19.500000,0.000000,7,7,8,8,10,11,13,15,56,56,56,14715,0,7,7.687989698595566,4.633864002244081,256.99183600227116,8965.0
1789883241,50,GET,GET /api/v1/reservas/{id},6.100000,0.000000,4,5,5,6,8,9,11,13,13,13,13,4904,0,5,5.543840866901705,3.1226329956552945,177.67928400280653,442.0
1789883241,50,POST,POST /api/v1/auth/login,0.000000,0.000000,0,0,0,0,0,0,0,0,0,0,0,50,0,1300.0,1369.1218887201103,628.633758999058,2104.1982940005255,1622.0
1789883241,50,,Aggregated,25.600000,0.000000,6,7,8,8,9,11,13,14,56,56,56,19669,0,6,10.614258908034229,3.1226329956552945,2104.1982940005255,6821.325080075246
1789883242,50,GET,GET /api/v1/reservas,19.600000,0.000000,7,7,8,8,9,11,13,15,56,56,56,14733,0,7,7.686271991640782,4.633864002244081,256.99183600227116,8965.0
1789883242,50,GET,GET /api/v1/reservas/{id},5.700000,0.000000,4,5,5,6,8,9,11,13,13,13,13,4909,0,5,5.543492940779505,3.1226329956552945,177.67928400280653,442.0
1789883242,50,POST,POST /api/v1/auth/login,0.000000,0.000000,0,0,0,0,0,0,0,0,0,0,0,50,0,1300.0,1369.1218887201103,628.633758999058,2104.1982940005255,1622.0
1789883242,50,,Aggregated,25.300000,0.000000,6,7,8,8,9,11,13,14,56,56,56,19692,0,6,10.608924768186865,3.1226329956552945,2104.1982940005255,6821.664787731058
1789883243,50,GET,GET /api/v1/reservas,19.900000,0.000000,7,7,8,8,9,11,14,15,56,56,56,14748,0,7,7.686043830542495,4.633864002244081,256.99183600227116,8965.0
1789883243,50,GET,GET /api/v1/reservas/{id},5.900000,0.000000,5,5,6,6,8,9,11,13,13,13,13,4920,0,5,5.542805138471093,3.1226329956552945,177.67928400280653,442.0
1789883243,50,POST,POST /api/v1/auth/login,0.000000,0.000000,0,0,0,0,0,0,0,0,0,0,0,50,0,1300.0,1369.1218887201103,628.633758999058,2104.1982940005255,1622.0
1789883243,50,,Aggregated,25.800000,0.000000,7,7,8,8,9,11,13,15,56,56,56,19718,0,6,10.603533326408561,3.1226329956552945,2104.1982940005255,6819.736281570139
1789883244,50,GET,GET /api/v1/reservas,19.500000,0.000000,7,7,8,8,9,11,14,15,56,56,56,14773,0,7,7.683762478429784,4.633864002244081,256.99183600227116,8965.0
1789883244,50,GET,GET /api/v1/reservas/{id},6.300000,0.000000,5,5,6,6,8,9,11,13,13,13,13,4923,0,5,5.541883344763411,3.1226329956552945,177.67928400280653,442.0
1789883244,50,POST,POST /api/v1/auth/login,0.000000,0.000000,0,0,0,0,0,0,0,0,0,0,0,50,0,1300.0,1369.1218887201103,628.633758999058,2104.1982940005255,1622.0
1789883244,50,,Aggregated,25.800000,0.000000,6,7,8,8,9,11,13,15,56,56,56,19746,0,6,10.597134064424136,3.1226329956552945,2104.1982940005255,6821.483389040818
1789883245,50,GET,GET /api/v1/reservas,19.400000,0.000000,7,7,8,8,9,11,14,15,56,56,56,14787,0,7,7.682612761942691,4.633864002244081,256.99183600227116,8965.0
1789883245,50,GET,GET /api/v1/reservas/{id},6.200000,0.000000,5,5,6,6,7,8,11,13,13,13,13,4927,0,5,5.541060524104585,3.1226329956552945,177.67928400280653,442.0
1789883245,50,POST,POST /api/v1/auth/login,0.000000,0.000000,0,0,0,0,0,0,0,0,0,0,0,50,0,1300.0,1369.1218887201103,628.633758999058,2104.1982940005255,1622.0
1789883245,50,,Aggregated,25.600000,0.000000,6,7,7,8,9,11,13,15,56,56,56,19764,0,6,10.592981914041458,3.1226329956552945,2104.1982940005255,6821.710635498887
1789883246,50,GET,GET /api/v1/reservas,19.400000,0.000000,7,7,8,8,10,12,14,15,56,56,56,14808,0,7,7.682021901732187,4.633864002244081,256.99183600227116,8965.0
1789883246,50,GET,GET /api/v1/reservas/{id},6.000000,0.000000,5,6,6,6,7,8,11,13,13,13,13,4933,0,5,5.540698537455974,3.1226329956552945,177.67928400280653,442.0
1789883246,50,POST,POST /api/v1/auth/login,0.000000,0.000000,0,0,0,0,0,0,0,0,0,0,0,50,0,1300.0,1369.1218887201103,628.633758999058,2104.1982940005255,1622.0
1789883246,50,,Aggregated,25.400000,0.000000,6,7,7,8,9,11,13,15,56,56,56,19791,0,6,10.587829854081454,3.1226329956552945,2104.1982940005255,6822.050730129857
1789883247,50,GET,GET /api/v1/reservas,19.100000,0.000000,7,7,7,8,9,12,13,15,56,56,56,14824,0,7,7.681156717273829,4.633864002244081,256.99183600227116,8965.0
1789883247,50,GET,GET /api/v1/reservas/{id},5.900000,0.000000,5,5,6,6,7,8,8,13,13,13,13,4939,0,5,5.53941619017339,3.1226329956552945,177.67928400280653,442.0
1789883247,50,POST,POST /api/v1/auth/login,0.000000,0.000000,0,0,0,0,0,0,0,0,0,0,0,50,0,1300.0,1369.1218887201103,628.633758999058,2104.1982940005255,1622.0
1789883247,50,,Aggregated,25.000000,0.000000,6,7,7,8,9,11,13,14,56,56,56,19813,0,6,10.582987845159195,3.1226329956552945,2104.1982940005255,6821.849189925806
1789883248,50,GET,GET /api/v1/reservas,18.900000,0.000000,7,7,8,8,9,11,13,15,56,56,56,14842,0,7,7.680569425538404,4.633864002244081,256.99183600227116,8965.0
1789883248,50,GET,GET /api/v1/reservas/{id},5.700000,0.000000,5,5,6,6,7,8,11,13,13,13,13,4945,0,5,5.539849396616763,3.1226329956552945,177.67928400280653,442.0
1789883248,50,POST,POST /api/v1/auth/login,0.000000,0.000000,0,0,0,0,0,0,0,0,0,0,0,50,0,1300.0,1369.1218887201103,628.633758999058,2104.1982940005255,1622.0
1789883248,50,,Aggregated,24.600000,0.000000,6,7,7,8,9,11,13,13,56,56,56,19837,0,6,10.57849781298162,3.1226329956552945,2104.1982940005255,6821.864193174371
1789883249,50,GET,GET /api/v1/reservas,19.000000,0.000000,6,7,8,8,9,11,13,15,56,56,56,14861,0,7,7.678357604659187,4.633864002244081,256.99183600227116,8965.0
1789883249,50,GET,GET /api/v1/reservas/{id},5.400000,0.000000,5,5,6,6,7,8,11,13,13,13,13,4950,0,5,5.538358807124578,3.1226329956552945,177.67928400280653,442.0
1789883249,50,POST,POST /api/v1/auth/login,0.000000,0.000000,0,0,0,0,0,0,0,0,0,0,0,50,0,1300.0,1369.1218887201103,628.633758999058,2104.1982940005255,1622.0
1789883249,50,,Aggregated,24.400000,0.000000,6,7,7,8,9,11,13,13,56,56,56,19861,0,6,10.572430536937333,3.1226329956552945,2104.1982940005255,6822.308292633805
1789883250,50,GET,GET /api/v1/reservas,18.100000,0.000000,6,7,7,8,9,11,13,15,56,56,56,14881,0,7,7.677716612581692,4.633864002244081,256.99183600227116,8965.0
1789883250,50,GET,GET /api/v1/reservas/{id},5.700000,0.000000,5,5,6,6,7,11,13,16,16,16,16,4958,0,5,5.539218157980664,3.1226329956552945,177.67928400280653,442.0
1789883250,50,POST,POST /api/v1/auth/login,0.000000,0.000000,0,0,0,0,0,0,0,0,0,0,0,50,0,1300.0,1369.1218887201103,628.633758999058,2104.1982940005255,1622.0
1789883250,50,,Aggregated,23.800000,0.000000,6,7,7,7,9,11,13,15,56,56,56,19889,0,6,10.567230075675088,3.1226329956552945,2104.1982940005255,6821.896575996782
1789883251,50,GET,GET /api/v1/reservas,18.700000,0.000000,6,7,7,8,9,11,12,13,15,15,15,14898,0,7,7.676797557714144,4.633864002244081,256.99183600227116,8965.0
1789883251,50,GET,GET /api/v1/reservas/{id},6.100000,0.000000,5,5,6,6,6,7,11,16,16,16,16,4964,0,5,5.5385293715320625,3.1226329956552945,177.67928400280653,442.0
1789883251,50,POST,POST /api/v1/auth/login,0.000000,0.000000,0,0,0,0,0,0,0,0,0,0,0,50,0,1300.0,1369.1218887201103,628.633758999058,2104.1982940005255,1622.0
1789883251,50,,Aggregated,24.800000,0.000000,6,7,7,7,8,10,12,13,16,16,16,19912,0,6,10.56238872293672,3.1226329956552945,2104.1982940005255,6821.803836882282
1789883252,50,GET,GET /api/v1/reservas,18.700000,0.000000,7,7,7,8,9,11,12,15,17,17,17,14918,0,7,7.677401626278781,4.633864002244081,256.99183600227116,8965.0
1789883252,50,GET,GET /api/v1/reservas/{id},6.400000,0.000000,5,5,5,6,6,6,11,16,16,16,16,4967,0,5,5.538426184272093,3.1226329956552945,177.67928400280653,442.0
1789883252,50,POST,POST /api/v1/auth/login,0.000000,0.000000,0,0,0,0,0,0,0,0,0,0,0,50,0,1300.0,1369.1218887201103,628.633758999058,2104.1982940005255,1622.0
1789883252,50,,Aggregated,25.100000,0.000000,6,7,7,7,9,11,12,15,17,17,17,19935,0,6,10.559164020773105,3.1226329956552945,2104.1982940005255,6822.993930273388
1789883253,50,GET,GET /api/v1/reservas,18.400000,0.000000,7,7,8,8,9,11,12,14,17,17,17,14940,0,7,7.676668249721409,4.633864002244081,256.99183600227116,8965.0
1789883253,50,GET,GET /api/v1/reservas/{id},6.200000,0.000000,5,5,5,6,6,7,16,16,16,16,16,4971,0,5,5.53771400930991,3.1226329956552945,177.67928400280653,442.0
1789883253,50,POST,POST /api/v1/auth/login,0.000000,0.000000,0,0,0,0,0,0,0,0,0,0,0,50,0,1300.0,1369.1218887201103,628.633758999058,2104.1982940005255,1622.0
1789883253,50,,Aggregated,24.600000,0.000000,6,7,7,8,9,11,12,14,17,17,17,19961,0,6,10.554255519619405,3.1226329956552945,2104.1982940005255,6824.076048294173
1789883254,50,GET,GET /api/v1/reservas,18.600000,0.000000,7,7,7,8,9,11,12,14,17,17,17,14958,0,7,7.675177440491869,4.633864002244081,256.99183600227116,8965.0
1789883254,50,GET,GET /api/v1/reservas/{id},5.800000,0.000000,5,5,6,6,6,7,16,16,16,16,16,4974,0,5,5.537317783129453,3.1226329956552945,177.67928400280653,442.0
1789883254,50,POST,POST /api/v1/auth/login,0.000000,0.000000,0,0,0,0,0,0,0,0,0,0,0,50,0,1300.0,1369.1218887201103,628.633758999058,2104.1982940005255,1622.0
1789883254,50,,Aggregated,24.400000,0.000000,6,7,7,8,9,11,12,14,17,17,17,19982,0,6,10.549695588237853,3.1226329956552945,2104.1982940005255,6825.046441797618
1789883255,50,GET,GET /api/v1/reservas,19.000000,0.000000,6,7,7,8,9,11,12,14,17,17,17,14977,0,7,7.672993197429463,4.633864002244081,256.99183600227116,8965.0
1789883255,50,GET,GET /api/v1/reservas/{id},5.300000,0.000000,5,5,5,6,6,7,16,16,16,16,16,4979,0,5,5.53621725673459,3.1226329956552945,177.67928400280653,442.0
1789883255,50,POST,POST /api/v1/auth/login,0.000000,0.000000,0,0,0,0,0,0,0,0,0,0,0,50,0,1300.0,1369.1218887201103,628.633758999058,2104.1982940005255,1622.0
1789883255,50,,Aggregated,24.300000,0.000000,6,7,7,7,8,11,12,14,17,17,17,20006,0,6,10.543803822612622,3.1226329956552945,2104.1982940005255,6825.4835049485155
1789883256,50,GET,GET /api/v1/reservas,18.600000,0.000000,6,7,7,8,10,11,12,14,17,17,17,15000,0,7,7.672597777326398,4.633864002244081,256.99183600227116,8965.0
1789883256,50,GET,GET /api/v1/reservas/{id},5.100000,0.000000,5,5,5,5,6,7,16,16,16,16,16,4983,0,5,5.535542701241341,3.1226329956552945,177.67928400280653,442.0
1789883256,50,POST,POST /api/v1/auth/login,0.000000,0.000000,0,0,0,0,0,0,0,0,0,0,0,50,0,1300.0,1369.1218887201103,628.633758999058,2104.1982940005255,1622.0
1789883256,50,,Aggregated,23.700000,0.000000,6,7,7,7,9,11,12,14,17,17,17,20033,0,6,10.53904409605087,3.1226329956552945,2104.1982940005255,6826.6653022512855
1789883257,50,GET,GET /api/v1/reservas,19.100000,0.000000,6,7,7,8,10,11,12,14,17,17,17,15020,0,7,7.670228471630427,4.633864002244081,256.99183600227116,8965.0
1789883257,50,GET,GET /api/v1/reservas/{id},5.300000,0.000000,5,5,5,5,6,7,16,16,16,16,16,4990,0,5,5.533909225708199,3.1226329956552945,177.67928400280653,442.0
1789883257,50,POST,POST /api/v1/auth/login,0.000000,0.000000,0,0,0,0,0,0,0,0,0,0,0,50,0,1300.0,1369.1218887201103,628.633758999058,2104.1982940005255,1622.0
1789883257,50,,Aggregated,24.400000,0.000000,6,7,7,7,9,11,12,14,17,17,17,20060,0,6,10.532259876180381,3.1226329956552945,2104.1982940005255,6826.56929212363
1789883258,50,GET,GET /api/v1/reservas,19.500000,0.000000,6,7,7,8,10,11,12,14,17,17,17,15038,0,7,7.669394418132772,4.633864002244081,256.99183600227116,8965.0
1789883258,50,GET,GET /api/v1/reservas/{id},5.100000,0.000000,5,5,5,5,6,6,16,16,16,16,16,4993,0,5,5.533243276043734,3.1226329956552945,177.67928400280653,442.0
1789883258,50,POST,POST /api/v1/auth/login,0.000000,0.000000,0,0,0,0,0,0,0,0,0,0,0,50,0,1300.0,1369.1218887201103,628.633758999058,2104.1982940005255,1622.0
1789883258,50,,Aggregated,24.600000,0.000000,6,7,7,7,9,11,12,14,17,17,17,20081,0,6,10.528157530659454,3.1226329956552945,2104.1982940005255,6827.532294208456
1789883259,50,GET,GET /api/v1/reservas,19.300000,0.000000,6,7,7,8,9,11,12,14,17,17,17,15057,0,7,7.6688823985436105,4.633864002244081,256.99183600227116,8965.0
1789883259,50,GET,GET /api/v1/reservas/{id},5.100000,0.000000,5,5,5,5,6,6,16,16,16,16,16,5000,0,5,5.531823835457908,3.1226329956552945,177.67928400280653,442.0
1789883259,50,POST,POST /api/v1/auth/login,0.000000,0.000000,0,0,0,0,0,0,0,0,0,0,0,50,0,1300.0,1369.1218887201103,628.633758999058,2104.1982940005255,1622.0
1789883259,50,,Aggregated,24.400000,0.000000,6,7,7,7,9,11,12,14,17,17,17,20107,0,6,10.522980846877516,3.1226329956552945,2104.1982940005255,6827.329039637937
1789883260,50,GET,GET /api/v1/reservas,19.400000,0.000000,6,7,7,8,9,11,12,14,17,17,17,15072,0,7,7.668045806651648,4.633864002244081,256.99183600227116,8965.0
1789883260,50,GET,GET /api/v1/reservas/{id},4.900000,0.000000,4,5,5,5,5,6,7,7,7,7,7,5005,0,5,5.530817203252373,3.1226329956552945,177.67928400280653,442.0
1789883260,50,POST,POST /api/v1/auth/login,0.000000,0.000000,0,0,0,0,0,0,0,0,0,0,0,50,0,1300.0,1369.1218887201103,628.633758999058,2104.1982940005255,1622.0
1789883260,50,,Aggregated,24.300000,0.000000,6,7,7,7,8,11,12,12,17,17,17,20127,0,6,10.518737066435001,3.1226329956552945,2104.1982940005255,6827.33591692751
1789883261,50,GET,GET /api/v1/reservas,19.400000,0.000000,6,7,7,8,9,11,14,21,23,23,23,15090,0,7,7.670176199261183,4.633864002244081,256.99183600227116,8965.0
1789883261,50,GET,GET /api/v1/reservas/{id},4.500000,0.000000,5,5,5,6,6,7,13,13,13,13,13,5015,0,5,5.532582748010091,3.1226329956552945,177.67928400280653,442.0
1789883261,50,POST,POST /api/v1/auth/login,0.000000,0.000000,0,0,0,0,0,0,0,0,0,0,0,50,0,1300.0,1369.1218887201103,628.633758999058,2104.1982940005255,1622.0
1789883261,50,,Aggregated,23.900000,0.000000,6,7,7,7,8,11,13,19,23,23,23,20155,0,6,10.515750720125396,3.1226329956552945,2104.1982940005255,6826.076903994046
1789883262,50,GET,GET /api/v1/reservas,19.400000,0.000000,6,7,7,8,9,12,17,21,23,23,23,15111,0,7,7.66953990284079,4.633864002244081,256.99183600227116,8965.0
1789883262,50,GET,GET /api/v1/reservas/{id},5.000000,0.000000,5,5,5,6,6,7,13,13,13,13,13,5018,0,5,5.532445508821229,3.1226329956552945,177.67928400280653,442.0
1789883262,50,POST,POST /api/v1/auth/login,0.000000,0.000000,0,0,0,0,0,0,0,0,0,0,0,50,0,1300.0,1369.1218887201103,628.633758999058,2104.1982940005255,1622.0
1789883262,50,,Aggregated,24.400000,0.000000,6,7,7,7,9,11,14,19,23,23,23,20179,0,6,10.511537909266941,3.1226329956552945,2104.1982940005255,6827.353734079984
1789883263,50,GET,GET /api/v1/reservas,18.700000,0.000000,7,7,7,8,9,11,17,21,23,23,23,15129,0,7,7.669228133109916,4.633864002244081,256.99183600227116,8965.0
1789883263,50,GET,GET /api/v1/reservas/{id},4.700000,0.000000,5,5,6,6,6,8,13,22,22,22,22,5024,0,5,5.535988035879512,3.1226329956552945,177.67928400280653,442.0
1789883263,50,POST,POST /api/v1/auth/login,0.000000,0.000000,0,0,0,0,0,0,0,0,0,0,0,50,0,1300.0,1369.1218887201103,628.633758999058,2104.1982940005255,1622.0
1789883263,50,,Aggregated,23.400000,0.000000,6,7,7,7,9,11,17,21,23,23,23,20203,0,6,10.508174565860719,3.1226329956552945,2104.1982940005255,6827.361926446567
1789883264,50,GET,GET /api/v1/reservas,19.500000,0.000000,7,7,8,8,9,11,17,21,23,23,23,15152,0,7,7.669442254475293,4.633864002244081,256.99183600227116,8965.0
1789883264,50,GET,GET /api/v1/reservas/{id},5.200000,0.000000,5,5,6,6,6,8,22,22,22,22,22,5026,0,5,5.53584844016283,3.1226329956552945,177.67928400280653,442.0
1789883264,50,POST,POST /api/v1/auth/login,0.000000,0.000000,0,0,0,0,0,0,0,0,0,0,0,50,0,1300.0,1369.1218887201103,628.633758999058,2104.1982940005255,1622.0
1789883264,50,,Aggregated,24.700000,0.000000,6,7,7,8,9,11,17,21,23,23,23,20228,0,6,10.504580667197624,3.1226329956552945,2104.1982940005255,6829.16116274471
1789883265,50,GET,GET /api/v1/reservas,18.900000,0.000000,7,7,8,8,10,12,17,21,23,23,23,15166,0,7,7.669609589859479,4.633864002244081,256.99183600227116,8965.0
1789883265,50,GET,GET /api/v1/reservas/{id},5.100000,0.000000,5,6,6,6,6,7,13,22,22,22,22,5042,0,5,5.535668425677994,3.1226329956552945,177.67928400280653,442.0
1789883265,50,POST,POST /api/v1/auth/login,0.000000,0.000000,0,0,0,0,0,0,0,0,0,0,0,50,0,1300.0,1369.1218887201103,628.633758999058,2104.1982940005255,1622.0
1789883265,50,,Aggregated,24.000000,0.000000,7,7,8,8,9,11,17,21,23,23,23,20258,0,6,10.49877745473802,3.1226329956552945,2104.1982940005255,6825.592556027248
1789883266,50,GET,GET /api/v1/reservas,19.300000,0.000000,7,8,8,8,9,11,17,21,23,23,23,15184,0,7,7.669657630914884,4.633864002244081,256.99183600227116,8965.0
1789883266,50,GET,GET /api/v1/reservas/{id},5.300000,0.000000,5,6,6,6,6,8,13,22,22,22,22,5047,0,5,5.536520035321917,3.1226329956552945,177.67928400280653,442.0
1789883266,50,POST,POST /api/v1/auth/login,0.000000,0.000000,0,0,0,0,0,0,0,0,0,0,0,50,0,1300.0,1369.1218887201103,628.633758999058,2104.1982940005255,1622.0
1789883266,50,,Aggregated,24.600000,0.000000,7,7,8,8,9,11,17,21,23,23,23,20281,0,6,10.495290790497847,3.1226329956552945,2104.1982940005255,6825.917558305803
1789883267,50,GET,GET /api/v1/reservas,19.000000,0.000000,7,8,8,8,10,11,17,21,23,23,23,15203,0,7,7.6708267002462405,4.633864002244081,256.99183600227116,8965.0
1789883267,50,GET,GET /api/v1/reservas/{id},5.600000,0.000000,5,6,6,6,7,9,13,22,22,22,22,5051,0,5,5.536963280196076,3.1226329956552945,177.67928400280653,442.0
1789883267,50,POST,POST /api/v1/auth/login,0.000000,0.000000,0,0,0,0,0,0,0,0,0,0,0,50,0,1300.0,1369.1218887201103,628.633758999058,2104.1982940005255,1622.0
1789883267,50,,Aggregated,24.600000,0.000000,7,8,8,8,9,11,17,21,23,23,23,20304,0,6,10.49265535303977,3.1226329956552945,2104.1982940005255,6826.6615937746255
1789883268,50,GET,GET /api/v1/reservas,18.800000,0.000000,7,8,8,8,10,11,17,21,23,23,23,15217,0,7,7.670522625605854,4.633864002244081,256.99183600227116,8965.0
1789883268,50,GET,GET /api/v1/reservas/{id},6.300000,0.000000,6,6,6,6,7,8,13,22,22,22,22,5062,0,5,5.536971207872118,3.1226329956552945,177.67928400280653,442.0
1789883268,50,POST,POST /api/v1/auth/login,0.000000,0.000000,0,0,0,0,0,0,0,0,0,0,0,50,0,1300.0,1369.1218887201103,628.633758999058,2104.1982940005255,1622.0
1789883268,50,,Aggregated,25.100000,0.000000,7,8,8,8,9,11,17,21,23,23,23,20329,0,6,10.487804883865339,3.1226329956552945,2104.1982940005255,6824.679472674505
1789883269,50,GET,GET /api/v1/reservas,18.200000,0.000000,8,8,8,8,10,11,17,21,23,23,23,15236,0,7,7.671355409347975,4.633864002244081,256.99183600227116,8965.0
1789883269,50,GET,GET /api/v1/reservas/{id},6.200000,0.000000,6,6,6,6,8,8,13,22,22,22,22,5070,0,5,5.538060143835375,3.1226329956552945,177.67928400280653,442.0
1789883269,50,POST,POST /api/v1/auth/login,0.000000,0.000000,0,0,0,0,0,0,0,0,0,0,0,50,0,1300.0,1369.1218887201103,628.633758999058,2104.1982940005255,1622.0
1789883269,50,,Aggregated,24.400000,0.000000,7,8,8,8,9,11,17,21,23,23,23,20356,0,6,10.484124109946778,3.1226329956552945,2104.1982940005255,6824.168795441147
1789883270,50,GET,GET /api/v1/reservas,18.400000,0.000000,8,8,8,8,10,11,17,21,23,23,23,15256,0,7,7.6721887799434425,4.633864002244081,256.99183600227116,8965.0
1789883270,50,GET,GET /api/v1/reservas/{id},6.300000,0.000000,6,6,6,6,8,8,13,22,22,22,22,5074,0,5,5.538596134457664,3.1226329956552945,177.67928400280653,442.0
1789883270,50,POST,POST /api/v1/auth/login,0.000000,0.000000,0,0,0,0,0,0,0,0,0,0,0,50,0,1300.0,1369.1218887201103,628.633758999058,2104.1982940005255,1622.0
1789883270,50,,Aggregated,24.700000,0.000000,7,8,8,8,10,10,17,21,23,23,23,20380,0,6,10.481150306627127,3.1226329956552945,2104.1982940005255,6825.0170755642785
1789883271,50,GET,GET /api/v1/reservas,17.900000,0.000000,8,8,8,9,10,10,14,17,33,33,33,15272,0,7,7.674667688045412,4.633864002244081,256.99183600227116,8965.0
1789883271,50,GET,GET /api/v1/reservas/{id},7.000000,0.000000,6,6,6,6,8,9,22,24,24,24,24,5081,0,5,5.543550017565368,3.1226329956552945,177.67928400280653,442.0
1789883271,50,POST,POST /api/v1/auth/login,0.000000,0.000000,0,0,0,0,0,0,0,0,0,0,0,50,0,1300.0,1369.1218887201103,628.633758999058,2104.1982940005255,1622.0
1789883271,50,,Aggregated,24.900000,0.000000,7,8,8,8,10,10,16,22,33,33,33,20403,0,6,10.480340979614992,3.1226329956552945,2104.1982940005255,6824.5053178454145
1789883272,50,GET,GET /api/v1/reservas,17.800000,0.000000,8,8,8,9,10,10,13,16,33,33,33,15292,0,7,7.675317186164907,4.633864002244081,256.99183600227116,8965.0
1789883272,50,GET,GET /api/v1/reservas/{id},6.500000,0.000000,6,6,6,7,8,10,22,24,24,24,24,5088,0,5,5.545161528153248,3.1226329956552945,177.67928400280653,442.0
1789883272,50,POST,POST /api/v1/auth/login,0.000000,0.000000,0,0,0,0,0,0,0,0,0,0,0,50,0,1300.0,1369.1218887201103,628.633758999058,2104.1982940005255,1622.0
1789883272,50,,Aggregated,24.300000,0.000000,7,8,8,8,10,10,14,22,33,33,33,20430,0,6,10.47679034273534,3.1226329956552945,2104.1982940005255,6824.413901125796
1789883273,50,GET,GET /api/v1/reservas,18.200000,0.000000,8,8,8,9,10,11,14,16,33,33,33,15312,0,7,7.676278982354702,4.633864002244081,256.99183600227116,8965.0
1789883273,50,GET,GET /api/v1/reservas/{id},6.800000,0.000000,6,6,6,6,8,9,13,24,24,24,24,5093,0,5,5.545236116875828,3.1226329956552945,177.67928400280653,442.0
1789883273,50,POST,POST /api/v1/auth/login,0.000000,0.000000,0,0,0,0,0,0,0,0,0,0,0,50,0,1300.0,1369.1218887201103,628.633758999058,2104.1982940005255,1622.0
1789883273,50,,Aggregated,25.000000,0.000000,8,8,8,8,10,11,14,16,33,33,33,20455,0,6,10.47358424625125,3.1226329956552945,2104.1982940005255,6824.946761183085
1789883274,50,GET,GET /api/v1/reservas,17.900000,0.000000,8,8,8,9,10,11,13,16,33,33,33,15330,0,7,7.677027268153974,4.633864002244081,256.99183600227116,8965.0
1789883274,50,GET,GET /api/v1/reservas/{id},6.800000,0.000000,6,6,6,7,8,9,13,24,24,24,24,5100,0,5,5.546461900243337,3.1226329956552945,177.67928400280653,442.0
1789883274,50,POST,POST /api/v1/auth/login,0.000000,0.000000,0,0,0,0,0,0,0,0,0,0,0,50,0,1300.0,1369.1218887201103,628.633758999058,2104.1982940005255,1622.0
1789883274,50,,Aggregated,24.700000,0.000000,8,8,8,8,10,11,13,16,33,33,33,20480,0,6,10.470306550197606,3.1226329956552945,2104.1982940005255,6824.64599609375
1789883275,50,GET,GET /api/v1/reservas,18.500000,0.000000,8,8,8,9,10,10,13,16,33,33,33,15359,0,7,7.676743080265673,4.633864002244081,256.99183600227116,8965.0
1789883275,50,GET,GET /api/v1/reservas/{id},7.000000,0.000000,6,6,7,7,8,10,13,24,24,24,24,5103,0,5,5.546439433518994,3.1226329956552945,177.67928400280653,442.0
1789883275,50,POST,POST /api/v1/auth/login,0.000000,0.000000,0,0,0,0,0,0,0,0,0,0,0,50,0,1300.0,1369.1218887201103,628.633758999058,2104.1982940005255,1622.0
1789883275,50,,Aggregated,25.500000,0.000000,8,8,8,8,10,10,13,16,33,33,33,20512,0,6,10.465418868713602,3.1226329956552945,2104.1982940005255,6826.738543291732
1789883276,50,GET,GET /api/v1/reservas,18.300000,0.000000,8,8,8,9,10,10,13,14,33,33,33,15369,0,7,7.676642804138296,4.633864002244081,256.99183600227116,8965.0
1789883276,50,GET,GET /api/v1/reservas/{id},7.100000,0.000000,6,6,7,7,8,10,13,24,24,24,24,5107,0,5,5.54638337424028,3.1226329956552945,177.67928400280653,442.0
1789883276,50,POST,POST /api/v1/auth/login,0.000000,0.000000,0,0,0,0,0,0,0,0,0,0,0,50,0,1300.0,1369.1218887201103,628.633758999058,2104.1982940005255,1622.0
1789883276,50,,Aggregated,25.400000,0.000000,8,8,8,8,10,10,13,14,33,33,33,20526,0,6,10.463012646645819,3.1226329956552945,2104.1982940005255,6826.536051836695
1789883277,50,GET,GET /api/v1/reservas,17.900000,0.000000,8,8,9,9,10,13,14,21,33,33,33,15388,0,7,7.680368918625535,4.633864002244081,256.99183600227116,8965.0
1789883277,50,GET,GET /api/v1/reservas/{id},6.800000,0.000000,6,6,6,7,8,10,13,24,24,24,24,5113,0,5,5.547395048160417,3.1226329956552945,177.67928400280653,442.0
1789883277,50,POST,POST /api/v1/auth/login,0.000000,0.000000,0,0,0,0,0,0,0,0,0,0,0,50,0,1300.0,1369.1218887201103,628.633758999058,2104.1982940005255,1622.0
1789883277,50,,Aggregated,24.700000,0.000000,8,8,8,9,10,12,14,21,33,33,33,20551,0,6,10.462042831835895,3.1226329956552945,2104.1982940005255,6826.649116831298
1789883278,50,GET,GET /api/v1/reservas,18.700000,0.000000,8,8,9,9,10,12,14,21,33,33,33,15409,0,7,7.680723048271209,4.633864002244081,256.99183600227116,8965.0
1789883278,50,GET,GET /api/v1/reservas/{id},6.000000,0.000000,6,6,6,6,7,10,13,24,24,24,24,5121,0,5,5.547116233202759,3.1226329956552945,177.67928400280653,442.0
1789883278,50,POST,POST /api/v1/auth/login,0.000000,0.000000,0,0,0,0,0,0,0,0,0,0,0,50,0,1300.0,1369.1218887201103,628.633758999058,2104.1982940005255,1622.0
1789883278,50,,Aggregated,24.700000,0.000000,8,8,8,9,10,12,14,21,33,33,33,20580,0,6,10.457489704424097,3.1226329956552945,2104.1982940005255,6826.349222546161
1789883279,50,GET,GET /api/v1/reservas,18.800000,0.000000,8,8,9,9,10,13,14,21,33,33,33,15428,0,7,7.6811669397077145,4.633864002244081,256.99183600227116,8965.0
1789883279,50,GET,GET /api/v1/reservas/{id},6.000000,0.000000,6,6,6,7,7,10,13,24,24,24,24,5126,0,5,5.547628392162349,3.1226329956552945,177.67928400280653,442.0
1789883279,50,POST,POST /api/v1/auth/login,0.000000,0.000000,0,0,0,0,0,0,0,0,0,0,0,50,0,1300.0,1369.1218887201103,628.633758999058,2104.1982940005255,1622.0
1789883279,50,,Aggregated,24.800000,0.000000,8,8,8,9,10,13,14,21,33,33,33,20604,0,6,10.454197297614073,3.1226329956552945,2104.1982940005255,6826.772083090662
1789883280,50,GET,GET /api/v1/reservas,18.900000,0.000000,8,8,9,9,10,13,14,21,33,33,33,15445,0,7,7.681917217858877,4.633864002244081,256.99183600227116,8965.0
1789883280,50,GET,GET /api/v1/reservas/{id},6.100000,0.000000,6,6,6,7,7,10,13,24,24,24,24,5131,0,5,5.5490954744131,3.1226329956552945,177.67928400280653,442.0
1789883280,50,POST,POST /api/v1/auth/login,0.000000,0.000000,0,0,0,0,0,0,0,0,0,0,0,50,0,1300.0,1369.1218887201103,628.633758999058,2104.1982940005255,1622.0
1789883280,50,,Aggregated,25.000000,0.000000,8,8,8,9,10,13,14,21,33,33,33,20626,0,6,10.451649119802651,3.1226329956552945,2104.1982940005255,6826.9866673131
1789883281,50,GET,GET /api/v1/reservas,19.000000,0.000000,8,8,9,9,11,13,21,25,35,35,35,15466,0,7,7.687447293859598,4.633864002244081,256.99183600227116,8965.0
1789883281,50,GET,GET /api/v1/reservas/{id},5.700000,0.000000,6,6,6,7,8,13,22,36,36,36,36,5144,0,5,5.5591954940151584,3.1226329956552945,177.67928400280653,442.0
1789883281,50,POST,POST /api/v1/auth/login,0.000000,0.000000,0,0,0,0,0,0,0,0,0,0,0,50,0,1300.0,1369.1218887201103,628.633758999058,2104.1982940005255,1622.0
1789883281,50,,Aggregated,24.700000,0.000000,8,8,8,9,10,13,22,25,36,36,36,20660,0,6,10.452403480351018,3.1226329956552945,2104.1982940005255,6825.142207163602
1789883282,50,GET,GET /api/v1/reservas,19.300000,0.000000,8,8,9,9,10,13,21,25,35,35,35,15480,0,7,7.687923249083774,4.633864002244081,256.99183600227116,8965.0
1789883282,50,GET,GET /api/v1/reservas/{id},5.800000,0.000000,6,6,6,7,8,10,22,36,36,36,36,5149,0,5,5.559106367687123,3.1226329956552945,177.67928400280653,442.0
1789883282,50,POST,POST /api/v1/auth/login,0.000000,0.000000,0,0,0,0,0,0,0,0,0,0,0,50,0,1300.0,1369.1218887201103,628.633758999058,2104.1982940005255,1622.0
1789883282,50,,Aggregated,25.100000,0.000000,8,8,8,9,10,13,22,25,36,36,36,20679,0,6,10.449682529089575,3.1226329956552945,2104.1982940005255,6825.047536147783
1789883283,50,GET,GET /api/v1/reservas,19.600000,0.000000,8,8,9,9,11,14,21,25,35,35,35,15491,0,7,7.689620393183753,4.633864002244081,256.99183600227116,8965.0
1789883283,50,GET,GET /api/v1/reservas/{id},6.100000,0.000000,6,6,7,7,9,11,22,36,36,36,36,5164,0,5,5.564442845120711,3.1226329956552945,177.67928400280653,442.0
1789883283,50,POST,POST /api/v1/auth/login,0.000000,0.000000,0,0,0,0,0,0,0,0,0,0,0,50,0,1300.0,1369.1218887201103,628.633758999058,2104.1982940005255,1622.0
1789883283,50,,Aggregated,25.700000,0.000000,8,8,9,9,10,13,22,25,36,36,36,20705,0,6,10.447272967834744,3.1226329956552945,2104.1982940005255,6821.56015455204
1789883284,50,GET,GET /api/v1/reservas,19.000000,0.000000,8,8,9,9,12,19,23,35,84,84,84,15507,0,7,7.695548721146305,4.633864002244081,256.99183600227116,8965.0
1789883284,50,GET,GET /api/v1/reservas/{id},6.000000,0.000000,6,6,7,7,9,11,27,36,36,36,36,5172,0,5,5.568131352706935,3.1226329956552945,177.67928400280653,442.0
1789883284,50,POST,POST /api/v1/auth/login,0.000000,0.000000,0,0,0,0,0,0,0,0,0,0,0,50,0,1300.0,1369.1218887201103,628.633758999058,2104.1982940005255,1622.0
1789883284,50,,Aggregated,25.000000,0.000000,8,8,9,9,11,19,25,35,84,84,84,20729,0,6,10.44861516768882,3.1226329956552945,2104.1982940005255,6820.752520623281
1789883285,50,GET,GET /api/v1/reservas,18.300000,0.000000,8,9,9,9,12,19,23,35,84,84,84,15523,0,7,7.6952797288418955,4.633864002244081,256.99183600227116,8965.0
1789883285,50,GET,GET /api/v1/reservas/{id},6.300000,0.000000,6,6,6,7,9,11,27,36,36,36,36,5184,0,5,5.567933210495876,3.1226329956552945,177.67928400280653,442.0
1789883285,50,POST,POST /api/v1/auth/login,0.000000,0.000000,0,0,0,0,0,0,0,0,0,0,0,50,0,1300.0,1369.1218887201103,628.633758999058,2104.1982940005255,1622.0
1789883285,50,,Aggregated,24.600000,0.000000,8,8,9,9,11,19,25,35,84,84,84,20757,0,6,10.443420890785223,3.1226329956552945,2104.1982940005255,6818.717685600039
1789883286,50,GET,GET /api/v1/reservas,17.200000,0.000000,8,8,9,9,11,19,23,35,84,84,84,15540,0,7,7.695119019615167,4.633864002244081,256.99183600227116,8965.0
1789883286,50,GET,GET /api/v1/reservas/{id},7.200000,0.000000,6,6,6,7,9,11,27,36,36,36,36,5190,0,5,5.567614412369412,3.1226329956552945,177.67928400280653,442.0
1789883286,50,POST,POST /api/v1/auth/login,0.000000,0.000000,0,0,0,0,0,0,0,0,0,0,0,50,0,1300.0,1369.1218887201103,628.633758999058,2104.1982940005255,1622.0
1789883286,50,,Aggregated,24.400000,0.000000,8,8,8,9,10,18,25,35,84,84,84,20780,0,6,10.439565101107915,3.1226329956552945,2104.1982940005255,6818.632338787295
1789883287,50,GET,GET /api/v1/reservas,17.800000,0.000000,8,8,9,9,10,18,23,35,84,84,84,15557,0,7,7.695267272857242,4.633864002244081,256.99183600227116,8965.0
1789883287,50,GET,GET /api/v1/reservas/{id},7.300000,0.000000,6,6,6,7,8,11,27,36,36,36,36,5198,0,5,5.567148504272925,3.1226329956552945,177.67928400280653,442.0
1789883287,50,POST,POST /api/v1/auth/login,0.000000,0.000000,0,0,0,0,0,0,0,0,0,0,0,50,0,1300.0,1369.1218887201103,628.633758999058,2104.1982940005255,1622.0
1789883287,50,,Aggregated,25.100000,0.000000,8,8,8,9,10,13,25,35,84,84,84,20805,0,6,10.435443658978913,3.1226329956552945,2104.1982940005255,6817.934198509974
1789883288,50,GET,GET /api/v1/reservas,16.400000,0.000000,8,8,9,9,10,18,23,35,84,84,84,15575,0,7,7.695036818225529,4.633864002244081,256.99183600227116,8965.0
1789883288,50,GET,GET /api/v1/reservas/{id},8.100000,0.000000,6,6,6,7,8,11,27,36,36,36,36,5205,0,5,5.567139989856808,3.1226329956552945,177.67928400280653,442.0
1789883288,50,POST,POST /api/v1/auth/login,0.000000,0.000000,0,0,0,0,0,0,0,0,0,0,0,50,0,1300.0,1369.1218887201103,628.633758999058,2104.1982940005255,1622.0
1789883288,50,,Aggregated,24.500000,0.000000,7,8,8,9,10,13,25,35,84,84,84,20830,0,6,10.431265315750014,3.1226329956552945,2104.1982940005255,6817.646903504561
1789883289,50,GET,GET /api/v1/reservas,16.500000,0.000000,8,8,9,9,10,18,23,35,84,84,84,15592,0,7,7.695295971642712,4.633864002244081,256.99183600227116,8965.0
1789883289,50,GET,GET /api/v1/reservas/{id},8.400000,0.000000,6,6,6,6,8,11,27,36,36,36,36,5210,0,5,5.5669417986966385,3.1226329956552945,177.67928400280653,442.0
1789883289,50,POST,POST /api/v1/auth/login,0.000000,0.000000,0,0,0,0,0,0,0,0,0,0,0,50,0,1300.0,1369.1218887201103,628.633758999058,2104.1982940005255,1622.0
1789883289,50,,Aggregated,24.900000,0.000000,7,8,8,9,10,12,25,35,84,84,84,20852,0,6,10.428012468687328,3.1226329956552945,2104.1982940005255,6817.86878956455
1789883290,50,GET,GET /api/v1/reservas,17.000000,0.000000,8,8,8,9,10,18,23,35,84,84,84,15612,0,7,7.695489451759103,4.633864002244081,256.99183600227116,8965.0
1789883290,50,GET,GET /api/v1/reservas/{id},8.400000,0.000000,6,6,6,6,8,11,27,36,36,36,36,5217,0,5,5.567091373818082,3.1226329956552945,177.67928400280653,442.0
1789883290,50,POST,POST /api/v1/auth/login,0.000000,0.000000,0,0,0,0,0,0,0,0,0,0,0,50,0,1300.0,1369.1218887201103,628.633758999058,2104.1982940005255,1622.0
1789883290,50,,Aggregated,25.400000,0.000000,7,8,8,8,10,12,25,35,84,84,84,20879,0,6,10.42394709775744,3.1226329956552945,2104.1982940005255,6817.787920877437
1789883291,50,GET,GET /api/v1/reservas,16.400000,0.000000,8,8,8,9,9,10,18,20,84,84,84,15630,0,7,7.694986775486256,4.633864002244081,256.99183600227116,8965.0
1789883291,50,GET,GET /api/v1/reservas/{id},8.500000,0.000000,6,6,6,6,7,11,11,27,27,27,27,5221,0,5,5.566866496686325,3.1226329956552945,177.67928400280653,442.0
1789883291,50,POST,POST /api/v1/auth/login,0.000000,0.000000,0,0,0,0,0,0,0,0,0,0,0,50,0,1300.0,1369.1218887201103,628.633758999058,2104.1982940005255,1622.0
1789883291,50,,Aggregated,24.900000,0.000000,7,8,8,8,9,10,18,20,84,84,84,20901,0,6,10.420235764607195,3.1226329956552945,2104.1982940005255,6818.416917850821
1789883292,50,GET,GET /api/v1/reservas,16.100000,0.000000,8,8,8,8,9,10,12,20,84,84,84,15652,0,7,7.694602287876707,4.633864002244081,256.99183600227116,8965.0
1789883292,50,GET,GET /api/v1/reservas/{id},8.300000,0.000000,6,6,6,6,7,11,11,27,27,27,27,5232,0,5,5.566994434096629,3.1226329956552945,177.67928400280653,442.0
1789883292,50,POST,POST /api/v1/auth/login,0.000000,0.000000,0,0,0,0,0,0,0,0,0,0,0,50,0,1300.0,1369.1218887201103,628.633758999058,2104.1982940005255,1622.0
1789883292,50,,Aggregated,24.400000,0.000000,7,8,8,8,9,10,12,20,84,84,84,20934,0,6,10.414565984763795,3.1226329956552945,2104.1982940005255,6817.32225088373
1789883293,50,GET,GET /api/v1/reservas,16.600000,0.000000,8,8,8,9,9,11,14,20,84,84,84,15668,0,7,7.695806713163601,4.633864002244081,256.99183600227116,8965.0
1789883293,50,GET,GET /api/v1/reservas/{id},8.100000,0.000000,5,6,6,6,6,7,11,27,27,27,27,5235,0,5,5.566755684658094,3.1226329956552945,177.67928400280653,442.0
1789883293,50,POST,POST /api/v1/auth/login,0.000000,0.000000,0,0,0,0,0,0,0,0,0,0,0,50,0,1300.0,1369.1218887201103,628.633758999058,2104.1982940005255,1622.0
1789883293,50,,Aggregated,24.700000,0.000000,7,8,8,8,9,11,14,20,84,84,84,20953,0,6,10.412635900684291,3.1226329956552945,2104.1982940005255,6818.0494439937
1789883294,50,GET,GET /api/v1/reservas,16.500000,0.000000,8,8,8,8,9,10,12,14,19,19,19,15686,0,7,7.694862752762218,4.633864002244081,256.99183600227116,8965.0
1789883294,50,GET,GET /api/v1/reservas/{id},8.000000,0.000000,5,6,6,6,6,7,7,11,11,11,11,5243,0,5,5.566010080332231,3.1226329956552945,177.67928400280653,442.0
1789883294,50,POST,POST /api/v1/auth/login,0.000000,0.000000,0,0,0,0,0,0,0,0,0,0,0,50,0,1300.0,1369.1218887201103,628.633758999058,2104.1982940005255,1622.0
1789883294,50,,Aggregated,24.500000,0.000000,7,8,8,8,9,10,11,14,19,19,19,20979,0,6,10.407564823252565,3.1226329956552945,2104.1982940005255,6817.46012679346
1789883295,50,GET,GET /api/v1/reservas,17.300000,0.000000,7,8,8,8,9,10,12,14,19,19,19,15708,0,7,7.693148037550298,4.633864002244081,256.99183600227116,8965.0
1789883295,50,GET,GET /api/v1/reservas/{id},8.100000,0.000000,5,6,6,6,6,7,7,11,11,11,11,5250,0,5,5.564936901747604,3.1226329956552945,177.67928400280653,442.0
1789883295,50,POST,POST /api/v1/auth/login,0.000000,0.000000,0,0,0,0,0,0,0,0,0,0,0,50,0,1300.0,1369.1218887201103,628.633758999058,2104.1982940005255,1622.0
1789883295,50,,Aggregated,25.400000,0.000000,7,8,8,8,9,10,11,14,19,19,19,21008,0,6,10.401560479056574,3.1226329956552945,2104.1982940005255,6817.584729626808
1789883296,50,GET,GET /api/v1/reservas,18.100000,0.000000,7,8,8,8,9,10,12,14,19,19,19,15723,0,7,7.692466639752771,4.633864002244081,256.99183600227116,8965.0
1789883296,50,GET,GET /api/v1/reservas/{id},6.700000,0.000000,5,6,6,6,6,7,7,11,11,11,11,5255,0,5,5.564524834476543,3.1226329956552945,177.67928400280653,442.0
1789883296,50,POST,POST /api/v1/auth/login,0.000000,0.000000,0,0,0,0,0,0,0,0,0,0,0,50,0,1300.0,1369.1218887201103,628.633758999058,2104.1982940005255,1622.0
1789883296,50,,Aggregated,24.800000,0.000000,7,7,8,8,9,10,11,14,19,19,19,21028,0,6,10.397865960529415,3.1226329956552945,2104.1982940005255,6817.60058017881
1789883297,50,GET,GET /api/v1/reservas,17.700000,0.000000,7,8,8,8,9,11,13,14,19,19,19,15748,0,7,7.691790958077536,4.633864002244081,256.99183600227116,8965.0
1789883297,50,GET,GET /api/v1/reservas/{id},7.300000,0.000000,5,6,6,6,6,7,7,11,11,11,11,5260,0,5,5.563934311439084,3.1226329956552945,177.67928400280653,442.0
1789883297,50,POST,POST /api/v1/auth/login,0.000000,0.000000,0,0,0,0,0,0,0,0,0,0,0,50,0,1300.0,1369.1218887201103,628.633758999058,2104.1982940005255,1622.0
1789883297,50,,Aggregated,25.000000,0.000000,7,7,8,8,9,10,12,14,19,19,19,21058,0,6,10.3928536861041,3.1226329956552945,2104.1982940005255,6818.636147782316
1789883298,50,GET,GET /api/v1/reservas,18.500000,0.000000,7,8,8,8,9,11,13,14,19,19,19,15766,0,7,7.690804516162106,4.633864002244081,256.99183600227116,8965.0
1789883298,50,GET,GET /api/v1/reservas/{id},6.700000,0.000000,5,6,6,6,7,7,9,11,11,11,11,5267,0,5,5.5629312686911865,3.1226329956552945,177.67928400280653,442.0
1789883298,50,POST,POST /api/v1/auth/login,0.000000,0.000000,0,0,0,0,0,0,0,0,0,0,0,50,0,1300.0,1369.1218887201103,628.633758999058,2104.1982940005255,1622.0
1789883298,50,,Aggregated,25.200000,0.000000,7,7,8,8,9,10,12,14,19,19,19,21083,0,6,10.387956051321622,3.1226329956552945,2104.1982940005255,6818.3514680073995
1789883299,50,GET,GET /api/v1/reservas,18.800000,0.000000,7,7,8,8,9,11,13,14,19,19,19,15779,0,7,7.689920670436217,4.633864002244081,256.99183600227116,8965.0
1789883299,50,GET,GET /api/v1/reservas/{id},6.700000,0.000000,5,6,6,6,6,7,9,11,11,11,11,5272,0,5,5.562146933459627,3.1226329956552945,177.67928400280653,442.0
1789883299,50,POST,POST /api/v1/auth/login,0.000000,0.000000,0,0,0,0,0,0,0,0,0,0,0,50,0,1300.0,1369.1218887201103,628.633758999058,2104.1982940005255,1622.0
1789883299,50,,Aggregated,25.500000,0.000000,6,7,7,8,8,10,12,14,19,19,19,21101,0,6,10.384294172220166,3.1226329956552945,2104.1982940005255,6818.16307284015
1789883300,50,GET,GET /api/v1/reservas,18.400000,0.000000,7,8,8,8,9,11,14,17,19,19,19,15808,0,7,7.691699096267626,4.633864002244081,256.99183600227116,8965.0
1789883300,50,GET,GET /api/v1/reservas/{id},6.400000,0.000000,5,5,6,6,6,7,9,11,11,11,11,5278,0,5,5.56188694300676,3.1226329956552945,177.67928400280653,442.0
1789883300,50,POST,POST /api/v1/auth/login,0.000000,0.000000,0,0,0,0,0,0,0,0,0,0,0,50,0,1300.0,1369.1218887201103,628.633758999058,2104.1982940005255,1622.0
1789883300,50,,Aggregated,24.800000,0.000000,7,7,8,8,9,11,14,17,19,19,19,21136,0,6,10.380493614448989,3.1226329956552945,2104.1982940005255,6819.298637395912
1789883301,50,GET,GET /api/v1/reservas,19.200000,0.000000,7,8,8,8,9,11,17,19,20,20,20,15824,0,7,7.6928196067240044,4.633864002244081,256.99183600227116,8965.0
1789883301,50,GET,GET /api/v1/reservas/{id},6.200000,0.000000,5,6,6,6,7,9,11,13,13,13,13,5284,0,5,5.563833085006736,3.1226329956552945,177.67928400280653,442.0
1789883301,50,POST,POST /api/v1/auth/login,0.000000,0.000000,0,0,0,0,0,0,0,0,0,0,0,50,0,1300.0,1369.1218887201103,628.633758999058,2104.1982940005255,1622.0
1789883301,50,,Aggregated,25.400000,0.000000,7,7,8,8,9,11,14,17,20,20,20,21158,0,6,10.378417899327998,3.1226329956552945,2104.1982940005255,6819.1127705832305
1789883302,50,GET,GET /api/v1/reservas,19.100000,0.000000,7,8,8,9,11,13,17,19,20,20,20,15840,0,7,7.696503972777859,4.633864002244081,256.99183600227116,8965.0
1789883302,50,GET,GET /api/v1/reservas/{id},6.300000,0.000000,6,6,6,7,11,12,13,22,22,22,22,5293,0,5,5.572851730241262,3.1226329956552945,177.67928400280653,442.0
1789883302,50,POST,POST /api/v1/auth/login,0.000000,0.000000,0,0,0,0,0,0,0,0,0,0,0,50,0,1300.0,1369.1218887201103,628.633758999058,2104.1982940005255,1622.0
1789883302,50,,Aggregated,25.400000,0.000000,7,8,8,9,11,13,17,19,22,22,22,21183,0,6,10.3793523850717,3.1226329956552945,2104.1982940005255,6818.0241703252605
1789883303,50,GET,GET /api/v1/reservas,19.200000,0.000000,7,8,9,10,13,15,20,37,45,45,45,15860,0,7,7.707171672181408,4.633864002244081,256.99183600227116,8965.0
1789883303,50,GET,GET /api/v1/reservas/{id},6.100000,0.000000,6,6,7,8,12,15,22,39,39,39,39,5299,0,5,5.583943695066748,3.1226329956552945,177.67928400280653,442.0
1789883303,50,POST,POST /api/v1/auth/login,0.000000,0.000000,0,0,0,0,0,0,0,0,0,0,0,50,0,1300.0,1369.1218887201103,628.633758999058,2104.1982940005255,1622.0
1789883303,50,,Aggregated,25.300000,0.000000,7,8,9,10,13,15,20,37,45,45,45,21209,0,6,10.386211268657709,3.1226329956552945,2104.1982940005255,6818.244990334292
1789883304,50,GET,GET /api/v1/reservas,19.200000,0.000000,8,9,10,11,14,17,30,45,58,58,58,15877,0,7,7.715631254885383,4.633864002244081,256.99183600227116,8965.0
1789883304,50,GET,GET /api/v1/reservas/{id},6.100000,0.000000,6,7,9,12,15,39,39,63,63,63,63,5307,0,5,5.6073345771912795,3.1226329956552945,177.67928400280653,442.0
1789883304,50,POST,POST /api/v1/auth/login,0.000000,0.000000,0,0,0,0,0,0,0,0,0,0,0,50,0,1300.0,1369.1218887201103,628.633758999058,2104.1982940005255,1622.0
1789883304,50,,Aggregated,25.300000,0.000000,7,8,10,11,15,18,39,45,63,63,63,21234,0,6,10.394428580153285,3.1226329956552945,2104.1982940005255,6817.5614109447115
1789883305,50,GET,GET /api/v1/reservas,18.700000,0.000000,8,9,11,12,15,17,30,45,58,58,58,15893,0,7,7.71600603377713,4.633864002244081,256.99183600227116,8965.0
1789883305,50,GET,GET /api/v1/reservas/{id},6.100000,0.000000,6,7,9,11,15,22,39,63,63,63,63,5314,0,5,5.607054932468944,3.1226329956552945,177.67928400280653,442.0
1789883305,50,POST,POST /api/v1/auth/login,0.000000,0.000000,0,0,0,0,0,0,0,0,0,0,0,50,0,1300.0,1369.1218887201103,628.633758999058,2104.1982940005255,1622.0
1789883305,50,,Aggregated,24.800000,0.000000,8,9,10,12,15,18,39,45,63,63,63,21257,0,6,10.39104616088655,3.1226329956552945,2104.1982940005255,6817.078280095969
1789883306,50,GET,GET /api/v1/reservas,19.100000,0.000000,8,9,11,12,15,17,30,45,58,58,58,15908,0,7,7.7161070365739715,4.633864002244081,256.99183600227116,8965.0
1789883306,50,GET,GET /api/v1/reservas/{id},6.800000,0.000000,6,7,9,12,18,22,39,63,63,63,63,5325,0,5,5.611565007912618,3.1226329956552945,177.67928400280653,442.0
1789883306,50,POST,POST /api/v1/auth/login,0.000000,0.000000,0,0,0,0,0,0,0,0,0,0,0,50,0,1300.0,1369.1218887201103,628.633758999058,2104.1982940005255,1622.0
1789883306,50,,Aggregated,25.900000,0.000000,8,9,11,12,15,20,39,45,63,63,63,21283,0,6,10.387892159984915,3.1226329956552945,2104.1982940005255,6815.297185547151
1789883307,50,GET,GET /api/v1/reservas,19.400000,0.000000,8,9,11,12,15,17,30,45,58,58,58,15924,0,7,7.715272230019516,4.633864002244081,256.99183600227116,8965.0
1789883307,50,GET,GET /api/v1/reservas/{id},6.100000,0.000000,6,7,8,12,18,22,39,63,63,63,63,5333,0,5,5.611088760574645,3.1226329956552945,177.67928400280653,442.0
1789883307,50,POST,POST /api/v1/auth/login,0.000000,0.000000,0,0,0,0,0,0,0,0,0,0,0,50,0,1300.0,1369.1218887201103,628.633758999058,2104.1982940005255,1622.0
1789883307,50,,Aggregated,25.500000,0.000000,8,9,11,12,15,20,39,45,63,63,63,21307,0,6,10.383349405687374,3.1226329956552945,2104.1982940005255,6814.518515042005
1789883308,50,GET,GET /api/v1/reservas,19.000000,0.000000,8,9,11,12,15,17,30,45,58,58,58,15942,0,7,7.715452577959194,4.633864002244081,256.99183600227116,8965.0
1789883308,50,GET,GET /api/v1/reservas/{id},6.400000,0.000000,6,7,8,11,15,22,39,63,63,63,63,5342,0,5,5.6101657710896875,3.1226329956552945,177.67928400280653,442.0
1789883308,50,POST,POST /api/v1/auth/login,0.000000,0.000000,0,0,0,0,0,0,0,0,0,0,0,50,0,1300.0,1369.1218887201103,628.633758999058,2104.1982940005255,1622.0
1789883308,50,,Aggregated,25.400000,0.000000,8,9,11,12,15,20,39,45,63,63,63,21334,0,6,10.378988702680797,3.1226329956552945,2104.1982940005255,6813.644604856098
1789883309,50,GET,GET /api/v1/reservas,18.500000,0.000000,8,9,11,12,15,17,30,45,58,58,58,15961,0,7,7.714700844360112,4.633864002244081,256.99183600227116,8965.0
1789883309,50,GET,GET /api/v1/reservas/{id},6.600000,0.000000,6,7,8,11,15,22,39,63,63,63,63,5347,0,5,5.609880037245456,3.1226329956552945,177.67928400280653,442.0
1789883309,50,POST,POST /api/v1/auth/login,0.000000,0.000000,0,0,0,0,0,0,0,0,0,0,0,50,0,1300.0,1369.1218887201103,628.633758999058,2104.1982940005255,1622.0
1789883309,50,,Aggregated,25.100000,0.000000,8,9,11,12,15,20,39,45,63,63,63,21358,0,6,10.37486951830643,3.1226329956552945,2104.1982940005255,6814.066813372038
1789883310,50,GET,GET /api/v1/reservas,17.600000,0.000000,8,9,11,12,15,17,30,45,58,58,58,15985,0,7,7.715755658794867,4.633864002244081,256.99183600227116,8965.0
1789883310,50,GET,GET /api/v1/reservas/{id},7.300000,0.000000,6,7,8,12,18,22,39,63,63,63,63,5350,0,5,5.60910063516947,3.1226329956552945,177.67928400280653,442.0
1789883310,50,POST,POST /api/v1/auth/login,0.000000,0.000000,0,0,0,0,0,0,0,0,0,0,0,50,0,1300.0,1369.1218887201103,628.633758999058,2104.1982940005255,1622.0
1789883310,50,,Aggregated,24.900000,0.000000,8,9,10,12,15,20,39,45,63,63,63,21385,0,6,10.371809073649667,3.1226329956552945,2104.1982940005255,6815.586859948562
1789883311,50,GET,GET /api/v1/reservas,17.700000,0.000000,8,9,10,12,15,17,33,45,58,58,58,16003,0,7,7.718526592378745,4.633864002244081,256.99183600227116,8965.0
1789883311,50,GET,GET /api/v1/reservas/{id},7.400000,0.000000,6,7,9,11,20,22,39,63,63,63,63,5354,0,5,5.613476204923894,3.1226329956552945,177.67928400280653,442.0
1789883311,50,POST,POST /api/v1/auth/login,0.000000,0.000000,0,0,0,0,0,0,0,0,0,0,0,50,0,1300.0,1369.1218887201103,628.633758999058,2104.1982940005255,1622.0
1789883311,50,,Aggregated,25.100000,0.000000,8,9,10,12,15,20,39,45,63,63,63,21407,0,6,10.371851595039244,3.1226329956552945,2104.1982940005255,6816.203251272948
1789883312,50,GET,GET /api/v1/reservas,18.000000,0.000000,8,9,9,10,14,17,33,45,58,58,58,16028,0,7,7.720113594075642,4.633864002244081,256.99183600227116,8965.0
1789883312,50,GET,GET /api/v1/reservas/{id},7.600000,0.000000,6,6,7,10,18,21,39,63,63,63,63,5357,0,5,5.614828051365001,3.1226329956552945,177.67928400280653,442.0
1789883312,50,POST,POST /api/v1/auth/login,0.000000,0.000000,0,0,0,0,0,0,0,0,0,0,0,50,0,1300.0,1369.1218887201103,628.633758999058,2104.1982940005255,1622.0
1789883312,50,,Aggregated,25.600000,0.000000,8,9,9,10,15,20,39,45,63,63,63,21435,0,6,10.369615535013398,3.1226329956552945,2104.1982940005255,6817.817308140891
1789883313,50,GET,GET /api/v1/reservas,17.900000,0.000000,8,8,9,9,10,12,16,17,33,33,33,16043,0,7,7.71989452526574,4.633864002244081,256.99183600227116,8965.0
1789883313,50,GET,GET /api/v1/reservas/{id},7.000000,0.000000,5,6,6,6,10,20,20,21,21,21,21,5364,0,5,5.615067331870897,3.1226329956552945,177.67928400280653,442.0
1789883313,50,POST,POST /api/v1/auth/login,0.000000,0.000000,0,0,0,0,0,0,0,0,0,0,0,50,0,1300.0,1369.1218887201103,628.633758999058,2104.1982940005255,1622.0
1789883313,50,,Aggregated,24.900000,0.000000,7,8,9,9,10,13,17,20,33,33,33,21457,0,6,10.366108191872083,3.1226329956552945,2104.1982940005255,6817.238337139395
1789883314,50,GET,GET /api/v1/reservas,18.100000,0.000000,8,8,9,9,10,12,16,17,33,33,33,16063,0,7,7.720751379993055,4.633864002244081,256.99183600227116,8965.0
1789883314,50,GET,GET /api/v1/reservas/{id},6.900000,0.000000,5,6,6,7,9,14,20,21,21,21,21,5371,0,5,5.616828497515636,3.1226329956552945,177.67928400280653,442.0
1789883314,50,POST,POST /api/v1/auth/login,0.000000,0.000000,0,0,0,0,0,0,0,0,0,0,0,50,0,1300.0,1369.1218887201103,628.633758999058,2104.1982940005255,1622.0
1789883314,50,,Aggregated,25.000000,0.000000,7,8,8,9,10,12,17,20,33,33,33,21484,0,6,10.36317770028814,3.1226329956552945,2104.1982940005255,6817.160538074846
1789883315,50,GET,GET /api/v1/reservas,18.800000,0.000000,8,8,9,9,10,12,16,17,33,33,33,16083,0,7,7.720926454879277,4.633864002244081,256.99183600227116,8965.0
1789883315,50,GET,GET /api/v1/reservas/{id},6.400000,0.000000,6,6,6,7,10,14,20,21,21,21,21,5377,0,5,5.617995499750761,3.1226329956552945,177.67928400280653,442.0
1789883315,50,POST,POST /api/v1/auth/login,0.000000,0.000000,0,0,0,0,0,0,0,0,0,0,0,50,0,1300.0,1369.1218887201103,628.633758999058,2104.1982940005255,1622.0
1789883315,50,,Aggregated,25.200000,0.000000,7,8,8,9,10,12,17,20,33,33,33,21510,0,6,10.359819451975303,3.1226329956552945,2104.1982940005255,6817.3793119479315
1789883316,50,GET,GET /api/v1/reservas,18.300000,0.000000,8,8,9,9,10,11,16,17,33,33,33,16103,0,7,7.72004213120812,4.633864002244081,256.99183600227116,8965.0
1789883316,50,GET,GET /api/v1/reservas/{id},6.200000,0.000000,6,6,6,7,9,11,14,20,20,20,20,5383,0,5,5.617633349278268,3.1226329956552945,177.67928400280653,442.0
1789883316,50,POST,POST /api/v1/auth/login,0.000000,0.000000,0,0,0,0,0,0,0,0,0,0,0,50,0,1300.0,1369.1218887201103,628.633758999058,2104.1982940005255,1622.0
1789883316,50,,Aggregated,24.500000,0.000000,7,8,8,9,10,11,16,17,33,33,33,21536,0,6,10.355295932114357,3.1226329956552945,2104.1982940005255,6817.5975575780085
1789883317,50,GET,GET /api/v1/reservas,18.400000,0.000000,8,8,9,9,10,11,16,17,33,33,33,16117,0,7,7.719181663017133,4.633864002244081,256.99183600227116,8965.0
1789883317,50,GET,GET /api/v1/reservas/{id},6.400000,0.000000,6,6,6,7,9,11,14,20,20,20,20,5393,0,5,5.616468436892623,3.1226329956552945,177.67928400280653,442.0
1789883317,50,POST,POST /api/v1/auth/login,0.000000,0.000000,0,0,0,0,0,0,0,0,0,0,0,50,0,1300.0,1369.1218887201103,628.633758999058,2104.1982940005255,1622.0
1789883317,50,,Aggregated,24.800000,0.000000,7,8,8,9,10,11,16,17,33,33,33,21560,0,6,10.350452670640749,3.1226329956552945,2104.1982940005255,6816.034833024119
1789883318,50,GET,GET /api/v1/reservas,18.300000,0.000000,8,8,9,9,10,11,16,17,33,33,33,16136,0,7,7.718519948614681,4.633864002244081,256.99183600227116,8965.0
1789883318,50,GET,GET /api/v1/reservas/{id},6.200000,0.000000,6,6,6,7,9,11,14,20,20,20,20,5399,0,5,5.6158259692840335,3.1226329956552945,177.67928400280653,442.0
1789883318,50,POST,POST /api/v1/auth/login,0.000000,0.000000,0,0,0,0,0,0,0,0,0,0,0,50,0,1300.0,1369.1218887201103,628.633758999058,2104.1982940005255,1622.0
1789883318,50,,Aggregated,24.500000,0.000000,7,8,8,9,10,11,16,17,33,33,33,21585,0,6,10.346165241372088,3.1226329956552945,2104.1982940005255,6816.154644429002
1789883319,50,GET,GET /api/v1/reservas,19.200000,0.000000,8,8,9,9,10,11,16,17,33,33,33,16154,0,7,7.717687717582183,4.633864002244081,256.99183600227116,8965.0
1789883319,50,GET,GET /api/v1/reservas/{id},6.200000,0.000000,6,6,6,7,8,10,14,20,20,20,20,5407,0,5,5.615839420226178,3.1226329956552945,177.67928400280653,442.0
1789883319,50,POST,POST /api/v1/auth/login,0.000000,0.000000,0,0,0,0,0,0,0,0,0,0,0,50,0,1300.0,1369.1218887201103,628.633758999058,2104.1982940005255,1622.0
1789883319,50,,Aggregated,25.400000,0.000000,7,8,8,9,10,11,16,17,33,33,33,21611,0,6,10.341606847021936,3.1226329956552945,2104.1982940005255,6815.584841053167
1789883320,50,GET,GET /api/v1/reservas,19.700000,0.000000,8,8,8,9,10,11,16,17,33,33,33,16172,0,7,7.71789170621049,4.633864002244081,256.99183600227116,8965.0
1789883320,50,GET,GET /api/v1/reservas/{id},6.000000,0.000000,6,6,6,7,8,10,14,20,20,20,20,5414,0,5,5.615305318462717,3.1226329956552945,177.67928400280653,442.0
1789883320,50,POST,POST /api/v1/auth/login,0.000000,0.000000,0,0,0,0,0,0,0,0,0,0,0,50,0,1300.0,1369.1218887201103,628.633758999058,2104.1982940005255,1622.0
1789883320,50,,Aggregated,25.700000,0.000000,7,8,8,8,9,10,16,17,33,33,33,21636,0,6,10.337913759613548,3.1226329956552945,2104.1982940005255,6815.310963209466
1789883321,50,GET,GET /api/v1/reservas,19.400000,0.000000,7,8,8,8,9,10,12,12,16,16,16,16187,0,7,7.718348830285642,4.633864002244081,256.99183600227116,8965.0
1789883321,50,GET,GET /api/v1/reservas/{id},5.800000,0.000000,6,6,6,6,7,8,10,11,11,11,11,5419,0,5,5.615056712707843,3.1226329956552945,177.67928400280653,442.0
1789883321,50,POST,POST /api/v1/auth/login,0.000000,0.000000,0,0,0,0,0,0,0,0,0,0,0,50,0,1300.0,1369.1218887201103,628.633758999058,2104.1982940005255,1622.0
1789883321,50,POST,POST /api/v1/auth/refresh,0.000000,0.000000,0,0,0,0,0,0,0,0,0,0,0,6,0,31,32.70498633355601,23.81083899672376,51.20539000199642,1622.0
1789883321,50,,Aggregated,25.200000,0.000000,7,8,8,8,9,11,24,32,51,51,51,21662,0,6,10.341484128704844,3.1226329956552945,2104.1982940005255,6813.889991690518
1789883322,50,GET,GET /api/v1/reservas,19.200000,0.000000,7,8,8,8,9,10,12,14,16,16,16,16217,0,7,7.718482079227476,4.633864002244081,256.99183600227116,8965.0
1789883322,50,GET,GET /api/v1/reservas/{id},5.900000,0.000000,5,6,6,6,7,7,10,11,11,11,11,5420,0,5,5.615009913867569,3.1226329956552945,177.67928400280653,442.0
1789883322,50,POST,POST /api/v1/auth/login,0.000000,0.000000,0,0,0,0,0,0,0,0,0,0,0,50,0,1300.0,1369.1218887201103,628.633758999058,2104.1982940005255,1622.0
1789883322,50,POST,POST /api/v1/auth/refresh,0.000000,0.000000,33,35,35,36,37,39,39,39,39,39,39,15,0,33,32.480529866976816,22.952118000830524,51.20539000199642,1622.0
1789883322,50,,Aggregated,25.100000,0.000000,7,8,8,8,10,24,35,37,51,51,51,21702,0,6,10.346847294996055,3.1226329956552945,2104.1982940005255,6814.416874020828
1789883323,50,GET,GET /api/v1/reservas,18.500000,0.000000,7,8,8,9,10,11,13,14,16,16,16,16234,0,7,7.719551930937707,4.633864002244081,256.99183600227116,8965.0
1789883323,50,GET,GET /api/v1/reservas/{id},6.400000,0.000000,6,6,6,6,7,10,10,11,11,11,11,5424,0,5,5.61640827104746,3.1226329956552945,177.67928400280653,442.0
1789883323,50,POST,POST /api/v1/auth/login,0.000000,0.000000,0,0,0,0,0,0,0,0,0,0,0,50,0,1300.0,1369.1218887201103,628.633758999058,2104.1982940005255,1622.0
1789883323,50,POST,POST /api/v1/auth/refresh,0.100000,0.000000,32,34,35,36,37,37,39,39,39,39,39,23,0,32,31.57570113082487,21.660881000570953,51.20539000199642,1622.0
1789883323,50,,Aggregated,25.000000,0.000000,7,8,9,9,13,31,36,37,51,51,51,21731,0,6,10.352258988128417,3.1226329956552945,2104.1982940005255,6813.01477152455
1789883324,50,GET,GET /api/v1/reservas,18.300000,0.000000,7,8,8,9,10,11,13,15,16,16,16,16250,0,7,7.720513890883348,4.633864002244081,256.99183600227116,8965.0
1789883324,50,GET,GET /api/v1/reservas/{id},6.500000,0.000000,6,6,6,6,7,8,10,10,10,10,10,5431,0,5,5.616559371046378,3.1226329956552945,177.67928400280653,442.0
1789883324,50,POST,POST /api/v1/auth/login,0.000000,0.000000,0,0,0,0,0,0,0,0,0,0,0,50,0,1300.0,1369.1218887201103,628.633758999058,2104.1982940005255,1622.0
1789883324,50,POST,POST /api/v1/auth/refresh,1.000000,0.000000,29,33,34,35,37,37,39,39,39,39,39,30,0,29,30.64374456735095,21.660881000570953,51.20539000199642,1622.0
1789883324,50,,Aggregated,25.800000,0.000000,7,8,9,10,24,31,36,37,51,51,51,21761,0,6,10.355098177658808,3.1226329956552945,2104.1982940005255,6810.877808924222
1789883325,50,GET,GET /api/v1/reservas,18.600000,0.000000,7,8,9,9,11,13,17,19,41,41,41,16273,0,7,7.7265720984360735,4.633864002244081,256.99183600227116,8965.0
1789883325,50,GET,GET /api/v1/reservas/{id},6.100000,0.000000,5,6,6,6,7,10,10,26,26,26,26,5436,0,5,5.621409250950169,3.1226329956552945,177.67928400280653,442.0
1789883325,50,POST,POST /api/v1/auth/login,0.000000,0.000000,0,0,0,0,0,0,0,0,0,0,0,50,0,1300.0,1369.1218887201103,628.633758999058,2104.1982940005255,1622.0
1789883325,50,POST,POST /api/v1/auth/refresh,1.700000,0.000000,31,34,36,36,38,47,56,56,56,56,56,42,0,31,32.092004643518955,20.96791099756956,55.65531500178622,1622.0
1789883325,50,,Aggregated,26.400000,0.000000,7,8,10,12,28,35,39,48,56,56,56,21801,0,6,10.370920924592847,3.1226329956552945,2104.1982940005255,6808.833585615339
1789883326,50,GET,GET /api/v1/reservas,18.800000,0.000000,8,8,9,9,11,13,17,19,41,41,41,16293,0,7,7.726169243840669,4.633864002244081,256.99183600227116,8965.0
1789883326,50,GET,GET /api/v1/reservas/{id},5.900000,0.000000,6,6,6,6,7,10,10,26,26,26,26,5441,0,5,5.621481929273291,3.1226329956552945,177.67928400280653,442.0
1789883326,50,POST,POST /api/v1/auth/login,0.000000,0.000000,0,0,0,0,0,0,0,0,0,0,0,50,0,1300.0,1369.1218887201103,628.633758999058,2104.1982940005255,1622.0
1789883326,50,POST,POST /api/v1/auth/refresh,2.300000,0.000000,29,33,35,36,38,47,56,56,56,56,56,46,0,29,31.45508593534823,20.820136996917427,55.65531500178622,1622.0
1789883326,50,,Aggregated,27.000000,0.000000,8,9,11,13,28,35,39,48,56,56,56,21830,0,6,10.369765783605292,3.1226329956552945,2104.1982940005255,6808.400320659643
1789883327,50,GET,GET /api/v1/reservas,18.700000,0.000000,8,8,9,9,12,14,17,19,41,41,41,16313,0,7,7.727132696493976,4.633864002244081,256.99183600227116,8965.0
1789883327,50,GET,GET /api/v1/reservas/{id},6.200000,0.000000,6,6,6,7,7,10,10,26,26,26,26,5448,0,5,5.621960865488844,3.1226329956552945,177.67928400280653,442.0
1789883327,50,POST,POST /api/v1/auth/login,0.000000,0.000000,0,0,0,0,0,0,0,0,0,0,0,50,0,1300.0,1369.1218887201103,628.633758999058,2104.1982940005255,1622.0
1789883327,50,POST,POST /api/v1/auth/refresh,3.400000,0.000000,29,33,35,36,38,47,56,56,56,56,56,50,0,29,31.13284232051228,20.492110001214314,55.65531500178622,1622.0
1789883327,50,,Aggregated,28.300000,0.000000,8,9,11,15,28,35,39,48,56,56,56,21861,0,6,10.369786149998655,3.1226329956552945,2104.1982940005255,6807.385801198481
1789883328,50,GET,GET /api/v1/reservas,19.100000,0.000000,8,8,9,10,12,14,17,19,41,41,41,16334,0,7,7.728144927568903,4.633864002244081,256.99183600227116,8965.0
1789883328,50,GET,GET /api/v1/reservas/{id},6.000000,0.000000,6,6,6,7,7,10,10,26,26,26,26,5454,0,5,5.621929881590588,3.1226329956552945,177.67928400280653,442.0
1789883328,50,POST,POST /api/v1/auth/login,0.000000,0.000000,0,0,0,0,0,0,0,0,0,0,0,50,0,1300.0,1369.1218887201103,628.633758999058,2104.1982940005255,1622.0
1789883328,50,POST,POST /api/v1/auth/refresh,4.300000,0.000000,29,33,35,36,38,47,56,56,56,56,56,50,0,29,31.13284232051228,20.492110001214314,55.65531500178622,1622.0
1789883328,50,,Aggregated,29.400000,0.000000,8,9,11,15,28,35,39,48,56,56,56,21888,0,6,10.366696882910118,3.1226329956552945,2104.1982940005255,6807.710983187135
1789883329,50,GET,GET /api/v1/reservas,19.200000,0.000000,8,8,9,10,12,14,17,19,41,41,41,16351,0,7,7.72774933342897,4.633864002244081,256.99183600227116,8965.0
1789883329,50,GET,GET /api/v1/reservas/{id},5.900000,0.000000,6,6,6,7,7,10,10,26,26,26,26,5464,0,5,5.621288043411972,3.1226329956552945,177.67928400280653,442.0
1789883329,50,POST,POST /api/v1/auth/login,0.000000,0.000000,0,0,0,0,0,0,0,0,0,0,0,50,0,1300.0,1369.1218887201103,628.633758999058,2104.1982940005255,1622.0
1789883329,50,POST,POST /api/v1/auth/refresh,4.800000,0.000000,29,33,35,36,38,47,56,56,56,56,56,50,0,29,31.13284232051228,20.492110001214314,55.65531500178622,1622.0
1789883329,50,,Aggregated,29.900000,0.000000,8,9,11,15,28,35,39,48,56,56,56,21915,0,6,10.362029832175734,3.1226329956552945,2104.1982940005255,6806.479717088752
1789883330,50,GET,GET /api/v1/reservas,19.300000,0.000000,8,8,9,10,11,13,17,19,41,41,41,16369,0,7,7.727585262867503,4.633864002244081,256.99183600227116,8965.0
1789883330,50,GET,GET /api/v1/reservas/{id},5.300000,0.000000,6,6,6,7,8,10,10,26,26,26,26,5474,0,5,5.621102582793983,3.1226329956552945,177.67928400280653,442.0
1789883330,50,POST,POST /api/v1/auth/login,0.000000,0.000000,0,0,0,0,0,0,0,0,0,0,0,50,0,1300.0,1369.1218887201103,628.633758999058,2104.1982940005255,1622.0
1789883330,50,POST,POST /api/v1/auth/refresh,5.000000,0.000000,29,33,35,36,38,47,56,56,56,56,56,50,0,29,31.13284232051228,20.492110001214314,55.65531500178622,1622.0
1789883330,50,,Aggregated,29.600000,0.000000,8,9,11,13,28,34,38,47,56,56,56,21943,0,6,10.35753977387429,3.1226329956552945,2104.1982940005255,6805.349906576129
1789883331,50,GET,GET /api/v1/reservas,19.600000,0.000000,8,8,9,10,11,13,17,19,41,41,41,16385,0,7,7.727572351289584,4.633864002244081,256.99183600227116,8965.0
1789883331,50,GET,GET /api/v1/reservas/{id},5.400000,0.000000,6,6,6,7,7,8,10,26,26,26,26,5477,0,5,5.621307677600112,3.1226329956552945,177.67928400280653,442.0
1789883331,50,POST,POST /api/v1/auth/login,0.000000,0.000000,0,0,0,0,0,0,0,0,0,0,0,50,0,1300.0,1369.1218887201103,628.633758999058,2104.1982940005255,1622.0
1789883331,50,POST,POST /api/v1/auth/refresh,5.000000,0.000000,29,33,36,36,39,48,56,56,56,56,56,50,0,29,31.13284232051228,20.492110001214314,55.65531500178622,1622.0
1789883331,50,,Aggregated,30.000000,0.000000,8,9,10,12,27,33,38,47,56,56,56,21962,0,6,10.355018289687951,3.1226329956552945,2104.1982940005255,6806.05404790092
1789883332,50,GET,GET /api/v1/reservas,19.100000,0.000000,8,8,9,9,11,13,17,19,41,41,41,16411,0,7,7.726610166040313,4.633864002244081,256.99183600227116,8965.0
1789883332,50,GET,GET /api/v1/reservas/{id},5.600000,0.000000,6,6,6,7,7,10,10,26,26,26,26,5480,0,5,5.6207560491262205,3.1226329956552945,177.67928400280653,442.0
1789883332,50,POST,POST /api/v1/auth/login,0.000000,0.000000,0,0,0,0,0,0,0,0,0,0,0,50,0,1300.0,1369.1218887201103,628.633758999058,2104.1982940005255,1622.0
1789883332,50,POST,POST /api/v1/auth/refresh,5.000000,0.000000,28,33,34,36,38,48,56,56,56,56,56,50,0,29,31.13284232051228,20.492110001214314,55.65531500178622,1622.0
1789883332,50,,Aggregated,29.700000,0.000000,7,8,10,11,24,30,37,47,56,56,56,21991,0,6,10.350410583244527,3.1226329956552945,2104.1982940005255,6807.738392978946
1789883333,50,GET,GET /api/v1/reservas,19.500000,0.000000,8,8,9,9,11,13,17,19,41,41,41,16431,0,7,7.727867565752194,4.633864002244081,256.99183600227116,8965.0
1789883333,50,GET,GET /api/v1/reservas/{id},6.200000,0.000000,6,6,6,6,7,7,10,26,26,26,26,5487,0,5,5.620157801570948,3.1226329956552945,177.67928400280653,442.0
1789883333,50,POST,POST /api/v1/auth/login,0.000000,0.000000,0,0,0,0,0,0,0,0,0,0,0,50,0,1300.0,1369.1218887201103,628.633758999058,2104.1982940005255,1622.0
1789883333,50,POST,POST /api/v1/auth/refresh,4.900000,0.000000,28,30,34,36,47,48,56,56,56,56,56,50,0,29,31.13284232051228,20.492110001214314,55.65531500178622,1622.0
1789883333,50,,Aggregated,30.600000,0.000000,7,8,9,10,20,28,37,47,56,56,56,22018,0,6,10.347312852308349,3.1226329956552945,2104.1982940005255,6807.674130257063
1789883334,50,GET,GET /api/v1/reservas,20.100000,0.000000,7,8,8,9,11,12,15,15,17,17,17,16446,0,7,7.727182957185362,4.633864002244081,256.99183600227116,8965.0
1789883334,50,GET,GET /api/v1/reservas/{id},5.800000,0.000000,6,6,6,6,7,7,7,8,8,8,8,5494,0,5,5.619656503681311,3.1226329956552945,177.67928400280653,442.0
1789883334,50,POST,POST /api/v1/auth/login,0.000000,0.000000,0,0,0,0,0,0,0,0,0,0,0,50,0,1300.0,1369.1218887201103,628.633758999058,2104.1982940005255,1622.0
1789883334,50,POST,POST /api/v1/auth/refresh,4.000000,0.000000,28,34,36,36,38,48,48,48,48,48,48,50,0,29,31.13284232051228,20.492110001214314,55.65531500178622,1622.0
1789883334,50,,Aggregated,29.900000,0.000000,7,8,8,9,12,21,34,37,48,48,48,22040,0,6,10.34339293544132,3.1226329956552945,2104.1982940005255,6807.12059891107
1789883335,50,GET,GET /api/v1/reservas,19.500000,0.000000,7,8,8,9,11,12,14,15,21,21,21,16459,0,7,7.728837439205285,4.633864002244081,256.99183600227116,8965.0
1789883335,50,GET,GET /api/v1/reservas/{id},6.300000,0.000000,6,6,6,6,7,8,12,18,18,18,18,5506,0,5,5.624696004403337,3.1226329956552945,177.67928400280653,442.0
1789883335,50,POST,POST /api/v1/auth/login,0.000000,0.000000,0,0,0,0,0,0,0,0,0,0,0,50,0,1300.0,1369.1218887201103,628.633758999058,2104.1982940005255,1622.0
1789883335,50,POST,POST /api/v1/auth/refresh,3.300000,0.000000,27,28,30,30,34,34,34,34,34,34,34,50,0,29,31.13284232051228,20.492110001214314,55.65531500178622,1622.0
1789883335,50,,Aggregated,29.100000,0.000000,7,8,8,8,11,13,21,28,34,34,34,22065,0,6,10.34177421999346,3.1226329956552945,2104.1982940005255,6804.930296850215
1789883336,50,GET,GET /api/v1/reservas,20.100000,0.000000,7,8,8,8,10,11,13,15,21,21,21,16481,0,7,7.728422563854284,4.633864002244081,256.99183600227116,8965.0
1789883336,50,GET,GET /api/v1/reservas/{id},6.300000,0.000000,6,6,6,6,7,8,12,18,18,18,18,5509,0,5,5.624452652613595,3.1226329956552945,177.67928400280653,442.0
1789883336,50,POST,POST /api/v1/auth/login,0.000000,0.000000,0,0,0,0,0,0,0,0,0,0,0,50,0,1300.0,1369.1218887201103,628.633758999058,2104.1982940005255,1622.0
1789883336,50,POST,POST /api/v1/auth/refresh,2.700000,0.000000,34,34,34,34,34,34,34,34,34,34,34,50,0,29,31.13284232051228,20.492110001214314,55.65531500178622,1622.0
1789883336,50,,Aggregated,29.100000,0.000000,7,8,8,8,10,11,15,21,34,34,34,22090,0,6,10.338161090546034,3.1226329956552945,2104.1982940005255,6806.217428700769
1789883337,50,GET,GET /api/v1/reservas,19.500000,0.000000,7,8,8,8,10,11,13,15,21,21,21,16498,0,7,7.727989169649857,4.633864002244081,256.99183600227116,8965.0
1789883337,50,GET,GET /api/v1/reservas/{id},6.300000,0.000000,6,6,6,6,7,8,12,18,18,18,18,5514,0,5,5.62414346649502,3.1226329956552945,177.67928400280653,442.0
1789883337,50,POST,POST /api/v1/auth/login,0.000000,0.000000,0,0,0,0,0,0,0,0,0,0,0,50,0,1300.0,1369.1218887201103,628.633758999058,2104.1982940005255,1622.0
1789883337,50,POST,POST /api/v1/auth/refresh,1.600000,0.000000,34,34,34,34,34,34,34,34,34,34,34,50,0,29,31.13284232051228,20.492110001214314,55.65531500178622,1622.0
1789883337,50,,Aggregated,27.400000,0.000000,7,8,8,8,10,11,13,15,21,21,21,22112,0,6,10.334688356872649,3.1226329956552945,2104.1982940005255,6806.438042691751
1789883338,50,GET,GET /api/v1/reservas,18.900000,0.000000,7,8,8,8,9,11,13,15,21,21,21,16518,0,7,7.727298712609636,4.633864002244081,256.99183600227116,8965.0
1789883338,50,GET,GET /api/v1/reservas/{id},6.800000,0.000000,5,6,6,6,7,8,12,18,18,18,18,5522,0,5,5.623147229491144,3.1226329956552945,177.67928400280653,442.0
1789883338,50,POST,POST /api/v1/auth/login,0.000000,0.000000,0,0,0,0,0,0,0,0,0,0,0,50,0,1300.0,1369.1218887201103,628.633758999058,2104.1982940005255,1622.0
1789883338,50,POST,POST /api/v1/auth/refresh,0.700000,0.000000,34,34,34,34,34,34,34,34,34,34,34,50,0,29,31.13284232051228,20.492110001214314,55.65531500178622,1622.0
1789883338,50,,Aggregated,26.400000,0.000000,7,7,8,8,9,11,13,15,21,21,21,22140,0,6,10.32986791726139,3.1226329956552945,2104.1982940005255,6806.088256549232
1789883339,50,GET,GET /api/v1/reservas,18.200000,0.000000,7,8,8,8,9,11,13,15,21,21,21,16538,0,7,7.727145786909308,4.633864002244081,256.99183600227116,8965.0
1789883339,50,GET,GET /api/v1/reservas/{id},6.600000,0.000000,5,6,6,6,7,8,12,18,18,18,18,5531,0,5,5.622822937851628,3.1226329956552945,177.67928400280653,442.0
1789883339,50,POST,POST /api/v1/auth/login,0.000000,0.000000,0,0,0,0,0,0,0,0,0,0,0,50,0,1300.0,1369.1218887201103,628.633758999058,2104.1982940005255,1622.0
1789883339,50,POST,POST /api/v1/auth/refresh,0.200000,0.000000,34,34,34,34,34,34,34,34,34,34,34,50,0,29,31.13284232051228,20.492110001214314,55.65531500178622,1622.0
1789883339,50,,Aggregated,25.000000,0.000000,7,8,8,8,9,11,13,15,21,21,21,22169,0,6,10.325414193026054,3.1226329956552945,2104.1982940005255,6805.452298254319
1789883340,50,GET,GET /api/v1/reservas,18.700000,0.000000,7,8,8,8,9,11,13,15,21,21,21,16556,0,7,7.7266880047664275,4.633864002244081,256.99183600227116,8965.0
1789883340,50,GET,GET /api/v1/reservas/{id},6.500000,0.000000,5,6,6,6,7,8,12,18,18,18,18,5539,0,5,5.622434314001458,3.1226329956552945,177.67928400280653,442.0
1789883340,50,POST,POST /api/v1/auth/login,0.000000,0.000000,0,0,0,0,0,0,0,0,0,0,0,50,0,1300.0,1369.1218887201103,628.633758999058,2104.1982940005255,1622.0
1789883340,50,POST,POST /api/v1/auth/refresh,0.000000,0.000000,34,34,34,34,34,34,34,34,34,34,34,50,0,29,31.13284232051228,20.492110001214314,55.65531500178622,1622.0
1789883340,50,,Aggregated,25.200000,0.000000,7,8,8,8,9,11,13,15,21,21,21,22195,0,6,10.321173544681153,3.1226329956552945,2104.1982940005255,6804.910024780356
1789883341,50,GET,GET /api/v1/reservas,18.400000,0.000000,7,8,8,8,9,11,13,15,21,21,21,16574,0,7,7.726246745621134,4.633864002244081,256.99183600227116,8965.0
1789883341,50,GET,GET /api/v1/reservas/{id},6.900000,0.000000,5,6,6,6,7,8,12,18,18,18,18,5545,0,5,5.622699915104868,3.1226329956552945,177.67928400280653,442.0
1789883341,50,POST,POST /api/v1/auth/login,0.000000,0.000000,0,0,0,0,0,0,0,0,0,0,0,50,0,1300.0,1369.1218887201103,628.633758999058,2104.1982940005255,1622.0
1789883341,50,POST,POST /api/v1/auth/refresh,0.000000,0.000000,34,34,34,34,34,34,34,34,34,34,34,50,0,29,31.13284232051228,20.492110001214314,55.65531500178622,1622.0
1789883341,50,,Aggregated,25.300000,0.000000,7,8,8,8,9,11,13,15,21,21,21,22219,0,6,10.317539994743791,3.1226329956552945,2104.1982940005255,6804.941716548899
1789883342,50,GET,GET /api/v1/reservas,19.000000,0.000000,7,8,8,8,9,11,13,15,21,21,21,16596,0,7,7.725650537172553,4.633864002244081,256.99183600227116,8965.0
1789883342,50,GET,GET /api/v1/reservas/{id},6.900000,0.000000,6,6,6,6,7,8,12,18,18,18,18,5550,0,5,5.622655769055216,3.1226329956552945,177.67928400280653,442.0
1789883342,50,POST,POST /api/v1/auth/login,0.000000,0.000000,0,0,0,0,0,0,0,0,0,0,0,50,0,1300.0,1369.1218887201103,628.633758999058,2104.1982940005255,1622.0
1789883342,50,POST,POST /api/v1/auth/refresh,0.000000,0.000000,34,34,34,34,34,34,34,34,34,34,34,50,0,29,31.13284232051228,20.492110001214314,55.65531500178622,1622.0
1789883342,50,,Aggregated,25.900000,0.000000,7,7,8,8,9,11,13,15,21,21,21,22246,0,6,10.313466348341422,3.1226329956552945,2104.1982940005255,6805.647756900117
1789883343,50,GET,GET /api/v1/reservas,19.200000,0.000000,7,8,8,8,9,10,13,14,21,21,21,16612,0,7,7.725542135076538,4.633864002244081,256.99183600227116,8965.0
1789883343,50,GET,GET /api/v1/reservas/{id},6.600000,0.000000,6,6,6,6,7,8,12,18,18,18,18,5560,0,5,5.622117848247235,3.1226329956552945,177.67928400280653,442.0
1789883343,50,POST,POST /api/v1/auth/login,0.000000,0.000000,0,0,0,0,0,0,0,0,0,0,0,50,0,1300.0,1369.1218887201103,628.633758999058,2104.1982940005255,1622.0
1789883343,50,POST,POST /api/v1/auth/refresh,0.000000,0.000000,34,34,34,34,34,34,34,34,34,34,34,50,0,29,31.13284232051228,20.492110001214314,55.65531500178622,1622.0
1789883343,50,,Aggregated,25.800000,0.000000,7,7,8,8,9,9,13,14,21,21,21,22272,0,6,10.309285997493589,3.1226329956552945,2104.1982940005255,6804.341774425287
1789883344,50,GET,GET /api/v1/reservas,18.500000,0.000000,7,8,8,8,9,11,13,17,21,21,21,16632,0,7,7.726800052241629,4.633864002244081,256.99183600227116,8965.0
1789883344,50,GET,GET /api/v1/reservas/{id},7.000000,0.000000,6,6,6,6,7,8,12,18,18,18,18,5567,0,5,5.622142587256577,3.1226329956552945,177.67928400280653,442.0
1789883344,50,POST,POST /api/v1/auth/login,0.000000,0.000000,0,0,0,0,0,0,0,0,0,0,0,50,0,1300.0,1369.1218887201103,628.633758999058,2104.1982940005255,1622.0
1789883344,50,POST,POST /api/v1/auth/refresh,0.000000,0.000000,34,34,34,34,34,34,34,34,34,34,34,50,0,29,31.13284232051228,20.492110001214314,55.65531500178622,1622.0
1789883344,50,,Aggregated,25.500000,0.000000,7,8,8,8,9,10,13,17,21,21,21,22299,0,6,10.306441670217106,3.1226329956552945,2104.1982940005255,6804.282434189874
1789883345,50,GET,GET /api/v1/reservas,18.700000,0.000000,7,8,8,9,9,11,14,17,18,18,18,16654,0,7,7.730094442950677,4.633864002244081,256.99183600227116,8965.0
1789883345,50,GET,GET /api/v1/reservas/{id},6.900000,0.000000,6,6,6,6,7,7,8,16,16,16,16,5576,0,5,5.624097382577103,3.1226329956552945,177.67928400280653,442.0
1789883345,50,POST,POST /api/v1/auth/login,0.000000,0.000000,0,0,0,0,0,0,0,0,0,0,0,50,0,1300.0,1369.1218887201103,628.633758999058,2104.1982940005255,1622.0
1789883345,50,POST,POST /api/v1/auth/refresh,0.000000,0.000000,0,0,0,0,0,0,0,0,0,0,0,50,0,29,31.13284232051228,20.492110001214314,55.65531500178622,1622.0
1789883345,50,,Aggregated,25.600000,0.000000,7,8,8,8,9,11,13,17,18,18,18,22330,0,6,10.304957295574637,3.1226329956552945,2104.1982940005255,6803.846932377967
1789883346,50,GET,GET /api/v1/reservas,18.000000,0.000000,7,8,8,9,9,11,14,17,18,18,18,16669,0,7,7.7296438001027585,4.633864002244081,256.99183600227116,8965.0
1789883346,50,GET,GET /api/v1/reservas/{id},7.400000,0.000000,5,6,6,6,7,7,8,16,16,16,16,5580,0,5,5.623674348251657,3.1226329956552945,177.67928400280653,442.0
1789883346,50,POST,POST /api/v1/auth/login,0.000000,0.000000,0,0,0,0,0,0,0,0,0,0,0,50,0,1300.0,1369.1218887201103,628.633758999058,2104.1982940005255,1622.0
1789883346,50,POST,POST /api/v1/auth/refresh,0.000000,0.000000,0,0,0,0,0,0,0,0,0,0,0,50,0,29,31.13284232051228,20.492110001214314,55.65531500178622,1622.0
1789883346,50,,Aggregated,25.400000,0.000000,7,8,8,8,9,11,13,17,18,18,18,22349,0,6,10.301949613816648,3.1226329956552945,2104.1982940005255,6804.158799051412
1789883347,50,GET,GET /api/v1/reservas,18.300000,0.000000,7,8,8,9,10,12,14,17,18,18,18,16686,0,7,7.730066382052251,4.633864002244081,256.99183600227116,8965.0
1789883347,50,GET,GET /api/v1/reservas/{id},7.300000,0.000000,6,6,6,6,7,7,8,16,16,16,16,5588,0,5,5.623342007737071,3.1226329956552945,177.67928400280653,442.0
1789883347,50,POST,POST /api/v1/auth/login,0.000000,0.000000,0,0,0,0,0,0,0,0,0,0,0,50,0,1300.0,1369.1218887201103,628.633758999058,2104.1982940005255,1622.0
1789883347,50,POST,POST /api/v1/auth/refresh,0.000000,0.000000,0,0,0,0,0,0,0,0,0,0,0,50,0,29,31.13284232051228,20.492110001214314,55.65531500178622,1622.0
1789883347,50,,Aggregated,25.600000,0.000000,7,8,8,8,9,11,13,17,18,18,18,22374,0,6,10.29855454287073,3.1226329956552945,2104.1982940005255,6803.525788862072
1789883348,50,GET,GET /api/v1/reservas,19.000000,0.000000,7,8,8,9,11,12,14,17,18,18,18,16701,0,7,7.730001473141459,4.633864002244081,256.99183600227116,8965.0
1789883348,50,GET,GET /api/v1/reservas/{id},7.000000,0.000000,5,6,6,6,7,7,7,16,16,16,16,5597,0,5,5.622795241065508,3.1226329956552945,177.67928400280653,442.0
1789883348,50,POST,POST /api/v1/auth/login,0.000000,0.000000,0,0,0,0,0,0,0,0,0,0,0,50,0,1300.0,1369.1218887201103,628.633758999058,2104.1982940005255,1622.0
1789883348,50,POST,POST /api/v1/auth/refresh,0.000000,0.000000,0,0,0,0,0,0,0,0,0,0,0,50,0,29,31.13284232051228,20.492110001214314,55.65531500178622,1622.0
1789883348,50,,Aggregated,26.000000,0.000000,7,8,8,8,9,11,13,17,18,18,18,22398,0,6,10.294770788427998,3.1226329956552945,2104.1982940005255,6802.417135458523
1789883349,50,GET,GET /api/v1/reservas,19.500000,0.000000,8,8,8,9,11,12,14,17,18,18,18,16721,0,7,7.730025792891144,4.633864002244081,256.99183600227116,8965.0
1789883349,50,GET,GET /api/v1/reservas/{id},7.200000,0.000000,5,6,6,6,7,7,7,16,16,16,16,5606,0,5,5.622519350915749,3.1226329956552945,177.67928400280653,442.0
1789883349,50,POST,POST /api/v1/auth/login,0.000000,0.000000,0,0,0,0,0,0,0,0,0,0,0,50,0,1300.0,1369.1218887201103,628.633758999058,2104.1982940005255,1622.0
1789883349,50,POST,POST /api/v1/auth/refresh,0.000000,0.000000,0,0,0,0,0,0,0,0,0,0,0,50,0,29,31.13284232051228,20.492110001214314,55.65531500178622,1622.0
1789883349,50,,Aggregated,26.700000,0.000000,7,8,8,8,10,11,14,17,18,18,18,22427,0,6,10.290557868470934,3.1226329956552945,2104.1982940005255,6801.793240290721
1789883350,50,GET,GET /api/v1/reservas,18.200000,0.000000,8,8,8,9,11,12,14,17,18,18,18,16739,0,7,7.729945653739581,4.633864002244081,256.99183600227116,8965.0
1789883350,50,GET,GET /api/v1/reservas/{id},7.500000,0.000000,5,6,6,6,7,7,7,16,16,16,16,5611,0,5,5.622291295709189,3.1226329956552945,177.67928400280653,442.0
1789883350,50,POST,POST /api/v1/auth/login,0.000000,0.000000,0,0,0,0,0,0,0,0,0,0,0,50,0,1300.0,1369.1218887201103,628.633758999058,2104.1982940005255,1622.0
1789883350,50,POST,POST /api/v1/auth/refresh,0.000000,0.000000,0,0,0,0,0,0,0,0,0,0,0,50,0,29,31.13284232051228,20.492110001214314,55.65531500178622,1622.0
1789883350,50,,Aggregated,25.700000,0.000000,7,8,8,8,10,11,14,17,18,18,18,22450,0,6,10.287348477069143,3.1226329956552945,2104.1982940005255,6802.11122494432
1789883351,50,GET,GET /api/v1/reservas,18.500000,0.000000,8,8,8,9,11,12,17,17,18,18,18,16761,0,7,7.730836756993613,4.633864002244081,256.99183600227116,8965.0
1789883351,50,GET,GET /api/v1/reservas/{id},7.700000,0.000000,5,6,6,6,7,7,7,16,16,16,16,5615,0,5,5.62210868445558,3.1226329956552945,177.67928400280653,442.0
1789883351,50,POST,POST /api/v1/auth/login,0.000000,0.000000,0,0,0,0,0,0,0,0,0,0,0,50,0,1300.0,1369.1218887201103,628.633758999058,2104.1982940005255,1622.0
1789883351,50,POST,POST /api/v1/auth/refresh,0.000000,0.000000,0,0,0,0,0,0,0,0,0,0,0,50,0,29,31.13284232051228,20.492110001214314,55.65531500178622,1622.0
1789883351,50,,Aggregated,26.200000,0.000000,7,8,8,8,10,12,16,17,18,18,18,22476,0,6,10.284633907244134,3.1226329956552945,2104.1982940005255,6803.09641395266
1789883352,50,GET,GET /api/v1/reservas,18.400000,0.000000,8,8,8,9,11,12,17,17,18,18,18,16781,0,7,7.729940860137476,4.633864002244081,256.99183600227116,8965.0
1789883352,50,GET,GET /api/v1/reservas/{id},7.300000,0.000000,5,6,6,6,7,7,9,16,16,16,16,5619,0,5,5.622193258092295,3.1226329956552945,177.67928400280653,442.0
1789883352,50,POST,POST /api/v1/auth/login,0.000000,0.000000,0,0,0,0,0,0,0,0,0,0,0,50,0,1300.0,1369.1218887201103,628.633758999058,2104.1982940005255,1622.0
1789883352,50,POST,POST /api/v1/auth/refresh,0.000000,0.000000,0,0,0,0,0,0,0,0,0,0,0,50,0,29,31.13284232051228,20.492110001214314,55.65531500178622,1622.0
1789883352,50,,Aggregated,25.700000,0.000000,7,8,8,8,10,12,16,17,18,18,18,22500,0,6,10.280887913031943,3.1226329956552945,2104.1982940005255,6803.887244444444
1789883353,50,GET,GET /api/v1/reservas,17.800000,0.000000,8,8,8,8,11,12,17,17,18,18,18,16795,0,7,7.729338642987522,4.633864002244081,256.99183600227116,8965.0
1789883353,50,GET,GET /api/v1/reservas/{id},6.900000,0.000000,5,6,6,6,7,7,9,16,16,16,16,5624,0,5,5.6214828289863865,3.1226329956552945,177.67928400280653,442.0
1789883353,50,POST,POST /api/v1/auth/login,0.000000,0.000000,0,0,0,0,0,0,0,0,0,0,0,50,0,1300.0,1369.1218887201103,628.633758999058,2104.1982940005255,1622.0
1789883353,50,POST,POST /api/v1/auth/refresh,0.000000,0.000000,0,0,0,0,0,0,0,0,0,0,0,50,0,29,31.13284232051228,20.492110001214314,55.65531500178622,1622.0
1789883353,50,,Aggregated,24.700000,0.000000,7,8,8,8,10,12,16,17,18,18,18,22519,0,6,10.277641036068475,3.1226329956552945,2104.1982940005255,6803.818242373107
1789883354,50,GET,GET /api/v1/reservas,18.600000,0.000000,8,8,9,9,12,14,17,18,20,20,20,16814,0,7,7.734186924526904,4.633864002244081,256.99183600227116,8965.0
1789883354,50,GET,GET /api/v1/reservas/{id},6.800000,0.000000,6,6,6,7,9,10,16,16,16,16,16,5634,0,5,5.62777583745609,3.1226329956552945,177.67928400280653,442.0
1789883354,50,POST,POST /api/v1/auth/login,0.000000,0.000000,0,0,0,0,0,0,0,0,0,0,0,50,0,1300.0,1369.1218887201103,628.633758999058,2104.1982940005255,1622.0
1789883354,50,POST,POST /api/v1/auth/refresh,0.000000,0.000000,0,0,0,0,0,0,0,0,0,0,0,50,0,29,31.13284232051228,20.492110001214314,55.65531500178622,1622.0
1789883354,50,,Aggregated,25.400000,0.000000,7,8,8,9,11,14,17,18,20,20,20,22548,0,6,10.278616487903765,3.1226329956552945,2104.1982940005255,6802.817899591982
1789883355,50,GET,GET /api/v1/reservas,17.900000,0.000000,8,8,8,9,11,14,16,18,20,20,20,16829,0,7,7.735172312317538,4.633864002244081,256.99183600227116,8965.0
1789883355,50,GET,GET /api/v1/reservas/{id},6.700000,0.000000,6,6,6,7,9,10,13,16,16,16,16,5636,0,5,5.627968387548992,3.1226329956552945,177.67928400280653,442.0
1789883355,50,POST,POST /api/v1/auth/login,0.000000,0.000000,0,0,0,0,0,0,0,0,0,0,0,50,0,1300.0,1369.1218887201103,628.633758999058,2104.1982940005255,1622.0
1789883355,50,POST,POST /api/v1/auth/refresh,0.000000,0.000000,0,0,0,0,0,0,0,0,0,0,0,50,0,29,31.13284232051228,20.492110001214314,55.65531500178622,1622.0
1789883355,50,,Aggregated,24.600000,0.000000,7,8,8,9,10,14,16,17,20,20,20,22565,0,6,10.277295866529984,3.1226329956552945,2104.1982940005255,6803.691424772878
1789883356,50,GET,GET /api/v1/reservas,18.300000,0.000000,8,9,10,12,15,19,20,21,29,29,29,16857,0,7,7.748166182119881,4.633864002244081,256.99183600227116,8965.0
1789883356,50,GET,GET /api/v1/reservas/{id},6.700000,0.000000,6,6,7,8,10,11,13,16,16,16,16,5642,0,5,5.6320212090099835,3.1226329956552945,177.67928400280653,442.0
1789883356,50,POST,POST /api/v1/auth/login,0.000000,0.000000,0,0,0,0,0,0,0,0,0,0,0,50,0,1300.0,1369.1218887201103,628.633758999058,2104.1982940005255,1622.0
1789883356,50,POST,POST /api/v1/auth/refresh,0.000000,0.000000,0,0,0,0,0,0,0,0,0,0,0,50,0,29,31.13284232051228,20.492110001214314,55.65531500178622,1622.0
1789883356,50,,Aggregated,25.000000,0.000000,8,8,9,10,14,17,20,21,29,29,29,22599,0,6,10.28361598058588,3.1226329956552945,2104.1982940005255,6804.680251338555
1789883357,50,GET,GET /api/v1/reservas,18.200000,0.000000,8,9,10,12,15,19,21,21,29,29,29,16878,0,7,7.750476924576509,4.633864002244081,256.99183600227116,8965.0
1789883357,50,GET,GET /api/v1/reservas/{id},6.400000,0.000000,6,7,7,9,10,11,13,16,16,16,16,5645,0,5,5.6322511389250005,3.1226329956552945,177.67928400280653,442.0
1789883357,50,POST,POST /api/v1/auth/login,0.000000,0.000000,0,0,0,0,0,0,0,0,0,0,0,50,0,1300.0,1369.1218887201103,628.633758999058,2104.1982940005255,1622.0
1789883357,50,POST,POST /api/v1/auth/refresh,0.000000,0.000000,0,0,0,0,0,0,0,0,0,0,0,50,0,29,31.13284232051228,20.492110001214314,55.65531500178622,1622.0
1789883357,50,,Aggregated,24.600000,0.000000,8,8,9,11,15,17,20,21,29,29,29,22623,0,6,10.28242690024599,3.1226329956552945,2104.1982940005255,6805.841842372806
1789883358,50,GET,GET /api/v1/reservas,18.100000,0.000000,8,9,10,13,16,19,21,21,29,29,29,16892,0,7,7.750330145808342,4.633864002244081,256.99183600227116,8965.0
1789883358,50,GET,GET /api/v1/reservas/{id},6.100000,0.000000,6,7,8,9,10,11,16,16,16,16,16,5651,0,5,5.632315174167854,3.1226329956552945,177.67928400280653,442.0
1789883358,50,POST,POST /api/v1/auth/login,0.000000,0.000000,0,0,0,0,0,0,0,0,0,0,0,50,0,1300.0,1369.1218887201103,628.633758999058,2104.1982940005255,1622.0
1789883358,50,POST,POST /api/v1/auth/refresh,0.000000,0.000000,0,0,0,0,0,0,0,0,0,0,0,50,0,29,31.13284232051228,20.492110001214314,55.65531500178622,1622.0
1789883358,50,,Aggregated,24.200000,0.000000,8,9,9,11,15,18,20,21,29,29,29,22643,0,6,10.279535680971964,3.1226329956552945,2104.1982940005255,6805.4905268736475
1789883359,50,GET,GET /api/v1/reservas,17.800000,0.000000,8,9,11,13,16,19,21,21,29,29,29,16909,0,7,7.751517199301706,4.633864002244081,256.99183600227116,8965.0
1789883359,50,GET,GET /api/v1/reservas/{id},5.800000,0.000000,6,7,8,9,10,11,13,16,16,16,16,5658,0,5,5.6338225102900354,3.1226329956552945,177.67928400280653,442.0
1789883359,50,POST,POST /api/v1/auth/login,0.000000,0.000000,0,0,0,0,0,0,0,0,0,0,0,50,0,1300.0,1369.1218887201103,628.633758999058,2104.1982940005255,1622.0
1789883359,50,POST,POST /api/v1/auth/refresh,0.000000,0.000000,0,0,0,0,0,0,0,0,0,0,0,50,0,29,31.13284232051228,20.492110001214314,55.65531500178622,1622.0
1789883359,50,,Aggregated,23.600000,0.000000,8,9,10,11,15,18,20,21,29,29,29,22667,0,6,10.277465418372289,3.1226329956552945,2104.1982940005255,6805.144968456346
1789883360,50,GET,GET /api/v1/reservas,19.500000,0.000000,8,9,11,13,16,19,21,21,29,29,29,16928,0,7,7.75165597625107,4.633864002244081,256.99183600227116,8965.0
1789883360,50,GET,GET /api/v1/reservas/{id},5.900000,0.000000,6,7,8,9,10,11,13,16,16,16,16,5665,0,5,5.633718637813617,3.1226329956552945,177.67928400280653,442.0
1789883360,50,POST,POST /api/v1/auth/login,0.000000,0.000000,0,0,0,0,0,0,0,0,0,0,0,50,0,1300.0,1369.1218887201103,628.633758999058,2104.1982940005255,1622.0
1789883360,50,POST,POST /api/v1/auth/refresh,0.000000,0.000000,0,0,0,0,0,0,0,0,0,0,0,50,0,29,31.13284232051228,20.492110001214314,55.65531500178622,1622.0
1789883360,50,,Aggregated,25.400000,0.000000,8,9,10,11,15,18,20,21,29,29,29,22693,0,6,10.273995725608046,3.1226329956552945,2104.1982940005255,6804.990525712775
1789883361,50,GET,GET /api/v1/reservas,18.800000,0.000000,8,9,11,13,16,19,21,21,29,29,29,16951,0,7,7.751655872926475,4.633864002244081,256.99183600227116,8965.0
1789883361,50,GET,GET /api/v1/reservas/{id},5.400000,0.000000,6,7,7,9,10,11,13,16,16,16,16,5671,0,5,5.632969837985371,3.1226329956552945,177.67928400280653,442.0
1789883361,50,POST,POST /api/v1/auth/login,0.000000,0.000000,0,0,0,0,0,0,0,0,0,0,0,50,0,1300.0,1369.1218887201103,628.633758999058,2104.1982940005255,1622.0
1789883361,50,POST,POST /api/v1/auth/refresh,0.000000,0.000000,0,0,0,0,0,0,0,0,0,0,0,50,0,29,31.13284232051228,20.492110001214314,55.65531500178622,1622.0
1789883361,50,,Aggregated,24.200000,0.000000,8,9,10,11,15,19,20,21,29,29,29,22722,0,6,10.270030244046424,3.1226329956552945,2104.1982940005255,6805.496743244433
1789883362,50,GET,GET /api/v1/reservas,18.700000,0.000000,8,9,11,12,16,19,21,21,29,29,29,16970,0,7,7.751642716085802,4.633864002244081,256.99183600227116,8965.0
1789883362,50,GET,GET /api/v1/reservas/{id},5.300000,0.000000,6,7,7,8,10,11,13,16,16,16,16,5677,0,5,5.632474815610108,3.1226329956552945,177.67928400280653,442.0
1789883362,50,POST,POST /api/v1/auth/login,0.000000,0.000000,0,0,0,0,0,0,0,0,0,0,0,50,0,1300.0,1369.1218887201103,628.633758999058,2104.1982940005255,1622.0
1789883362,50,POST,POST /api/v1/auth/refresh,0.000000,0.000000,0,0,0,0,0,0,0,0,0,0,0,50,0,29,31.13284232051228,20.492110001214314,55.65531500178622,1622.0
1789883362,50,,Aggregated,24.000000,0.000000,8,9,10,11,15,18,20,21,29,29,29,22747,0,6,10.266570227820186,3.1226329956552945,2104.1982940005255,6805.622016090034
1789883363,50,GET,GET /api/v1/reservas,19.300000,0.000000,8,9,11,13,16,19,21,21,29,29,29,16986,0,7,7.750989024842061,4.633864002244081,256.99183600227116,8965.0
1789883363,50,GET,GET /api/v1/reservas/{id},5.500000,0.000000,6,6,7,8,9,11,13,16,16,16,16,5684,0,5,5.631990284345872,3.1226329956552945,177.67928400280653,442.0
1789883363,50,POST,POST /api/v1/auth/login,0.000000,0.000000,0,0,0,0,0,0,0,0,0,0,0,50,0,1300.0,1369.1218887201103,628.633758999058,2104.1982940005255,1622.0
1789883363,50,POST,POST /api/v1/auth/refresh,0.000000,0.000000,0,0,0,0,0,0,0,0,0,0,0,50,0,29,31.13284232051228,20.492110001214314,55.65531500178622,1622.0
1789883363,50,,Aggregated,24.800000,0.000000,8,9,10,11,15,19,20,21,29,29,29,22770,0,6,10.262769824515605,3.1226329956552945,2104.1982940005255,6805.183047870004
1789883364,50,GET,GET /api/v1/reservas,19.000000,0.000000,8,9,10,11,15,19,21,21,29,29,29,17002,0,7,7.751360948650565,4.633864002244081,256.99183600227116,8965.0
1789883364,50,GET,GET /api/v1/reservas/{id},5.700000,0.000000,6,6,7,7,9,10,11,11,11,11,11,5692,0,5,5.6321623738954445,3.1226329956552945,177.67928400280653,442.0
1789883364,50,POST,POST /api/v1/auth/login,0.000000,0.000000,0,0,0,0,0,0,0,0,0,0,0,50,0,1300.0,1369.1218887201103,628.633758999058,2104.1982940005255,1622.0
1789883364,50,POST,POST /api/v1/auth/refresh,0.000000,0.000000,0,0,0,0,0,0,0,0,0,0,0,50,0,29,31.13284232051228,20.492110001214314,55.65531500178622,1622.0
1789883364,50,,Aggregated,24.700000,0.000000,7,8,9,10,13,17,20,21,29,29,29,22794,0,6,10.25970183527248,3.1226329956552945,2104.1982940005255,6804.465824339739
1789883365,50,GET,GET /api/v1/reservas,19.400000,0.000000,8,8,9,10,13,17,20,21,29,29,29,17027,0,7,7.750583486753555,4.633864002244081,256.99183600227116,8965.0
1789883365,50,GET,GET /api/v1/reservas/{id},6.100000,0.000000,6,6,6,7,8,9,11,11,11,11,11,5698,0,5,5.632044683611171,3.1226329956552945,177.67928400280653,442.0
1789883365,50,POST,POST /api/v1/auth/login,0.000000,0.000000,0,0,0,0,0,0,0,0,0,0,0,50,0,1300.0,1369.1218887201103,628.633758999058,2104.1982940005255,1622.0
1789883365,50,POST,POST /api/v1/auth/refresh,0.000000,0.000000,0,0,0,0,0,0,0,0,0,0,0,50,0,29,31.13284232051228,20.492110001214314,55.65531500178622,1622.0
1789883365,50,,Aggregated,25.500000,0.000000,7,8,9,9,12,16,20,21,29,29,29,22825,0,6,10.255128682944155,3.1226329956552945,2104.1982940005255,6805.15973713034
1789883366,50,GET,GET /api/v1/reservas,19.000000,0.000000,7,8,9,9,11,13,17,20,21,21,21,17041,0,7,7.752810467281666,4.633864002244081,256.99183600227116,8965.0
1789883366,50,GET,GET /api/v1/reservas/{id},5.800000,0.000000,5,6,6,6,7,7,9,9,9,9,9,5704,0,5,5.632090970760581,3.1226329956552945,177.67928400280653,442.0
1789883366,50,POST,POST /api/v1/auth/login,0.000000,0.000000,0,0,0,0,0,0,0,0,0,0,0,50,0,1300.0,1369.1218887201103,628.633758999058,2104.1982940005255,1622.0
1789883366,50,POST,POST /api/v1/auth/refresh,0.000000,0.000000,0,0,0,0,0,0,0,0,0,0,0,50,0,29,31.13284232051228,20.492110001214314,55.65531500178622,1622.0
1789883366,50,,Aggregated,24.800000,0.000000,7,8,8,9,11,12,16,18,21,21,21,22845,0,6,10.254052380047991,3.1226329956552945,2104.1982940005255,6804.812125191508
1789883367,50,GET,GET /api/v1/reservas,19.200000,0.000000,7,8,8,9,11,12,13,18,20,20,20,17056,0,7,7.752126102835065,4.633864002244081,256.99183600227116,8965.0
1789883367,50,GET,GET /api/v1/reservas/{id},5.800000,0.000000,5,6,6,6,7,8,9,9,9,9,9,5708,0,5,5.63225136811869,3.1226329956552945,177.67928400280653,442.0
1789883367,50,POST,POST /api/v1/auth/login,0.000000,0.000000,0,0,0,0,0,0,0,0,0,0,0,50,0,1300.0,1369.1218887201103,628.633758999058,2104.1982940005255,1622.0
1789883367,50,POST,POST /api/v1/auth/refresh,0.000000,0.000000,0,0,0,0,0,0,0,0,0,0,0,50,0,29,31.13284232051228,20.492110001214314,55.65531500178622,1622.0
1789883367,50,,Aggregated,25.000000,0.000000,7,8,8,8,10,11,13,16,20,20,20,22864,0,6,10.251132355283742,3.1226329956552945,2104.1982940005255,6805.116165150454
1789883368,50,GET,GET /api/v1/reservas,19.300000,0.000000,7,8,8,9,11,12,13,18,20,20,20,17079,0,7,7.751093388662404,4.633864002244081,256.99183600227116,8965.0
1789883368,50,GET,GET /api/v1/reservas/{id},6.300000,0.000000,5,6,6,6,7,7,9,9,9,9,9,5718,0,5,5.631635572268334,3.1226329956552945,177.67928400280653,442.0
1789883368,50,POST,POST /api/v1/auth/login,0.000000,0.000000,0,0,0,0,0,0,0,0,0,0,0,50,0,1300.0,1369.1218887201103,628.633758999058,2104.1982940005255,1622.0
1789883368,50,POST,POST /api/v1/auth/refresh,0.000000,0.000000,0,0,0,0,0,0,0,0,0,0,0,50,0,29,31.13284232051228,20.492110001214314,55.65531500178622,1622.0
1789883368,50,,Aggregated,25.600000,0.000000,7,7,8,8,10,11,13,16,20,20,20,22897,0,6,10.245680776487166,3.1226329956552945,2104.1982940005255,6804.506747608857
1789883369,50,GET,GET /api/v1/reservas,18.600000,0.000000,7,8,8,8,11,12,13,18,20,20,20,17093,0,7,7.750479229916887,4.633864002244081,256.99183600227116,8965.0
1789883369,50,GET,GET /api/v1/reservas/{id},6.300000,0.000000,5,6,6,6,7,7,8,9,9,9,9,5724,0,5,5.630815533582463,3.1226329956552945,177.67928400280653,442.0
1789883369,50,POST,POST /api/v1/auth/login,0.000000,0.000000,0,0,0,0,0,0,0,0,0,0,0,50,0,1300.0,1369.1218887201103,628.633758999058,2104.1982940005255,1622.0
1789883369,50,POST,POST /api/v1/auth/refresh,0.000000,0.000000,0,0,0,0,0,0,0,0,0,0,0,50,0,29,31.13284232051228,20.492110001214314,55.65531500178622,1622.0
1789883369,50,,Aggregated,24.900000,0.000000,7,7,8,8,9,11,13,16,20,20,20,22917,0,6,10.242285907545773,3.1226329956552945,2104.1982940005255,6804.160797661125
1789883370,50,GET,GET /api/v1/reservas,18.000000,0.000000,7,8,8,8,11,12,15,18,20,20,20,17113,0,7,7.751370475952197,4.633864002244081,256.99183600227116,8965.0
1789883370,50,GET,GET /api/v1/reservas/{id},6.000000,0.000000,5,6,6,6,7,7,8,9,9,9,9,5732,0,5,5.630352564588561,3.1226329956552945,177.67928400280653,442.0
1789883370,50,POST,POST /api/v1/auth/login,0.000000,0.000000,0,0,0,0,0,0,0,0,0,0,0,50,0,1300.0,1369.1218887201103,628.633758999058,2104.1982940005255,1622.0
1789883370,50,POST,POST /api/v1/auth/refresh,0.000000,0.000000,0,0,0,0,0,0,0,0,0,0,0,50,0,29,31.13284232051228,20.492110001214314,55.65531500178622,1622.0
1789883370,50,,Aggregated,24.000000,0.000000,7,7,8,8,9,11,14,16,20,20,20,22945,0,6,10.239055149584777,3.1226329956552945,2104.1982940005255,6803.826062322946
1789883371,50,GET,GET /api/v1/reservas,18.500000,0.000000,7,8,8,8,10,12,14,16,18,18,18,17132,0,7,7.750501500115296,4.633864002244081,256.99183600227116,8965.0
1789883371,50,GET,GET /api/v1/reservas/{id},6.400000,0.000000,5,6,6,6,7,7,8,9,9,9,9,5736,0,5,5.630211661126174,3.1226329956552945,177.67928400280653,442.0
1789883371,50,POST,POST /api/v1/auth/login,0.000000,0.000000,0,0,0,0,0,0,0,0,0,0,0,50,0,1300.0,1369.1218887201103,628.633758999058,2104.1982940005255,1622.0
1789883371,50,POST,POST /api/v1/auth/refresh,0.000000,0.000000,0,0,0,0,0,0,0,0,0,0,0,50,0,29,31.13284232051228,20.492110001214314,55.65531500178622,1622.0
1789883371,50,,Aggregated,24.900000,0.000000,7,7,8,8,9,11,13,15,18,18,18,22968,0,6,10.235511247832903,3.1226329956552945,2104.1982940005255,6804.505921281783
1789883372,50,GET,GET /api/v1/reservas,18.300000,0.000000,7,8,8,8,10,12,14,16,18,18,18,17153,0,7,7.749836170931378,4.633864002244081,256.99183600227116,8965.0
1789883372,50,GET,GET /api/v1/reservas/{id},6.700000,0.000000,5,6,6,6,7,7,7,9,9,9,9,5740,0,5,5.629912648470776,3.1226329956552945,177.67928400280653,442.0
1789883372,50,POST,POST /api/v1/auth/login,0.000000,0.000000,0,0,0,0,0,0,0,0,0,0,0,50,0,1300.0,1369.1218887201103,628.633758999058,2104.1982940005255,1622.0
1789883372,50,POST,POST /api/v1/auth/refresh,0.000000,0.000000,0,0,0,0,0,0,0,0,0,0,0,50,0,29,31.13284232051228,20.492110001214314,55.65531500178622,1622.0
1789883372,50,,Aggregated,25.000000,0.000000,7,7,8,8,9,11,13,15,18,18,18,22993,0,6,10.231869481765724,3.1226329956552945,2104.1982940005255,6805.372287217849
1789883373,50,GET,GET /api/v1/reservas,18.400000,0.000000,7,8,8,8,10,12,14,16,18,18,18,17173,0,7,7.749836112967232,4.633864002244081,256.99183600227116,8965.0
1789883373,50,GET,GET /api/v1/reservas/{id},6.700000,0.000000,5,6,6,6,6,7,7,7,7,7,7,5747,0,5,5.629782533708549,3.1226329956552945,177.67928400280653,442.0
1789883373,50,POST,POST /api/v1/auth/login,0.000000,0.000000,0,0,0,0,0,0,0,0,0,0,0,50,0,1300.0,1369.1218887201103,628.633758999058,2104.1982940005255,1622.0
1789883373,50,POST,POST /api/v1/auth/refresh,0.000000,0.000000,0,0,0,0,0,0,0,0,0,0,0,50,0,29,31.13284232051228,20.492110001214314,55.65531500178622,1622.0
1789883373,50,,Aggregated,25.100000,0.000000,7,7,8,8,9,11,13,15,18,18,18,23020,0,6,10.228281161652495,3.1226329956552945,2104.1982940005255,6805.313596872285
1789883374,50,GET,GET /api/v1/reservas,18.200000,0.000000,7,8,8,8,10,12,13,15,18,18,18,17189,0,7,7.7497495757745885,4.633864002244081,256.99183600227116,8965.0
1789883374,50,GET,GET /api/v1/reservas/{id},6.400000,0.000000,5,6,6,6,6,7,7,7,7,7,7,5751,0,5,5.629540842674418,3.1226329956552945,177.67928400280653,442.0
1789883374,50,POST,POST /api/v1/auth/login,0.000000,0.000000,0,0,0,0,0,0,0,0,0,0,0,50,0,1300.0,1369.1218887201103,628.633758999058,2104.1982940005255,1622.0
1789883374,50,POST,POST /api/v1/auth/refresh,0.000000,0.000000,0,0,0,0,0,0,0,0,0,0,0,50,0,29,31.13284232051228,20.492110001214314,55.65531500178622,1622.0
1789883374,50,,Aggregated,24.600000,0.000000,7,7,8,8,9,11,13,14,18,18,18,23040,0,6,10.225636779350744,3.1226329956552945,2104.1982940005255,6805.708637152778
1789883375,50,GET,GET /api/v1/reservas,18.200000,0.000000,7,8,8,8,10,12,13,15,18,18,18,17206,0,7,7.7499582720544895,4.633864002244081,256.99183600227116,8965.0
1789883375,50,GET,GET /api/v1/reservas/{id},6.400000,0.000000,5,6,6,6,7,7,9,9,9,9,9,5759,0,5,5.631338383438594,3.1226329956552945,177.67928400280653,442.0
1789883375,50,POST,POST /api/v1/auth/login,0.000000,0.000000,0,0,0,0,0,0,0,0,0,0,0,50,0,1300.0,1369.1218887201103,628.633758999058,2104.1982940005255,1622.0
1789883375,50,POST,POST /api/v1/auth/refresh,0.000000,0.000000,0,0,0,0,0,0,0,0,0,0,0,50,0,29,31.13284232051228,20.492110001214314,55.65531500178622,1622.0
1789883375,50,,Aggregated,24.600000,0.000000,7,7,8,8,9,11,13,14,18,18,18,23065,0,6,10.22282229920761,3.1226329956552945,2104.1982940005255,6805.092911337524
1789883376,50,GET,GET /api/v1/reservas,18.500000,0.000000,7,8,8,8,9,11,12,14,15,15,15,17222,0,7,7.750343429565059,4.633864002244081,256.99183600227116,8965.0
1789883376,50,GET,GET /api/v1/reservas/{id},6.100000,0.000000,5,6,6,6,7,7,9,9,9,9,9,5767,0,5,5.631247916113802,3.1226329956552945,177.67928400280653,442.0
1789883376,50,POST,POST /api/v1/auth/login,0.000000,0.000000,0,0,0,0,0,0,0,0,0,0,0,50,0,1300.0,1369.1218887201103,628.633758999058,2104.1982940005255,1622.0
1789883376,50,POST,POST /api/v1/auth/refresh,0.000000,0.000000,0,0,0,0,0,0,0,0,0,0,0,50,0,29,31.13284232051228,20.492110001214314,55.65531500178622,1622.0
1789883376,50,,Aggregated,24.600000,0.000000,7,7,8,8,9,10,11,12,15,15,15,23089,0,6,10.219782486388707,3.1226329956552945,2104.1982940005255,6804.384945212006
1789883377,50,GET,GET /api/v1/reservas,18.100000,0.000000,7,8,8,9,10,11,12,15,20,20,20,17237,0,7,7.751701245575649,4.633864002244081,256.99183600227116,8965.0
1789883377,50,GET,GET /api/v1/reservas/{id},6.300000,0.000000,5,6,6,6,7,9,10,13,13,13,13,5776,0,5,5.63409735530392,3.1226329956552945,177.67928400280653,442.0
1789883377,50,POST,POST /api/v1/auth/login,0.000000,0.000000,0,0,0,0,0,0,0,0,0,0,0,50,0,1300.0,1369.1218887201103,628.633758999058,2104.1982940005255,1622.0
1789883377,50,POST,POST /api/v1/auth/refresh,0.000000,0.000000,0,0,0,0,0,0,0,0,0,0,0,50,0,29,31.13284232051228,20.492110001214314,55.65531500178622,1622.0
1789883377,50,,Aggregated,24.400000,0.000000,7,8,8,8,9,11,12,14,20,20,20,23113,0,6,10.218117823140831,3.1226329956552945,2104.1982940005255,6803.309695842167
1789883378,50,GET,GET /api/v1/reservas,18.400000,0.000000,7,8,8,9,10,11,12,15,20,20,20,17254,0,7,7.751403087746586,4.633864002244081,256.99183600227116,8965.0
1789883378,50,GET,GET /api/v1/reservas/{id},5.900000,0.000000,6,6,6,6,7,9,10,13,13,13,13,5780,0,5,5.6339322936368275,3.1226329956552945,177.67928400280653,442.0
1789883378,50,POST,POST /api/v1/auth/login,0.000000,0.000000,0,0,0,0,0,0,0,0,0,0,0,50,0,1300.0,1369.1218887201103,628.633758999058,2104.1982940005255,1622.0
1789883378,50,POST,POST /api/v1/auth/refresh,0.000000,0.000000,0,0,0,0,0,0,0,0,0,0,0,50,0,29,31.13284232051228,20.492110001214314,55.65531500178622,1622.0
1789883378,50,,Aggregated,24.300000,0.000000,7,8,8,8,9,11,12,14,20,20,20,23134,0,6,10.215249160769066,3.1226329956552945,2104.1982940005255,6803.798305524337
1789883379,50,GET,GET /api/v1/reservas,18.300000,0.000000,8,8,8,9,10,11,13,15,20,20,20,17272,0,7,7.7522214818774735,4.633864002244081,256.99183600227116,8965.0
1789883379,50,GET,GET /api/v1/reservas/{id},6.400000,0.000000,6,6,6,6,8,9,10,13,13,13,13,5786,0,5,5.634145010060117,3.1226329956552945,177.67928400280653,442.0
1789883379,50,POST,POST /api/v1/auth/login,0.000000,0.000000,0,0,0,0,0,0,0,0,0,0,0,50,0,1300.0,1369.1218887201103,628.633758999058,2104.1982940005255,1622.0
1789883379,50,POST,POST /api/v1/auth/refresh,0.000000,0.000000,0,0,0,0,0,0,0,0,0,0,0,50,0,29,31.13284232051228,20.492110001214314,55.65531500178622,1622.0
1789883379,50,,Aggregated,24.700000,0.000000,7,8,8,9,9,11,13,14,20,20,20,23158,0,6,10.212810649245474,3.1226329956552945,2104.1982940005255,6803.829864409708
1789883380,50,GET,GET /api/v1/reservas,18.000000,0.000000,8,8,8,9,10,11,12,14,20,20,20,17292,0,7,7.7526730762199625,4.633864002244081,256.99183600227116,8965.0
1789883380,50,GET,GET /api/v1/reservas/{id},6.800000,0.000000,6,6,6,6,9,9,10,13,13,13,13,5793,0,5,5.633865297810042,3.1226329956552945,177.67928400280653,442.0
1789883380,50,POST,POST /api/v1/auth/login,0.000000,0.000000,0,0,0,0,0,0,0,0,0,0,0,50,0,1300.0,1369.1218887201103,628.633758999058,2104.1982940005255,1622.0
1789883380,50,POST,POST /api/v1/auth/refresh,0.000000,0.000000,0,0,0,0,0,0,0,0,0,0,0,50,0,29,31.13284232051228,20.492110001214314,55.65531500178622,1622.0
1789883380,50,,Aggregated,24.800000,0.000000,7,8,8,9,9,11,12,13,20,20,20,23185,0,6,10.209572614028048,3.1226329956552945,2104.1982940005255,6803.773387966357
1789883381,50,GET,GET /api/v1/reservas,18.100000,0.000000,8,8,8,9,10,11,12,14,20,20,20,17312,0,7,7.7522589703664435,4.633864002244081,256.99183600227116,8965.0
1789883381,50,GET,GET /api/v1/reservas/{id},6.200000,0.000000,6,6,6,6,8,9,10,13,13,13,13,5799,0,5,5.634152756200178,3.1226329956552945,177.67928400280653,442.0
1789883381,50,POST,POST /api/v1/auth/login,0.000000,0.000000,0,0,0,0,0,0,0,0,0,0,0,50,0,1300.0,1369.1218887201103,628.633758999058,2104.1982940005255,1622.0
1789883381,50,POST,POST /api/v1/auth/refresh,0.000000,0.000000,0,0,0,0,0,0,0,0,0,0,0,50,0,29,31.13284232051228,20.492110001214314,55.65531500178622,1622.0
1789883381,50,,Aggregated,24.300000,0.000000,7,8,8,8,9,11,12,13,20,20,20,23211,0,6,10.206035745130318,3.1226329956552945,2104.1982940005255,6803.991124897678
1789883382,50,GET,GET /api/v1/reservas,18.200000,0.000000,8,8,8,9,10,11,12,14,20,20,20,17331,0,7,7.751983947838529,4.633864002244081,256.99183600227116,8965.0
1789883382,50,GET,GET /api/v1/reservas/{id},6.100000,0.000000,6,6,6,6,8,9,10,13,13,13,13,5807,0,5,5.63346549340595,3.1226329956552945,177.67928400280653,442.0
1789883382,50,POST,POST /api/v1/auth/login,0.000000,0.000000,0,0,0,0,0,0,0,0,0,0,0,50,0,1300.0,1369.1218887201103,628.633758999058,2104.1982940005255,1622.0
1789883382,50,POST,POST /api/v1/auth/refresh,0.000000,0.000000,0,0,0,0,0,0,0,0,0,0,0,50,0,29,31.13284232051228,20.492110001214314,55.65531500178622,1622.0
1789883382,50,,Aggregated,24.300000,0.000000,7,8,8,8,9,11,12,13,20,20,20,23238,0,6,10.202078684578234,3.1226329956552945,2104.1982940005255,6803.567819950082
1789883383,50,GET,GET /api/v1/reservas,17.600000,0.000000,8,8,8,9,10,11,12,14,20,20,20,17348,0,7,7.751418955152252,4.633864002244081,256.99183600227116,8965.0
1789883383,50,GET,GET /api/v1/reservas/{id},6.200000,0.000000,6,6,6,6,8,9,10,13,13,13,13,5813,0,5,5.633097147120482,3.1226329956552945,177.67928400280653,442.0
1789883383,50,POST,POST /api/v1/auth/login,0.000000,0.000000,0,0,0,0,0,0,0,0,0,0,0,50,0,1300.0,1369.1218887201103,628.633758999058,2104.1982940005255,1622.0
1789883383,50,POST,POST /api/v1/auth/refresh,0.000000,0.000000,0,0,0,0,0,0,0,0,0,0,0,50,0,29,31.13284232051228,20.492110001214314,55.65531500178622,1622.0
1789883383,50,,Aggregated,23.800000,0.000000,7,8,8,8,9,11,12,13,20,20,20,23261,0,6,10.19859620404212,3.1226329956552945,2104.1982940005255,6803.5065560380035
1789883384,50,GET,GET /api/v1/reservas,17.600000,0.000000,8,8,8,9,9,11,12,14,20,20,20,17366,0,7,7.750967702463522,4.633864002244081,256.99183600227116,8965.0
1789883384,50,GET,GET /api/v1/reservas/{id},6.400000,0.000000,6,6,6,6,8,9,10,13,13,13,13,5817,0,5,5.63333618449767,3.1226329956552945,177.67928400280653,442.0
1789883384,50,POST,POST /api/v1/auth/login,0.000000,0.000000,0,0,0,0,0,0,0,0,0,0,0,50,0,1300.0,1369.1218887201103,628.633758999058,2104.1982940005255,1622.0
1789883384,50,POST,POST /api/v1/auth/refresh,0.000000,0.000000,0,0,0,0,0,0,0,0,0,0,0,50,0,29,31.13284232051228,20.492110001214314,55.65531500178622,1622.0
1789883384,50,,Aggregated,24.000000,0.000000,7,8,8,8,9,11,12,13,20,20,20,23283,0,6,10.195643098322192,3.1226329956552945,2104.1982940005255,6804.08469698922
1789883385,50,GET,GET /api/v1/reservas,17.600000,0.000000,8,8,8,9,10,11,13,14,20,20,20,17385,0,7,7.75147115202534,4.633864002244081,256.99183600227116,8965.0
1789883385,50,GET,GET /api/v1/reservas/{id},6.400000,0.000000,6,6,6,6,8,9,10,13,13,13,13,5824,0,5,5.633959440971451,3.1226329956552945,177.67928400280653,442.0
1789883385,50,POST,POST /api/v1/auth/login,0.000000,0.000000,0,0,0,0,0,0,0,0,0,0,0,50,0,1300.0,1369.1218887201103,628.633758999058,2104.1982940005255,1622.0
1789883385,50,POST,POST /api/v1/auth/refresh,0.000000,0.000000,0,0,0,0,0,0,0,0,0,0,0,50,0,29,31.13284232051228,20.492110001214314,55.65531500178622,1622.0
1789883385,50,,Aggregated,24.000000,0.000000,7,8,8,8,9,11,13,13,20,20,20,23309,0,6,10.192811459702664,3.1226329956552945,2104.1982940005255,6803.93551846926
1789883386,50,GET,GET /api/v1/reservas,17.700000,0.000000,8,8,8,8,9,11,12,13,14,14,14,17411,0,7,7.7503442304262515,4.633864002244081,256.99183600227116,8965.0
1789883386,50,GET,GET /api/v1/reservas/{id},6.700000,0.000000,6,6,6,6,8,9,9,10,10,10,10,5826,0,5,5.633992226606381,3.1226329956552945,177.67928400280653,442.0
1789883386,50,POST,POST /api/v1/auth/login,0.000000,0.000000,0,0,0,0,0,0,0,0,0,0,0,50,0,1300.0,1369.1218887201103,628.633758999058,2104.1982940005255,1622.0
1789883386,50,POST,POST /api/v1/auth/refresh,0.000000,0.000000,0,0,0,0,0,0,0,0,0,0,0,50,0,29,31.13284232051228,20.492110001214314,55.65531500178622,1622.0
1789883386,50,,Aggregated,24.400000,0.000000,7,8,8,8,9,10,12,13,14,14,14,23337,0,6,10.188868263281114,3.1226329956552945,2104.1982940005255,6805.797960320521
1789883387,50,GET,GET /api/v1/reservas,18.100000,0.000000,8,8,8,9,10,11,13,14,14,14,14,17430,0,7,7.752810756795487,4.633864002244081,256.99183600227116,8965.0
1789883387,50,GET,GET /api/v1/reservas/{id},6.500000,0.000000,6,6,6,7,8,9,9,9,9,9,9,5830,0,5,5.635515207066928,3.1226329956552945,177.67928400280653,442.0
1789883387,50,POST,POST /api/v1/auth/login,0.000000,0.000000,0,0,0,0,0,0,0,0,0,0,0,50,0,1300.0,1369.1218887201103,628.633758999058,2104.1982940005255,1622.0
1789883387,50,POST,POST /api/v1/auth/refresh,0.000000,0.000000,0,0,0,0,0,0,0,0,0,0,0,50,0,29,31.13284232051228,20.492110001214314,55.65531500178622,1622.0
1789883387,50,,Aggregated,24.600000,0.000000,7,8,8,8,9,11,13,14,14,14,14,23360,0,6,10.188325415247288,3.1226329956552945,2104.1982940005255,6806.464469178082
1789883388,50,GET,GET /api/v1/reservas,17.800000,0.000000,8,8,8,8,10,11,13,14,14,14,14,17450,0,7,7.752074747218168,4.633864002244081,256.99183600227116,8965.0
1789883388,50,GET,GET /api/v1/reservas/{id},6.500000,0.000000,6,6,6,7,8,9,9,9,9,9,9,5835,0,5,5.635445224370703,3.1226329956552945,177.67928400280653,442.0
1789883388,50,POST,POST /api/v1/auth/login,0.000000,0.000000,0,0,0,0,0,0,0,0,0,0,0,50,0,1300.0,1369.1218887201103,628.633758999058,2104.1982940005255,1622.0
1789883388,50,POST,POST /api/v1/auth/refresh,0.000000,0.000000,0,0,0,0,0,0,0,0,0,0,0,50,0,29,31.13284232051228,20.492110001214314,55.65531500178622,1622.0
1789883388,50,,Aggregated,24.300000,0.000000,7,8,8,8,9,11,13,14,14,14,14,23385,0,6,10.184702320940398,3.1226329956552945,2104.1982940005255,6806.949754115886
1789883389,50,GET,GET /api/v1/reservas,18.800000,0.000000,8,8,8,8,10,11,14,14,16,16,16,17471,0,7,7.752057058665814,4.633864002244081,256.99183600227116,8965.0
1789883389,50,GET,GET /api/v1/reservas/{id},5.800000,0.000000,6,6,6,7,8,9,9,9,9,9,9,5837,0,5,5.635261849273581,3.1226329956552945,177.67928400280653,442.0
1789883389,50,POST,POST /api/v1/auth/login,0.000000,0.000000,0,0,0,0,0,0,0,0,0,0,0,50,0,1300.0,1369.1218887201103,628.633758999058,2104.1982940005255,1622.0
1789883389,50,POST,POST /api/v1/auth/refresh,0.000000,0.000000,0,0,0,0,0,0,0,0,0,0,0,50,0,29,31.13284232051228,20.492110001214314,55.65531500178622,1622.0
1789883389,50,,Aggregated,24.600000,0.000000,7,8,8,8,9,11,13,14,16,16,16,23408,0,6,10.182072318788084,3.1226329956552945,2104.1982940005255,6808.341977101845
1789883390,50,GET,GET /api/v1/reservas,19.300000,0.000000,7,8,8,8,9,12,14,14,16,16,16,17491,0,7,7.7528223245652805,4.633864002244081,256.99183600227116,8965.0
1789883390,50,GET,GET /api/v1/reservas/{id},5.600000,0.000000,6,6,6,7,8,9,9,9,9,9,9,5844,0,5,5.634549336791753,3.1226329956552945,177.67928400280653,442.0
1789883390,50,POST,POST /api/v1/auth/login,0.000000,0.000000,0,0,0,0,0,0,0,0,0,0,0,50,0,1300.0,1369.1218887201103,628.633758999058,2104.1982940005255,1622.0
1789883390,50,POST,POST /api/v1/auth/refresh,0.000000,0.000000,0,0,0,0,0,0,0,0,0,0,0,50,0,29,31.13284232051228,20.492110001214314,55.65531500178622,1622.0
1789883390,50,,Aggregated,24.900000,0.000000,7,8,8,8,9,11,13,14,16,16,16,23435,0,6,10.17903384489923,3.1226329956552945,2104.1982940005255,6808.280904629827
1789883391,50,GET,GET /api/v1/reservas,19.400000,0.000000,7,8,8,8,10,13,14,19,19,19,19,17509,0,7,7.753491737275233,4.633864002244081,256.99183600227116,8965.0
1789883391,50,GET,GET /api/v1/reservas/{id},5.500000,0.000000,6,6,6,6,8,9,9,9,9,9,9,5848,0,5,5.634313283380946,3.1226329956552945,177.67928400280653,442.0
1789883391,50,POST,POST /api/v1/auth/login,0.000000,0.000000,0,0,0,0,0,0,0,0,0,0,0,50,0,1300.0,1369.1218887201103,628.633758999058,2104.1982940005255,1622.0
1789883391,50,POST,POST /api/v1/auth/refresh,0.000000,0.000000,0,0,0,0,0,0,0,0,0,0,0,50,0,29,31.13284232051228,20.492110001214314,55.65531500178622,1622.0
1789883391,50,,Aggregated,24.900000,0.000000,7,8,8,8,9,11,14,16,19,19,19,23457,0,6,10.17683793584836,3.1226329956552945,2104.1982940005255,6808.850279234343
1789883392,50,GET,GET /api/v1/reservas,19.800000,0.000000,7,8,8,8,10,13,14,19,19,19,19,17530,0,7,7.752411242266929,4.633864002244081,256.99183600227116,8965.0
1789883392,50,GET,GET /api/v1/reservas/{id},5.200000,0.000000,6,6,6,7,8,9,9,9,9,9,9,5852,0,5,5.634040776182234,3.1226329956552945,177.67928400280653,442.0
1789883392,50,POST,POST /api/v1/auth/login,0.000000,0.000000,0,0,0,0,0,0,0,0,0,0,0,50,0,1300.0,1369.1218887201103,628.633758999058,2104.1982940005255,1622.0
1789883392,50,POST,POST /api/v1/auth/refresh,0.000000,0.000000,0,0,0,0,0,0,0,0,0,0,0,50,0,29,31.13284232051228,20.492110001214314,55.65531500178622,1622.0
1789883392,50,,Aggregated,25.000000,0.000000,7,8,8,8,9,11,14,16,19,19,19,23482,0,6,10.173022410833354,3.1226329956552945,2104.1982940005255,6809.693978366408
1789883393,50,GET,GET /api/v1/reservas,20.100000,0.000000,7,8,8,9,10,13,14,19,19,19,19,17546,0,7,7.752399823545772,4.633864002244081,256.99183600227116,8965.0
1789883393,50,GET,GET /api/v1/reservas/{id},4.900000,0.000000,6,6,6,7,8,9,9,9,9,9,9,5858,0,5,5.634005530082778,3.1226329956552945,177.67928400280653,442.0
1789883393,50,POST,POST /api/v1/auth/login,0.000000,0.000000,0,0,0,0,0,0,0,0,0,0,0,50,0,1300.0,1369.1218887201103,628.633758999058,2104.1982940005255,1622.0
1789883393,50,POST,POST /api/v1/auth/refresh,0.000000,0.000000,0,0,0,0,0,0,0,0,0,0,0,50,0,29,31.13284232051228,20.492110001214314,55.65531500178622,1622.0
1789883393,50,,Aggregated,25.000000,0.000000,7,8,8,8,9,12,14,16,19,19,19,23504,0,6,10.170198615179975,3.1226329956552945,2104.1982940005255,6809.535653505786
1789883394,50,GET,GET /api/v1/reservas,19.900000,0.000000,7,8,8,9,11,13,15,19,19,19,19,17564,0,7,7.753028886583031,4.633864002244081,256.99183600227116,8965.0
1789883394,50,GET,GET /api/v1/reservas/{id},4.800000,0.000000,6,6,6,6,8,9,9,9,9,9,9,5869,0,5,5.63346472741866,3.1226329956552945,177.67928400280653,442.0
1789883394,50,POST,POST /api/v1/auth/login,0.000000,0.000000,0,0,0,0,0,0,0,0,0,0,0,50,0,1300.0,1369.1218887201103,628.633758999058,2104.1982940005255,1622.0
1789883394,50,POST,POST /api/v1/auth/refresh,0.000000,0.000000,0,0,0,0,0,0,0,0,0,0,0,50,0,29,31.13284232051228,20.492110001214314,55.65531500178622,1622.0
1789883394,50,,Aggregated,24.700000,0.000000,7,8,8,8,10,12,14,16,19,19,19,23533,0,6,10.166563566106982,3.1226329956552945,2104.1982940005255,6808.207963285599
1789883395,50,GET,GET /api/v1/reservas,20.200000,0.000000,7,8,8,9,10,13,15,19,19,19,19,17588,0,7,7.75260667744704,4.633864002244081,256.99183600227116,8965.0
1789883395,50,GET,GET /api/v1/reservas/{id},4.600000,0.000000,6,6,6,6,8,8,9,9,9,9,9,5873,0,5,5.633374426394225,3.1226329956552945,177.67928400280653,442.0
1789883395,50,POST,POST /api/v1/auth/login,0.000000,0.000000,0,0,0,0,0,0,0,0,0,0,0,50,0,1300.0,1369.1218887201103,628.633758999058,2104.1982940005255,1622.0
1789883395,50,POST,POST /api/v1/auth/refresh,0.000000,0.000000,0,0,0,0,0,0,0,0,0,0,0,50,0,29,31.13284232051228,20.492110001214314,55.65531500178622,1622.0
1789883395,50,,Aggregated,24.800000,0.000000,7,8,8,8,9,11,14,16,19,19,19,23561,0,6,10.162997784524551,3.1226329956552945,2104.1982940005255,6809.324137345614
1789883396,50,GET,GET /api/v1/reservas,19.800000,0.000000,7,8,8,9,11,13,19,20,20,20,20,17607,0,7,7.753760083599388,4.633864002244081,256.99183600227116,8965.0
1789883396,50,GET,GET /api/v1/reservas/{id},4.600000,0.000000,5,6,6,6,7,8,9,9,9,9,9,5878,0,5,5.63263835491905,3.1226329956552945,177.67928400280653,442.0
1789883396,50,POST,POST /api/v1/auth/login,0.000000,0.000000,0,0,0,0,0,0,0,0,0,0,0,50,0,1300.0,1369.1218887201103,628.633758999058,2104.1982940005255,1622.0
1789883396,50,POST,POST /api/v1/auth/refresh,0.000000,0.000000,0,0,0,0,0,0,0,0,0,0,0,50,0,29,31.13284232051228,20.492110001214314,55.65531500178622,1622.0
1789883396,50,,Aggregated,24.400000,0.000000,7,8,8,8,10,13,16,19,20,20,20,23585,0,6,10.160773313299966,3.1226329956552945,2104.1982940005255,6809.710875556498
1789883397,50,GET,GET /api/v1/reservas,19.800000,0.000000,7,8,8,9,11,15,19,20,22,22,22,17627,0,7,7.757765532361389,4.633864002244081,256.99183600227116,8965.0
1789883397,50,GET,GET /api/v1/reservas/{id},5.100000,0.000000,5,6,6,6,8,9,20,20,20,20,20,5882,0,5,5.637146617003212,3.1226329956552945,177.67928400280653,442.0
1789883397,50,POST,POST /api/v1/auth/login,0.000000,0.000000,0,0,0,0,0,0,0,0,0,0,0,50,0,1300.0,1369.1218887201103,628.633758999058,2104.1982940005255,1622.0
1789883397,50,POST,POST /api/v1/auth/refresh,0.000000,0.000000,0,0,0,0,0,0,0,0,0,0,0,50,0,29,31.13284232051228,20.492110001214314,55.65531500178622,1622.0
1789883397,50,,Aggregated,24.900000,0.000000,7,8,8,9,10,14,19,20,22,22,22,23609,0,6,10.162080816306418,3.1226329956552945,2104.1982940005255,6810.4578338769115
1789883398,50,GET,GET /api/v1/reservas,20.000000,0.000000,7,8,9,9,11,15,19,20,22,22,22,17643,0,7,7.757908048231218,4.633864002244081,256.99183600227116,8965.0
1789883398,50,GET,GET /api/v1/reservas/{id},4.900000,0.000000,5,6,6,6,8,11,17,20,20,20,20,5891,0,5,5.638100925005403,3.1226329956552945,177.67928400280653,442.0
1789883398,50,POST,POST /api/v1/auth/login,0.000000,0.000000,0,0,0,0,0,0,0,0,0,0,0,50,0,1300.0,1369.1218887201103,628.633758999058,2104.1982940005255,1622.0
1789883398,50,POST,POST /api/v1/auth/refresh,0.000000,0.000000,0,0,0,0,0,0,0,0,0,0,0,50,0,29,31.13284232051228,20.492110001214314,55.65531500178622,1622.0
1789883398,50,,Aggregated,24.900000,0.000000,7,8,8,9,11,14,19,20,22,22,22,23634,0,6,10.159074248801783,3.1226329956552945,2104.1982940005255,6809.491283743759
1789883399,50,GET,GET /api/v1/reservas,19.700000,0.000000,7,8,9,9,11,15,19,20,22,22,22,17658,0,7,7.7568371504094555,4.633864002244081,256.99183600227116,8965.0
1789883399,50,GET,GET /api/v1/reservas/{id},5.100000,0.000000,5,6,6,6,8,9,17,20,20,20,20,5902,0,5,5.637081413115564,3.1226329956552945,177.67928400280653,442.0
1789883399,50,POST,POST /api/v1/auth/login,0.000000,0.000000,0,0,0,0,0,0,0,0,0,0,0,50,0,1300.0,1369.1218887201103,628.633758999058,2104.1982940005255,1622.0
1789883399,50,POST,POST /api/v1/auth/refresh,0.000000,0.000000,0,0,0,0,0,0,0,0,0,0,0,50,0,29,31.13284232051228,20.492110001214314,55.65531500178622,1622.0
1789883399,50,,Aggregated,24.800000,0.000000,7,8,8,9,11,14,19,20,22,22,22,23660,0,6,10.154396511165231,3.1226329956552945,2104.1982940005255,6807.897464074387
1789883400,50,GET,GET /api/v1/reservas,19.600000,0.000000,7,8,9,9,11,15,20,22,26,26,26,17677,0,7,7.758461014986228,4.633864002244081,256.99183600227116,8965.0
1789883400,50,GET,GET /api/v1/reservas/{id},5.100000,0.000000,5,6,6,6,8,9,17,20,20,20,20,5905,0,5,5.637297024928699,3.1226329956552945,177.67928400280653,442.0
1789883400,50,POST,POST /api/v1/auth/login,0.000000,0.000000,0,0,0,0,0,0,0,0,0,0,0,50,0,1300.0,1369.1218887201103,628.633758999058,2104.1982940005255,1622.0
1789883400,50,POST,POST /api/v1/auth/refresh,0.000000,0.000000,0,0,0,0,0,0,0,0,0,0,0,50,0,29,31.13284232051228,20.492110001214314,55.65531500178622,1622.0
1789883400,50,,Aggregated,24.700000,0.000000,7,8,8,9,11,15,20,20,26,26,26,23682,0,6,10.153166575717703,3.1226329956552945,2104.1982940005255,6808.821678912254
1789883401,50,GET,GET /api/v1/reservas,19.000000,0.000000,8,8,9,9,11,15,20,26,30,30,30,17691,0,7,7.760278384710716,4.633864002244081,256.99183600227116,8965.0
1789883401,50,GET,GET /api/v1/reservas/{id},5.700000,0.000000,5,6,6,6,9,9,17,20,20,20,20,5919,0,5,5.63832386268024,3.1226329956552945,177.67928400280653,442.0
1789883401,50,POST,POST /api/v1/auth/login,0.000000,0.000000,0,0,0,0,0,0,0,0,0,0,0,50,0,1300.0,1369.1218887201103,628.633758999058,2104.1982940005255,1622.0
1789883401,50,POST,POST /api/v1/auth/refresh,0.000000,0.000000,0,0,0,0,0,0,0,0,0,0,0,50,0,29,31.13284232051228,20.492110001214314,55.65531500178622,1622.0
1789883401,50,,Aggregated,24.700000,0.000000,7,8,8,9,11,15,20,22,30,30,30,23710,0,6,10.1506984563118,3.1226329956552945,2104.1982940005255,6806.335428089414
1789883402,50,GET,GET /api/v1/reservas,18.400000,0.000000,8,8,9,9,11,15,20,26,30,30,30,17706,0,7,7.760030556981374,4.633864002244081,256.99183600227116,8965.0
1789883402,50,GET,GET /api/v1/reservas/{id},6.300000,0.000000,5,6,6,7,9,9,17,20,20,20,20,5927,0,5,5.639717480716109,3.1226329956552945,177.67928400280653,442.0
1789883402,50,POST,POST /api/v1/auth/login,0.000000,0.000000,0,0,0,0,0,0,0,0,0,0,0,50,0,1300.0,1369.1218887201103,628.633758999058,2104.1982940005255,1622.0
1789883402,50,POST,POST /api/v1/auth/refresh,0.000000,0.000000,0,0,0,0,0,0,0,0,0,0,0,50,0,29,31.13284232051228,20.492110001214314,55.65531500178622,1622.0
1789883402,50,,Aggregated,24.700000,0.000000,7,8,8,9,11,15,20,22,30,30,30,23733,0,6,10.147829735058682,3.1226329956552945,2104.1982940005255,6805.554460034551
1789883403,50,GET,GET /api/v1/reservas,18.400000,0.000000,8,8,9,9,11,15,22,26,30,30,30,17719,0,7,7.760960713013475,4.633864002244081,256.99183600227116,8965.0
1789883403,50,GET,GET /api/v1/reservas/{id},6.400000,0.000000,5,6,6,7,9,9,17,20,20,20,20,5940,0,5,5.639618237068814,3.1226329956552945,177.67928400280653,442.0
1789883403,50,POST,POST /api/v1/auth/login,0.000000,0.000000,0,0,0,0,0,0,0,0,0,0,0,50,0,1300.0,1369.1218887201103,628.633758999058,2104.1982940005255,1622.0
1789883403,50,POST,POST /api/v1/auth/refresh,0.000000,0.000000,0,0,0,0,0,0,0,0,0,0,0,50,0,29,31.13284232051228,20.492110001214314,55.65531500178622,1622.0
1789883403,50,,Aggregated,24.800000,0.000000,7,8,8,9,10,15,20,22,30,30,30,23759,0,6,10.144725441058362,3.1226329956552945,2104.1982940005255,6803.254135275054
1789883404,50,GET,GET /api/v1/reservas,18.200000,0.000000,8,8,9,9,11,15,22,26,30,30,30,17738,0,7,7.761277127120448,4.633864002244081,256.99183600227116,8965.0
1789883404,50,GET,GET /api/v1/reservas/{id},7.100000,0.000000,5,6,6,7,9,9,17,20,20,20,20,5948,0,5,5.639716861162477,3.1226329956552945,177.67928400280653,442.0
1789883404,50,POST,POST /api/v1/auth/login,0.000000,0.000000,0,0,0,0,0,0,0,0,0,0,0,50,0,1300.0,1369.1218887201103,628.633758999058,2104.1982940005255,1622.0
1789883404,50,POST,POST /api/v1/auth/refresh,0.000000,0.000000,0,0,0,0,0,0,0,0,0,0,0,50,0,29,31.13284232051228,20.492110001214314,55.65531500178622,1622.0
1789883404,50,,Aggregated,25.300000,0.000000,7,8,9,9,10,15,20,22,30,30,30,23786,0,6,10.14156672509409,3.1226329956552945,2104.1982940005255,6802.841419322291
1789883405,50,GET,GET /api/v1/reservas,17.200000,0.000000,8,8,9,9,12,15,22,26,30,30,30,17759,0,7,7.761835026908893,4.633864002244081,256.99183600227116,8965.0
1789883405,50,GET,GET /api/v1/reservas/{id},7.400000,0.000000,5,6,6,7,8,9,17,20,20,20,20,5958,0,5,5.639916332693576,3.1226329956552945,177.67928400280653,442.0
1789883405,50,POST,POST /api/v1/auth/login,0.000000,0.000000,0,0,0,0,0,0,0,0,0,0,0,50,0,1300.0,1369.1218887201103,628.633758999058,2104.1982940005255,1622.0
1789883405,50,POST,POST /api/v1/auth/refresh,0.000000,0.000000,0,0,0,0,0,0,0,0,0,0,0,50,0,29,31.13284232051228,20.492110001214314,55.65531500178622,1622.0
1789883405,50,,Aggregated,24.600000,0.000000,7,8,9,9,10,15,20,22,30,30,30,23817,0,6,10.13804367909873,3.1226329956552945,2104.1982940005255,6802.077129781249
1789883406,50,GET,GET /api/v1/reservas,17.300000,0.000000,8,9,9,10,12,15,22,26,30,30,30,17780,0,7,7.762469154492144,4.633864002244081,256.99183600227116,8965.0
1789883406,50,GET,GET /api/v1/reservas/{id},8.000000,0.000000,6,6,7,7,8,9,17,20,20,20,20,5966,0,5,5.6403369093516655,3.1226329956552945,177.67928400280653,442.0
1789883406,50,POST,POST /api/v1/auth/login,0.000000,0.000000,0,0,0,0,0,0,0,0,0,0,0,50,0,1300.0,1369.1218887201103,628.633758999058,2104.1982940005255,1622.0
1789883406,50,POST,POST /api/v1/auth/refresh,0.000000,0.000000,0,0,0,0,0,0,0,0,0,0,0,50,0,29,31.13284232051228,20.492110001214314,55.65531500178622,1622.0
1789883406,50,,Aggregated,25.300000,0.000000,7,8,9,9,10,14,18,22,30,30,30,23846,0,6,10.135020050326826,3.1226329956552945,2104.1982940005255,6801.848192568984
1789883407,50,GET,GET /api/v1/reservas,17.300000,0.000000,8,8,9,9,10,11,15,26,30,30,30,17797,0,7,7.762406309540023,4.633864002244081,256.99183600227116,8965.0
1789883407,50,GET,GET /api/v1/reservas/{id},8.000000,0.000000,5,6,6,6,8,8,9,9,9,9,9,5972,0,5,5.639910424345411,3.1226329956552945,177.67928400280653,442.0
1789883407,50,POST,POST /api/v1/auth/login,0.000000,0.000000,0,0,0,0,0,0,0,0,0,0,0,50,0,1300.0,1369.1218887201103,628.633758999058,2104.1982940005255,1622.0
1789883407,50,POST,POST /api/v1/auth/refresh,0.000000,0.000000,0,0,0,0,0,0,0,0,0,0,0,50,0,29,31.13284232051228,20.492110001214314,55.65531500178622,1622.0
1789883407,50,,Aggregated,25.300000,0.000000,7,8,8,9,9,10,12,22,30,30,30,23869,0,6,10.132046868201673,3.1226329956552945,2104.1982940005255,6801.790146214756
1789883408,50,GET,GET /api/v1/reservas,17.000000,0.000000,8,8,9,10,11,13,22,26,30,30,30,17813,0,7,7.765513405932194,4.633864002244081,256.99183600227116,8965.0
1789883408,50,GET,GET /api/v1/reservas/{id},8.700000,0.000000,6,6,6,7,8,9,9,14,14,14,14,5980,0,5,5.6425553301301,3.1226329956552945,177.67928400280653,442.0
1789883408,50,POST,POST /api/v1/auth/login,0.000000,0.000000,0,0,0,0,0,0,0,0,0,0,0,50,0,1300.0,1369.1218887201103,628.633758999058,2104.1982940005255,1622.0
1789883408,50,POST,POST /api/v1/auth/refresh,0.000000,0.000000,0,0,0,0,0,0,0,0,0,0,0,50,0,29,31.13284232051228,20.492110001214314,55.65531500178622,1622.0
1789883408,50,,Aggregated,25.700000,0.000000,7,8,9,9,10,12,15,25,30,30,30,23893,0,6,10.131934362619985,3.1226329956552945,2104.1982940005255,6801.10932072155
1789883409,50,GET,GET /api/v1/reservas,17.300000,0.000000,8,8,9,9,11,13,22,26,30,30,30,17836,0,7,7.7644330676080475,4.633864002244081,256.99183600227116,8965.0
1789883409,50,GET,GET /api/v1/reservas/{id},9.100000,0.000000,6,6,6,7,8,9,9,14,14,14,14,5985,0,5,5.642078059343783,3.1226329956552945,177.67928400280653,442.0
1789883409,50,POST,POST /api/v1/auth/login,0.000000,0.000000,0,0,0,0,0,0,0,0,0,0,0,50,0,1300.0,1369.1218887201103,628.633758999058,2104.1982940005255,1622.0
1789883409,50,POST,POST /api/v1/auth/refresh,0.000000,0.000000,0,0,0,0,0,0,0,0,0,0,0,50,0,29,31.13284232051228,20.492110001214314,55.65531500178622,1622.0
1789883409,50,,Aggregated,26.400000,0.000000,7,8,8,9,10,12,15,25,30,30,30,23921,0,6,10.127795741443117,3.1226329956552945,2104.1982940005255,6801.860708164374
1789883410,50,GET,GET /api/v1/reservas,17.000000,0.000000,8,8,9,9,11,13,20,25,30,30,30,17850,0,7,7.763827222848851,4.633864002244081,256.99183600227116,8965.0
1789883410,50,GET,GET /api/v1/reservas/{id},9.100000,0.000000,6,6,6,7,8,9,9,14,14,14,14,5991,0,5,5.641498198991457,3.1226329956552945,177.67928400280653,442.0
1789883410,50,POST,POST /api/v1/auth/login,0.000000,0.000000,0,0,0,0,0,0,0,0,0,0,0,50,0,1300.0,1369.1218887201103,628.633758999058,2104.1982940005255,1622.0
1789883410,50,POST,POST /api/v1/auth/refresh,0.000000,0.000000,0,0,0,0,0,0,0,0,0,0,0,50,0,29,31.13284232051228,20.492110001214314,55.65531500178622,1622.0
1789883410,50,,Aggregated,26.100000,0.000000,7,8,8,9,10,11,14,22,30,30,30,23941,0,6,10.124692710832504,3.1226329956552945,2104.1982940005255,6801.53176559041
1789883411,50,GET,GET /api/v1/reservas,17.200000,0.000000,8,8,9,9,11,12,15,22,25,25,25,17875,0,7,7.76486973509549,4.633864002244081,256.99183600227116,8965.0
1789883411,50,GET,GET /api/v1/reservas/{id},8.700000,0.000000,6,6,6,7,8,9,14,16,16,16,16,5999,0,5,5.644275435269484,3.1226329956552945,177.67928400280653,442.0
1789883411,50,POST,POST /api/v1/auth/login,0.000000,0.000000,0,0,0,0,0,0,0,0,0,0,0,50,0,1300.0,1369.1218887201103,628.633758999058,2104.1982940005255,1622.0
1789883411,50,POST,POST /api/v1/auth/refresh,0.000000,0.000000,0,0,0,0,0,0,0,0,0,0,0,50,0,29,31.13284232051228,20.492110001214314,55.65531500178622,1622.0
1789883411,50,,Aggregated,25.900000,0.000000,7,8,8,9,10,12,14,20,25,25,25,23974,0,6,10.122207032745669,3.1226329956552945,2104.1982940005255,6801.66567948611
1789883412,50,GET,GET /api/v1/reservas,17.800000,0.000000,8,8,9,9,10,12,15,22,25,25,25,17884,0,7,7.764714924560329,4.633864002244081,256.99183600227116,8965.0
1789883412,50,GET,GET /api/v1/reservas/{id},8.200000,0.000000,5,6,6,7,8,9,14,16,16,16,16,6006,0,5,5.643984262768543,3.1226329956552945,177.67928400280653,442.0
1789883412,50,POST,POST /api/v1/auth/login,0.000000,0.000000,0,0,0,0,0,0,0,0,0,0,0,50,0,1300.0,1369.1218887201103,628.633758999058,2104.1982940005255,1622.0
1789883412,50,POST,POST /api/v1/auth/refresh,0.000000,0.000000,0,0,0,0,0,0,0,0,0,0,0,50,0,29,31.13284232051228,20.492110001214314,55.65531500178622,1622.0
1789883412,50,,Aggregated,26.000000,0.000000,7,8,8,9,10,12,14,20,25,25,25,23990,0,6,10.119827750940221,3.1226329956552945,2104.1982940005255,6800.621592330138
1789883413,50,GET,GET /api/v1/reservas,17.200000,0.000000,8,8,9,9,10,12,14,20,25,25,25,17906,0,7,7.764595100626973,4.633864002244081,256.99183600227116,8965.0
1789883413,50,GET,GET /api/v1/reservas/{id},8.300000,0.000000,5,6,6,7,8,9,14,16,16,16,16,6013,0,5,5.643946624177595,3.1226329956552945,177.67928400280653,442.0
1789883413,50,POST,POST /api/v1/auth/login,0.000000,0.000000,0,0,0,0,0,0,0,0,0,0,0,50,0,1300.0,1369.1218887201103,628.633758999058,2104.1982940005255,1622.0
1789883413,50,POST,POST /api/v1/auth/refresh,0.000000,0.000000,0,0,0,0,0,0,0,0,0,0,0,50,0,29,31.13284232051228,20.492110001214314,55.65531500178622,1622.0
1789883413,50,,Aggregated,25.500000,0.000000,7,8,8,9,10,11,14,16,25,25,25,24019,0,6,10.116267433075382,3.1226329956552945,2104.1982940005255,6800.750905533119
1789883414,50,GET,GET /api/v1/reservas,18.200000,0.000000,8,8,8,9,10,12,14,20,25,25,25,17922,0,7,7.764127954460017,4.633864002244081,256.99183600227116,8965.0
1789883414,50,GET,GET /api/v1/reservas/{id},8.000000,0.000000,5,6,6,6,8,9,14,16,16,16,16,6019,0,5,5.643057367198496,3.1226329956552945,177.67928400280653,442.0
1789883414,50,POST,POST /api/v1/auth/login,0.000000,0.000000,0,0,0,0,0,0,0,0,0,0,0,50,0,1300.0,1369.1218887201103,628.633758999058,2104.1982940005255,1622.0
1789883414,50,POST,POST /api/v1/auth/refresh,0.000000,0.000000,0,0,0,0,0,0,0,0,0,0,0,50,0,29,31.13284232051228,20.492110001214314,55.65531500178622,1622.0
1789883414,50,,Aggregated,26.200000,0.000000,7,8,8,9,10,11,14,16,25,25,25,24041,0,6,10.113015267461058,3.1226329956552945,2104.1982940005255,6800.604300985816
1789883415,50,GET,GET /api/v1/reservas,18.200000,0.000000,7,8,8,9,10,11,14,20,25,25,25,17942,0,7,7.763377536999505,4.633864002244081,256.99183600227116,8965.0
1789883415,50,GET,GET /api/v1/reservas/{id},7.900000,0.000000,5,6,6,6,8,9,14,16,16,16,16,6027,0,5,5.642258007991756,3.1226329956552945,177.67928400280653,442.0
1789883415,50,POST,POST /api/v1/auth/login,0.000000,0.000000,0,0,0,0,0,0,0,0,0,0,0,50,0,1300.0,1369.1218887201103,628.633758999058,2104.1982940005255,1622.0
1789883415,50,POST,POST /api/v1/auth/refresh,0.000000,0.000000,0,0,0,0,0,0,0,0,0,0,0,50,0,29,31.13284232051228,20.492110001214314,55.65531500178622,1622.0
1789883415,50,,Aggregated,26.100000,0.000000,7,8,8,8,10,11,14,16,25,25,25,24069,0,6,10.108818203292309,3.1226329956552945,2104.1982940005255,6800.289334829034
1789883416,50,GET,GET /api/v1/reservas,18.300000,0.000000,7,8,8,8,10,11,14,20,25,25,25,17955,0,7,7.763866039424299,4.633864002244081,256.99183600227116,8965.0
1789883416,50,GET,GET /api/v1/reservas/{id},7.300000,0.000000,6,6,6,7,9,9,14,16,16,16,16,6039,0,5,5.644425040266253,3.1226329956552945,177.67928400280653,442.0
1789883416,50,POST,POST /api/v1/auth/login,0.000000,0.000000,0,0,0,0,0,0,0,0,0,0,0,50,0,1300.0,1369.1218887201103,628.633758999058,2104.1982940005255,1622.0
1789883416,50,POST,POST /api/v1/auth/refresh,0.000000,0.000000,0,0,0,0,0,0,0,0,0,0,0,50,0,29,31.13284232051228,20.492110001214314,55.65531500178622,1622.0
1789883416,50,,Aggregated,25.600000,0.000000,7,8,8,8,10,11,14,16,25,25,25,24094,0,6,10.106235332782532,3.1226329956552945,2104.1982940005255,6798.290570266457
1789883417,50,GET,GET /api/v1/reservas,18.100000,0.000000,7,8,8,8,10,11,14,16,25,25,25,17970,0,7,7.764358987192755,4.633864002244081,256.99183600227116,8965.0
1789883417,50,GET,GET /api/v1/reservas/{id},7.000000,0.000000,6,6,6,7,9,10,15,16,16,16,16,6047,0,5,5.6475433884854835,3.1226329956552945,177.67928400280653,442.0
1789883417,50,POST,POST /api/v1/auth/login,0.000000,0.000000,0,0,0,0,0,0,0,0,0,0,0,50,0,1300.0,1369.1218887201103,628.633758999058,2104.1982940005255,1622.0
1789883417,50,POST,POST /api/v1/auth/refresh,0.000000,0.000000,0,0,0,0,0,0,0,0,0,0,0,50,0,29,31.13284232051228,20.492110001214314,55.65531500178622,1622.0
1789883417,50,,Aggregated,25.100000,0.000000,7,8,8,8,10,11,15,16,25,25,25,24117,0,6,10.104447585605865,3.1226329956552945,2104.1982940005255,6797.529709333665
1789883418,50,GET,GET /api/v1/reservas,18.000000,0.000000,8,8,8,9,10,11,15,16,19,19,19,17989,0,7,7.766787901542677,4.633864002244081,256.99183600227116,8965.0
1789883418,50,GET,GET /api/v1/reservas/{id},6.900000,0.000000,6,6,6,7,9,10,15,16,16,16,16,6054,0,5,5.648760066266077,3.1226329956552945,177.67928400280653,442.0
1789883418,50,POST,POST /api/v1/auth/login,0.000000,0.000000,0,0,0,0,0,0,0,0,0,0,0,50,0,1300.0,1369.1218887201103,628.633758999058,2104.1982940005255,1622.0
1789883418,50,POST,POST /api/v1/auth/refresh,0.000000,0.000000,0,0,0,0,0,0,0,0,0,0,0,50,0,29,31.13284232051228,20.492110001214314,55.65531500178622,1622.0
1789883418,50,,Aggregated,24.900000,0.000000,7,8,8,8,10,11,15,16,19,19,19,24143,0,6,10.103428635797423,3.1226329956552945,2104.1982940005255,6797.392743238206
1789883419,50,GET,GET /api/v1/reservas,17.300000,0.000000,8,8,8,9,10,11,15,16,19,19,19,18005,0,7,7.76647309924146,4.633864002244081,256.99183600227116,8965.0
1789883419,50,GET,GET /api/v1/reservas/{id},7.200000,0.000000,6,6,6,7,9,10,15,16,16,16,16,6060,0,5,5.6485119292377775,3.1226329956552945,177.67928400280653,442.0
1789883419,50,POST,POST /api/v1/auth/login,0.000000,0.000000,0,0,0,0,0,0,0,0,0,0,0,50,0,1300.0,1369.1218887201103,628.633758999058,2104.1982940005255,1622.0
1789883419,50,POST,POST /api/v1/auth/refresh,0.000000,0.000000,0,0,0,0,0,0,0,0,0,0,0,50,0,29,31.13284232051228,20.492110001214314,55.65531500178622,1622.0
1789883419,50,,Aggregated,24.500000,0.000000,7,8,8,8,10,11,15,16,19,19,19,24165,0,6,10.100478667289655,3.1226329956552945,2104.1982940005255,6797.249948272294
1789883420,50,GET,GET /api/v1/reservas,17.200000,0.000000,8,8,8,9,10,11,15,16,19,19,19,18027,0,7,7.765693904911062,4.633864002244081,256.99183600227116,8965.0
1789883420,50,GET,GET /api/v1/reservas/{id},7.300000,0.000000,6,6,6,7,9,10,15,16,16,16,16,6068,0,5,5.648075548480905,3.1226329956552945,177.67928400280653,442.0
1789883420,50,POST,POST /api/v1/auth/login,0.000000,0.000000,0,0,0,0,0,0,0,0,0,0,0,50,0,1300.0,1369.1218887201103,628.633758999058,2104.1982940005255,1622.0
1789883420,50,POST,POST /api/v1/auth/refresh,0.000000,0.000000,0,0,0,0,0,0,0,0,0,0,0,50,0,29,31.13284232051228,20.492110001214314,55.65531500178622,1622.0
1789883420,50,,Aggregated,24.500000,0.000000,7,8,8,8,10,11,15,16,19,19,19,24195,0,6,10.09619437917111,3.1226329956552945,2104.1982940005255,6797.119694151685
1789883421,50,GET,GET /api/v1/reservas,17.600000,0.000000,8,8,8,9,10,12,16,19,23,23,23,18050,0,7,7.767562589851122,4.633864002244081,256.99183600227116,8965.0
1789883421,50,GET,GET /api/v1/reservas/{id},7.400000,0.000000,6,6,6,6,9,9,13,15,15,15,15,6071,0,5,5.649274035279019,3.1226329956552945,177.67928400280653,442.0
1789883421,50,POST,POST /api/v1/auth/login,0.000000,0.000000,0,0,0,0,0,0,0,0,0,0,0,50,0,1300.0,1369.1218887201103,628.633758999058,2104.1982940005255,1622.0
1789883421,50,POST,POST /api/v1/auth/refresh,0.000000,0.000000,0,0,0,0,0,0,0,0,0,0,0,50,0,29,31.13284232051228,20.492110001214314,55.65531500178622,1622.0
1789883421,50,,Aggregated,25.000000,0.000000,7,8,8,8,10,12,15,16,23,23,23,24221,0,6,10.095123403947929,3.1226329956552945,2104.1982940005255,6798.391148177202
1789883422,50,GET,GET /api/v1/reservas,17.100000,0.000000,8,8,8,9,10,12,16,19,23,23,23,18068,0,7,7.766732896712908,4.633864002244081,256.99183600227116,8965.0
1789883422,50,GET,GET /api/v1/reservas/{id},7.600000,0.000000,6,6,6,6,9,9,13,15,15,15,15,6075,0,5,5.648974355583515,3.1226329956552945,177.67928400280653,442.0
1789883422,50,POST,POST /api/v1/auth/login,0.000000,0.000000,0,0,0,0,0,0,0,0,0,0,0,50,0,1300.0,1369.1218887201103,628.633758999058,2104.1982940005255,1622.0
1789883422,50,POST,POST /api/v1/auth/refresh,0.000000,0.000000,0,0,0,0,0,0,0,0,0,0,0,50,0,29,31.13284232051228,20.492110001214314,55.65531500178622,1622.0
1789883422,50,,Aggregated,24.700000,0.000000,7,8,8,8,10,12,15,16,23,23,23,24243,0,6,10.09196822753,3.1226329956552945,2104.1982940005255,6798.951037412861
1789883423,50,GET,GET /api/v1/reservas,17.500000,0.000000,8,8,8,8,10,12,16,19,23,23,23,18082,0,7,7.7663453363464905,4.633864002244081,256.99183600227116,8965.0
1789883423,50,GET,GET /api/v1/reservas/{id},7.700000,0.000000,6,6,6,7,9,9,13,15,15,15,15,6082,0,5,5.648804320480431,3.1226329956552945,177.67928400280653,442.0
1789883423,50,POST,POST /api/v1/auth/login,0.000000,0.000000,0,0,0,0,0,0,0,0,0,0,0,50,0,1300.0,1369.1218887201103,628.633758999058,2104.1982940005255,1622.0
1789883423,50,POST,POST /api/v1/auth/refresh,0.000000,0.000000,0,0,0,0,0,0,0,0,0,0,0,50,0,29,31.13284232051228,20.492110001214314,55.65531500178622,1622.0
1789883423,50,,Aggregated,25.200000,0.000000,7,8,8,8,9,12,15,16,23,23,23,24264,0,6,10.089013386128023,3.1226329956552945,2104.1982940005255,6798.366880975931
1789883424,50,GET,GET /api/v1/reservas,17.500000,0.000000,8,8,8,9,10,14,16,19,23,23,23,18098,0,7,7.767778647851342,4.633864002244081,256.99183600227116,8965.0
1789883424,50,GET,GET /api/v1/reservas/{id},7.200000,0.000000,6,6,6,7,8,9,13,15,15,15,15,6093,0,5,5.647717089476676,3.1226329956552945,177.67928400280653,442.0
1789883424,50,POST,POST /api/v1/auth/login,0.000000,0.000000,0,0,0,0,0,0,0,0,0,0,0,50,0,1300.0,1369.1218887201103,628.633758999058,2104.1982940005255,1622.0
1789883424,50,POST,POST /api/v1/auth/refresh,0.000000,0.000000,0,0,0,0,0,0,0,0,0,0,0,50,0,29,31.13284232051228,20.492110001214314,55.65531500178622,1622.0
1789883424,50,,Aggregated,24.700000,0.000000,7,8,8,8,10,12,16,18,23,23,23,24291,0,6,10.086267948912194,3.1226329956552945,2104.1982940005255,6796.915565435758
1789883425,50,GET,GET /api/v1/reservas,18.200000,0.000000,8,8,8,9,10,14,16,19,23,23,23,18112,0,7,7.767294920926386,4.633864002244081,256.99183600227116,8965.0
1789883425,50,GET,GET /api/v1/reservas/{id},6.800000,0.000000,6,6,6,7,9,9,13,15,15,15,15,6097,0,5,5.647853883907136,3.1226329956552945,177.67928400280653,442.0
1789883425,50,POST,POST /api/v1/auth/login,0.000000,0.000000,0,0,0,0,0,0,0,0,0,0,0,50,0,1300.0,1369.1218887201103,628.633758999058,2104.1982940005255,1622.0
1789883425,50,POST,POST /api/v1/auth/refresh,0.000000,0.000000,0,0,0,0,0,0,0,0,0,0,0,50,0,29,31.13284232051228,20.492110001214314,55.65531500178622,1622.0
1789883425,50,,Aggregated,25.000000,0.000000,7,8,8,8,10,13,16,18,23,23,23,24309,0,6,10.083876230615477,3.1226329956552945,2104.1982940005255,6797.11851577605
1789883426,50,GET,GET /api/v1/reservas,17.700000,0.000000,8,8,8,9,10,14,16,19,23,23,23,18131,0,7,7.766840118350468,4.633864002244081,256.99183600227116,8965.0
1789883426,50,GET,GET /api/v1/reservas/{id},6.800000,0.000000,6,6,6,6,8,9,13,15,15,15,15,6104,0,5,5.6477584140204184,3.1226329956552945,177.67928400280653,442.0
1789883426,50,POST,POST /api/v1/auth/login,0.000000,0.000000,0,0,0,0,0,0,0,0,0,0,0,50,0,1300.0,1369.1218887201103,628.633758999058,2104.1982940005255,1622.0
1789883426,50,POST,POST /api/v1/auth/refresh,0.000000,0.000000,0,0,0,0,0,0,0,0,0,0,0,50,0,29,31.13284232051228,20.492110001214314,55.65531500178622,1622.0
1789883426,50,,Aggregated,24.500000,0.000000,7,8,8,8,10,12,16,18,23,23,23,24335,0,6,10.080428686953939,3.1226329956552945,2104.1982940005255,6796.983069652763
1789883427,50,GET,GET /api/v1/reservas,17.600000,0.000000,8,8,8,8,10,12,16,19,23,23,23,18147,0,7,7.766142852250406,4.633864002244081,256.99183600227116,8965.0
1789883427,50,GET,GET /api/v1/reservas/{id},7.200000,0.000000,5,6,6,6,7,8,9,13,13,13,13,6115,0,5,5.646208922189246,3.1226329956552945,177.67928400280653,442.0
1789883427,50,POST,POST /api/v1/auth/login,0.000000,0.000000,0,0,0,0,0,0,0,0,0,0,0,50,0,1300.0,1369.1218887201103,628.633758999058,2104.1982940005255,1622.0
1789883427,50,POST,POST /api/v1/auth/refresh,0.000000,0.000000,0,0,0,0,0,0,0,0,0,0,0,50,0,29,31.13284232051228,20.492110001214314,55.65531500178622,1622.0
1789883427,50,,Aggregated,24.800000,0.000000,7,8,8,8,9,12,16,18,23,23,23,24362,0,6,10.075999443847241,3.1226329956552945,2104.1982940005255,6795.537517445202
1789883428,50,GET,GET /api/v1/reservas,17.400000,0.000000,7,8,8,8,10,12,14,18,23,23,23,18166,0,7,7.76727468863749,4.633864002244081,256.99183600227116,8965.0
1789883428,50,GET,GET /api/v1/reservas/{id},7.100000,0.000000,5,6,6,6,7,7,8,13,13,13,13,6121,0,5,5.646558159481943,3.1226329956552945,177.67928400280653,442.0
1789883428,50,POST,POST /api/v1/auth/login,0.000000,0.000000,0,0,0,0,0,0,0,0,0,0,0,50,0,1300.0,1369.1218887201103,628.633758999058,2104.1982940005255,1622.0
1789883428,50,POST,POST /api/v1/auth/refresh,0.000000,0.000000,0,0,0,0,0,0,0,0,0,0,0,50,0,29,31.13284232051228,20.492110001214314,55.65531500178622,1622.0
1789883428,50,,Aggregated,24.500000,0.000000,7,8,8,8,9,11,14,16,23,23,23,24387,0,6,10.074040720056125,3.1226329956552945,2104.1982940005255,6795.664575388527
1789883429,50,GET,GET /api/v1/reservas,17.700000,0.000000,7,8,8,9,10,12,14,18,23,23,23,18179,0,7,7.767395156928277,4.633864002244081,256.99183600227116,8965.0
1789883429,50,GET,GET /api/v1/reservas/{id},6.500000,0.000000,5,6,6,6,7,8,10,13,13,13,13,6128,0,5,5.648108117197843,3.1226329956552945,177.67928400280653,442.0
1789883429,50,POST,POST /api/v1/auth/login,0.000000,0.000000,0,0,0,0,0,0,0,0,0,0,0,50,0,1300.0,1369.1218887201103,628.633758999058,2104.1982940005255,1622.0
1789883429,50,POST,POST /api/v1/auth/refresh,0.000000,0.000000,0,0,0,0,0,0,0,0,0,0,0,50,0,29,31.13284232051228,20.492110001214314,55.65531500178622,1622.0
1789883429,50,,Aggregated,24.200000,0.000000,7,8,8,8,10,11,14,16,23,23,23,24407,0,6,10.072021127218367,3.1226329956552945,2104.1982940005255,6794.997787519974
1789883430,50,GET,GET /api/v1/reservas,17.800000,0.000000,7,8,8,9,10,12,14,18,23,23,23,18199,0,7,7.766760805802689,4.633864002244081,256.99183600227116,8965.0
1789883430,50,GET,GET /api/v1/reservas/{id},6.700000,0.000000,5,6,6,6,7,8,10,13,13,13,13,6138,0,5,5.647205046461044,3.1226329956552945,177.67928400280653,442.0
1789883430,50,POST,POST /api/v1/auth/login,0.000000,0.000000,0,0,0,0,0,0,0,0,0,0,0,50,0,1300.0,1369.1218887201103,628.633758999058,2104.1982940005255,1622.0
1789883430,50,POST,POST /api/v1/auth/refresh,0.000000,0.000000,0,0,0,0,0,0,0,0,0,0,0,50,0,29,31.13284232051228,20.492110001214314,55.65531500178622,1622.0
1789883430,50,,Aggregated,24.500000,0.000000,7,8,8,8,10,11,14,16,23,23,23,24437,0,6,10.067625364488773,3.1226329956552945,2104.1982940005255,6794.174039366534
1789883431,50,GET,GET /api/v1/reservas,17.500000,0.000000,7,8,8,9,11,14,26,86,95,95,95,18214,0,7,7.77989466376354,4.633864002244081,256.99183600227116,8965.0
1789883431,50,GET,GET /api/v1/reservas/{id},6.900000,0.000000,5,6,6,7,8,10,10,13,13,13,13,6146,0,5,5.649650728955962,3.1226329956552945,177.67928400280653,442.0
1789883431,50,POST,POST /api/v1/auth/login,0.000000,0.000000,0,0,0,0,0,0,0,0,0,0,0,50,0,1300.0,1369.1218887201103,628.633758999058,2104.1982940005255,1622.0
1789883431,50,POST,POST /api/v1/auth/refresh,0.000000,0.000000,0,0,0,0,0,0,0,0,0,0,0,50,0,29,31.13284232051228,20.492110001214314,55.65531500178622,1622.0
1789883431,50,,Aggregated,24.400000,0.000000,7,8,8,8,10,13,19,26,95,95,95,24460,0,6,10.075163178167767,3.1226329956552945,2104.1982940005255,6793.427718724448
1789883432,50,GET,GET /api/v1/reservas,17.100000,0.000000,8,9,11,12,26,82,140,170,220,220,220,18235,0,7,7.851212537252263,4.633864002244081,256.99183600227116,8965.0
1789883432,50,GET,GET /api/v1/reservas/{id},6.800000,0.000000,5,6,7,7,10,17,110,160,160,160,160,6151,0,5,5.70122180249616,3.1226329956552945,177.67928400280653,442.0
1789883432,50,POST,POST /api/v1/auth/login,0.000000,0.000000,0,0,0,0,0,0,0,0,0,0,0,50,0,1300.0,1369.1218887201103,628.633758999058,2104.1982940005255,1622.0
1789883432,50,POST,POST /api/v1/auth/refresh,0.000000,0.000000,0,0,0,0,0,0,0,0,0,0,0,50,0,29,31.13284232051228,20.492110001214314,55.65531500178622,1622.0
1789883432,50,,Aggregated,23.900000,0.000000,7,8,10,10,19,75,140,160,220,220,220,24486,0,6,10.138357121456343,3.1226329956552945,2104.1982940005255,6793.993179776198
1789883433,50,GET,GET /api/v1/reservas,17.300000,0.000000,8,10,12,14,31,82,140,170,220,220,220,18253,0,7,7.861150253919762,4.633864002244081,256.99183600227116,8965.0
1789883433,50,GET,GET /api/v1/reservas/{id},7.300000,0.000000,5,6,7,8,11,58,110,160,160,160,160,6155,0,5,5.712929921389075,3.1226329956552945,177.67928400280653,442.0
1789883433,50,POST,POST /api/v1/auth/login,0.000000,0.000000,0,0,0,0,0,0,0,0,0,0,0,50,0,1300.0,1369.1218887201103,628.633758999058,2104.1982940005255,1622.0
1789883433,50,POST,POST /api/v1/auth/refresh,0.000000,0.000000,0,0,0,0,0,0,0,0,0,0,0,50,0,29,31.13284232051228,20.492110001214314,55.65531500178622,1622.0
1789883433,50,,Aggregated,24.600000,0.000000,7,9,11,12,25,68,140,160,220,220,220,24508,0,6,10.146294916067337,3.1226329956552945,2104.1982940005255,6794.550962950873
1789883434,50,GET,GET /api/v1/reservas,16.700000,0.000000,8,10,12,13,30,82,140,170,220,220,220,18274,0,7,7.8629259188906335,4.633864002244081,256.99183600227116,8965.0
1789883434,50,GET,GET /api/v1/reservas/{id},7.500000,0.000000,6,7,8,9,16,58,110,160,160,160,160,6162,0,5,5.715244366463255,3.1226329956552945,177.67928400280653,442.0
1789883434,50,POST,POST /api/v1/auth/login,0.000000,0.000000,0,0,0,0,0,0,0,0,0,0,0,50,0,1300.0,1369.1218887201103,628.633758999058,2104.1982940005255,1622.0
1789883434,50,POST,POST /api/v1/auth/refresh,0.000000,0.000000,0,0,0,0,0,0,0,0,0,0,0,50,0,29,31.13284232051228,20.492110001214314,55.65531500178622,1622.0
1789883434,50,,Aggregated,24.200000,0.000000,8,10,11,13,25,68,140,160,220,220,220,24536,0,6,10.14497801516079,3.1226329956552945,2104.1982940005255,6794.59626671014
1789883435,50,GET,GET /api/v1/reservas,16.900000,0.000000,8,11,12,13,30,82,140,170,220,220,220,18289,0,7,7.862361394269585,4.633864002244081,256.99183600227116,8965.0
1789883435,50,GET,GET /api/v1/reservas/{id},7.700000,0.000000,5,7,8,9,16,58,110,160,160,160,160,6169,0,5,5.714218643726338,3.1226329956552945,177.67928400280653,442.0
1789883435,50,POST,POST /api/v1/auth/login,0.000000,0.000000,0,0,0,0,0,0,0,0,0,0,0,50,0,1300.0,1369.1218887201103,628.633758999058,2104.1982940005255,1622.0
1789883435,50,POST,POST /api/v1/auth/refresh,0.000000,0.000000,0,0,0,0,0,0,0,0,0,0,0,50,0,29,31.13284232051228,20.492110001214314,55.65531500178622,1622.0
1789883435,50,,Aggregated,24.600000,0.000000,8,10,11,13,25,68,140,160,220,220,220,24558,0,6,10.141643411718192,3.1226329956552945,2104.1982940005255,6794.1112061242775
1789883436,50,GET,GET /api/v1/reservas,17.000000,0.000000,8,10,12,13,30,82,140,170,220,220,220,18310,0,7,7.861517032048948,4.633864002244081,256.99183600227116,8965.0
1789883436,50,GET,GET /api/v1/reservas/{id},7.300000,0.000000,5,7,8,9,16,58,110,160,160,160,160,6176,0,5,5.713977218125516,3.1226329956552945,177.67928400280653,442.0
1789883436,50,POST,POST /api/v1/auth/login,0.000000,0.000000,0,0,0,0,0,0,0,0,0,0,0,50,0,1300.0,1369.1218887201103,628.633758999058,2104.1982940005255,1622.0
1789883436,50,POST,POST /api/v1/auth/refresh,0.000000,0.000000,0,0,0,0,0,0,0,0,0,0,0,50,0,29,31.13284232051228,20.492110001214314,55.65531500178622,1622.0
1789883436,50,,Aggregated,24.300000,0.000000,7,10,11,12,25,68,140,160,220,220,220,24586,0,6,10.13774655120762,3.1226329956552945,2104.1982940005255,6794.156918571544
1789883437,50,GET,GET /api/v1/reservas,17.900000,0.000000,8,10,12,13,30,82,140,170,220,220,220,18327,0,7,7.860802608875021,4.633864002244081,256.99183600227116,8965.0
1789883437,50,GET,GET /api/v1/reservas/{id},6.900000,0.000000,6,7,8,9,16,58,110,160,160,160,160,6183,0,5,5.714037442528013,3.1226329956552945,177.67928400280653,442.0
1789883437,50,POST,POST /api/v1/auth/login,0.000000,0.000000,0,0,0,0,0,0,0,0,0,0,0,50,0,1300.0,1369.1218887201103,628.633758999058,2104.1982940005255,1622.0
1789883437,50,POST,POST /api/v1/auth/refresh,0.000000,0.000000,0,0,0,0,0,0,0,0,0,0,0,50,0,29,31.13284232051228,20.492110001214314,55.65531500178622,1622.0
1789883437,50,,Aggregated,24.800000,0.000000,8,10,11,13,25,68,140,160,220,220,220,24610,0,6,10.134399003333375,3.1226329956552945,2104.1982940005255,6793.849695245835
1789883438,50,GET,GET /api/v1/reservas,17.700000,0.000000,8,10,12,13,30,82,140,170,220,220,220,18344,0,7,7.86064778640694,4.633864002244081,256.99183600227116,8965.0
1789883438,50,GET,GET /api/v1/reservas/{id},6.900000,0.000000,6,6,8,9,16,58,110,160,160,160,160,6192,0,5,5.713744854190886,3.1226329956552945,177.67928400280653,442.0
1789883438,50,POST,POST /api/v1/auth/login,0.000000,0.000000,0,0,0,0,0,0,0,0,0,0,0,50,0,1300.0,1369.1218887201103,628.633758999058,2104.1982940005255,1622.0
1789883438,50,POST,POST /api/v1/auth/refresh,0.000000,0.000000,0,0,0,0,0,0,0,0,0,0,0,50,0,29,31.13284232051228,20.492110001214314,55.65531500178622,1622.0
1789883438,50,,Aggregated,24.600000,0.000000,7,9,11,13,25,68,140,160,220,220,220,24636,0,6,10.13102645246915,3.1226329956552945,2104.1982940005255,6793.027439519403
1789883439,50,GET,GET /api/v1/reservas,17.900000,0.000000,8,10,12,13,26,75,140,170,220,220,220,18364,0,7,7.861305248739639,4.633864002244081,256.99183600227116,8965.0
1789883439,50,GET,GET /api/v1/reservas/{id},7.200000,0.000000,6,7,8,9,16,58,110,160,160,160,160,6198,0,5,5.715259623935906,3.1226329956552945,177.67928400280653,442.0
1789883439,50,POST,POST /api/v1/auth/login,0.000000,0.000000,0,0,0,0,0,0,0,0,0,0,0,50,0,1300.0,1369.1218887201103,628.633758999058,2104.1982940005255,1622.0
1789883439,50,POST,POST /api/v1/auth/refresh,0.000000,0.000000,0,0,0,0,0,0,0,0,0,0,0,50,0,29,31.13284232051228,20.492110001214314,55.65531500178622,1622.0
1789883439,50,,Aggregated,25.100000,0.000000,8,9,11,12,25,68,120,160,220,220,220,24662,0,6,10.128980832415888,3.1226329956552945,2104.1982940005255,6793.243694753061
1789883440,50,GET,GET /api/v1/reservas,17.900000,0.000000,8,10,12,13,30,82,140,170,220,220,220,18381,0,7,7.860962906798055,4.633864002244081,256.99183600227116,8965.0
1789883440,50,GET,GET /api/v1/reservas/{id},6.800000,0.000000,6,7,8,9,16,58,110,160,160,160,160,6209,0,5,5.71449037641329,3.1226329956552945,177.67928400280653,442.0
1789883440,50,POST,POST /api/v1/auth/login,0.000000,0.000000,0,0,0,0,0,0,0,0,0,0,0,50,0,1300.0,1369.1218887201103,628.633758999058,2104.1982940005255,1622.0
1789883440,50,POST,POST /api/v1/auth/refresh,0.000000,0.000000,0,0,0,0,0,0,0,0,0,0,0,50,0,29,31.13284232051228,20.492110001214314,55.65531500178622,1622.0
1789883440,50,,Aggregated,24.700000,0.000000,8,9,11,12,25,68,140,160,220,220,220,24690,0,6,10.125004718065464,3.1226329956552945,2104.1982940005255,6791.909396516809
1789883441,50,GET,GET /api/v1/reservas,17.900000,0.000000,8,9,10,11,16,56,140,170,220,220,220,18399,0,7,7.860556675626474,4.633864002244081,256.99183600227116,8965.0
1789883441,50,GET,GET /api/v1/reservas/{id},6.900000,0.000000,6,6,8,8,12,17,110,160,160,160,160,6212,0,5,5.7141675568501595,3.1226329956552945,177.67928400280653,442.0
1789883441,50,POST,POST /api/v1/auth/login,0.000000,0.000000,0,0,0,0,0,0,0,0,0,0,0,50,0,1300.0,1369.1218887201103,628.633758999058,2104.1982940005255,1622.0
1789883441,50,POST,POST /api/v1/auth/refresh,0.000000,0.000000,0,0,0,0,0,0,0,0,0,0,0,50,0,29,31.13284232051228,20.492110001214314,55.65531500178622,1622.0
1789883441,50,,Aggregated,24.800000,0.000000,7,8,9,11,15,31,140,160,220,220,220,24711,0,6,10.122436473231994,3.1226329956552945,2104.1982940005255,6792.7214196107
1789883442,50,GET,GET /api/v1/reservas,18.500000,0.000000,8,8,9,9,11,13,14,18,19,19,19,18419,0,7,7.860284086858836,4.633864002244081,256.99183600227116,8965.0
1789883442,50,GET,GET /api/v1/reservas/{id},7.100000,0.000000,5,6,6,7,9,11,16,16,16,16,16,6221,0,5,5.713525067216664,3.1226329956552945,177.67928400280653,442.0
1789883442,50,POST,POST /api/v1/auth/login,0.000000,0.000000,0,0,0,0,0,0,0,0,0,0,0,50,0,1300.0,1369.1218887201103,628.633758999058,2104.1982940005255,1622.0
1789883442,50,POST,POST /api/v1/auth/refresh,0.000000,0.000000,0,0,0,0,0,0,0,0,0,0,0,50,0,29,31.13284232051228,20.492110001214314,55.65531500178622,1622.0
1789883442,50,,Aggregated,25.600000,0.000000,7,8,8,9,11,13,15,16,19,19,19,24740,0,6,10.118639797535929,3.1226329956552945,2104.1982940005255,6792.167219078416
1789883443,50,GET,GET /api/v1/reservas,18.100000,0.000000,7,8,8,9,10,11,13,13,14,14,14,18438,0,7,7.859425540235048,4.633864002244081,256.99183600227116,8965.0
1789883443,50,GET,GET /api/v1/reservas/{id},6.800000,0.000000,5,6,6,6,8,9,12,16,16,16,16,6228,0,5,5.71248892552473,3.1226329956552945,177.67928400280653,442.0
1789883443,50,POST,POST /api/v1/auth/login,0.000000,0.000000,0,0,0,0,0,0,0,0,0,0,0,50,0,1300.0,1369.1218887201103,628.633758999058,2104.1982940005255,1622.0
1789883443,50,POST,POST /api/v1/auth/refresh,0.000000,0.000000,0,0,0,0,0,0,0,0,0,0,0,50,0,29,31.13284232051228,20.492110001214314,55.65531500178622,1622.0
1789883443,50,,Aggregated,24.900000,0.000000,7,8,8,8,9,11,12,13,16,16,16,24766,0,6,10.114762403741135,3.1226329956552945,2104.1982940005255,6792.03932811112
1789883444,50,GET,GET /api/v1/reservas,18.200000,0.000000,7,8,8,8,9,10,11,12,14,14,14,18457,0,7,7.859201279616257,4.633864002244081,256.99183600227116,8965.0
1789883444,50,GET,GET /api/v1/reservas/{id},6.600000,0.000000,5,6,6,6,7,8,9,10,10,10,10,6236,0,5,5.712198918242777,3.1226329956552945,177.67928400280653,442.0
1789883444,50,POST,POST /api/v1/auth/login,0.000000,0.000000,0,0,0,0,0,0,0,0,0,0,0,50,0,1300.0,1369.1218887201103,628.633758999058,2104.1982940005255,1622.0
1789883444,50,POST,POST /api/v1/auth/refresh,0.000000,0.000000,0,0,0,0,0,0,0,0,0,0,0,50,0,29,31.13284232051228,20.492110001214314,55.65531500178622,1622.0
1789883444,50,,Aggregated,24.800000,0.000000,7,8,8,8,9,10,10,11,14,14,14,24793,0,6,10.111373654824762,3.1226329956552945,2104.1982940005255,6791.655588270883
1789883445,50,GET,GET /api/v1/reservas,18.100000,0.000000,7,8,8,8,9,10,11,12,14,14,14,18473,0,7,7.85834465105243,4.633864002244081,256.99183600227116,8965.0
1789883445,50,GET,GET /api/v1/reservas/{id},6.900000,0.000000,5,6,6,6,8,8,9,10,10,10,10,6239,0,5,5.7121674900079595,3.1226329956552945,177.67928400280653,442.0
1789883445,50,POST,POST /api/v1/auth/login,0.000000,0.000000,0,0,0,0,0,0,0,0,0,0,0,50,0,1300.0,1369.1218887201103,628.633758999058,2104.1982940005255,1622.0
1789883445,50,POST,POST /api/v1/auth/refresh,0.000000,0.000000,0,0,0,0,0,0,0,0,0,0,0,50,0,29,31.13284232051228,20.492110001214314,55.65531500178622,1622.0
1789883445,50,,Aggregated,25.000000,0.000000,7,8,8,8,9,10,11,11,14,14,14,24812,0,6,10.108743763545153,3.1226329956552945,2104.1982940005255,6792.289335805255
1789883446,50,GET,GET /api/v1/reservas,18.600000,0.000000,7,8,8,8,9,10,12,14,16,16,16,18500,0,7,7.85782315599342,4.633864002244081,256.99183600227116,8965.0
1789883446,50,GET,GET /api/v1/reservas/{id},7.300000,0.000000,5,6,6,6,7,8,8,10,10,10,10,6241,0,5,5.7117246750774395,3.1226329956552945,177.67928400280653,442.0
1789883446,50,POST,POST /api/v1/auth/login,0.000000,0.000000,0,0,0,0,0,0,0,0,0,0,0,50,0,1300.0,1369.1218887201103,628.633758999058,2104.1982940005255,1622.0
1789883446,50,POST,POST /api/v1/auth/refresh,0.000000,0.000000,0,0,0,0,0,0,0,0,0,0,0,50,0,29,31.13284232051228,20.492110001214314,55.65531500178622,1622.0
1789883446,50,,Aggregated,25.900000,0.000000,7,8,8,8,9,10,11,14,16,16,16,24841,0,6,10.105444170325981,3.1226329956552945,2104.1982940005255,6794.139607906284
1789883447,50,GET,GET /api/v1/reservas,18.200000,0.000000,7,8,8,8,9,11,12,14,16,16,16,18520,0,7,7.858125945132749,4.633864002244081,256.99183600227116,8965.0
1789883447,50,GET,GET /api/v1/reservas/{id},7.400000,0.000000,5,6,6,6,7,8,8,10,10,10,10,6246,0,5,5.711701733294261,3.1226329956552945,177.67928400280653,442.0
1789883447,50,POST,POST /api/v1/auth/login,0.000000,0.000000,0,0,0,0,0,0,0,0,0,0,0,50,0,1300.0,1369.1218887201103,628.633758999058,2104.1982940005255,1622.0
1789883447,50,POST,POST /api/v1/auth/refresh,0.000000,0.000000,0,0,0,0,0,0,0,0,0,0,0,50,0,29,31.13284232051228,20.492110001214314,55.65531500178622,1622.0
1789883447,50,,Aggregated,25.600000,0.000000,7,8,8,8,9,10,11,14,16,16,16,24866,0,6,10.102972656721853,3.1226329956552945,2104.1982940005255,6794.608380921741
1789883448,50,GET,GET /api/v1/reservas,18.600000,0.000000,7,8,8,8,9,11,12,14,16,16,16,18541,0,7,7.856717291346612,4.633864002244081,256.99183600227116,8965.0
1789883448,50,GET,GET /api/v1/reservas/{id},7.100000,0.000000,5,6,6,6,7,8,8,10,10,10,10,6255,0,5,5.71000174167043,3.1226329956552945,177.67928400280653,442.0
1789883448,50,POST,POST /api/v1/auth/login,0.000000,0.000000,0,0,0,0,0,0,0,0,0,0,0,50,0,1300.0,1369.1218887201103,628.633758999058,2104.1982940005255,1622.0
1789883448,50,POST,POST /api/v1/auth/refresh,0.000000,0.000000,0,0,0,0,0,0,0,0,0,0,0,50,0,29,31.13284232051228,20.492110001214314,55.65531500178622,1622.0
1789883448,50,,Aggregated,25.700000,0.000000,7,7,8,8,9,10,11,14,16,16,16,24896,0,6,10.098015454090504,3.1226329956552945,2104.1982940005255,6794.142633354756
1789883449,50,GET,GET /api/v1/reservas,18.800000,0.000000,7,8,8,8,9,11,13,14,16,16,16,18557,0,7,7.857436811276181,4.633864002244081,256.99183600227116,8965.0
1789883449,50,GET,GET /api/v1/reservas/{id},6.300000,0.000000,5,6,6,6,7,8,8,8,8,8,8,6260,0,5,5.710196748426847,3.1226329956552945,177.67928400280653,442.0
1789883449,50,POST,POST /api/v1/auth/login,0.000000,0.000000,0,0,0,0,0,0,0,0,0,0,0,50,0,1300.0,1369.1218887201103,628.633758999058,2104.1982940005255,1622.0
1789883449,50,POST,POST /api/v1/auth/refresh,0.000000,0.000000,0,0,0,0,0,0,0,0,0,0,0,50,0,29,31.13284232051228,20.492110001214314,55.65531500178622,1622.0
1789883449,50,,Aggregated,25.100000,0.000000,7,7,8,8,9,10,11,14,16,16,16,24917,0,6,10.096280575672646,3.1226329956552945,2104.1982940005255,6794.261949672914
1789883450,50,GET,GET /api/v1/reservas,19.400000,0.000000,7,8,8,8,9,11,13,14,16,16,16,18578,0,7,7.855661899280157,4.633864002244081,256.99183600227116,8965.0
1789883450,50,GET,GET /api/v1/reservas/{id},6.400000,0.000000,5,6,6,6,7,7,8,8,8,8,8,6267,0,5,5.7090302232550325,3.1226329956552945,177.67928400280653,442.0
1789883450,50,POST,POST /api/v1/auth/login,0.000000,0.000000,0,0,0,0,0,0,0,0,0,0,0,50,0,1300.0,1369.1218887201103,628.633758999058,2104.1982940005255,1622.0
1789883450,50,POST,POST /api/v1/auth/refresh,0.000000,0.000000,0,0,0,0,0,0,0,0,0,0,0,50,0,29,31.13284232051228,20.492110001214314,55.65531500178622,1622.0
1789883450,50,,Aggregated,25.800000,0.000000,7,7,8,8,9,10,11,14,16,16,16,24945,0,6,10.091550039125964,3.1226329956552945,2104.1982940005255,6794.306835037081
1789883451,50,GET,GET /api/v1/reservas,19.600000,0.000000,7,8,8,8,9,11,13,14,16,16,16,18595,0,7,7.854566999990271,4.633864002244081,256.99183600227116,8965.0
1789883451,50,GET,GET /api/v1/reservas/{id},6.400000,0.000000,5,6,6,6,7,8,8,8,8,8,8,6272,0,5,5.708783967496141,3.1226329956552945,177.67928400280653,442.0
1789883451,50,POST,POST /api/v1/auth/login,0.000000,0.000000,0,0,0,0,0,0,0,0,0,0,0,50,0,1300.0,1369.1218887201103,628.633758999058,2104.1982940005255,1622.0
1789883451,50,POST,POST /api/v1/auth/refresh,0.000000,0.000000,0,0,0,0,0,0,0,0,0,0,0,50,0,29,31.13284232051228,20.492110001214314,55.65531500178622,1622.0
1789883451,50,,Aggregated,26.000000,0.000000,7,7,8,8,9,10,11,14,16,16,16,24967,0,6,10.088272638322026,3.1226329956552945,2104.1982940005255,6794.512716786157
1789883452,50,GET,GET /api/v1/reservas,19.400000,0.000000,7,7,8,8,9,11,13,14,16,16,16,18617,0,7,7.8541190571960815,4.633864002244081,256.99183600227116,8965.0
1789883452,50,GET,GET /api/v1/reservas/{id},6.100000,0.000000,5,6,6,6,7,8,8,8,8,8,8,6279,0,5,5.708077424451408,3.1226329956552945,177.67928400280653,442.0
1789883452,50,POST,POST /api/v1/auth/login,0.000000,0.000000,0,0,0,0,0,0,0,0,0,0,0,50,0,1300.0,1369.1218887201103,628.633758999058,2104.1982940005255,1622.0
1789883452,50,POST,POST /api/v1/auth/refresh,0.000000,0.000000,0,0,0,0,0,0,0,0,0,0,0,50,0,29,31.13284232051228,20.492110001214314,55.65531500178622,1622.0
1789883452,50,,Aggregated,25.500000,0.000000,7,7,8,8,9,10,12,13,16,16,16,24996,0,6,10.084569098575011,3.1226329956552945,2104.1982940005255,6794.644063050088
1789883453,50,GET,GET /api/v1/reservas,19.900000,0.000000,7,7,8,8,9,11,13,16,22,22,22,18631,0,7,7.854191132295886,4.633864002244081,256.99183600227116,8965.0
1789883453,50,GET,GET /api/v1/reservas/{id},5.800000,0.000000,5,6,6,6,7,8,8,20,20,20,20,6286,0,5,5.709742345072961,3.1226329956552945,177.67928400280653,442.0
1789883453,50,POST,POST /api/v1/auth/login,0.000000,0.000000,0,0,0,0,0,0,0,0,0,0,0,50,0,1300.0,1369.1218887201103,628.633758999058,2104.1982940005255,1622.0
1789883453,50,POST,POST /api/v1/auth/refresh,0.000000,0.000000,0,0,0,0,0,0,0,0,0,0,0,50,0,29,31.13284232051228,20.492110001214314,55.65531500178622,1622.0
1789883453,50,,Aggregated,25.700000,0.000000,7,7,8,8,9,11,13,16,22,22,22,25017,0,6,10.082568330293977,3.1226329956552945,2104.1982940005255,6794.081104848703
1789883454,50,GET,GET /api/v1/reservas,19.600000,0.000000,7,7,8,8,9,11,13,16,22,22,22,18650,0,7,7.8528201514111435,4.633864002244081,256.99183600227116,8965.0
1789883454,50,GET,GET /api/v1/reservas/{id},6.000000,0.000000,5,6,6,6,7,8,8,20,20,20,20,6291,0,5,5.709228620748628,3.1226329956552945,177.67928400280653,442.0
1789883454,50,POST,POST /api/v1/auth/login,0.000000,0.000000,0,0,0,0,0,0,0,0,0,0,0,50,0,1300.0,1369.1218887201103,628.633758999058,2104.1982940005255,1622.0
1789883454,50,POST,POST /api/v1/auth/refresh,0.000000,0.000000,0,0,0,0,0,0,0,0,0,0,0,50,0,29,31.13284232051228,20.492110001214314,55.65531500178622,1622.0
1789883454,50,,Aggregated,25.600000,0.000000,6,7,8,8,9,11,13,16,22,22,22,25041,0,6,10.07885426416591,3.1226329956552945,2104.1982940005255,6794.459965656323
1789883455,50,GET,GET /api/v1/reservas,19.800000,0.000000,7,7,8,8,9,11,13,16,22,22,22,18667,0,7,7.851849090685541,4.633864002244081,256.99183600227116,8965.0
1789883455,50,GET,GET /api/v1/reservas/{id},5.800000,0.000000,5,6,6,6,7,8,8,20,20,20,20,6299,0,5,5.708360671079692,3.1226329956552945,177.67928400280653,442.0
1789883455,50,POST,POST /api/v1/auth/login,0.000000,0.000000,0,0,0,0,0,0,0,0,0,0,0,50,0,1300.0,1369.1218887201103,628.633758999058,2104.1982940005255,1622.0
1789883455,50,POST,POST /api/v1/auth/refresh,0.000000,0.000000,0,0,0,0,0,0,0,0,0,0,0,50,0,29,31.13284232051228,20.492110001214314,55.65531500178622,1622.0
1789883455,50,,Aggregated,25.600000,0.000000,6,7,7,8,9,11,13,16,22,22,22,25066,0,6,10.0750086729031,3.1226329956552945,2104.1982940005255,6793.9046118247825
1789883456,50,GET,GET /api/v1/reservas,19.100000,0.000000,7,7,8,8,9,11,13,13,22,22,22,18683,0,7,7.851095430329469,4.633864002244081,256.99183600227116,8965.0
1789883456,50,GET,GET /api/v1/reservas/{id},5.800000,0.000000,5,5,6,6,6,7,8,20,20,20,20,6303,0,5,5.707776731418269,3.1226329956552945,177.67928400280653,442.0
1789883456,50,POST,POST /api/v1/auth/login,0.000000,0.000000,0,0,0,0,0,0,0,0,0,0,0,50,0,1300.0,1369.1218887201103,628.633758999058,2104.1982940005255,1622.0
1789883456,50,POST,POST /api/v1/auth/refresh,0.000000,0.000000,0,0,0,0,0,0,0,0,0,0,0,50,0,29,31.13284232051228,20.492110001214314,55.65531500178622,1622.0
1789883456,50,,Aggregated,24.900000,0.000000,6,7,7,8,8,10,13,13,22,22,22,25086,0,6,10.072186447221796,3.1226329956552945,2104.1982940005255,6794.27652874113
1789883457,50,GET,GET /api/v1/reservas,18.900000,0.000000,7,7,8,8,9,10,13,13,22,22,22,18704,0,7,7.851027008760396,4.633864002244081,256.99183600227116,8965.0
1789883457,50,GET,GET /api/v1/reservas/{id},5.700000,0.000000,5,6,6,6,7,8,8,20,20,20,20,6307,0,5,5.708424101812919,3.1226329956552945,177.67928400280653,442.0
1789883457,50,POST,POST /api/v1/auth/login,0.000000,0.000000,0,0,0,0,0,0,0,0,0,0,0,50,0,1300.0,1369.1218887201103,628.633758999058,2104.1982940005255,1622.0
1789883457,50,POST,POST /api/v1/auth/refresh,0.000000,0.000000,0,0,0,0,0,0,0,0,0,0,0,50,0,29,31.13284232051228,20.492110001214314,55.65531500178622,1622.0
1789883457,50,,Aggregated,24.600000,0.000000,6,7,7,8,9,10,13,13,22,22,22,25111,0,6,10.069745391821101,3.1226329956552945,2104.1982940005255,6795.0800047787825
1789883458,50,GET,GET /api/v1/reservas,18.800000,0.000000,7,7,8,8,9,10,13,13,22,22,22,18728,0,7,7.850397104700877,4.633864002244081,256.99183600227116,8965.0
1789883458,50,GET,GET /api/v1/reservas/{id},6.000000,0.000000,5,6,6,6,7,8,8,20,20,20,20,6313,0,5,5.708463954242603,3.1226329956552945,177.67928400280653,442.0
1789883458,50,POST,POST /api/v1/auth/login,0.000000,0.000000,0,0,0,0,0,0,0,0,0,0,0,50,0,1300.0,1369.1218887201103,628.633758999058,2104.1982940005255,1622.0
1789883458,50,POST,POST /api/v1/auth/refresh,0.000000,0.000000,0,0,0,0,0,0,0,0,0,0,0,50,0,29,31.13284232051228,20.492110001214314,55.65531500178622,1622.0
1789883458,50,,Aggregated,24.800000,0.000000,6,7,7,8,9,10,13,13,22,22,22,25141,0,6,10.066127300903016,3.1226329956552945,2104.1982940005255,6795.635257149675
1789883459,50,GET,GET /api/v1/reservas,18.800000,0.000000,7,7,8,8,9,11,13,15,22,22,22,18743,0,7,7.8519100837019975,4.633864002244081,256.99183600227116,8965.0
1789883459,50,GET,GET /api/v1/reservas/{id},6.200000,0.000000,5,6,6,6,7,8,8,20,20,20,20,6319,0,5,5.708933545201246,3.1226329956552945,177.67928400280653,442.0
1789883459,50,POST,POST /api/v1/auth/login,0.000000,0.000000,0,0,0,0,0,0,0,0,0,0,0,50,0,1300.0,1369.1218887201103,628.633758999058,2104.1982940005255,1622.0
1789883459,50,POST,POST /api/v1/auth/refresh,0.000000,0.000000,0,0,0,0,0,0,0,0,0,0,0,50,0,29,31.13284232051228,20.492110001214314,55.65531500178622,1622.0
1789883459,50,,Aggregated,25.000000,0.000000,7,7,7,8,9,10,13,15,22,22,22,25162,0,6,10.065012253516587,3.1226329956552945,2104.1982940005255,6795.413440902949
1789883460,50,GET,GET /api/v1/reservas,18.100000,0.000000,7,8,8,8,10,12,14,15,22,22,22,18763,0,7,7.852782165689841,4.633864002244081,256.99183600227116,8965.0
1789883460,50,GET,GET /api/v1/reservas/{id},6.100000,0.000000,6,6,6,6,7,8,8,20,20,20,20,6323,0,5,5.709136997015264,3.1226329956552945,177.67928400280653,442.0
1789883460,50,POST,POST /api/v1/auth/login,0.000000,0.000000,0,0,0,0,0,0,0,0,0,0,0,50,0,1300.0,1369.1218887201103,628.633758999058,2104.1982940005255,1622.0
1789883460,50,POST,POST /api/v1/auth/refresh,0.000000,0.000000,0,0,0,0,0,0,0,0,0,0,0,50,0,29,31.13284232051228,20.492110001214314,55.65531500178622,1622.0
1789883460,50,,Aggregated,24.200000,0.000000,7,7,8,8,9,11,14,15,22,22,22,25186,0,6,10.063263779837891,3.1226329956552945,2104.1982940005255,6796.127253235924
1789883461,50,GET,GET /api/v1/reservas,18.600000,0.000000,7,8,8,9,10,12,14,22,26,26,26,18775,0,7,7.853705203666376,4.633864002244081,256.99183600227116,8965.0
1789883461,50,GET,GET /api/v1/reservas/{id},5.700000,0.000000,6,6,6,6,7,8,15,20,20,20,20,6334,0,5,5.711137793514756,3.1226329956552945,177.67928400280653,442.0
1789883461,50,POST,POST /api/v1/auth/login,0.000000,0.000000,0,0,0,0,0,0,0,0,0,0,0,50,0,1300.0,1369.1218887201103,628.633758999058,2104.1982940005255,1622.0
1789883461,50,POST,POST /api/v1/auth/refresh,0.000000,0.000000,0,0,0,0,0,0,0,0,0,0,0,50,0,29,31.13284232051228,20.492110001214314,55.65531500178622,1622.0
1789883461,50,,Aggregated,24.300000,0.000000,7,7,8,8,10,12,15,20,26,26,26,25209,0,6,10.061501786464747,3.1226329956552945,2104.1982940005255,6794.387044309572
1789883462,50,GET,GET /api/v1/reservas,18.500000,0.000000,7,8,8,8,10,12,14,22,26,26,26,18795,0,7,7.853316759023585,4.633864002244081,256.99183600227116,8965.0
1789883462,50,GET,GET /api/v1/reservas/{id},5.800000,0.000000,6,6,6,6,7,11,15,20,20,20,20,6338,0,5,5.7110047603535685,3.1226329956552945,177.67928400280653,442.0
1789883462,50,POST,POST /api/v1/auth/login,0.000000,0.000000,0,0,0,0,0,0,0,0,0,0,0,50,0,1300.0,1369.1218887201103,628.633758999058,2104.1982940005255,1622.0
1789883462,50,POST,POST /api/v1/auth/refresh,0.000000,0.000000,0,0,0,0,0,0,0,0,0,0,0,50,0,29,31.13284232051228,20.492110001214314,55.65531500178622,1622.0
1789883462,50,,Aggregated,24.300000,0.000000,7,7,8,8,9,12,15,20,26,26,26,25233,0,6,10.058739476439596,3.1226329956552945,2104.1982940005255,6795.100503309159
1789883463,50,GET,GET /api/v1/reservas,18.200000,0.000000,7,8,8,9,10,11,14,15,26,26,26,18818,0,7,7.8531986301855845,4.633864002244081,256.99183600227116,8965.0
1789883463,50,GET,GET /api/v1/reservas/{id},5.700000,0.000000,6,6,6,6,7,8,11,15,15,15,15,6346,0,5,5.710539745526619,3.1226329956552945,177.67928400280653,442.0
1789883463,50,POST,POST /api/v1/auth/login,0.000000,0.000000,0,0,0,0,0,0,0,0,0,0,0,50,0,1300.0,1369.1218887201103,628.633758999058,2104.1982940005255,1622.0
1789883463,50,POST,POST /api/v1/auth/refresh,0.000000,0.000000,0,0,0,0,0,0,0,0,0,0,0,50,0,29,31.13284232051228,20.492110001214314,55.65531500178622,1622.0
1789883463,50,,Aggregated,23.900000,0.000000,7,8,8,8,9,11,14,15,26,26,26,25264,0,6,10.05515015832708,3.1226329956552945,2104.1982940005255,6795.0642020266
1789883464,50,GET,GET /api/v1/reservas,18.000000,0.000000,7,8,8,9,10,11,14,15,26,26,26,18839,0,7,7.852699175052917,4.633864002244081,256.99183600227116,8965.0
1789883464,50,GET,GET /api/v1/reservas/{id},6.200000,0.000000,6,6,6,6,7,8,11,15,15,15,15,6351,0,5,5.710302023794393,3.1226329956552945,177.67928400280653,442.0
1789883464,50,POST,POST /api/v1/auth/login,0.000000,0.000000,0,0,0,0,0,0,0,0,0,0,0,50,0,1300.0,1369.1218887201103,628.633758999058,2104.1982940005255,1622.0
1789883464,50,POST,POST /api/v1/auth/refresh,0.000000,0.000000,0,0,0,0,0,0,0,0,0,0,0,50,0,29,31.13284232051228,20.492110001214314,55.65531500178622,1622.0
1789883464,50,,Aggregated,24.200000,0.000000,7,8,8,8,9,11,14,15,26,26,26,25290,0,6,10.052031018741449,3.1226329956552945,2104.1982940005255,6795.6100039541325
1789883465,50,GET,GET /api/v1/reservas,17.800000,0.000000,8,8,9,9,10,12,14,15,26,26,26,18859,0,7,7.853499835399672,4.633864002244081,256.99183600227116,8965.0
1789883465,50,GET,GET /api/v1/reservas/{id},5.900000,0.000000,6,6,6,6,7,8,11,15,15,15,15,6357,0,5,5.710069678483602,3.1226329956552945,177.67928400280653,442.0
1789883465,50,POST,POST /api/v1/auth/login,0.000000,0.000000,0,0,0,0,0,0,0,0,0,0,0,50,0,1300.0,1369.1218887201103,628.633758999058,2104.1982940005255,1622.0
1789883465,50,POST,POST /api/v1/auth/refresh,0.000000,0.000000,0,0,0,0,0,0,0,0,0,0,0,50,0,29,31.13284232051228,20.492110001214314,55.65531500178622,1622.0
1789883465,50,,Aggregated,23.700000,0.000000,7,8,8,9,10,11,14,15,26,26,26,25316,0,6,10.049802610758169,3.1226329956552945,2104.1982940005255,6795.818020224364
1789883466,50,GET,GET /api/v1/reservas,18.800000,0.000000,8,8,9,9,10,12,14,15,26,26,26,18881,0,7,7.852071094581107,4.633864002244081,256.99183600227116,8965.0
1789883466,50,GET,GET /api/v1/reservas/{id},6.000000,0.000000,6,6,6,6,7,8,11,15,15,15,15,6358,0,5,5.710142198824171,3.1226329956552945,177.67928400280653,442.0
1789883466,50,POST,POST /api/v1/auth/login,0.000000,0.000000,0,0,0,0,0,0,0,0,0,0,0,50,0,1300.0,1369.1218887201103,628.633758999058,2104.1982940005255,1622.0
1789883466,50,POST,POST /api/v1/auth/refresh,0.000000,0.000000,0,0,0,0,0,0,0,0,0,0,0,50,0,29,31.13284232051228,20.492110001214314,55.65531500178622,1622.0
1789883466,50,,Aggregated,24.800000,0.000000,7,8,8,9,9,11,14,15,26,26,26,25339,0,6,10.046678045263866,3.1226329956552945,2104.1982940005255,6797.450609732034
1789883467,50,GET,GET /api/v1/reservas,19.000000,0.000000,7,8,8,9,10,12,14,15,26,26,26,18899,0,7,7.851440700502309,4.633864002244081,256.99183600227116,8965.0
1789883467,50,GET,GET /api/v1/reservas/{id},6.000000,0.000000,6,6,6,6,7,8,11,15,15,15,15,6364,0,5,5.709857879812843,3.1226329956552945,177.67928400280653,442.0
1789883467,50,POST,POST /api/v1/auth/login,0.000000,0.000000,0,0,0,0,0,0,0,0,0,0,0,50,0,1300.0,1369.1218887201103,628.633758999058,2104.1982940005255,1622.0
1789883467,50,POST,POST /api/v1/auth/refresh,0.000000,0.000000,0,0,0,0,0,0,0,0,0,0,0,50,0,29,31.13284232051228,20.492110001214314,55.65531500178622,1622.0
1789883467,50,,Aggregated,25.000000,0.000000,7,8,8,8,9,11,14,15,26,26,26,25363,0,6,10.043553597679818,3.1226329956552945,2104.1982940005255,6797.4854315341245
1789883468,50,GET,GET /api/v1/reservas,19.400000,0.000000,7,8,8,9,9,11,14,15,26,26,26,18918,0,7,7.850728357002475,4.633864002244081,256.99183600227116,8965.0
1789883468,50,GET,GET /api/v1/reservas/{id},5.800000,0.000000,6,6,6,6,6,8,11,15,15,15,15,6368,0,5,5.709281773890289,3.1226329956552945,177.67928400280653,442.0
1789883468,50,POST,POST /api/v1/auth/login,0.000000,0.000000,0,0,0,0,0,0,0,0,0,0,0,50,0,1300.0,1369.1218887201103,628.633758999058,2104.1982940005255,1622.0
1789883468,50,POST,POST /api/v1/auth/refresh,0.000000,0.000000,0,0,0,0,0,0,0,0,0,0,0,50,0,29,31.13284232051228,20.492110001214314,55.65531500178622,1622.0
1789883468,50,,Aggregated,25.200000,0.000000,7,8,8,8,9,10,14,15,26,26,26,25386,0,6,10.040554713067726,3.1226329956552945,2104.1982940005255,6798.106279051446
1789883469,50,GET,GET /api/v1/reservas,19.200000,0.000000,7,8,8,8,9,10,11,14,26,26,26,18934,0,7,7.850276063789717,4.633864002244081,256.99183600227116,8965.0
1789883469,50,GET,GET /api/v1/reservas/{id},5.500000,0.000000,6,6,6,6,6,9,11,15,15,15,15,6376,0,5,5.709494326558018,3.1226329956552945,177.67928400280653,442.0
1789883469,50,POST,POST /api/v1/auth/login,0.000000,0.000000,0,0,0,0,0,0,0,0,0,0,0,50,0,1300.0,1369.1218887201103,628.633758999058,2104.1982940005255,1622.0
1789883469,50,POST,POST /api/v1/auth/refresh,0.000000,0.000000,0,0,0,0,0,0,0,0,0,0,0,50,0,29,31.13284232051228,20.492110001214314,55.65531500178622,1622.0
1789883469,50,,Aggregated,24.700000,0.000000,7,8,8,8,9,10,11,14,26,26,26,25410,0,6,10.037528507279006,3.1226329956552945,2104.1982940005255,6797.469578905942
1789883470,50,GET,GET /api/v1/reservas,19.800000,0.000000,7,8,8,8,9,10,14,15,26,26,26,18951,0,7,7.851415805434398,4.633864002244081,256.99183600227116,8965.0
1789883470,50,GET,GET /api/v1/reservas/{id},5.600000,0.000000,5,6,6,6,7,9,11,15,15,15,15,6387,0,5,5.7098462268889145,3.1226329956552945,177.67928400280653,442.0
1789883470,50,POST,POST /api/v1/auth/login,0.000000,0.000000,0,0,0,0,0,0,0,0,0,0,0,50,0,1300.0,1369.1218887201103,628.633758999058,2104.1982940005255,1622.0
1789883470,50,POST,POST /api/v1/auth/refresh,0.000000,0.000000,0,0,0,0,0,0,0,0,0,0,0,50,0,29,31.13284232051228,20.492110001214314,55.65531500178622,1622.0
1789883470,50,,Aggregated,25.400000,0.000000,7,8,8,8,9,10,14,15,26,26,26,25438,0,6,10.03513268857449,3.1226329956552945,2104.1982940005255,6796.169863983017
1789883471,50,GET,GET /api/v1/reservas,19.000000,0.000000,7,8,8,8,9,10,14,15,15,15,15,18966,0,7,7.851179114087844,4.633864002244081,256.99183600227116,8965.0
1789883471,50,GET,GET /api/v1/reservas/{id},5.500000,0.000000,5,6,6,6,7,8,9,9,9,9,9,6392,0,5,5.709389506748917,3.1226329956552945,177.67928400280653,442.0
1789883471,50,POST,POST /api/v1/auth/login,0.000000,0.000000,0,0,0,0,0,0,0,0,0,0,0,50,0,1300.0,1369.1218887201103,628.633758999058,2104.1982940005255,1622.0
1789883471,50,POST,POST /api/v1/auth/refresh,0.000000,0.000000,0,0,0,0,0,0,0,0,0,0,0,50,0,29,31.13284232051228,20.492110001214314,55.65531500178622,1622.0
1789883471,50,,Aggregated,24.500000,0.000000,7,7,8,8,9,10,12,14,15,15,15,25458,0,6,10.032705528987362,3.1226329956552945,2104.1982940005255,6796.199780029853
1789883472,50,GET,GET /api/v1/reservas,19.100000,0.000000,7,8,8,8,9,10,14,15,15,15,15,18987,0,7,7.8502590085194415,4.633864002244081,256.99183600227116,8965.0
1789883472,50,GET,GET /api/v1/reservas/{id},6.000000,0.000000,5,6,6,6,6,8,9,9,9,9,9,6401,0,5,5.708083616644214,3.1226329956552945,177.67928400280653,442.0
1789883472,50,POST,POST /api/v1/auth/login,0.000000,0.000000,0,0,0,0,0,0,0,0,0,0,0,50,0,1300.0,1369.1218887201103,628.633758999058,2104.1982940005255,1622.0
1789883472,50,POST,POST /api/v1/auth/refresh,0.000000,0.000000,0,0,0,0,0,0,0,0,0,0,0,50,0,29,31.13284232051228,20.492110001214314,55.65531500178622,1622.0
1789883472,50,,Aggregated,25.100000,0.000000,7,7,8,8,9,10,11,14,15,15,15,25488,0,6,10.028368156659187,3.1226329956552945,2104.1982940005255,6795.742977087257
1789883473,50,GET,GET /api/v1/reservas,19.000000,0.000000,7,8,8,8,9,11,14,15,15,15,15,18999,0,7,7.8499733137413426,4.633864002244081,256.99183600227116,8965.0
1789883473,50,GET,GET /api/v1/reservas/{id},6.300000,0.000000,5,6,6,6,7,8,9,9,9,9,9,6409,0,5,5.7084531802384815,3.1226329956552945,177.67928400280653,442.0
1789883473,50,POST,POST /api/v1/auth/login,0.000000,0.000000,0,0,0,0,0,0,0,0,0,0,0,50,0,1300.0,1369.1218887201103,628.633758999058,2104.1982940005255,1622.0
1789883473,50,POST,POST /api/v1/auth/refresh,0.000000,0.000000,0,0,0,0,0,0,0,0,0,0,0,50,0,29,31.13284232051228,20.492110001214314,55.65531500178622,1622.0
1789883473,50,,Aggregated,25.300000,0.000000,7,7,8,8,9,10,12,14,15,15,15,25508,0,6,10.025868589146594,3.1226329956552945,2104.1982940005255,6794.770777795202
1789883474,50,GET,GET /api/v1/reservas,19.100000,0.000000,7,8,8,8,9,11,14,15,15,15,15,19019,0,7,7.84871268777302,4.633864002244081,256.99183600227116,8965.0
1789883474,50,GET,GET /api/v1/reservas/{id},5.800000,0.000000,5,5,6,6,7,8,9,9,9,9,9,6418,0,5,5.707221750415131,3.1226329956552945,177.67928400280653,442.0
1789883474,50,POST,POST /api/v1/auth/login,0.000000,0.000000,0,0,0,0,0,0,0,0,0,0,0,50,0,1300.0,1369.1218887201103,628.633758999058,2104.1982940005255,1622.0
1789883474,50,POST,POST /api/v1/auth/refresh,0.000000,0.000000,0,0,0,0,0,0,0,0,0,0,0,50,0,29,31.13284232051228,20.492110001214314,55.65531500178622,1622.0
1789883474,50,,Aggregated,24.900000,0.000000,7,7,8,8,9,10,12,14,15,15,15,25537,0,6,10.02139453948978,3.1226329956552945,2104.1982940005255,6794.2315463836785
1789883475,50,GET,GET /api/v1/reservas,19.100000,0.000000,7,7,8,8,9,10,14,15,15,15,15,19037,0,7,7.848375198704994,4.633864002244081,256.99183600227116,8965.0
1789883475,50,GET,GET /api/v1/reservas/{id},6.300000,0.000000,5,5,6,6,7,8,9,9,9,9,9,6425,0,5,5.7070973234483064,3.1226329956552945,177.67928400280653,442.0
1789883475,50,POST,POST /api/v1/auth/login,0.000000,0.000000,0,0,0,0,0,0,0,0,0,0,0,50,0,1300.0,1369.1218887201103,628.633758999058,2104.1982940005255,1622.0
1789883475,50,POST,POST /api/v1/auth/refresh,0.000000,0.000000,0,0,0,0,0,0,0,0,0,0,0,50,0,29,31.13284232051228,20.492110001214314,55.65531500178622,1622.0
1789883475,50,,Aggregated,25.400000,0.000000,7,7,7,8,9,10,11,14,15,15,15,25562,0,6,10.018400575578337,3.1226329956552945,2104.1982940005255,6794.020616540177
1789883476,50,GET,GET /api/v1/reservas,18.500000,0.000000,7,7,8,8,9,10,14,15,15,15,15,19055,0,7,7.847225606599793,4.633864002244081,256.99183600227116,8965.0
1789883476,50,GET,GET /api/v1/reservas/{id},6.300000,0.000000,5,5,6,6,7,8,9,9,9,9,9,6431,0,5,5.705961245863951,3.1226329956552945,177.67928400280653,442.0
1789883476,50,POST,POST /api/v1/auth/login,0.000000,0.000000,0,0,0,0,0,0,0,0,0,0,0,50,0,1300.0,1369.1218887201103,628.633758999058,2104.1982940005255,1622.0
1789883476,50,POST,POST /api/v1/auth/refresh,0.000000,0.000000,0,0,0,0,0,0,0,0,0,0,0,50,0,29,31.13284232051228,20.492110001214314,55.65531500178622,1622.0
1789883476,50,,Aggregated,24.800000,0.000000,7,7,8,8,9,10,11,14,15,15,15,25586,0,6,10.014721224808147,3.1226329956552945,2104.1982940005255,6794.058352223872
1789883477,50,GET,GET /api/v1/reservas,18.100000,0.000000,7,7,8,8,9,11,14,15,15,15,15,19075,0,7,7.846556874903344,4.633864002244081,256.99183600227116,8965.0
1789883477,50,GET,GET /api/v1/reservas/{id},6.600000,0.000000,5,5,6,6,7,8,9,9,9,9,9,6437,0,5,5.70576427406348,3.1226329956552945,177.67928400280653,442.0
1789883477,50,POST,POST /api/v1/auth/login,0.000000,0.000000,0,0,0,0,0,0,0,0,0,0,0,50,0,1300.0,1369.1218887201103,628.633758999058,2104.1982940005255,1622.0
1789883477,50,POST,POST /api/v1/auth/refresh,0.000000,0.000000,0,0,0,0,0,0,0,0,0,0,0,50,0,29,31.13284232051228,20.492110001214314,55.65531500178622,1622.0
1789883477,50,,Aggregated,24.700000,0.000000,7,7,7,8,9,10,11,14,15,15,15,25612,0,6,10.011471715327152,3.1226329956552945,2104.1982940005255,6794.265539590817
1789883478,50,GET,GET /api/v1/reservas,17.700000,0.000000,7,7,8,8,9,11,14,15,15,15,15,19087,0,7,7.8464604534388505,4.633864002244081,256.99183600227116,8965.0
1789883478,50,GET,GET /api/v1/reservas/{id},6.800000,0.000000,5,6,6,6,7,8,9,9,9,9,9,6449,0,5,5.705284954588601,3.1226329956552945,177.67928400280653,442.0
1789883478,50,POST,POST /api/v1/auth/login,0.000000,0.000000,0,0,0,0,0,0,0,0,0,0,0,50,0,1300.0,1369.1218887201103,628.633758999058,2104.1982940005255,1622.0
1789883478,50,POST,POST /api/v1/auth/refresh,0.000000,0.000000,0,0,0,0,0,0,0,0,0,0,0,50,0,29,31.13284232051228,20.492110001214314,55.65531500178622,1622.0
1789883478,50,,Aggregated,24.500000,0.000000,7,7,7,8,9,10,11,14,15,15,15,25636,0,6,10.008250503158074,3.1226329956552945,2104.1982940005255,6792.3081994070835
1789883479,50,GET,GET /api/v1/reservas,17.500000,0.000000,7,7,8,8,10,11,14,15,15,15,15,19101,0,7,7.8459565867645225,4.633864002244081,256.99183600227116,8965.0
1789883479,50,GET,GET /api/v1/reservas/{id},7.300000,0.000000,5,5,6,6,7,8,9,9,9,9,9,6454,0,5,5.7045986465980425,3.1226329956552945,177.67928400280653,442.0
1789883479,50,POST,POST /api/v1/auth/login,0.000000,0.000000,0,0,0,0,0,0,0,0,0,0,0,50,0,1300.0,1369.1218887201103,628.633758999058,2104.1982940005255,1622.0
1789883479,50,POST,POST /api/v1/auth/refresh,0.000000,0.000000,0,0,0,0,0,0,0,0,0,0,0,50,0,29,31.13284232051228,20.492110001214314,55.65531500178622,1622.0
1789883479,50,,Aggregated,24.800000,0.000000,7,7,8,8,9,10,11,14,15,15,15,25655,0,6,10.005684388265992,3.1226329956552945,2104.1982940005255,6792.256207366985
1789883480,50,GET,GET /api/v1/reservas,17.200000,0.000000,7,8,8,8,10,10,12,13,15,15,15,19126,0,7,7.847750517399213,4.633864002244081,256.99183600227116,8965.0
1789883480,50,GET,GET /api/v1/reservas/{id},7.400000,0.000000,5,5,6,6,7,8,9,10,10,10,10,6464,0,5,5.705382233469605,3.1226329956552945,177.67928400280653,442.0
1789883480,50,POST,POST /api/v1/auth/login,0.000000,0.000000,0,0,0,0,0,0,0,0,0,0,0,50,0,1300.0,1369.1218887201103,628.633758999058,2104.1982940005255,1622.0
1789883480,50,POST,POST /api/v1/auth/refresh,0.000000,0.000000,0,0,0,0,0,0,0,0,0,0,0,50,0,29,31.13284232051228,20.492110001214314,55.65531500178622,1622.0
1789883480,50,,Aggregated,24.600000,0.000000,7,7,8,8,9,10,11,12,15,15,15,25690,0,6,10.003441171855041,3.1226329956552945,2104.1982940005255,6791.898715453483
1789883481,50,GET,GET /api/v1/reservas,16.800000,0.000000,7,8,8,8,10,10,12,13,20,20,20,19138,0,7,7.8480100642583475,4.633864002244081,256.99183600227116,8965.0
1789883481,50,GET,GET /api/v1/reservas/{id},8.200000,0.000000,5,5,6,6,7,7,9,10,10,10,10,6474,0,5,5.704081061499793,3.1226329956552945,177.67928400280653,442.0
1789883481,50,POST,POST /api/v1/auth/login,0.000000,0.000000,0,0,0,0,0,0,0,0,0,0,0,50,0,1300.0,1369.1218887201103,628.633758999058,2104.1982940005255,1622.0
1789883481,50,POST,POST /api/v1/auth/refresh,0.000000,0.000000,0,0,0,0,0,0,0,0,0,0,0,50,0,29,31.13284232051228,20.492110001214314,55.65531500178622,1622.0
1789883481,50,,Aggregated,25.000000,0.000000,7,7,8,8,9,10,11,12,20,20,20,25712,0,6,10.000629043013264,3.1226329956552945,2104.1982940005255,6790.443294959552
1789883482,50,GET,GET /api/v1/reservas,16.700000,0.000000,7,8,8,8,10,10,12,13,20,20,20,19155,0,7,7.847227214657466,4.633864002244081,256.99183600227116,8965.0
1789883482,50,GET,GET /api/v1/reservas/{id},7.600000,0.000000,5,6,6,6,7,8,10,24,24,24,24,6481,0,5,5.7061857747509235,3.1226329956552945,177.67928400280653,442.0
1789883482,50,POST,POST /api/v1/auth/login,0.000000,0.000000,0,0,0,0,0,0,0,0,0,0,0,50,0,1300.0,1369.1218887201103,628.633758999058,2104.1982940005255,1622.0
1789883482,50,POST,POST /api/v1/auth/refresh,0.000000,0.000000,0,0,0,0,0,0,0,0,0,0,0,50,0,29,31.13284232051228,20.492110001214314,55.65531500178622,1622.0
1789883482,50,,Aggregated,24.300000,0.000000,7,7,8,8,9,10,12,13,24,24,24,25736,0,6,9.997985850752084,3.1226329956552945,2104.1982940005255,6790.152976375505
1789883483,50,GET,GET /api/v1/reservas,17.400000,0.000000,7,8,8,8,10,10,12,13,20,20,20,19171,0,7,7.847048487442326,4.633864002244081,256.99183600227116,8965.0
1789883483,50,GET,GET /api/v1/reservas/{id},7.800000,0.000000,5,5,6,6,7,8,10,24,24,24,24,6488,0,5,5.705916522219586,3.1226329956552945,177.67928400280653,442.0
1789883483,50,POST,POST /api/v1/auth/login,0.000000,0.000000,0,0,0,0,0,0,0,0,0,0,0,50,0,1300.0,1369.1218887201103,628.633758999058,2104.1982940005255,1622.0
1789883483,50,POST,POST /api/v1/auth/refresh,0.000000,0.000000,0,0,0,0,0,0,0,0,0,0,0,50,0,29,31.13284232051228,20.492110001214314,55.65531500178622,1622.0
1789883483,50,,Aggregated,25.200000,0.000000,7,7,8,8,9,10,12,13,24,24,24,25759,0,6,9.995282794399962,3.1226329956552945,2104.1982940005255,6789.778756939322
1789883484,50,GET,GET /api/v1/reservas,17.000000,0.000000,7,8,8,9,10,11,13,13,20,20,20,19196,0,7,7.846388323387451,4.633864002244081,256.99183600227116,8965.0
1789883484,50,GET,GET /api/v1/reservas/{id},8.300000,0.000000,5,6,6,6,7,8,10,24,24,24,24,6491,0,5,5.705747780182048,3.1226329956552945,177.67928400280653,442.0
1789883484,50,POST,POST /api/v1/auth/login,0.000000,0.000000,0,0,0,0,0,0,0,0,0,0,0,50,0,1300.0,1369.1218887201103,628.633758999058,2104.1982940005255,1622.0
1789883484,50,POST,POST /api/v1/auth/refresh,0.000000,0.000000,0,0,0,0,0,0,0,0,0,0,0,50,0,29,31.13284232051228,20.492110001214314,55.65531500178622,1622.0
1789883484,50,,Aggregated,25.300000,0.000000,7,7,8,8,9,10,13,13,24,24,24,25787,0,6,9.992167202425188,3.1226329956552945,2104.1982940005255,6791.149106138752
1789883485,50,GET,GET /api/v1/reservas,16.800000,0.000000,7,8,8,8,10,11,13,13,20,20,20,19212,0,7,7.845642040846724,4.633864002244081,256.99183600227116,8965.0
1789883485,50,GET,GET /api/v1/reservas/{id},8.100000,0.000000,5,5,6,6,7,8,10,24,24,24,24,6502,0,5,5.704464843918091,3.1226329956552945,177.67928400280653,442.0
1789883485,50,POST,POST /api/v1/auth/login,0.000000,0.000000,0,0,0,0,0,0,0,0,0,0,0,50,0,1300.0,1369.1218887201103,628.633758999058,2104.1982940005255,1622.0
1789883485,50,POST,POST /api/v1/auth/refresh,0.000000,0.000000,0,0,0,0,0,0,0,0,0,0,0,50,0,29,31.13284232051228,20.492110001214314,55.65531500178622,1622.0
1789883485,50,,Aggregated,24.900000,0.000000,7,7,8,8,9,10,13,13,24,24,24,25814,0,6,9.988132093280152,3.1226329956552945,2104.1982940005255,6789.790966142404
1789883486,50,GET,GET /api/v1/reservas,16.900000,0.000000,7,8,8,9,10,11,13,13,20,20,20,19230,0,7,7.845163438155885,4.633864002244081,256.99183600227116,8965.0
1789883486,50,GET,GET /api/v1/reservas/{id},7.900000,0.000000,5,6,6,6,7,10,11,24,24,24,24,6507,0,5,5.705895901668367,3.1226329956552945,177.67928400280653,442.0
1789883486,50,POST,POST /api/v1/auth/login,0.000000,0.000000,0,0,0,0,0,0,0,0,0,0,0,50,0,1300.0,1369.1218887201103,628.633758999058,2104.1982940005255,1622.0
1789883486,50,POST,POST /api/v1/auth/refresh,0.000000,0.000000,0,0,0,0,0,0,0,0,0,0,0,50,0,29,31.13284232051228,20.492110001214314,55.65531500178622,1622.0
1789883486,50,,Aggregated,24.800000,0.000000,7,7,8,8,10,10,13,13,24,24,24,25837,0,6,9.98581468823489,3.1226329956552945,2104.1982940005255,6790.0779502264195
1789883487,50,GET,GET /api/v1/reservas,17.600000,0.000000,7,8,8,9,10,11,13,13,20,20,20,19255,0,7,7.844678554282471,4.633864002244081,256.99183600227116,8965.0
1789883487,50,GET,GET /api/v1/reservas/{id},7.300000,0.000000,5,5,6,6,7,10,11,24,24,24,24,6510,0,5,5.705383977597131,3.1226329956552945,177.67928400280653,442.0
1789883487,50,POST,POST /api/v1/auth/login,0.000000,0.000000,0,0,0,0,0,0,0,0,0,0,0,50,0,1300.0,1369.1218887201103,628.633758999058,2104.1982940005255,1622.0
1789883487,50,POST,POST /api/v1/auth/refresh,0.000000,0.000000,0,0,0,0,0,0,0,0,0,0,0,50,0,29,31.13284232051228,20.492110001214314,55.65531500178622,1622.0
1789883487,50,,Aggregated,24.900000,0.000000,7,7,8,8,10,10,12,13,24,24,24,25865,0,6,9.98275939721235,3.1226329956552945,2104.1982940005255,6791.443843031123
1789883488,50,GET,GET /api/v1/reservas,17.400000,0.000000,7,8,8,8,10,11,13,13,20,20,20,19274,0,7,7.844394708400672,4.633864002244081,256.99183600227116,8965.0
1789883488,50,GET,GET /api/v1/reservas/{id},7.600000,0.000000,5,5,6,6,8,10,11,24,24,24,24,6514,0,5,5.704992288479874,3.1226329956552945,177.67928400280653,442.0
1789883488,50,POST,POST /api/v1/auth/login,0.000000,0.000000,0,0,0,0,0,0,0,0,0,0,0,50,0,1300.0,1369.1218887201103,628.633758999058,2104.1982940005255,1622.0
1789883488,50,POST,POST /api/v1/auth/refresh,0.000000,0.000000,0,0,0,0,0,0,0,0,0,0,0,50,0,29,31.13284232051228,20.492110001214314,55.65531500178622,1622.0
1789883488,50,,Aggregated,25.000000,0.000000,7,7,8,8,10,10,12,13,24,24,24,25888,0,6,9.980219403928599,3.1226329956552945,2104.1982940005255,6792.058019159456
1789883489,50,GET,GET /api/v1/reservas,17.600000,0.000000,7,8,8,8,10,11,13,13,20,20,20,19290,0,7,7.84379669127564,4.633864002244081,256.99183600227116,8965.0
1789883489,50,GET,GET /api/v1/reservas/{id},7.600000,0.000000,5,5,6,6,7,8,11,24,24,24,24,6520,0,5,5.70444991996397,3.1226329956552945,177.67928400280653,442.0
1789883489,50,POST,POST /api/v1/auth/login,0.000000,0.000000,0,0,0,0,0,0,0,0,0,0,0,50,0,1300.0,1369.1218887201103,628.633758999058,2104.1982940005255,1622.0
1789883489,50,POST,POST /api/v1/auth/refresh,0.000000,0.000000,0,0,0,0,0,0,0,0,0,0,0,50,0,29,31.13284232051228,20.492110001214314,55.65531500178622,1622.0
1789883489,50,,Aggregated,25.200000,0.000000,7,7,8,8,9,10,12,13,24,24,24,25910,0,6,9.977328761285346,3.1226329956552945,2104.1982940005255,6791.929370899266
1789883490,50,GET,GET /api/v1/reservas,18.300000,0.000000,7,8,8,8,10,11,13,20,38,38,38,19315,0,7,7.8463908487552025,4.633864002244081,256.99183600227116,8965.0
1789883490,50,GET,GET /api/v1/reservas/{id},7.300000,0.000000,5,5,6,6,8,10,13,24,24,24,24,6528,0,5,5.705832135288124,3.1226329956552945,177.67928400280653,442.0
1789883490,50,POST,POST /api/v1/auth/login,0.000000,0.000000,0,0,0,0,0,0,0,0,0,0,0,50,0,1300.0,1369.1218887201103,628.633758999058,2104.1982940005255,1622.0
1789883490,50,POST,POST /api/v1/auth/refresh,0.000000,0.000000,0,0,0,0,0,0,0,0,0,0,0,50,0,29,31.13284232051228,20.492110001214314,55.65531500178622,1622.0
1789883490,50,,Aggregated,25.600000,0.000000,7,7,8,8,10,11,13,20,38,38,38,25943,0,6,9.976234358975397,3.1226329956552945,2104.1982940005255,6792.065335543307
1789883491,50,GET,GET /api/v1/reservas,18.700000,0.000000,7,8,8,8,10,11,13,17,38,38,38,19324,0,7,7.847004883238467,4.633864002244081,256.99183600227116,8965.0
1789883491,50,GET,GET /api/v1/reservas/{id},6.400000,0.000000,5,6,6,6,8,11,13,24,24,24,24,6531,0,5,5.706412722425868,3.1226329956552945,177.67928400280653,442.0
1789883491,50,POST,POST /api/v1/auth/login,0.000000,0.000000,0,0,0,0,0,0,0,0,0,0,0,50,0,1300.0,1369.1218887201103,628.633758999058,2104.1982940005255,1622.0
1789883491,50,POST,POST /api/v1/auth/refresh,0.000000,0.000000,0,0,0,0,0,0,0,0,0,0,0,50,0,29,31.13284232051228,20.492110001214314,55.65531500178622,1622.0
1789883491,50,,Aggregated,25.100000,0.000000,7,7,8,8,10,11,13,17,38,38,38,25955,0,6,9.975605486645911,3.1226329956552945,2104.1982940005255,6792.084839144673
1789883492,50,GET,GET /api/v1/reservas,18.900000,0.000000,7,8,8,8,10,10,13,17,38,38,38,19348,0,7,7.845722213806222,4.633864002244081,256.99183600227116,8965.0
1789883492,50,GET,GET /api/v1/reservas/{id},6.700000,0.000000,5,6,6,6,8,10,11,13,13,13,13,6534,0,5,5.706350008442866,3.1226329956552945,177.67928400280653,442.0
1789883492,50,POST,POST /api/v1/auth/login,0.000000,0.000000,0,0,0,0,0,0,0,0,0,0,0,50,0,1300.0,1369.1218887201103,628.633758999058,2104.1982940005255,1622.0
1789883492,50,POST,POST /api/v1/auth/refresh,0.000000,0.000000,0,0,0,0,0,0,0,0,0,0,0,50,0,29,31.13284232051228,20.492110001214314,55.65531500178622,1622.0
1789883492,50,,Aggregated,25.600000,0.000000,7,7,8,8,10,10,13,13,38,38,38,25982,0,6,9.972175386803157,3.1226329956552945,2104.1982940005255,6793.358786852436
1789883493,50,GET,GET /api/v1/reservas,18.800000,0.000000,7,8,8,8,10,10,13,17,38,38,38,19367,0,7,7.844758908850314,4.633864002244081,256.99183600227116,8965.0
1789883493,50,GET,GET /api/v1/reservas/{id},6.300000,0.000000,5,6,6,6,8,10,11,13,13,13,13,6541,0,5,5.705514674541267,3.1226329956552945,177.67928400280653,442.0
1789883493,50,POST,POST /api/v1/auth/login,0.000000,0.000000,0,0,0,0,0,0,0,0,0,0,0,50,0,1300.0,1369.1218887201103,628.633758999058,2104.1982940005255,1622.0
1789883493,50,POST,POST /api/v1/auth/refresh,0.000000,0.000000,0,0,0,0,0,0,0,0,0,0,0,50,0,29,31.13284232051228,20.492110001214314,55.65531500178622,1622.0
1789883493,50,,Aggregated,25.100000,0.000000,7,7,8,8,9,10,13,13,38,38,38,26008,0,6,9.968546363653859,3.1226329956552945,2104.1982940005255,6793.235812057828
1789883494,50,GET,GET /api/v1/reservas,18.700000,0.000000,7,8,8,8,10,10,13,18,38,38,38,19386,0,7,7.844421903781332,4.633864002244081,256.99183600227116,8965.0
1789883494,50,GET,GET /api/v1/reservas/{id},5.500000,0.000000,5,6,6,6,8,10,11,13,13,13,13,6550,0,5,5.705490836056966,3.1226329956552945,177.67928400280653,442.0
1789883494,50,POST,POST /api/v1/auth/login,0.000000,0.000000,0,0,0,0,0,0,0,0,0,0,0,50,0,1300.0,1369.1218887201103,628.633758999058,2104.1982940005255,1622.0
1789883494,50,POST,POST /api/v1/auth/refresh,0.000000,0.000000,0,0,0,0,0,0,0,0,0,0,0,50,0,29,31.13284232051228,20.492110001214314,55.65531500178622,1622.0
1789883494,50,,Aggregated,24.200000,0.000000,7,7,8,8,9,10,13,17,38,38,38,26036,0,6,9.965265960781577,3.1226329956552945,2104.1982940005255,6792.625211245967
1789883495,50,GET,GET /api/v1/reservas,19.400000,0.000000,7,8,8,8,10,10,13,18,38,38,38,19402,0,7,7.843763058637997,4.633864002244081,256.99183600227116,8965.0
1789883495,50,GET,GET /api/v1/reservas/{id},5.400000,0.000000,5,6,6,6,8,10,11,13,13,13,13,6555,0,5,5.704481972567817,3.1226329956552945,177.67928400280653,442.0
1789883495,50,POST,POST /api/v1/auth/login,0.000000,0.000000,0,0,0,0,0,0,0,0,0,0,0,50,0,1300.0,1369.1218887201103,628.633758999058,2104.1982940005255,1622.0
1789883495,50,POST,POST /api/v1/auth/refresh,0.000000,0.000000,0,0,0,0,0,0,0,0,0,0,0,50,0,29,31.13284232051228,20.492110001214314,55.65531500178622,1622.0
1789883495,50,,Aggregated,24.800000,0.000000,7,7,8,8,10,10,13,17,38,38,38,26057,0,6,9.962401916794242,3.1226329956552945,2104.1982940005255,6792.740530375715
1789883496,50,GET,GET /api/v1/reservas,19.500000,0.000000,7,8,8,8,10,12,14,18,38,38,38,19423,0,7,7.843702384117544,4.633864002244081,256.99183600227116,8965.0
1789883496,50,GET,GET /api/v1/reservas/{id},5.300000,0.000000,5,6,6,6,7,9,13,13,13,13,13,6557,0,5,5.704410106478805,3.1226329956552945,177.67928400280653,442.0
1789883496,50,POST,POST /api/v1/auth/login,0.000000,0.000000,0,0,0,0,0,0,0,0,0,0,0,50,0,1300.0,1369.1218887201103,628.633758999058,2104.1982940005255,1622.0
1789883496,50,POST,POST /api/v1/auth/refresh,0.000000,0.000000,0,0,0,0,0,0,0,0,0,0,0,50,0,29,31.13284232051228,20.492110001214314,55.65531500178622,1622.0
1789883496,50,,Aggregated,24.800000,0.000000,7,7,8,8,10,10,13,17,38,38,38,26080,0,6,9.960306174345387,3.1226329956552945,2104.1982940005255,6794.002645705522
1789883497,50,GET,GET /api/v1/reservas,18.900000,0.000000,7,7,8,8,10,12,14,18,38,38,38,19446,0,7,7.84180308051644,4.633864002244081,256.99183600227116,8965.0
1789883497,50,GET,GET /api/v1/reservas/{id},5.800000,0.000000,5,6,6,6,7,9,10,13,13,13,13,6563,0,5,5.702932760656974,3.1226329956552945,177.67928400280653,442.0
1789883497,50,POST,POST /api/v1/auth/login,0.000000,0.000000,0,0,0,0,0,0,0,0,0,0,0,50,0,1300.0,1369.1218887201103,628.633758999058,2104.1982940005255,1622.0
1789883497,50,POST,POST /api/v1/auth/refresh,0.000000,0.000000,0,0,0,0,0,0,0,0,0,0,0,50,0,29,31.13284232051228,20.492110001214314,55.65531500178622,1622.0
1789883497,50,,Aggregated,24.700000,0.000000,7,7,8,8,9,11,13,17,38,38,38,26109,0,6,9.955677619362884,3.1226329956552945,2104.1982940005255,6794.4553985215825
1789883498,50,GET,GET /api/v1/reservas,19.000000,0.000000,7,7,8,8,10,12,16,18,38,38,38,19464,0,7,7.8418490823947495,4.633864002244081,256.99183600227116,8965.0
1789883498,50,GET,GET /api/v1/reservas/{id},5.300000,0.000000,5,6,6,6,8,11,13,16,16,16,16,6567,0,5,5.70523659451657,3.1226329956552945,177.67928400280653,442.0
1789883498,50,POST,POST /api/v1/auth/login,0.000000,0.000000,0,0,0,0,0,0,0,0,0,0,0,50,0,1300.0,1369.1218887201103,628.633758999058,2104.1982940005255,1622.0
1789883498,50,POST,POST /api/v1/auth/refresh,0.000000,0.000000,0,0,0,0,0,0,0,0,0,0,0,50,0,29,31.13284232051228,20.492110001214314,55.65531500178622,1622.0
1789883498,50,,Aggregated,24.300000,0.000000,7,7,8,8,10,12,16,17,38,38,38,26131,0,6,9.954183759058315,3.1226329956552945,2104.1982940005255,6794.978148559183
1789883499,50,GET,GET /api/v1/reservas,19.200000,0.000000,7,7,8,8,10,12,16,18,38,38,38,19485,0,7,7.8407043722206025,4.633864002244081,256.99183600227116,8965.0
1789883499,50,GET,GET /api/v1/reservas/{id},5.000000,0.000000,5,6,6,6,9,11,16,16,16,16,16,6568,0,5,5.705057614523732,3.1226329956552945,177.67928400280653,442.0
1789883499,50,POST,POST /api/v1/auth/login,0.000000,0.000000,0,0,0,0,0,0,0,0,0,0,0,50,0,1300.0,1369.1218887201103,628.633758999058,2104.1982940005255,1622.0
1789883499,50,POST,POST /api/v1/auth/refresh,0.000000,0.000000,0,0,0,0,0,0,0,0,0,0,0,50,0,29,31.13284232051228,20.492110001214314,55.65531500178622,1622.0
1789883499,50,,Aggregated,24.200000,0.000000,7,7,8,8,10,12,16,17,38,38,38,26153,0,6,9.951427356591651,3.1226329956552945,2104.1982940005255,6796.477688984055
1789883500,50,GET,GET /api/v1/reservas,19.000000,0.000000,7,7,8,8,9,11,14,17,18,18,18,19504,0,7,7.840215126420818,4.633864002244081,256.99183600227116,8965.0
1789883500,50,GET,GET /api/v1/reservas/{id},5.200000,0.000000,5,6,6,6,7,10,16,16,16,16,16,6578,0,5,5.703599417177179,3.1226329956552945,177.67928400280653,442.0
1789883500,50,POST,POST /api/v1/auth/login,0.000000,0.000000,0,0,0,0,0,0,0,0,0,0,0,50,0,1300.0,1369.1218887201103,628.633758999058,2104.1982940005255,1622.0
1789883500,50,POST,POST /api/v1/auth/refresh,0.000000,0.000000,0,0,0,0,0,0,0,0,0,0,0,50,0,29,31.13284232051228,20.492110001214314,55.65531500178622,1622.0
1789883500,50,,Aggregated,24.200000,0.000000,7,7,7,8,9,11,14,16,18,18,18,26182,0,6,9.947542943393715,3.1226329956552945,2104.1982940005255,6795.624322053319
1789883501,50,GET,GET /api/v1/reservas,19.200000,0.000000,7,7,8,8,9,12,14,18,24,24,24,19522,0,7,7.8422199082941235,4.633864002244081,256.99183600227116,8965.0
1789883501,50,GET,GET /api/v1/reservas/{id},5.300000,0.000000,5,6,6,6,6,10,11,16,16,16,16,6582,0,5,5.703565570980264,3.1226329956552945,177.67928400280653,442.0
1789883501,50,POST,POST /api/v1/auth/login,0.000000,0.000000,0,0,0,0,0,0,0,0,0,0,0,50,0,1300.0,1369.1218887201103,628.633758999058,2104.1982940005255,1622.0
1789883501,50,POST,POST /api/v1/auth/refresh,0.000000,0.000000,0,0,0,0,0,0,0,0,0,0,0,50,0,29,31.13284232051228,20.492110001214314,55.65531500178622,1622.0
1789883501,50,,Aggregated,24.500000,0.000000,7,7,8,8,9,11,14,16,24,24,24,26204,0,6,9.946932612957607,3.1226329956552945,2104.1982940005255,6796.144634406961
1789883502,50,GET,GET /api/v1/reservas,19.300000,0.000000,7,7,8,8,9,12,14,18,24,24,24,19541,0,7,7.840922290247376,4.633864002244081,256.99183600227116,8965.0
1789883502,50,GET,GET /api/v1/reservas/{id},4.600000,0.000000,5,6,6,6,7,10,16,16,16,16,16,6586,0,5,5.703067792012445,3.1226329956552945,177.67928400280653,442.0
1789883502,50,POST,POST /api/v1/auth/login,0.000000,0.000000,0,0,0,0,0,0,0,0,0,0,0,50,0,1300.0,1369.1218887201103,628.633758999058,2104.1982940005255,1622.0
1789883502,50,POST,POST /api/v1/auth/refresh,0.000000,0.000000,0,0,0,0,0,0,0,0,0,0,0,50,0,29,31.13284232051228,20.492110001214314,55.65531500178622,1622.0
1789883502,50,,Aggregated,23.900000,0.000000,7,7,7,8,9,11,14,16,24,24,24,26227,0,6,9.943668871923936,3.1226329956552945,2104.1982940005255,6796.746749532924
1789883503,50,GET,GET /api/v1/reservas,19.000000,0.000000,7,7,8,8,9,12,14,18,24,24,24,19562,0,7,7.839262913542987,4.633864002244081,256.99183600227116,8965.0
1789883503,50,GET,GET /api/v1/reservas/{id},5.000000,0.000000,5,5,6,6,6,10,11,16,16,16,16,6593,0,5,5.701973784800214,3.1226329956552945,177.67928400280653,442.0
1789883503,50,POST,POST /api/v1/auth/login,0.000000,0.000000,0,0,0,0,0,0,0,0,0,0,0,50,0,1300.0,1369.1218887201103,628.633758999058,2104.1982940005255,1622.0
1789883503,50,POST,POST /api/v1/auth/refresh,0.000000,0.000000,0,0,0,0,0,0,0,0,0,0,0,50,0,29,31.13284232051228,20.492110001214314,55.65531500178622,1622.0
1789883503,50,,Aggregated,24.000000,0.000000,7,7,7,8,9,11,14,16,24,24,24,26255,0,6,9.939345299179084,3.1226329956552945,2104.1982940005255,6796.786745381832
1789883504,50,GET,GET /api/v1/reservas,19.800000,0.000000,7,7,8,8,9,12,14,16,24,24,24,19581,0,7,7.838179286335248,4.633864002244081,256.99183600227116,8965.0
1789883504,50,GET,GET /api/v1/reservas/{id},5.100000,0.000000,5,5,5,6,6,7,16,16,16,16,16,6600,0,5,5.701027213817173,3.1226329956552945,177.67928400280653,442.0
1789883504,50,POST,POST /api/v1/auth/login,0.000000,0.000000,0,0,0,0,0,0,0,0,0,0,0,50,0,1300.0,1369.1218887201103,628.633758999058,2104.1982940005255,1622.0
1789883504,50,POST,POST /api/v1/auth/refresh,0.000000,0.000000,0,0,0,0,0,0,0,0,0,0,0,50,0,29,31.13284232051228,20.492110001214314,55.65531500178622,1622.0
1789883504,50,,Aggregated,24.900000,0.000000,6,7,7,8,9,11,14,16,24,24,24,26281,0,6,9.93565331490259,3.1226329956552945,2104.1982940005255,6796.661656710171
1789883505,50,GET,GET /api/v1/reservas,19.300000,0.000000,7,7,8,8,9,12,14,16,24,24,24,19601,0,7,7.837524125183752,4.633864002244081,256.99183600227116,8965.0
1789883505,50,GET,GET /api/v1/reservas/{id},5.100000,0.000000,5,5,5,6,6,7,11,16,16,16,16,6611,0,5,5.699034736679693,3.1226329956552945,177.67928400280653,442.0
1789883505,50,POST,POST /api/v1/auth/login,0.000000,0.000000,0,0,0,0,0,0,0,0,0,0,0,50,0,1300.0,1369.1218887201103,628.633758999058,2104.1982940005255,1622.0
1789883505,50,POST,POST /api/v1/auth/refresh,0.000000,0.000000,0,0,0,0,0,0,0,0,0,0,0,50,0,29,31.13284232051228,20.492110001214314,55.65531500178622,1622.0
1789883505,50,,Aggregated,24.400000,0.000000,6,7,7,8,9,11,14,16,24,24,24,26312,0,6,9.931299999009855,3.1226329956552945,2104.1982940005255,6795.653200060809
1789883506,50,GET,GET /api/v1/reservas,19.600000,0.000000,7,7,8,8,9,11,14,16,24,24,24,19618,0,7,7.837398945342778,4.633864002244081,256.99183600227116,8965.0
1789883506,50,GET,GET /api/v1/reservas/{id},5.200000,0.000000,5,5,5,6,6,7,11,16,16,16,16,6618,0,5,5.698739589180689,3.1226329956552945,177.67928400280653,442.0
1789883506,50,POST,POST /api/v1/auth/login,0.000000,0.000000,0,0,0,0,0,0,0,0,0,0,0,50,0,1300.0,1369.1218887201103,628.633758999058,2104.1982940005255,1622.0
1789883506,50,POST,POST /api/v1/auth/refresh,0.000000,0.000000,0,0,0,0,0,0,0,0,0,0,0,50,0,29,31.13284232051228,20.492110001214314,55.65531500178622,1622.0
1789883506,50,,Aggregated,24.800000,0.000000,6,7,7,8,9,11,14,16,24,24,24,26336,0,6,9.928656123289928,3.1226329956552945,2104.1982940005255,6795.364747873633
1789883507,50,GET,GET /api/v1/reservas,19.500000,0.000000,7,7,8,8,9,11,14,16,24,24,24,19636,0,7,7.836514156739492,4.633864002244081,256.99183600227116,8965.0
1789883507,50,GET,GET /api/v1/reservas/{id},5.000000,0.000000,5,5,6,6,6,7,11,16,16,16,16,6628,0,5,5.697812518137071,3.1226329956552945,177.67928400280653,442.0
1789883507,50,POST,POST /api/v1/auth/login,0.000000,0.000000,0,0,0,0,0,0,0,0,0,0,0,50,0,1300.0,1369.1218887201103,628.633758999058,2104.1982940005255,1622.0
1789883507,50,POST,POST /api/v1/auth/refresh,0.000000,0.000000,0,0,0,0,0,0,0,0,0,0,0,50,0,29,31.13284232051228,20.492110001214314,55.65531500178622,1622.0
1789883507,50,,Aggregated,24.500000,0.000000,6,7,7,8,9,11,14,16,24,24,24,26364,0,6,9.92473182764301,3.1226329956552945,2104.1982940005255,6794.436200879988
1789883508,50,GET,GET /api/v1/reservas,19.900000,0.000000,7,7,8,8,10,12,15,22,24,24,24,19653,0,7,7.8381072284515,4.633864002244081,256.99183600227116,8965.0
1789883508,50,GET,GET /api/v1/reservas/{id},5.600000,0.000000,5,5,5,6,6,7,7,7,7,7,7,6635,0,5,5.69694011758971,3.1226329956552945,177.67928400280653,442.0
1789883508,50,POST,POST /api/v1/auth/login,0.000000,0.000000,0,0,0,0,0,0,0,0,0,0,0,50,0,1300.0,1369.1218887201103,628.633758999058,2104.1982940005255,1622.0
1789883508,50,POST,POST /api/v1/auth/refresh,0.000000,0.000000,0,0,0,0,0,0,0,0,0,0,0,50,0,29,31.13284232051228,20.492110001214314,55.65531500178622,1622.0
1789883508,50,,Aggregated,25.500000,0.000000,6,7,7,8,9,11,14,19,24,24,24,26388,0,6,9.923232362929976,3.1226329956552945,2104.1982940005255,6794.149423980597
1789883509,50,GET,GET /api/v1/reservas,19.500000,0.000000,7,7,8,8,9,12,15,22,24,24,24,19667,0,7,7.837144232967646,4.633864002244081,256.99183600227116,8965.0
1789883509,50,GET,GET /api/v1/reservas/{id},6.100000,0.000000,5,5,6,6,6,7,8,8,8,8,8,6642,0,5,5.696962076815081,3.1226329956552945,177.67928400280653,442.0
1789883509,50,POST,POST /api/v1/auth/login,0.000000,0.000000,0,0,0,0,0,0,0,0,0,0,0,50,0,1300.0,1369.1218887201103,628.633758999058,2104.1982940005255,1622.0
1789883509,50,POST,POST /api/v1/auth/refresh,0.000000,0.000000,0,0,0,0,0,0,0,0,0,0,0,50,0,29,31.13284232051228,20.492110001214314,55.65531500178622,1622.0
1789883509,50,,Aggregated,25.600000,0.000000,6,7,7,8,9,11,14,19,24,24,24,26409,0,6,9.920295137870104,3.1226329956552945,2104.1982940005255,6793.616532242796
1789883510,50,GET,GET /api/v1/reservas,18.800000,0.000000,7,7,8,8,10,14,17,22,24,24,24,19685,0,7,7.836770355284412,4.633864002244081,256.99183600227116,8965.0
1789883510,50,GET,GET /api/v1/reservas/{id},6.500000,0.000000,5,5,6,6,6,7,8,8,8,8,8,6651,0,5,5.695827041527087,3.1226329956552945,177.67928400280653,442.0
1789883510,50,POST,POST /api/v1/auth/login,0.000000,0.000000,0,0,0,0,0,0,0,0,0,0,0,50,0,1300.0,1369.1218887201103,628.633758999058,2104.1982940005255,1622.0
1789883510,50,POST,POST /api/v1/auth/refresh,0.000000,0.000000,0,0,0,0,0,0,0,0,0,0,0,50,0,29,31.13284232051228,20.492110001214314,55.65531500178622,1622.0
1789883510,50,,Aggregated,25.300000,0.000000,6,7,7,8,9,11,15,19,24,24,24,26436,0,6,9.916874967809102,3.1226329956552945,2104.1982940005255,6792.932629747314
1789883511,50,GET,GET /api/v1/reservas,18.700000,0.000000,7,7,8,8,10,12,15,19,22,22,22,19704,0,7,7.838038718776209,4.633864002244081,256.99183600227116,8965.0
1789883511,50,GET,GET /api/v1/reservas/{id},6.800000,0.000000,5,5,6,6,7,8,8,8,8,8,8,6656,0,5,5.696679544952915,3.1226329956552945,177.67928400280653,442.0
1789883511,50,POST,POST /api/v1/auth/login,0.000000,0.000000,0,0,0,0,0,0,0,0,0,0,0,50,0,1300.0,1369.1218887201103,628.633758999058,2104.1982940005255,1622.0
1789883511,50,POST,POST /api/v1/auth/refresh,0.000000,0.000000,0,0,0,0,0,0,0,0,0,0,0,50,0,29,31.13284232051228,20.492110001214314,55.65531500178622,1622.0
1789883511,50,,Aggregated,25.500000,0.000000,6,7,7,8,9,11,14,17,22,22,22,26460,0,6,9.915742649962365,3.1226329956552945,2104.1982940005255,6793.292214663643
1789883512,50,GET,GET /api/v1/reservas,18.200000,0.000000,7,7,8,8,10,12,15,19,22,22,22,19723,0,7,7.836990596855126,4.633864002244081,256.99183600227116,8965.0
1789883512,50,GET,GET /api/v1/reservas/{id},7.400000,0.000000,5,5,6,6,7,8,8,8,8,8,8,6662,0,5,5.695912036508208,3.1226329956552945,177.67928400280653,442.0
1789883512,50,POST,POST /api/v1/auth/login,0.000000,0.000000,0,0,0,0,0,0,0,0,0,0,0,50,0,1300.0,1369.1218887201103,628.633758999058,2104.1982940005255,1622.0
1789883512,50,POST,POST /api/v1/auth/refresh,0.000000,0.000000,0,0,0,0,0,0,0,0,0,0,0,50,0,29,31.13284232051228,20.492110001214314,55.65531500178622,1622.0
1789883512,50,,Aggregated,25.600000,0.000000,6,7,7,8,9,11,14,17,22,22,22,26485,0,6,9.912322751784878,3.1226329956552945,2104.1982940005255,6793.411327166321
1789883513,50,GET,GET /api/v1/reservas,18.000000,0.000000,7,7,8,8,10,12,15,19,22,22,22,19739,0,7,7.835854824700679,4.633864002244081,256.99183600227116,8965.0
1789883513,50,GET,GET /api/v1/reservas/{id},7.300000,0.000000,5,5,6,6,7,8,8,8,8,8,8,6670,0,5,5.694377496284637,3.1226329956552945,177.67928400280653,442.0
1789883513,50,POST,POST /api/v1/auth/login,0.000000,0.000000,0,0,0,0,0,0,0,0,0,0,0,50,0,1300.0,1369.1218887201103,628.633758999058,2104.1982940005255,1622.0
1789883513,50,POST,POST /api/v1/auth/refresh,0.000000,0.000000,0,0,0,0,0,0,0,0,0,0,0,50,0,29,31.13284232051228,20.492110001214314,55.65531500178622,1622.0
1789883513,50,,Aggregated,25.300000,0.000000,6,7,7,8,9,11,14,17,22,22,22,26509,0,6,9.908565877136684,3.1226329956552945,2104.1982940005255,6792.805273680637
1789883514,50,GET,GET /api/v1/reservas,18.200000,0.000000,7,8,8,9,10,12,15,19,22,22,22,19751,0,7,7.835948079376657,4.633864002244081,256.99183600227116,8965.0
1789883514,50,GET,GET /api/v1/reservas/{id},7.400000,0.000000,5,5,6,6,7,8,8,8,8,8,8,6677,0,5,5.6941404337586246,3.1226329956552945,177.67928400280653,442.0
1789883514,50,POST,POST /api/v1/auth/login,0.000000,0.000000,0,0,0,0,0,0,0,0,0,0,0,50,0,1300.0,1369.1218887201103,628.633758999058,2104.1982940005255,1622.0
1789883514,50,POST,POST /api/v1/auth/refresh,0.000000,0.000000,0,0,0,0,0,0,0,0,0,0,0,50,0,29,31.13284232051228,20.492110001214314,55.65531500178622,1622.0
1789883514,50,,Aggregated,25.600000,0.000000,6,7,8,8,9,11,15,17,22,22,22,26528,0,6,9.906526038299376,3.1226329956552945,2104.1982940005255,6792.11207026538
1789883515,50,GET,GET /api/v1/reservas,18.000000,0.000000,7,7,8,8,10,12,15,19,22,22,22,19774,0,7,7.834335051369521,4.633864002244081,256.99183600227116,8965.0
1789883515,50,GET,GET /api/v1/reservas/{id},7.500000,0.000000,5,6,6,6,7,8,8,8,8,8,8,6684,0,5,5.69276553862964,3.1226329956552945,177.67928400280653,442.0
1789883515,50,POST,POST /api/v1/auth/login,0.000000,0.000000,0,0,0,0,0,0,0,0,0,0,0,50,0,1300.0,1369.1218887201103,628.633758999058,2104.1982940005255,1622.0
1789883515,50,POST,POST /api/v1/auth/refresh,0.000000,0.000000,0,0,0,0,0,0,0,0,0,0,0,50,0,29,31.13284232051228,20.492110001214314,55.65531500178622,1622.0
1789883515,50,,Aggregated,25.500000,0.000000,6,7,7,8,9,11,15,17,22,22,22,26558,0,6,9.902075559831784,3.1226329956552945,2104.1982940005255,6792.320129527826
1789883516,50,GET,GET /api/v1/reservas,17.500000,0.000000,7,7,8,8,10,12,15,19,22,22,22,19790,0,7,7.8337666054449855,4.633864002244081,256.99183600227116,8965.0
1789883516,50,GET,GET /api/v1/reservas/{id},7.700000,0.000000,5,5,6,6,6,8,8,8,8,8,8,6691,0,5,5.6919666443274926,3.1226329956552945,177.67928400280653,442.0
1789883516,50,POST,POST /api/v1/auth/login,0.000000,0.000000,0,0,0,0,0,0,0,0,0,0,0,50,0,1300.0,1369.1218887201103,628.633758999058,2104.1982940005255,1622.0
1789883516,50,POST,POST /api/v1/auth/refresh,0.000000,0.000000,0,0,0,0,0,0,0,0,0,0,0,50,0,29,31.13284232051228,20.492110001214314,55.65531500178622,1622.0
1789883516,50,,Aggregated,25.200000,0.000000,6,7,7,8,9,11,15,17,22,22,22,26581,0,6,9.899098096045394,3.1226329956552945,2104.1982940005255,6791.955607388736
1789883517,50,GET,GET /api/v1/reservas,17.000000,0.000000,7,7,8,8,10,12,16,19,22,22,22,19805,0,7,7.8339192670913205,4.633864002244081,256.99183600227116,8965.0
1789883517,50,GET,GET /api/v1/reservas/{id},7.700000,0.000000,5,5,6,6,6,8,8,8,8,8,8,6699,0,5,5.691042037049732,3.1226329956552945,177.67928400280653,442.0
1789883517,50,POST,POST /api/v1/auth/login,0.000000,0.000000,0,0,0,0,0,0,0,0,0,0,0,50,0,1300.0,1369.1218887201103,628.633758999058,2104.1982940005255,1622.0
1789883517,50,POST,POST /api/v1/auth/refresh,0.000000,0.000000,0,0,0,0,0,0,0,0,0,0,0,50,0,29,31.13284232051228,20.492110001214314,55.65531500178622,1622.0
1789883517,50,,Aggregated,24.700000,0.000000,6,7,8,8,9,11,15,17,22,22,22,26604,0,6,9.896549325025218,3.1226329956552945,2104.1982940005255,6791.271350172907
1789883518,50,GET,GET /api/v1/reservas,17.300000,0.000000,7,7,8,8,10,11,12,16,17,17,17,19825,0,7,7.832682183139572,4.633864002244081,256.99183600227116,8965.0
1789883518,50,GET,GET /api/v1/reservas/{id},7.300000,0.000000,5,5,6,6,7,8,8,8,8,8,8,6704,0,5,5.690319780161474,3.1226329956552945,177.67928400280653,442.0
1789883518,50,POST,POST /api/v1/auth/login,0.000000,0.000000,0,0,0,0,0,0,0,0,0,0,0,50,0,1300.0,1369.1218887201103,628.633758999058,2104.1982940005255,1622.0
1789883518,50,POST,POST /api/v1/auth/refresh,0.000000,0.000000,0,0,0,0,0,0,0,0,0,0,0,50,0,29,31.13284232051228,20.492110001214314,55.65531500178622,1622.0
1789883518,50,,Aggregated,24.600000,0.000000,6,7,7,8,9,10,12,14,17,17,17,26629,0,6,9.893107688571694,3.1226329956552945,2104.1982940005255,6791.711780389801
1789883519,50,GET,GET /api/v1/reservas,17.100000,0.000000,7,7,8,8,10,11,13,16,17,17,17,19846,0,7,7.831631839349444,4.633864002244081,256.99183600227116,8965.0
1789883519,50,GET,GET /api/v1/reservas/{id},7.300000,0.000000,5,5,6,6,6,8,8,8,8,8,8,6711,0,5,5.689885297600932,3.1226329956552945,177.67928400280653,442.0
1789883519,50,POST,POST /api/v1/auth/login,0.000000,0.000000,0,0,0,0,0,0,0,0,0,0,0,50,0,1300.0,1369.1218887201103,628.633758999058,2104.1982940005255,1622.0
1789883519,50,POST,POST /api/v1/auth/refresh,0.000000,0.000000,0,0,0,0,0,0,0,0,0,0,0,50,0,29,31.13284232051228,20.492110001214314,55.65531500178622,1622.0
1789883519,50,,Aggregated,24.400000,0.000000,6,7,7,8,9,10,12,14,17,17,17,26657,0,6,9.889489525001315,3.1226329956552945,2104.1982940005255,6791.756461717373
1789883520,50,GET,GET /api/v1/reservas,16.900000,0.000000,7,8,8,8,9,11,12,14,16,16,16,19861,0,7,7.831589773864592,4.633864002244081,256.99183600227116,8965.0
1789883520,50,GET,GET /api/v1/reservas/{id},7.100000,0.000000,5,5,6,6,6,8,8,8,8,8,8,6716,0,5,5.689146228885733,3.1226329956552945,177.67928400280653,442.0
1789883520,50,POST,POST /api/v1/auth/login,0.000000,0.000000,0,0,0,0,0,0,0,0,0,0,0,50,0,1300.0,1369.1218887201103,628.633758999058,2104.1982940005255,1622.0
1789883520,50,POST,POST /api/v1/auth/refresh,0.000000,0.000000,0,0,0,0,0,0,0,0,0,0,0,50,0,29,31.13284232051228,20.492110001214314,55.65531500178622,1622.0
1789883520,50,,Aggregated,24.000000,0.000000,6,7,8,8,9,10,12,13,16,16,16,26677,0,6,9.887327927576278,3.1226329956552945,2104.1982940005255,6791.788319526184
1789883521,50,GET,GET /api/v1/reservas,17.300000,0.000000,7,7,8,8,9,10,11,14,16,16,16,19886,0,7,7.8314640233700334,4.633864002244081,256.99183600227116,8965.0
1789883521,50,GET,GET /api/v1/reservas/{id},6.900000,0.000000,5,5,6,6,6,8,8,29,29,29,29,6724,0,5,5.693135610231174,3.1226329956552945,177.67928400280653,442.0
1789883521,50,POST,POST /api/v1/auth/login,0.000000,0.000000,0,0,0,0,0,0,0,0,0,0,0,50,0,1300.0,1369.1218887201103,628.633758999058,2104.1982940005255,1622.0
1789883521,50,POST,POST /api/v1/auth/refresh,0.000000,0.000000,0,0,0,0,0,0,0,0,0,0,0,50,0,29,31.13284232051228,20.492110001214314,55.65531500178622,1622.0
1789883521,50,,Aggregated,24.200000,0.000000,6,7,8,8,9,10,11,14,29,29,29,26710,0,6,9.885057055932686,3.1226329956552945,2104.1982940005255,6791.920554099588
1789883522,50,GET,GET /api/v1/reservas,17.900000,0.000000,7,8,8,8,9,10,13,14,16,16,16,19898,0,7,7.831387528984182,4.633864002244081,256.99183600227116,8965.0
1789883522,50,GET,GET /api/v1/reservas/{id},6.900000,0.000000,5,5,6,6,8,8,10,29,29,29,29,6731,0,5,5.694405949220534,3.1226329956552945,177.67928400280653,442.0
1789883522,50,POST,POST /api/v1/auth/login,0.000000,0.000000,0,0,0,0,0,0,0,0,0,0,0,50,0,1300.0,1369.1218887201103,628.633758999058,2104.1982940005255,1622.0
1789883522,50,POST,POST /api/v1/auth/refresh,0.000000,0.000000,0,0,0,0,0,0,0,0,0,0,0,50,0,29,31.13284232051228,20.492110001214314,55.65531500178622,1622.0
1789883522,50,,Aggregated,24.800000,0.000000,6,7,8,8,9,10,13,14,29,29,29,26729,0,6,9.883300237493426,3.1226329956552945,2104.1982940005255,6791.233192412736
1789883524,50,GET,GET /api/v1/reservas,17.600000,0.000000,7,7,8,8,9,10,11,14,16,16,16,19917,0,7,7.830146416866969,4.633864002244081,256.99183600227116,8965.0
1789883524,50,GET,GET /api/v1/reservas/{id},6.500000,0.000000,5,6,6,6,8,9,10,29,29,29,29,6734,0,5,5.6938439161275785,3.1226329956552945,177.67928400280653,442.0
1789883524,50,POST,POST /api/v1/auth/login,0.000000,0.000000,0,0,0,0,0,0,0,0,0,0,0,50,0,1300.0,1369.1218887201103,628.633758999058,2104.1982940005255,1622.0
1789883524,50,POST,POST /api/v1/auth/refresh,0.000000,0.000000,0,0,0,0,0,0,0,0,0,0,0,50,0,29,31.13284232051228,20.492110001214314,55.65531500178622,1622.0
1789883524,50,,Aggregated,24.100000,0.000000,6,7,8,8,9,10,11,14,29,29,29,26751,0,6,9.880307564875094,3.1226329956552945,2104.1982940005255,6792.0650816791895
1789883525,50,GET,GET /api/v1/reservas,18.100000,0.000000,7,8,8,8,9,10,11,14,16,16,16,19938,0,7,7.828935060925351,4.633864002244081,256.99183600227116,8965.0
1789883525,50,GET,GET /api/v1/reservas/{id},6.800000,0.000000,5,6,6,6,8,9,10,29,29,29,29,6735,0,5,5.693636533512379,3.1226329956552945,177.67928400280653,442.0
1789883525,50,POST,POST /api/v1/auth/login,0.000000,0.000000,0,0,0,0,0,0,0,0,0,0,0,50,0,1300.0,1369.1218887201103,628.633758999058,2104.1982940005255,1622.0
1789883525,50,POST,POST /api/v1/auth/refresh,0.000000,0.000000,0,0,0,0,0,0,0,0,0,0,0,50,0,29,31.13284232051228,20.492110001214314,55.65531500178622,1622.0
1789883525,50,,Aggregated,24.900000,0.000000,6,7,8,8,9,10,11,14,29,29,29,26773,0,6,9.87758883389858,3.1226329956552945,2104.1982940005255,6793.53228999365
1789883526,50,GET,GET /api/v1/reservas,17.800000,0.000000,7,8,8,8,9,10,13,14,16,16,16,19961,0,7,7.828719045225255,4.633864002244081,256.99183600227116,8965.0
1789883526,50,GET,GET /api/v1/reservas/{id},6.400000,0.000000,5,6,6,6,8,9,10,29,29,29,29,6742,0,5,5.693479933136747,3.1226329956552945,177.67928400280653,442.0
1789883526,50,POST,POST /api/v1/auth/login,0.000000,0.000000,0,0,0,0,0,0,0,0,0,0,0,50,0,1300.0,1369.1218887201103,628.633758999058,2104.1982940005255,1622.0
1789883526,50,POST,POST /api/v1/auth/refresh,0.000000,0.000000,0,0,0,0,0,0,0,0,0,0,0,50,0,29,31.13284232051228,20.492110001214314,55.65531500178622,1622.0
1789883526,50,,Aggregated,24.200000,0.000000,6,7,8,8,9,10,13,14,29,29,29,26803,0,6,9.874537892138209,3.1226329956552945,2104.1982940005255,6793.736857814424
1789883527,50,GET,GET /api/v1/reservas,17.800000,0.000000,7,7,8,8,9,10,11,13,14,14,14,19982,0,7,7.826884253014306,4.633864002244081,256.99183600227116,8965.0
1789883527,50,GET,GET /api/v1/reservas/{id},6.400000,0.000000,5,6,6,6,8,9,29,29,29,29,29,6747,0,5,5.692843487209742,3.1226329956552945,177.67928400280653,442.0
1789883527,50,POST,POST /api/v1/auth/login,0.000000,0.000000,0,0,0,0,0,0,0,0,0,0,0,50,0,1300.0,1369.1218887201103,628.633758999058,2104.1982940005255,1622.0
1789883527,50,POST,POST /api/v1/auth/refresh,0.000000,0.000000,0,0,0,0,0,0,0,0,0,0,0,50,0,29,31.13284232051228,20.492110001214314,55.65531500178622,1622.0
1789883527,50,,Aggregated,24.200000,0.000000,6,7,8,8,9,10,11,13,29,29,29,26829,0,6,9.8706307616373,3.1226329956552945,2104.1982940005255,6794.252637071825
1789883528,50,GET,GET /api/v1/reservas,18.700000,0.000000,7,7,8,8,9,10,11,13,14,14,14,19995,0,7,7.826598321016875,4.633864002244081,256.99183600227116,8965.0
1789883528,50,GET,GET /api/v1/reservas/{id},5.800000,0.000000,5,6,6,6,8,9,10,29,29,29,29,6755,0,5,5.692232673753838,3.1226329956552945,177.67928400280653,442.0
1789883528,50,POST,POST /api/v1/auth/login,0.000000,0.000000,0,0,0,0,0,0,0,0,0,0,0,50,0,1300.0,1369.1218887201103,628.633758999058,2104.1982940005255,1622.0
1789883528,50,POST,POST /api/v1/auth/refresh,0.000000,0.000000,0,0,0,0,0,0,0,0,0,0,0,50,0,29,31.13284232051228,20.492110001214314,55.65531500178622,1622.0
1789883528,50,,Aggregated,24.500000,0.000000,6,7,8,8,9,10,11,13,29,29,29,26850,0,6,9.868029858173957,3.1226329956552945,2104.1982940005255,6793.410986964618
1789883529,50,GET,GET /api/v1/reservas,18.600000,0.000000,7,7,8,8,9,10,11,13,14,14,14,20013,0,7,7.825563293795652,4.633864002244081,256.99183600227116,8965.0
1789883529,50,GET,GET /api/v1/reservas/{id},5.800000,0.000000,5,6,6,6,8,9,10,29,29,29,29,6762,0,5,5.690646748329023,3.1226329956552945,177.67928400280653,442.0
1789883529,50,POST,POST /api/v1/auth/login,0.000000,0.000000,0,0,0,0,0,0,0,0,0,0,0,50,0,1300.0,1369.1218887201103,628.633758999058,2104.1982940005255,1622.0
1789883529,50,POST,POST /api/v1/auth/refresh,0.000000,0.000000,0,0,0,0,0,0,0,0,0,0,0,50,0,29,31.13284232051228,20.492110001214314,55.65531500178622,1622.0
1789883529,50,,Aggregated,24.400000,0.000000,6,7,8,8,9,10,11,13,29,29,29,26875,0,6,9.864405137226582,3.1226329956552945,2104.1982940005255,6793.211125581395
1789883530,50,GET,GET /api/v1/reservas,19.200000,0.000000,7,7,8,8,9,10,11,13,14,14,14,20033,0,7,7.8246421953639285,4.633864002244081,256.99183600227116,8965.0
1789883530,50,GET,GET /api/v1/reservas/{id},5.600000,0.000000,5,6,6,6,8,10,11,29,29,29,29,6769,0,5,5.691341133283759,3.1226329956552945,177.67928400280653,442.0
1789883530,50,POST,POST /api/v1/auth/login,0.000000,0.000000,0,0,0,0,0,0,0,0,0,0,0,50,0,1300.0,1369.1218887201103,628.633758999058,2104.1982940005255,1622.0
1789883530,50,POST,POST /api/v1/auth/refresh,0.000000,0.000000,0,0,0,0,0,0,0,0,0,0,0,50,0,29,31.13284232051228,20.492110001214314,55.65531500178622,1622.0
1789883530,50,,Aggregated,24.800000,0.000000,6,7,8,8,9,10,11,13,29,29,29,26902,0,6,9.86129216351775,3.1226329956552945,2104.1982940005255,6793.173109805963
1789883531,50,GET,GET /api/v1/reservas,19.000000,0.000000,7,7,7,8,9,10,12,13,14,14,14,20050,0,7,7.824088611856392,4.633864002244081,256.99183600227116,8965.0
1789883531,50,GET,GET /api/v1/reservas/{id},5.600000,0.000000,5,5,6,6,8,9,11,11,11,11,11,6773,0,5,5.690875537902422,3.1226329956552945,177.67928400280653,442.0
1789883531,50,POST,POST /api/v1/auth/login,0.000000,0.000000,0,0,0,0,0,0,0,0,0,0,0,50,0,1300.0,1369.1218887201103,628.633758999058,2104.1982940005255,1622.0
1789883531,50,POST,POST /api/v1/auth/refresh,0.000000,0.000000,0,0,0,0,0,0,0,0,0,0,0,50,0,29,31.13284232051228,20.492110001214314,55.65531500178622,1622.0
1789883531,50,,Aggregated,24.600000,0.000000,6,7,7,8,9,10,11,13,14,14,14,26923,0,6,9.858857231287928,3.1226329956552945,2104.1982940005255,6793.600861716748
1789883532,50,GET,GET /api/v1/reservas,18.700000,0.000000,7,7,7,8,9,10,12,13,21,21,21,20075,0,7,7.823679836548167,4.633864002244081,256.99183600227116,8965.0
1789883532,50,GET,GET /api/v1/reservas/{id},5.800000,0.000000,5,5,6,6,7,9,15,15,15,15,15,6777,0,5,5.692023705800936,3.1226329956552945,177.67928400280653,442.0
1789883532,50,POST,POST /api/v1/auth/login,0.000000,0.000000,0,0,0,0,0,0,0,0,0,0,0,50,0,1300.0,1369.1218887201103,628.633758999058,2104.1982940005255,1622.0
1789883532,50,POST,POST /api/v1/auth/refresh,0.000000,0.000000,0,0,0,0,0,0,0,0,0,0,0,50,0,29,31.13284232051228,20.492110001214314,55.65531500178622,1622.0
1789883532,50,,Aggregated,24.500000,0.000000,6,7,7,7,9,10,12,13,21,21,21,26952,0,6,9.856335482522578,3.1226329956552945,2104.1982940005255,6794.672343425349
1789883533,50,GET,GET /api/v1/reservas,18.700000,0.000000,7,7,8,8,9,11,12,13,21,21,21,20089,0,7,7.823941854333969,4.633864002244081,256.99183600227116,8965.0
1789883533,50,GET,GET /api/v1/reservas/{id},5.800000,0.000000,5,6,6,6,7,9,15,15,15,15,15,6783,0,5,5.692401348990604,3.1226329956552945,177.67928400280653,442.0
1789883533,50,POST,POST /api/v1/auth/login,0.000000,0.000000,0,0,0,0,0,0,0,0,0,0,0,50,0,1300.0,1369.1218887201103,628.633758999058,2104.1982940005255,1622.0
1789883533,50,POST,POST /api/v1/auth/refresh,0.000000,0.000000,0,0,0,0,0,0,0,0,0,0,0,50,0,29,31.13284232051228,20.492110001214314,55.65531500178622,1622.0
1789883533,50,,Aggregated,24.500000,0.000000,6,7,7,8,9,11,12,13,21,21,21,26972,0,6,9.854644179665932,3.1226329956552945,2104.1982940005255,6794.385696277621
1789883534,50,GET,GET /api/v1/reservas,18.900000,0.000000,7,7,7,8,9,11,12,13,21,21,21,20109,0,7,7.822163805246788,4.633864002244081,256.99183600227116,8965.0
1789883534,50,GET,GET /api/v1/reservas/{id},5.300000,0.000000,5,6,6,6,7,9,11,15,15,15,15,6790,0,5,5.691195116377296,3.1226329956552945,177.67928400280653,442.0
1789883534,50,POST,POST /api/v1/auth/login,0.000000,0.000000,0,0,0,0,0,0,0,0,0,0,0,50,0,1300.0,1369.1218887201103,628.633758999058,2104.1982940005255,1622.0
1789883534,50,POST,POST /api/v1/auth/refresh,0.000000,0.000000,0,0,0,0,0,0,0,0,0,0,0,50,0,29,31.13284232051228,20.492110001214314,55.65531500178622,1622.0
1789883534,50,,Aggregated,24.200000,0.000000,6,7,7,7,9,11,12,13,21,21,21,26999,0,6,9.85043310314977,3.1226329956552945,2104.1982940005255,6794.346642468239
1789883535,50,GET,GET /api/v1/reservas,18.900000,0.000000,6,7,7,8,9,10,12,13,21,21,21,20127,0,7,7.821108163846345,4.633864002244081,256.99183600227116,8965.0
1789883535,50,GET,GET /api/v1/reservas/{id},5.300000,0.000000,5,5,6,6,7,8,11,15,15,15,15,6796,0,5,5.690367161301747,3.1226329956552945,177.67928400280653,442.0
1789883535,50,POST,POST /api/v1/auth/login,0.000000,0.000000,0,0,0,0,0,0,0,0,0,0,0,50,0,1300.0,1369.1218887201103,628.633758999058,2104.1982940005255,1622.0
1789883535,50,POST,POST /api/v1/auth/refresh,0.000000,0.000000,0,0,0,0,0,0,0,0,0,0,0,50,0,29,31.13284232051228,20.492110001214314,55.65531500178622,1622.0
1789883535,50,,Aggregated,24.200000,0.000000,6,7,7,7,8,10,12,13,21,21,21,27023,0,6,9.84716411182967,3.1226329956552945,2104.1982940005255,6794.382081930207
1789883536,50,GET,GET /api/v1/reservas,19.100000,0.000000,7,7,8,8,10,11,12,21,22,22,22,20148,0,7,7.8215704306496585,4.633864002244081,256.99183600227116,8965.0
1789883536,50,GET,GET /api/v1/reservas/{id},5.200000,0.000000,5,5,6,6,7,8,11,15,15,15,15,6800,0,5,5.6899241312074835,3.1226329956552945,177.67928400280653,442.0
1789883536,50,POST,POST /api/v1/auth/login,0.000000,0.000000,0,0,0,0,0,0,0,0,0,0,0,50,0,1300.0,1369.1218887201103,628.633758999058,2104.1982940005255,1622.0
1789883536,50,POST,POST /api/v1/auth/refresh,0.000000,0.000000,0,0,0,0,0,0,0,0,0,0,0,50,0,29,31.13284232051228,20.492110001214314,55.65531500178622,1622.0
1789883536,50,,Aggregated,24.300000,0.000000,6,7,7,8,9,11,12,15,22,22,22,27048,0,6,9.845209319763802,3.1226329956552945,2104.1982940005255,6795.127920733511
1789883537,50,GET,GET /api/v1/reservas,19.100000,0.000000,7,7,7,8,10,11,12,21,22,22,22,20166,0,7,7.819966904876039,4.633864002244081,256.99183600227116,8965.0
1789883537,50,GET,GET /api/v1/reservas/{id},5.600000,0.000000,5,5,6,6,6,8,11,15,15,15,15,6806,0,5,5.6888319303856605,3.1226329956552945,177.67928400280653,442.0
1789883537,50,POST,POST /api/v1/auth/login,0.000000,0.000000,0,0,0,0,0,0,0,0,0,0,0,50,0,1300.0,1369.1218887201103,628.633758999058,2104.1982940005255,1622.0
1789883537,50,POST,POST /api/v1/auth/refresh,0.000000,0.000000,0,0,0,0,0,0,0,0,0,0,0,50,0,29,31.13284232051228,20.492110001214314,55.65531500178622,1622.0
1789883537,50,,Aggregated,24.700000,0.000000,6,7,7,8,9,10,12,15,22,22,22,27072,0,6,9.841473820699104,3.1226329956552945,2104.1982940005255,6795.162603427896
1789883538,50,GET,GET /api/v1/reservas,18.900000,0.000000,7,7,8,8,10,11,12,21,22,22,22,20182,0,7,7.819761898906639,4.633864002244081,256.99183600227116,8965.0
1789883538,50,GET,GET /api/v1/reservas/{id},6.100000,0.000000,5,5,6,6,7,8,15,15,15,15,15,6812,0,5,5.688041396241919,3.1226329956552945,177.67928400280653,442.0
1789883538,50,POST,POST /api/v1/auth/login,0.000000,0.000000,0,0,0,0,0,0,0,0,0,0,0,50,0,1300.0,1369.1218887201103,628.633758999058,2104.1982940005255,1622.0
1789883538,50,POST,POST /api/v1/auth/refresh,0.000000,0.000000,0,0,0,0,0,0,0,0,0,0,0,50,0,29,31.13284232051228,20.492110001214314,55.65531500178622,1622.0
1789883538,50,,Aggregated,25.000000,0.000000,6,7,7,8,9,11,12,15,22,22,22,27094,0,6,9.839008975675975,3.1226329956552945,2104.1982940005255,6795.037056174799
1789883539,50,GET,GET /api/v1/reservas,18.400000,0.000000,7,7,7,8,10,11,12,21,22,22,22,20209,0,7,7.817887620800112,4.633864002244081,256.99183600227116,8965.0
1789883539,50,GET,GET /api/v1/reservas/{id},5.900000,0.000000,5,5,5,6,6,7,15,15,15,15,15,6817,0,5,5.686978579609052,3.1226329956552945,177.67928400280653,442.0
1789883539,50,POST,POST /api/v1/auth/login,0.000000,0.000000,0,0,0,0,0,0,0,0,0,0,0,50,0,1300.0,1369.1218887201103,628.633758999058,2104.1982940005255,1622.0
1789883539,50,POST,POST /api/v1/auth/refresh,0.000000,0.000000,0,0,0,0,0,0,0,0,0,0,0,50,0,29,31.13284232051228,20.492110001214314,55.65531500178622,1622.0
1789883539,50,,Aggregated,24.300000,0.000000,6,7,7,7,9,11,12,15,22,22,22,27126,0,6,9.834570539628972,3.1226329956552945,2104.1982940005255,6796.025916095259
1789883540,50,GET,GET /api/v1/reservas,18.400000,0.000000,7,7,7,8,9,11,12,21,22,22,22,20225,0,7,7.817357912521069,4.633864002244081,256.99183600227116,8965.0
1789883540,50,GET,GET /api/v1/reservas/{id},5.900000,0.000000,5,5,5,6,6,7,8,15,15,15,15,6824,0,5,5.686184544283222,3.1226329956552945,177.67928400280653,442.0
1789883540,50,POST,POST /api/v1/auth/login,0.000000,0.000000,0,0,0,0,0,0,0,0,0,0,0,50,0,1300.0,1369.1218887201103,628.633758999058,2104.1982940005255,1622.0
1789883540,50,POST,POST /api/v1/auth/refresh,0.000000,0.000000,0,0,0,0,0,0,0,0,0,0,0,50,0,29,31.13284232051228,20.492110001214314,55.65531500178622,1622.0
1789883540,50,,Aggregated,24.300000,0.000000,6,7,7,7,9,10,12,15,22,22,22,27149,0,6,9.831718430253728,3.1226329956552945,2104.1982940005255,6795.66588087959
1789883541,50,GET,GET /api/v1/reservas,19.600000,0.000000,7,7,8,8,10,11,13,17,22,22,22,20245,0,7,7.818036622560766,4.633864002244081,256.99183600227116,8965.0
1789883541,50,GET,GET /api/v1/reservas/{id},5.300000,0.000000,5,5,5,6,6,7,8,8,8,8,8,6830,0,5,5.686101559762203,3.1226329956552945,177.67928400280653,442.0
1789883541,50,POST,POST /api/v1/auth/login,0.000000,0.000000,0,0,0,0,0,0,0,0,0,0,0,50,0,1300.0,1369.1218887201103,628.633758999058,2104.1982940005255,1622.0
1789883541,50,POST,POST /api/v1/auth/refresh,0.000000,0.000000,0,0,0,0,0,0,0,0,0,0,0,50,0,29,31.13284232051228,20.492110001214314,55.65531500178622,1622.0
1789883541,50,,Aggregated,24.900000,0.000000,6,7,7,8,9,10,12,16,22,22,22,27175,0,6,9.829805395729519,3.1226329956552945,2104.1982940005255,6795.859613615456
1789883542,50,GET,GET /api/v1/reservas,19.200000,0.000000,7,7,8,8,9,11,13,17,22,22,22,20265,0,7,7.8169381817286885,4.633864002244081,256.99183600227116,8965.0
1789883542,50,GET,GET /api/v1/reservas/{id},5.500000,0.000000,5,5,5,5,6,7,8,8,8,8,8,6833,0,5,5.6855988748970105,3.1226329956552945,177.67928400280653,442.0
1789883542,50,POST,POST /api/v1/auth/login,0.000000,0.000000,0,0,0,0,0,0,0,0,0,0,0,50,0,1300.0,1369.1218887201103,628.633758999058,2104.1982940005255,1622.0
1789883542,50,POST,POST /api/v1/auth/refresh,0.000000,0.000000,0,0,0,0,0,0,0,0,0,0,0,50,0,29,31.13284232051228,20.492110001214314,55.65531500178622,1622.0
1789883542,50,,Aggregated,24.700000,0.000000,6,7,7,8,8,10,12,16,22,22,22,27198,0,6,9.82692425608259,3.1226329956552945,2104.1982940005255,6796.753842194279
1789883543,50,GET,GET /api/v1/reservas,19.400000,0.000000,7,7,8,8,10,11,13,17,22,22,22,20281,0,7,7.817189310818517,4.633864002244081,256.99183600227116,8965.0
1789883543,50,GET,GET /api/v1/reservas/{id},5.700000,0.000000,5,5,5,5,6,8,8,8,8,8,8,6839,0,5,5.685317480796741,3.1226329956552945,177.67928400280653,442.0
1789883543,50,POST,POST /api/v1/auth/login,0.000000,0.000000,0,0,0,0,0,0,0,0,0,0,0,50,0,1300.0,1369.1218887201103,628.633758999058,2104.1982940005255,1622.0
1789883543,50,POST,POST /api/v1/auth/refresh,0.000000,0.000000,0,0,0,0,0,0,0,0,0,0,0,50,0,29,31.13284232051228,20.492110001214314,55.65531500178622,1622.0
1789883543,50,,Aggregated,25.100000,0.000000,6,7,8,8,9,10,13,16,22,22,22,27220,0,6,9.824946334162762,3.1226329956552945,2104.1982940005255,6796.627590007348
1789883544,50,GET,GET /api/v1/reservas,18.900000,0.000000,7,7,8,8,10,11,13,17,22,22,22,20303,0,7,7.815485171290534,4.633864002244081,256.99183600227116,8965.0
1789883544,50,GET,GET /api/v1/reservas/{id},5.600000,0.000000,5,5,5,5,6,7,8,8,8,8,8,6845,0,5,5.684348028804562,3.1226329956552945,177.67928400280653,442.0
1789883544,50,POST,POST /api/v1/auth/login,0.000000,0.000000,0,0,0,0,0,0,0,0,0,0,0,50,0,1300.0,1369.1218887201103,628.633758999058,2104.1982940005255,1622.0
1789883544,50,POST,POST /api/v1/auth/refresh,0.000000,0.000000,0,0,0,0,0,0,0,0,0,0,0,50,0,29,31.13284232051228,20.492110001214314,55.65531500178622,1622.0
1789883544,50,,Aggregated,24.500000,0.000000,6,7,7,8,9,10,13,16,22,22,22,27248,0,6,9.82090040523745,3.1226329956552945,2104.1982940005255,6796.979044333529
1789883545,50,GET,GET /api/v1/reservas,18.900000,0.000000,7,7,8,8,9,11,13,16,17,17,17,20322,0,7,7.815069274859985,4.633864002244081,256.99183600227116,8965.0
1789883545,50,GET,GET /api/v1/reservas/{id},5.600000,0.000000,5,5,5,5,6,7,8,8,8,8,8,6853,0,5,5.683103014618348,3.1226329956552945,177.67928400280653,442.0
1789883545,50,POST,POST /api/v1/auth/login,0.000000,0.000000,0,0,0,0,0,0,0,0,0,0,0,50,0,1300.0,1369.1218887201103,628.633758999058,2104.1982940005255,1622.0
1789883545,50,POST,POST /api/v1/auth/refresh,0.000000,0.000000,0,0,0,0,0,0,0,0,0,0,0,50,0,29,31.13284232051228,20.492110001214314,55.65531500178622,1622.0
1789883545,50,,Aggregated,24.500000,0.000000,6,7,7,8,8,10,12,13,17,17,17,27275,0,6,9.817667435927232,3.1226329956552945,2104.1982940005255,6796.625334555453
1789883546,50,GET,GET /api/v1/reservas,19.200000,0.000000,7,7,8,8,10,12,13,16,17,17,17,20337,0,7,7.815556215504548,4.633864002244081,256.99183600227116,8965.0
1789883546,50,GET,GET /api/v1/reservas/{id},5.400000,0.000000,5,5,5,6,6,8,8,8,8,8,8,6859,0,5,5.683281323251987,3.1226329956552945,177.67928400280653,442.0
1789883546,50,POST,POST /api/v1/auth/login,0.000000,0.000000,0,0,0,0,0,0,0,0,0,0,0,50,0,1300.0,1369.1218887201103,628.633758999058,2104.1982940005255,1622.0
1789883546,50,POST,POST /api/v1/auth/refresh,0.000000,0.000000,0,0,0,0,0,0,0,0,0,0,0,50,0,29,31.13284232051228,20.492110001214314,55.65531500178622,1622.0
1789883546,50,,Aggregated,24.600000,0.000000,7,7,8,8,9,11,13,13,17,17,17,27296,0,6,9.816065720359486,3.1226329956552945,2104.1982940005255,6796.4200981828835
1789883547,50,GET,GET /api/v1/reservas,19.500000,0.000000,7,7,8,8,9,12,13,16,17,17,17,20357,0,7,7.814230097643306,4.633864002244081,256.99183600227116,8965.0
1789883547,50,GET,GET /api/v1/reservas/{id},5.700000,0.000000,5,5,5,6,6,8,8,8,8,8,8,6865,0,5,5.682227572349296,3.1226329956552945,177.67928400280653,442.0
1789883547,50,POST,POST /api/v1/auth/login,0.000000,0.000000,0,0,0,0,0,0,0,0,0,0,0,50,0,1300.0,1369.1218887201103,628.633758999058,2104.1982940005255,1622.0
1789883547,50,POST,POST /api/v1/auth/refresh,0.000000,0.000000,0,0,0,0,0,0,0,0,0,0,0,50,0,29,31.13284232051228,20.492110001214314,55.65531500178622,1622.0
1789883547,50,,Aggregated,25.200000,0.000000,6,7,7,8,8,10,13,13,17,17,17,27322,0,6,9.812440924307658,3.1226329956552945,2104.1982940005255,6796.612070858649
1789883548,50,GET,GET /api/v1/reservas,18.900000,0.000000,7,7,8,8,10,12,13,16,17,17,17,20372,0,7,7.813131577201002,4.633864002244081,256.99183600227116,8965.0
1789883548,50,GET,GET /api/v1/reservas/{id},5.900000,0.000000,5,5,5,6,7,8,8,8,8,8,8,6875,0,5,5.681191357118289,3.1226329956552945,177.67928400280653,442.0
1789883548,50,POST,POST /api/v1/auth/login,0.000000,0.000000,0,0,0,0,0,0,0,0,0,0,0,50,0,1300.0,1369.1218887201103,628.633758999058,2104.1982940005255,1622.0
1789883548,50,POST,POST /api/v1/auth/refresh,0.000000,0.000000,0,0,0,0,0,0,0,0,0,0,0,50,0,29,31.13284232051228,20.492110001214314,55.65531500178622,1622.0
1789883548,50,,Aggregated,24.800000,0.000000,6,7,7,8,8,10,13,13,17,17,17,27347,0,6,9.808755754669916,3.1226329956552945,2104.1982940005255,6795.477748930412
1789883549,50,GET,GET /api/v1/reservas,18.900000,0.000000,7,7,8,8,10,12,14,16,17,17,17,20395,0,7,7.8127868541180705,4.633864002244081,256.99183600227116,8965.0
1789883549,50,GET,GET /api/v1/reservas/{id},5.900000,0.000000,5,5,5,6,7,8,8,8,8,8,8,6880,0,5,5.680536075462526,3.1226329956552945,177.67928400280653,442.0
1789883549,50,POST,POST /api/v1/auth/login,0.000000,0.000000,0,0,0,0,0,0,0,0,0,0,0,50,0,1300.0,1369.1218887201103,628.633758999058,2104.1982940005255,1622.0
1789883549,50,POST,POST /api/v1/auth/refresh,0.000000,0.000000,0,0,0,0,0,0,0,0,0,0,0,50,0,29,31.13284232051228,20.492110001214314,55.65531500178622,1622.0
1789883549,50,,Aggregated,24.800000,0.000000,6,7,7,8,9,12,13,14,17,17,17,27375,0,6,9.805903658116945,3.1226329956552945,2104.1982940005255,6796.1400913242005
1789883550,50,GET,GET /api/v1/reservas,19.000000,0.000000,7,7,8,8,9,10,13,14,14,14,14,20405,0,7,7.812092773817081,4.633864002244081,256.99183600227116,8965.0
1789883550,50,GET,GET /api/v1/reservas/{id},5.900000,0.000000,5,5,5,5,6,7,8,8,8,8,8,6888,0,5,5.679394482022691,3.1226329956552945,177.67928400280653,442.0
1789883550,50,POST,POST /api/v1/auth/login,0.000000,0.000000,0,0,0,0,0,0,0,0,0,0,0,50,0,1300.0,1369.1218887201103,628.633758999058,2104.1982940005255,1622.0
1789883550,50,POST,POST /api/v1/auth/refresh,0.000000,0.000000,0,0,0,0,0,0,0,0,0,0,0,50,0,29,31.13284232051228,20.492110001214314,55.65531500178622,1622.0
1789883550,50,,Aggregated,24.900000,0.000000,6,7,7,7,8,10,13,13,14,14,14,27393,0,6,9.803167188476653,3.1226329956552945,2104.1982940005255,6795.076150841456
1789883551,50,GET,GET /api/v1/reservas,18.600000,0.000000,7,7,8,8,10,12,14,23,36,36,36,20429,0,7,7.813402248016452,4.633864002244081,256.99183600227116,8965.0
1789883551,50,GET,GET /api/v1/reservas/{id},6.500000,0.000000,5,5,5,6,6,7,8,8,8,8,8,6891,0,5,5.679072423620588,3.1226329956552945,177.67928400280653,442.0
1789883551,50,POST,POST /api/v1/auth/login,0.000000,0.000000,0,0,0,0,0,0,0,0,0,0,0,50,0,1300.0,1369.1218887201103,628.633758999058,2104.1982940005255,1622.0
1789883551,50,POST,POST /api/v1/auth/refresh,0.000000,0.000000,0,0,0,0,0,0,0,0,0,0,0,50,0,29,31.13284232051228,20.492110001214314,55.65531500178622,1622.0
1789883551,50,,Aggregated,25.100000,0.000000,6,7,7,8,9,10,13,14,36,36,36,27420,0,6,9.80186794850214,3.1226329956552945,2104.1982940005255,6796.280342815463
1789883552,50,GET,GET /api/v1/reservas,18.000000,0.000000,7,7,7,8,9,12,23,26,36,36,36,20444,0,7,7.81415596413175,4.633864002244081,256.99183600227116,8965.0
1789883552,50,GET,GET /api/v1/reservas/{id},6.400000,0.000000,5,5,5,5,6,7,7,8,8,8,8,6899,0,5,5.678103666209505,3.1226329956552945,177.67928400280653,442.0
1789883552,50,POST,POST /api/v1/auth/login,0.000000,0.000000,0,0,0,0,0,0,0,0,0,0,0,50,0,1300.0,1369.1218887201103,628.633758999058,2104.1982940005255,1622.0
1789883552,50,POST,POST /api/v1/auth/refresh,0.000000,0.000000,0,0,0,0,0,0,0,0,0,0,0,50,0,29,31.13284232051228,20.492110001214314,55.65531500178622,1622.0
1789883552,50,,Aggregated,24.400000,0.000000,6,7,7,7,8,10,14,24,36,36,36,27443,0,6,9.799897178731188,3.1226329956552945,2104.1982940005255,6795.61338046132
1789883553,50,GET,GET /api/v1/reservas,18.400000,0.000000,7,7,8,9,11,13,23,26,36,36,36,20463,0,7,7.815940525373405,4.633864002244081,256.99183600227116,8965.0
1789883553,50,GET,GET /api/v1/reservas/{id},6.100000,0.000000,5,5,5,6,6,7,8,10,10,10,10,6904,0,5,5.677797471203189,3.1226329956552945,177.67928400280653,442.0
1789883553,50,POST,POST /api/v1/auth/login,0.000000,0.000000,0,0,0,0,0,0,0,0,0,0,0,50,0,1300.0,1369.1218887201103,628.633758999058,2104.1982940005255,1622.0
1789883553,50,POST,POST /api/v1/auth/refresh,0.000000,0.000000,0,0,0,0,0,0,0,0,0,0,0,50,0,29,31.13284232051228,20.492110001214314,55.65531500178622,1622.0
1789883553,50,,Aggregated,24.500000,0.000000,6,7,7,8,10,13,17,24,36,36,36,27467,0,6,9.799025785995337,3.1226329956552945,2104.1982940005255,6795.957439836895
1789883554,50,GET,GET /api/v1/reservas,18.000000,0.000000,7,7,8,9,12,13,23,26,36,36,36,20477,0,7,7.815252930590936,4.633864002244081,256.99183600227116,8965.0
1789883554,50,GET,GET /api/v1/reservas/{id},6.500000,0.000000,5,5,6,6,7,7,9,10,10,10,10,6915,0,5,5.677826494460281,3.1226329956552945,177.67928400280653,442.0
1789883554,50,POST,POST /api/v1/auth/login,0.000000,0.000000,0,0,0,0,0,0,0,0,0,0,0,50,0,1300.0,1369.1218887201103,628.633758999058,2104.1982940005255,1622.0
1789883554,50,POST,POST /api/v1/auth/refresh,0.000000,0.000000,0,0,0,0,0,0,0,0,0,0,0,50,0,29,31.13284232051228,20.492110001214314,55.65531500178622,1622.0
1789883554,50,,Aggregated,24.500000,0.000000,6,7,7,8,10,13,17,24,36,36,36,27492,0,6,9.795862106101215,3.1226329956552945,2104.1982940005255,6794.519678451913
1789883555,50,GET,GET /api/v1/reservas,18.100000,0.000000,7,7,7,8,11,13,23,26,36,36,36,20495,0,7,7.8142222172101,4.633864002244081,256.99183600227116,8965.0
1789883555,50,GET,GET /api/v1/reservas/{id},6.700000,0.000000,5,5,5,6,7,7,9,10,10,10,10,6919,0,5,5.677327318715084,3.1226329956552945,177.67928400280653,442.0
1789883555,50,POST,POST /api/v1/auth/login,0.000000,0.000000,0,0,0,0,0,0,0,0,0,0,0,50,0,1300.0,1369.1218887201103,628.633758999058,2104.1982940005255,1622.0
1789883555,50,POST,POST /api/v1/auth/refresh,0.000000,0.000000,0,0,0,0,0,0,0,0,0,0,0,50,0,29,31.13284232051228,20.492110001214314,55.65531500178622,1622.0
1789883555,50,,Aggregated,24.800000,0.000000,6,7,7,7,9,12,17,24,36,36,36,27514,0,6,9.793074384384015,3.1226329956552945,2104.1982940005255,6795.01610089409
1789883556,50,GET,GET /api/v1/reservas,17.500000,0.000000,7,7,8,8,11,13,23,26,36,36,36,20516,0,7,7.813217611849915,4.633864002244081,256.99183600227116,8965.0
1789883556,50,GET,GET /api/v1/reservas/{id},6.800000,0.000000,5,5,6,6,7,7,9,10,10,10,10,6925,0,5,5.676814553528328,3.1226329956552945,177.67928400280653,442.0
1789883556,50,POST,POST /api/v1/auth/login,0.000000,0.000000,0,0,0,0,0,0,0,0,0,0,0,50,0,1300.0,1369.1218887201103,628.633758999058,2104.1982940005255,1622.0
1789883556,50,POST,POST /api/v1/auth/refresh,0.000000,0.000000,0,0,0,0,0,0,0,0,0,0,0,50,0,29,31.13284232051228,20.492110001214314,55.65531500178622,1622.0
1789883556,50,,Aggregated,24.300000,0.000000,6,7,7,7,9,13,17,24,36,36,36,27541,0,6,9.789791578371434,3.1226329956552945,2104.1982940005255,6795.286663519843
1789883557,50,GET,GET /api/v1/reservas,17.300000,0.000000,7,7,8,8,11,13,23,26,36,36,36,20537,0,7,7.812555849573961,4.633864002244081,256.99183600227116,8965.0
1789883557,50,GET,GET /api/v1/reservas/{id},6.500000,0.000000,5,5,6,6,7,7,9,10,10,10,10,6932,0,5,5.6759342432477515,3.1226329956552945,177.67928400280653,442.0
1789883557,50,POST,POST /api/v1/auth/login,0.000000,0.000000,0,0,0,0,0,0,0,0,0,0,0,50,0,1300.0,1369.1218887201103,628.633758999058,2104.1982940005255,1622.0
1789883557,50,POST,POST /api/v1/auth/refresh,0.000000,0.000000,0,0,0,0,0,0,0,0,0,0,0,50,0,29,31.13284232051228,20.492110001214314,55.65531500178622,1622.0
1789883557,50,,Aggregated,23.800000,0.000000,6,7,7,8,9,12,17,24,36,36,36,27569,0,6,9.786527339001232,3.1226329956552945,2104.1982940005255,6795.326235989699
1789883558,50,GET,GET /api/v1/reservas,17.900000,0.000000,7,7,8,8,10,13,23,26,36,36,36,20556,0,7,7.811571550871866,4.633864002244081,256.99183600227116,8965.0
1789883558,50,GET,GET /api/v1/reservas/{id},6.500000,0.000000,5,5,6,6,6,7,9,10,10,10,10,6937,0,5,5.6755355772225276,3.1226329956552945,177.67928400280653,442.0
1789883558,50,POST,POST /api/v1/auth/login,0.000000,0.000000,0,0,0,0,0,0,0,0,0,0,0,50,0,1300.0,1369.1218887201103,628.633758999058,2104.1982940005255,1622.0
1789883558,50,POST,POST /api/v1/auth/refresh,0.000000,0.000000,0,0,0,0,0,0,0,0,0,0,0,50,0,29,31.13284232051228,20.492110001214314,55.65531500178622,1622.0
1789883558,50,,Aggregated,24.400000,0.000000,6,7,7,8,9,12,17,24,36,36,36,27593,0,6,9.783589738373713,3.1226329956552945,2104.1982940005255,6795.668974015149
1789883559,50,GET,GET /api/v1/reservas,18.000000,0.000000,7,7,8,8,11,13,23,26,36,36,36,20578,0,7,7.811548999159932,4.633864002244081,256.99183600227116,8965.0
1789883559,50,GET,GET /api/v1/reservas/{id},6.600000,0.000000,5,5,6,6,6,7,9,10,10,10,10,6945,0,5,5.674741662950266,3.1226329956552945,177.67928400280653,442.0
1789883559,50,POST,POST /api/v1/auth/login,0.000000,0.000000,0,0,0,0,0,0,0,0,0,0,0,50,0,1300.0,1369.1218887201103,628.633758999058,2104.1982940005255,1622.0
1789883559,50,POST,POST /api/v1/auth/refresh,0.000000,0.000000,0,0,0,0,0,0,0,0,0,0,0,50,0,29,31.13284232051228,20.492110001214314,55.65531500178622,1622.0
1789883559,50,,Aggregated,24.600000,0.000000,6,7,7,8,10,12,20,24,36,36,36,27623,0,6,9.780612993010672,3.1226329956552945,2104.1982940005255,6795.556601382906
1789883560,50,GET,GET /api/v1/reservas,18.000000,0.000000,7,7,8,8,10,13,18,24,26,26,26,20592,0,7,7.81064538076556,4.633864002244081,256.99183600227116,8965.0
1789883560,50,GET,GET /api/v1/reservas/{id},6.600000,0.000000,5,5,6,6,6,7,9,10,10,10,10,6950,0,5,5.673621060171126,3.1226329956552945,177.67928400280653,442.0
1789883560,50,POST,POST /api/v1/auth/login,0.000000,0.000000,0,0,0,0,0,0,0,0,0,0,0,50,0,1300.0,1369.1218887201103,628.633758999058,2104.1982940005255,1622.0
1789883560,50,POST,POST /api/v1/auth/refresh,0.000000,0.000000,0,0,0,0,0,0,0,0,0,0,0,50,0,29,31.13284232051228,20.492110001214314,55.65531500178622,1622.0
1789883560,50,,Aggregated,24.600000,0.000000,6,7,7,7,9,11,17,20,26,26,26,27642,0,6,9.777918117391826,3.1226329956552945,2104.1982940005255,6795.506113884669
1789883561,50,GET,GET /api/v1/reservas,18.100000,0.000000,7,7,8,8,10,12,13,18,20,20,20,20613,0,7,7.809941874920586,4.633864002244081,256.99183600227116,8965.0
1789883561,50,GET,GET /api/v1/reservas/{id},6.200000,0.000000,5,5,6,6,7,7,9,10,10,10,10,6956,0,5,5.673056740251577,3.1226329956552945,177.67928400280653,442.0
1789883561,50,POST,POST /api/v1/auth/login,0.000000,0.000000,0,0,0,0,0,0,0,0,0,0,0,50,0,1300.0,1369.1218887201103,628.633758999058,2104.1982940005255,1622.0
1789883561,50,POST,POST /api/v1/auth/refresh,0.000000,0.000000,0,0,0,0,0,0,0,0,0,0,0,50,0,29,31.13284232051228,20.492110001214314,55.65531500178622,1622.0
1789883561,50,,Aggregated,24.300000,0.000000,6,7,7,8,9,11,13,17,20,20,20,27669,0,6,9.774869026887822,3.1226329956552945,2104.1982940005255,6795.774946691243
1789883562,50,GET,GET /api/v1/reservas,18.700000,0.000000,7,7,8,9,11,17,23,46,48,48,48,20627,0,7,7.818325063253148,4.633864002244081,256.99183600227116,8965.0
1789883562,50,GET,GET /api/v1/reservas/{id},6.200000,0.000000,5,6,6,7,9,11,36,40,40,40,40,6963,0,5,5.684902733476993,3.1226329956552945,177.67928400280653,442.0
1789883562,50,POST,POST /api/v1/auth/login,0.000000,0.000000,0,0,0,0,0,0,0,0,0,0,0,50,0,1300.0,1369.1218887201103,628.633758999058,2104.1982940005255,1622.0
1789883562,50,POST,POST /api/v1/auth/refresh,0.000000,0.000000,0,0,0,0,0,0,0,0,0,0,0,50,0,29,31.13284232051228,20.492110001214314,55.65531500178622,1622.0
1789883562,50,,Aggregated,24.900000,0.000000,6,7,8,8,11,13,36,40,48,48,48,27690,0,6,9.782062310038068,3.1226329956552945,2104.1982940005255,6795.265474900686
1789883563,50,GET,GET /api/v1/reservas,18.500000,0.000000,7,8,9,11,46,130,250,300,310,310,310,20646,0,7,7.939589527595031,4.633864002244081,311.9985780067509,8965.0
1789883563,50,GET,GET /api/v1/reservas/{id},6.500000,0.000000,5,6,7,7,36,100,110,280,280,280,280,6968,0,5,5.766770686021893,3.1226329956552945,284.6892960005789,442.0
1789883563,50,POST,POST /api/v1/auth/login,0.000000,0.000000,0,0,0,0,0,0,0,0,0,0,0,50,0,1300.0,1369.1218887201103,628.633758999058,2104.1982940005255,1622.0
1789883563,50,POST,POST /api/v1/auth/refresh,0.000000,0.000000,0,0,0,0,0,0,0,0,0,0,0,50,0,29,31.13284232051228,20.492110001214314,55.65531500178622,1622.0
1789883563,50,,Aggregated,25.000000,0.000000,7,7,9,10,38,110,250,280,310,310,310,27714,0,6,9.890898465719806,3.1226329956552945,2104.1982940005255,6795.60676914195
1789883564,50,GET,GET /api/v1/reservas,18.200000,0.000000,7,9,13,18,65,130,250,300,310,310,310,20662,0,7,7.966424017168535,4.633864002244081,311.9985780067509,8965.0
1789883564,50,GET,GET /api/v1/reservas/{id},6.500000,0.000000,6,6,8,11,40,100,110,280,280,280,280,6972,0,5,5.7779355010328945,3.1226329956552945,284.6892960005789,442.0
1789883564,50,POST,POST /api/v1/auth/login,0.000000,0.000000,0,0,0,0,0,0,0,0,0,0,0,50,0,1300.0,1369.1218887201103,628.633758999058,2104.1982940005255,1622.0
1789883564,50,POST,POST /api/v1/auth/refresh,0.000000,0.000000,0,0,0,0,0,0,0,0,0,0,0,50,0,29,31.13284232051228,20.492110001214314,55.65531500178622,1622.0
1789883564,50,,Aggregated,24.700000,0.000000,7,9,11,17,59,110,250,280,310,310,310,27734,0,6,9.911976487631382,3.1226329956552945,2104.1982940005255,6795.941948510853
1789883565,50,GET,GET /api/v1/reservas,18.200000,0.000000,7,9,13,18,65,130,250,300,310,310,310,20678,0,7,7.965687068804941,4.633864002244081,311.9985780067509,8965.0
1789883565,50,GET,GET /api/v1/reservas/{id},6.300000,0.000000,6,6,8,11,40,100,110,280,280,280,280,6982,0,5,5.777471414665372,3.1226329956552945,284.6892960005789,442.0
1789883565,50,POST,POST /api/v1/auth/login,0.000000,0.000000,0,0,0,0,0,0,0,0,0,0,0,50,0,1300.0,1369.1218887201103,628.633758999058,2104.1982940005255,1622.0
1789883565,50,POST,POST /api/v1/auth/refresh,0.000000,0.000000,0,0,0,0,0,0,0,0,0,0,0,50,0,29,31.13284232051228,20.492110001214314,55.65531500178622,1622.0
1789883565,50,,Aggregated,24.500000,0.000000,7,9,11,17,65,130,250,280,310,310,310,27760,0,6,9.908700258572527,3.1226329956552945,2104.1982940005255,6794.903242074928
1789883566,50,GET,GET /api/v1/reservas,18.400000,0.000000,7,9,13,18,65,130,250,300,310,310,310,20698,0,7,7.964386284459738,4.633864002244081,311.9985780067509,8965.0
1789883566,50,GET,GET /api/v1/reservas/{id},5.900000,0.000000,5,6,9,11,40,100,110,280,280,280,280,6990,0,5,5.776884028642606,3.1226329956552945,284.6892960005789,442.0
1789883566,50,POST,POST /api/v1/auth/login,0.000000,0.000000,0,0,0,0,0,0,0,0,0,0,0,50,0,1300.0,1369.1218887201103,628.633758999058,2104.1982940005255,1622.0
1789883566,50,POST,POST /api/v1/auth/refresh,0.000000,0.000000,0,0,0,0,0,0,0,0,0,0,0,50,0,29,31.13284232051228,20.492110001214314,55.65531500178622,1622.0
1789883566,50,,Aggregated,24.300000,0.000000,7,9,11,17,59,110,250,280,310,310,310,27788,0,6,9.904995797754088,3.1226329956552945,2104.1982940005255,6794.63617388801
1789883567,50,GET,GET /api/v1/reservas,18.200000,0.000000,7,9,13,20,67,200,250,300,310,310,310,20713,0,7,7.963823600674133,4.633864002244081,311.9985780067509,8965.0
1789883567,50,GET,GET /api/v1/reservas/{id},6.300000,0.000000,5,7,9,11,40,100,110,280,280,280,280,6994,0,5,5.776352463426002,3.1226329956552945,284.6892960005789,442.0
1789883567,50,POST,POST /api/v1/auth/login,0.000000,0.000000,0,0,0,0,0,0,0,0,0,0,0,50,0,1300.0,1369.1218887201103,628.633758999058,2104.1982940005255,1622.0
1789883567,50,POST,POST /api/v1/auth/refresh,0.000000,0.000000,0,0,0,0,0,0,0,0,0,0,0,50,0,29,31.13284232051228,20.492110001214314,55.65531500178622,1622.0
1789883567,50,,Aggregated,24.500000,0.000000,7,9,11,17,65,130,250,280,310,310,310,27807,0,6,9.90280231315841,3.1226329956552945,2104.1982940005255,6794.8931204373
1789883568,50,GET,GET /api/v1/reservas,18.200000,0.000000,7,9,13,23,67,200,250,300,310,310,310,20731,0,7,7.9621737190568815,4.633864002244081,311.9985780067509,8965.0
1789883568,50,GET,GET /api/v1/reservas/{id},6.300000,0.000000,5,7,9,11,40,100,110,280,280,280,280,7002,0,5,5.774505416196978,3.1226329956552945,284.6892960005789,442.0
1789883568,50,POST,POST /api/v1/auth/login,0.000000,0.000000,0,0,0,0,0,0,0,0,0,0,0,50,0,1300.0,1369.1218887201103,628.633758999058,2104.1982940005255,1622.0
1789883568,50,POST,POST /api/v1/auth/refresh,0.000000,0.000000,0,0,0,0,0,0,0,0,0,0,0,50,0,29,31.13284232051228,20.492110001214314,55.65531500178622,1622.0
1789883568,50,,Aggregated,24.500000,0.000000,7,9,11,17,65,130,250,280,310,310,310,27833,0,6,9.898668733015146,3.1226329956552945,2104.1982940005255,6794.470556533611
1789883569,50,GET,GET /api/v1/reservas,17.600000,0.000000,7,9,13,18,67,200,250,300,310,310,310,20748,0,7,7.960798648726085,4.633864002244081,311.9985780067509,8965.0
1789883569,50,GET,GET /api/v1/reservas/{id},6.200000,0.000000,6,7,9,11,40,100,110,280,280,280,280,7008,0,5,5.7743100916391565,3.1226329956552945,284.6892960005789,442.0
1789883569,50,POST,POST /api/v1/auth/login,0.000000,0.000000,0,0,0,0,0,0,0,0,0,0,0,50,0,1300.0,1369.1218887201103,628.633758999058,2104.1982940005255,1622.0
1789883569,50,POST,POST /api/v1/auth/refresh,0.000000,0.000000,0,0,0,0,0,0,0,0,0,0,0,50,0,29,31.13284232051228,20.492110001214314,55.65531500178622,1622.0
1789883569,50,,Aggregated,23.800000,0.000000,7,9,11,17,65,130,250,280,310,310,310,27856,0,6,9.895525274196121,3.1226329956552945,2104.1982940005255,6794.426909821941
1789883570,50,GET,GET /api/v1/reservas,17.800000,0.000000,7,9,13,18,67,200,250,300,310,310,310,20769,0,7,7.959404767912867,4.633864002244081,311.9985780067509,8965.0
1789883570,50,GET,GET /api/v1/reservas/{id},6.600000,0.000000,5,6,8,10,36,91,110,280,280,280,280,7018,0,5,5.771669326048396,3.1024609997984953,284.6892960005789,442.0
1789883570,50,POST,POST /api/v1/auth/login,0.000000,0.000000,0,0,0,0,0,0,0,0,0,0,0,50,0,1300.0,1369.1218887201103,628.633758999058,2104.1982940005255,1622.0
1789883570,50,POST,POST /api/v1/auth/refresh,0.000000,0.000000,0,0,0,0,0,0,0,0,0,0,0,50,0,29,31.13284232051228,20.492110001214314,55.65531500178622,1622.0
1789883570,50,,Aggregated,24.400000,0.000000,7,8,11,17,65,130,250,280,310,310,310,27887,0,6,9.890887851221756,3.1024609997984953,2104.1982940005255,6793.783519202496
1789883571,50,GET,GET /api/v1/reservas,17.000000,0.000000,7,8,10,13,67,200,250,300,310,310,310,20779,0,7,7.959482322911416,4.633864002244081,311.9985780067509,8965.0
1789883571,50,GET,GET /api/v1/reservas/{id},6.300000,0.000000,5,5,6,7,15,91,110,280,280,280,280,7028,0,5,5.770040063064563,3.1024609997984953,284.6892960005789,442.0
1789883571,50,POST,POST /api/v1/auth/login,0.000000,0.000000,0,0,0,0,0,0,0,0,0,0,0,50,0,1300.0,1369.1218887201103,628.633758999058,2104.1982940005255,1622.0
1789883571,50,POST,POST /api/v1/auth/refresh,0.000000,0.000000,0,0,0,0,0,0,0,0,0,0,0,50,0,29,31.13284232051228,20.492110001214314,55.65531500178622,1622.0
1789883571,50,,Aggregated,23.300000,0.000000,6,7,9,11,65,130,250,280,310,310,310,27907,0,6,9.888367123052467,3.1024609997984953,2104.1982940005255,6792.285483928764
1789883572,50,GET,GET /api/v1/reservas,17.000000,0.000000,7,7,8,9,17,53,81,85,110,110,110,20794,0,7,7.959809076021419,4.633864002244081,311.9985780067509,8965.0
1789883572,50,GET,GET /api/v1/reservas/{id},6.300000,0.000000,4,5,6,6,9,16,57,100,100,100,100,7032,0,5,5.770760266101212,3.1024609997984953,284.6892960005789,442.0
1789883572,50,POST,POST /api/v1/auth/login,0.000000,0.000000,0,0,0,0,0,0,0,0,0,0,0,50,0,1300.0,1369.1218887201103,628.633758999058,2104.1982940005255,1622.0
1789883572,50,POST,POST /api/v1/auth/refresh,0.000000,0.000000,0,0,0,0,0,0,0,0,0,0,0,50,0,29,31.13284232051228,20.492110001214314,55.65531500178622,1622.0
1789883572,50,,Aggregated,23.300000,0.000000,6,7,7,8,14,49,67,85,110,110,110,27926,0,6,9.887165819309756,3.1024609997984953,2104.1982940005255,6792.542934899377
1789883573,50,GET,GET /api/v1/reservas,17.400000,0.000000,6,7,7,7,9,10,14,14,19,19,19,20810,0,7,7.958187815078495,4.633864002244081,311.9985780067509,8965.0
1789883573,50,GET,GET /api/v1/reservas/{id},6.500000,0.000000,4,5,5,5,6,7,10,16,16,16,16,7044,0,5,5.768073258406832,3.1024609997984953,284.6892960005789,442.0
1789883573,50,POST,POST /api/v1/auth/login,0.000000,0.000000,0,0,0,0,0,0,0,0,0,0,0,50,0,1300.0,1369.1218887201103,628.633758999058,2104.1982940005255,1622.0
1789883573,50,POST,POST /api/v1/auth/refresh,0.000000,0.000000,0,0,0,0,0,0,0,0,0,0,0,50,0,29,31.13284232051228,20.492110001214314,55.65531500178622,1622.0
1789883573,50,,Aggregated,23.900000,0.000000,6,7,7,7,8,10,14,14,19,19,19,27954,0,6,9.88241156957975,3.1024609997984953,2104.1982940005255,6791.060241825857
1789883574,50,GET,GET /api/v1/reservas,16.800000,0.000000,7,7,7,8,9,12,14,14,19,19,19,20831,0,7,7.958900386577523,4.633864002244081,311.9985780067509,8965.0
1789883574,50,GET,GET /api/v1/reservas/{id},6.900000,0.000000,4,5,5,5,6,7,10,16,16,16,16,7049,0,5,5.767407942293141,3.1024609997984953,284.6892960005789,442.0
1789883574,50,POST,POST /api/v1/auth/login,0.000000,0.000000,0,0,0,0,0,0,0,0,0,0,0,50,0,1300.0,1369.1218887201103,628.633758999058,2104.1982940005255,1622.0
1789883574,50,POST,POST /api/v1/auth/refresh,0.000000,0.000000,0,0,0,0,0,0,0,0,0,0,0,50,0,29,31.13284232051228,20.492110001214314,55.65531500178622,1622.0
1789883574,50,,Aggregated,23.700000,0.000000,6,7,7,7,9,11,14,14,19,19,19,27980,0,6,9.88059503538427,3.1024609997984953,2104.1982940005255,6791.557290922087
1789883575,50,GET,GET /api/v1/reservas,16.600000,0.000000,6,7,7,8,9,12,14,14,19,19,19,20848,0,7,7.957631968043938,4.633864002244081,311.9985780067509,8965.0
1789883575,50,GET,GET /api/v1/reservas/{id},7.700000,0.000000,4,5,5,5,6,7,7,16,16,16,16,7052,0,5,5.766804049238394,3.1024609997984953,284.6892960005789,442.0
1789883575,50,POST,POST /api/v1/auth/login,0.000000,0.000000,0,0,0,0,0,0,0,0,0,0,0,50,0,1300.0,1369.1218887201103,628.633758999058,2104.1982940005255,1622.0
1789883575,50,POST,POST /api/v1/auth/refresh,0.000000,0.000000,0,0,0,0,0,0,0,0,0,0,0,50,0,29,31.13284232051228,20.492110001214314,55.65531500178622,1622.0
1789883575,50,,Aggregated,24.300000,0.000000,6,7,7,7,9,11,14,14,19,19,19,28000,0,6,9.877891070608582,3.1024609997984953,2104.1982940005255,6792.196571428572
1789883576,50,GET,GET /api/v1/reservas,16.800000,0.000000,6,7,7,7,9,11,14,14,19,19,19,20871,0,7,7.955317840006221,4.633864002244081,311.9985780067509,8965.0
1789883576,50,GET,GET /api/v1/reservas/{id},7.700000,0.000000,4,4,5,5,6,6,7,16,16,16,16,7056,0,5,5.765910540283011,3.1024609997984953,284.6892960005789,442.0
1789883576,50,POST,POST /api/v1/auth/login,0.000000,0.000000,0,0,0,0,0,0,0,0,0,0,0,50,0,1300.0,1369.1218887201103,628.633758999058,2104.1982940005255,1622.0
1789883576,50,POST,POST /api/v1/auth/refresh,0.000000,0.000000,0,0,0,0,0,0,0,0,0,0,0,50,0,29,31.13284232051228,20.492110001214314,55.65531500178622,1622.0
1789883576,50,,Aggregated,24.500000,0.000000,6,6,7,7,8,11,14,14,19,19,19,28027,0,6,9.873780281979444,3.1024609997984953,2104.1982940005255,6793.073357833518
1789883577,50,GET,GET /api/v1/reservas,17.100000,0.000000,6,7,7,8,10,12,14,14,19,19,19,20889,0,7,7.954799997260988,4.633864002244081,311.9985780067509,8965.0
1789883577,50,GET,GET /api/v1/reservas/{id},7.000000,0.000000,4,5,5,5,6,7,7,16,16,16,16,7058,0,5,5.765932328171138,3.1024609997984953,284.6892960005789,442.0
1789883577,50,POST,POST /api/v1/auth/login,0.000000,0.000000,0,0,0,0,0,0,0,0,0,0,0,50,0,1300.0,1369.1218887201103,628.633758999058,2104.1982940005255,1622.0
1789883577,50,POST,POST /api/v1/auth/refresh,0.000000,0.000000,0,0,0,0,0,0,0,0,0,0,0,50,0,29,31.13284232051228,20.492110001214314,55.65531500178622,1622.0
1789883577,50,,Aggregated,24.100000,0.000000,6,7,7,7,9,11,14,14,19,19,19,28047,0,6,9.871875924949114,3.1024609997984953,2104.1982940005255,6794.01436873819
1789883578,50,GET,GET /api/v1/reservas,17.000000,0.000000,6,7,7,8,10,12,14,14,19,19,19,20906,0,7,7.953140229014399,4.633864002244081,311.9985780067509,8965.0
1789883578,50,GET,GET /api/v1/reservas/{id},6.500000,0.000000,4,4,5,5,5,7,7,16,16,16,16,7064,0,5,5.764690186895787,3.1024609997984953,284.6892960005789,442.0
1789883578,50,POST,POST /api/v1/auth/login,0.000000,0.000000,0,0,0,0,0,0,0,0,0,0,0,50,0,1300.0,1369.1218887201103,628.633758999058,2104.1982940005255,1622.0
1789883578,50,POST,POST /api/v1/auth/refresh,0.000000,0.000000,0,0,0,0,0,0,0,0,0,0,0,50,0,29,31.13284232051228,20.492110001214314,55.65531500178622,1622.0
1789883578,50,,Aggregated,23.500000,0.000000,6,7,7,7,9,11,14,14,19,19,19,28070,0,6,9.868288480941859,3.1024609997984953,2104.1982940005255,6793.971428571429
1789883579,50,GET,GET /api/v1/reservas,17.600000,0.000000,6,7,7,8,10,12,14,14,19,19,19,20925,0,7,7.952602640562594,4.633864002244081,311.9985780067509,8965.0
1789883579,50,GET,GET /api/v1/reservas/{id},6.500000,0.000000,4,5,5,5,5,7,7,16,16,16,16,7068,0,5,5.763942803087248,3.1024609997984953,284.6892960005789,442.0
1789883579,50,POST,POST /api/v1/auth/login,0.000000,0.000000,0,0,0,0,0,0,0,0,0,0,0,50,0,1300.0,1369.1218887201103,628.633758999058,2104.1982940005255,1622.0
1789883579,50,POST,POST /api/v1/auth/refresh,0.000000,0.000000,0,0,0,0,0,0,0,0,0,0,0,50,0,29,31.13284232051228,20.492110001214314,55.65531500178622,1622.0
1789883579,50,,Aggregated,24.100000,0.000000,6,7,7,7,9,11,14,14,19,19,19,28093,0,6,9.865820472645288,3.1024609997984953,2104.1982940005255,6794.535329085537
1789883580,50,GET,GET /api/v1/reservas,17.300000,0.000000,6,7,7,8,10,12,13,14,14,14,14,20949,0,7,7.951366405211919,4.633864002244081,311.9985780067509,8965.0
1789883580,50,GET,GET /api/v1/reservas/{id},6.200000,0.000000,4,5,5,5,6,6,16,16,16,16,16,7074,0,5,5.762402097854404,3.1024609997984953,284.6892960005789,442.0
1789883580,50,POST,POST /api/v1/auth/login,0.000000,0.000000,0,0,0,0,0,0,0,0,0,0,0,50,0,1300.0,1369.1218887201103,628.633758999058,2104.1982940005255,1622.0
1789883580,50,POST,POST /api/v1/auth/refresh,0.000000,0.000000,0,0,0,0,0,0,0,0,0,0,0,50,0,29,31.13284232051228,20.492110001214314,55.65531500178622,1622.0
1789883580,50,,Aggregated,23.500000,0.000000,6,7,7,7,9,11,13,14,16,16,16,28123,0,6,9.862004189277021,3.1024609997984953,2104.1982940005255,6795.03228674039
1789883581,50,GET,GET /api/v1/reservas,17.700000,0.000000,6,7,7,8,9,11,12,13,14,14,14,20967,0,7,7.950192494910099,4.633864002244081,311.9985780067509,8965.0
1789883581,50,GET,GET /api/v1/reservas/{id},6.000000,0.000000,4,5,5,5,5,6,7,7,7,7,7,7081,0,5,5.761414150150756,3.1024609997984953,284.6892960005789,442.0
1789883581,50,POST,POST /api/v1/auth/login,0.000000,0.000000,0,0,0,0,0,0,0,0,0,0,0,50,0,1300.0,1369.1218887201103,628.633758999058,2104.1982940005255,1622.0
1789883581,50,POST,POST /api/v1/auth/refresh,0.000000,0.000000,0,0,0,0,0,0,0,0,0,0,0,50,0,29,31.13284232051228,20.492110001214314,55.65531500178622,1622.0
1789883581,50,,Aggregated,23.700000,0.000000,6,6,7,7,9,11,12,13,14,14,14,28148,0,6,9.858639910118967,3.1024609997984953,2104.1982940005255,6794.840024158022
1789883582,50,GET,GET /api/v1/reservas,17.700000,0.000000,6,7,7,8,10,12,13,20,38,38,38,20989,0,7,7.950743175509128,4.633864002244081,311.9985780067509,8965.0
1789883582,50,GET,GET /api/v1/reservas/{id},6.000000,0.000000,5,5,5,5,6,8,8,8,8,8,8,7084,0,5,5.76173672335028,3.1024609997984953,284.6892960005789,442.0
1789883582,50,POST,POST /api/v1/auth/login,0.000000,0.000000,0,0,0,0,0,0,0,0,0,0,0,50,0,1300.0,1369.1218887201103,628.633758999058,2104.1982940005255,1622.0
1789883582,50,POST,POST /api/v1/auth/refresh,0.000000,0.000000,0,0,0,0,0,0,0,0,0,0,0,50,0,29,31.13284232051228,20.492110001214314,55.65531500178622,1622.0
1789883582,50,,Aggregated,23.700000,0.000000,6,7,7,8,9,11,13,14,38,38,38,28173,0,6,9.85720469992566,3.1024609997984953,2104.1982940005255,6795.858197565045
1789883583,50,GET,GET /api/v1/reservas,18.700000,0.000000,6,7,7,7,9,11,13,20,38,38,38,21004,0,7,7.949640595112826,4.633864002244081,311.9985780067509,8965.0
1789883583,50,GET,GET /api/v1/reservas/{id},5.500000,0.000000,4,5,5,5,6,7,8,8,8,8,8,7094,0,5,5.759912773358645,3.1024609997984953,284.6892960005789,442.0
1789883583,50,POST,POST /api/v1/auth/login,0.000000,0.000000,0,0,0,0,0,0,0,0,0,0,0,50,0,1300.0,1369.1218887201103,628.633758999058,2104.1982940005255,1622.0
1789883583,50,POST,POST /api/v1/auth/refresh,0.000000,0.000000,0,0,0,0,0,0,0,0,0,0,0,50,0,29,31.13284232051228,20.492110001214314,55.65531500178622,1622.0
1789883583,50,,Aggregated,24.200000,0.000000,6,6,7,7,8,11,13,14,38,38,38,28198,0,6,9.853458005035362,3.1024609997984953,2104.1982940005255,6794.758777218242
1789883584,50,GET,GET /api/v1/reservas,19.500000,0.000000,6,7,7,7,9,11,13,20,38,38,38,21017,0,7,7.9487173537964315,4.633864002244081,311.9985780067509,8965.0
1789883584,50,GET,GET /api/v1/reservas/{id},5.200000,0.000000,5,5,5,5,6,7,8,8,8,8,8,7103,0,5,5.758902966944837,3.1024609997984953,284.6892960005789,442.0
1789883584,50,POST,POST /api/v1/auth/login,0.000000,0.000000,0,0,0,0,0,0,0,0,0,0,0,50,0,1300.0,1369.1218887201103,628.633758999058,2104.1982940005255,1622.0
1789883584,50,POST,POST /api/v1/auth/refresh,0.000000,0.000000,0,0,0,0,0,0,0,0,0,0,0,50,0,29,31.13284232051228,20.492110001214314,55.65531500178622,1622.0
1789883584,50,,Aggregated,24.700000,0.000000,6,6,7,7,8,10,12,14,38,38,38,28220,0,6,9.850333697766828,3.1024609997984953,2104.1982940005255,6793.732494684621
1789883585,50,GET,GET /api/v1/reservas,19.000000,0.000000,6,7,7,8,9,12,13,20,38,38,38,21039,0,7,7.948526021185683,4.633864002244081,311.9985780067509,8965.0
1789883585,50,GET,GET /api/v1/reservas/{id},4.900000,0.000000,5,5,5,6,7,8,10,12,12,12,12,7111,0,5,5.759330965714142,3.1024609997984953,284.6892960005789,442.0
1789883585,50,POST,POST /api/v1/auth/login,0.000000,0.000000,0,0,0,0,0,0,0,0,0,0,0,50,0,1300.0,1369.1218887201103,628.633758999058,2104.1982940005255,1622.0
1789883585,50,POST,POST /api/v1/auth/refresh,0.000000,0.000000,0,0,0,0,0,0,0,0,0,0,0,50,0,29,31.13284232051228,20.492110001214314,55.65531500178622,1622.0
1789883585,50,,Aggregated,23.900000,0.000000,6,7,7,8,9,11,13,14,38,38,38,28250,0,6,9.847659398546902,3.1024609997984953,2104.1982940005255,6793.624672566371
1789883586,50,GET,GET /api/v1/reservas,18.800000,0.000000,6,7,7,8,9,11,13,20,38,38,38,21050,0,7,7.947750831055834,4.633864002244081,311.9985780067509,8965.0
1789883586,50,GET,GET /api/v1/reservas/{id},5.300000,0.000000,5,5,5,6,7,8,10,12,12,12,12,7117,0,5,5.758395753014326,3.1024609997984953,284.6892960005789,442.0
1789883586,50,POST,POST /api/v1/auth/login,0.000000,0.000000,0,0,0,0,0,0,0,0,0,0,0,50,0,1300.0,1369.1218887201103,628.633758999058,2104.1982940005255,1622.0
1789883586,50,POST,POST /api/v1/auth/refresh,0.000000,0.000000,0,0,0,0,0,0,0,0,0,0,0,50,0,29,31.13284232051228,20.492110001214314,55.65531500178622,1622.0
1789883586,50,,Aggregated,24.100000,0.000000,6,6,7,7,8,10,13,14,38,38,38,28267,0,6,9.845239824528933,3.1024609997984953,2104.1982940005255,6793.121449039516
1789883587,50,GET,GET /api/v1/reservas,18.900000,0.000000,6,7,7,8,9,11,13,20,38,38,38,21068,0,7,7.946398865612981,4.633864002244081,311.9985780067509,8965.0
1789883587,50,GET,GET /api/v1/reservas/{id},6.000000,0.000000,4,5,5,5,7,8,10,12,12,12,12,7130,0,5,5.755475389652259,3.1024609997984953,284.6892960005789,442.0
1789883587,50,POST,POST /api/v1/auth/login,0.000000,0.000000,0,0,0,0,0,0,0,0,0,0,0,50,0,1300.0,1369.1218887201103,628.633758999058,2104.1982940005255,1622.0
1789883587,50,POST,POST /api/v1/auth/refresh,0.000000,0.000000,0,0,0,0,0,0,0,0,0,0,0,50,0,29,31.13284232051228,20.492110001214314,55.65531500178622,1622.0
1789883587,50,,Aggregated,24.900000,0.000000,6,7,7,7,8,10,13,14,38,38,38,28298,0,6,9.840413010848328,3.1024609997984953,2104.1982940005255,6791.58527104389
1789883588,50,GET,GET /api/v1/reservas,18.100000,0.000000,6,7,7,7,9,10,13,20,38,38,38,21088,0,7,7.944460770378626,4.633864002244081,311.9985780067509,8965.0
1789883588,50,GET,GET /api/v1/reservas/{id},6.000000,0.000000,4,5,5,6,7,8,10,12,12,12,12,7138,0,5,5.754279127237232,3.1024609997984953,284.6892960005789,442.0
1789883588,50,POST,POST /api/v1/auth/login,0.000000,0.000000,0,0,0,0,0,0,0,0,0,0,0,50,0,1300.0,1369.1218887201103,628.633758999058,2104.1982940005255,1622.0
1789883588,50,POST,POST /api/v1/auth/refresh,0.000000,0.000000,0,0,0,0,0,0,0,0,0,0,0,50,0,29,31.13284232051228,20.492110001214314,55.65531500178622,1622.0
1789883588,50,,Aggregated,24.100000,0.000000,6,6,7,7,8,10,13,14,38,38,38,28326,0,6,9.836177705570675,3.1024609997984953,2104.1982940005255,6791.326555108381
1789883589,50,GET,GET /api/v1/reservas,17.700000,0.000000,6,7,7,7,8,10,13,20,38,38,38,21103,0,7,7.9429006981362535,4.633864002244081,311.9985780067509,8965.0
1789883589,50,GET,GET /api/v1/reservas/{id},7.100000,0.000000,5,5,5,6,7,8,10,12,12,12,12,7142,0,5,5.753593869955386,3.1024609997984953,284.6892960005789,442.0
1789883589,50,POST,POST /api/v1/auth/login,0.000000,0.000000,0,0,0,0,0,0,0,0,0,0,0,50,0,1300.0,1369.1218887201103,628.633758999058,2104.1982940005255,1622.0
1789883589,50,POST,POST /api/v1/auth/refresh,0.000000,0.000000,0,0,0,0,0,0,0,0,0,0,0,50,0,29,31.13284232051228,20.492110001214314,55.65531500178622,1622.0
1789883589,50,,Aggregated,24.800000,0.000000,6,6,7,7,8,9,13,14,38,38,38,28345,0,6,9.83326644572312,3.1024609997984953,2104.1982940005255,6791.580843182219
1789883590,50,GET,GET /api/v1/reservas,18.200000,0.000000,6,7,7,7,8,10,13,20,38,38,38,21129,0,7,7.941566416715454,4.633864002244081,311.9985780067509,8965.0
1789883590,50,GET,GET /api/v1/reservas/{id},7.200000,0.000000,4,5,5,6,7,8,10,12,12,12,12,7146,0,5,5.753061750379987,3.1024609997984953,284.6892960005789,442.0
1789883590,50,POST,POST /api/v1/auth/login,0.000000,0.000000,0,0,0,0,0,0,0,0,0,0,0,50,0,1300.0,1369.1218887201103,628.633758999058,2104.1982940005255,1622.0
1789883590,50,POST,POST /api/v1/auth/refresh,0.000000,0.000000,0,0,0,0,0,0,0,0,0,0,0,50,0,29,31.13284232051228,20.492110001214314,55.65531500178622,1622.0
1789883590,50,,Aggregated,25.400000,0.000000,6,7,7,7,8,9,12,13,38,38,38,28375,0,6,9.829831634855589,3.1024609997984953,2104.1982940005255,6792.677251101321
1789883591,50,GET,GET /api/v1/reservas,17.900000,0.000000,6,7,7,7,8,9,11,13,13,13,13,21144,0,7,7.940764270515164,4.633864002244081,311.9985780067509,8965.0
1789883591,50,GET,GET /api/v1/reservas/{id},7.300000,0.000000,4,5,5,5,7,7,10,12,12,12,12,7151,0,5,5.752181005764289,3.1024609997984953,284.6892960005789,442.0
1789883591,50,POST,POST /api/v1/auth/login,0.000000,0.000000,0,0,0,0,0,0,0,0,0,0,0,50,0,1300.0,1369.1218887201103,628.633758999058,2104.1982940005255,1622.0
1789883591,50,POST,POST /api/v1/auth/refresh,0.000000,0.000000,0,0,0,0,0,0,0,0,0,0,0,50,0,29,31.13284232051228,20.492110001214314,55.65531500178622,1622.0
1789883591,50,,Aggregated,25.200000,0.000000,6,7,7,7,8,9,11,12,13,13,13,28395,0,6,9.82729715302075,3.1024609997984953,2104.1982940005255,6792.706532840289
1789883592,50,GET,GET /api/v1/reservas,18.200000,0.000000,6,7,7,7,8,10,12,13,21,21,21,21163,0,7,7.9407153737558565,4.633864002244081,311.9985780067509,8965.0
1789883592,50,GET,GET /api/v1/reservas/{id},7.100000,0.000000,4,5,6,6,7,10,12,25,25,25,25,7161,0,5,5.754699902977046,3.1024609997984953,284.6892960005789,442.0
1789883592,50,POST,POST /api/v1/auth/login,0.000000,0.000000,0,0,0,0,0,0,0,0,0,0,0,50,0,1300.0,1369.1218887201103,628.633758999058,2104.1982940005255,1622.0
1789883592,50,POST,POST /api/v1/auth/refresh,0.000000,0.000000,0,0,0,0,0,0,0,0,0,0,0,50,0,29,31.13284232051228,20.492110001214314,55.65531500178622,1622.0
1789883592,50,,Aggregated,25.300000,0.000000,6,7,7,7,8,10,12,13,25,25,25,28424,0,6,9.825200605546192,3.1024609997984953,2104.1982940005255,6791.924324514494
1789883593,50,GET,GET /api/v1/reservas,17.600000,0.000000,6,7,7,7,8,10,12,13,21,21,21,21178,0,7,7.939537259551594,4.633864002244081,311.9985780067509,8965.0
1789883593,50,GET,GET /api/v1/reservas/{id},7.000000,0.000000,4,5,5,6,7,10,12,25,25,25,25,7168,0,5,5.753459374193629,3.1024609997984953,284.6892960005789,442.0
1789883593,50,POST,POST /api/v1/auth/login,0.000000,0.000000,0,0,0,0,0,0,0,0,0,0,0,50,0,1300.0,1369.1218887201103,628.633758999058,2104.1982940005255,1622.0
1789883593,50,POST,POST /api/v1/auth/refresh,0.000000,0.000000,0,0,0,0,0,0,0,0,0,0,0,50,0,29,31.13284232051228,20.492110001214314,55.65531500178622,1622.0
1789883593,50,,Aggregated,24.600000,0.000000,6,7,7,7,8,10,12,13,25,25,25,28446,0,6,9.822015518140853,3.1024609997984953,2104.1982940005255,6791.507628489067
1789883594,50,GET,GET /api/v1/reservas,17.200000,0.000000,6,7,7,7,8,9,11,11,21,21,21,21200,0,7,7.938464413716058,4.633864002244081,311.9985780067509,8965.0
1789883594,50,GET,GET /api/v1/reservas/{id},7.700000,0.000000,4,5,5,5,6,8,10,25,25,25,25,7172,0,5,5.753194855022892,3.1024609997984953,284.6892960005789,442.0
1789883594,50,POST,POST /api/v1/auth/login,0.000000,0.000000,0,0,0,0,0,0,0,0,0,0,0,50,0,1300.0,1369.1218887201103,628.633758999058,2104.1982940005255,1622.0
1789883594,50,POST,POST /api/v1/auth/refresh,0.000000,0.000000,0,0,0,0,0,0,0,0,0,0,0,50,0,29,31.13284232051228,20.492110001214314,55.65531500178622,1622.0
1789883594,50,,Aggregated,24.900000,0.000000,6,7,7,7,8,9,11,11,25,25,25,28472,0,6,9.81912389797119,3.1024609997984953,2104.1982940005255,6792.295026692891
1789883595,50,GET,GET /api/v1/reservas,17.200000,0.000000,7,7,7,8,8,10,11,13,21,21,21,21212,0,7,7.9390363962277215,4.633864002244081,311.9985780067509,8965.0
1789883595,50,GET,GET /api/v1/reservas/{id},7.700000,0.000000,4,5,5,6,7,9,14,25,25,25,25,7181,0,5,5.753461080245066,3.1024609997984953,284.6892960005789,442.0
1789883595,50,POST,POST /api/v1/auth/login,0.000000,0.000000,0,0,0,0,0,0,0,0,0,0,0,50,0,1300.0,1369.1218887201103,628.633758999058,2104.1982940005255,1622.0
1789883595,50,POST,POST /api/v1/auth/refresh,0.000000,0.000000,0,0,0,0,0,0,0,0,0,0,0,50,0,29,31.13284232051228,20.492110001214314,55.65531500178622,1622.0
1789883595,50,,Aggregated,24.900000,0.000000,6,7,7,7,8,10,13,14,25,25,25,28493,0,6,9.817540469801473,3.1024609997984953,2104.1982940005255,6791.20422559927
1789883596,50,GET,GET /api/v1/reservas,17.900000,0.000000,7,7,7,8,8,10,11,13,21,21,21,21234,0,7,7.937166759479712,4.633864002244081,311.9985780067509,8965.0
1789883596,50,GET,GET /api/v1/reservas/{id},6.900000,0.000000,5,5,5,6,8,10,14,25,25,25,25,7186,0,5,5.752522500033797,3.1024609997984953,284.6892960005789,442.0
1789883596,50,POST,POST /api/v1/auth/login,0.000000,0.000000,0,0,0,0,0,0,0,0,0,0,0,50,0,1300.0,1369.1218887201103,628.633758999058,2104.1982940005255,1622.0
1789883596,50,POST,POST /api/v1/auth/refresh,0.000000,0.000000,0,0,0,0,0,0,0,0,0,0,0,50,0,29,31.13284232051228,20.492110001214314,55.65531500178622,1622.0
1789883596,50,,Aggregated,24.800000,0.000000,6,7,7,7,8,10,13,14,25,25,25,28520,0,6,9.813750428052812,3.1024609997984953,2104.1982940005255,6791.767952314165
1789883597,50,GET,GET /api/v1/reservas,17.500000,0.000000,7,7,7,8,9,11,13,21,29,29,29,21256,0,7,7.937329223221711,4.633864002244081,311.9985780067509,8965.0
1789883597,50,GET,GET /api/v1/reservas/{id},7.000000,0.000000,5,5,5,6,9,14,23,25,25,25,25,7193,0,5,5.753775144618306,3.1024609997984953,284.6892960005789,442.0
1789883597,50,POST,POST /api/v1/auth/login,0.000000,0.000000,0,0,0,0,0,0,0,0,0,0,0,50,0,1300.0,1369.1218887201103,628.633758999058,2104.1982940005255,1622.0
1789883597,50,POST,POST /api/v1/auth/refresh,0.000000,0.000000,0,0,0,0,0,0,0,0,0,0,0,50,0,29,31.13284232051228,20.492110001214314,55.65531500178622,1622.0
1789883597,50,,Aggregated,24.500000,0.000000,6,7,7,7,9,11,21,23,29,29,29,28549,0,6,9.81174510967359,3.1024609997984953,2104.1982940005255,6791.88574030614
1789883598,50,GET,GET /api/v1/reservas,17.500000,0.000000,7,7,7,8,10,11,13,21,29,29,29,21270,0,7,7.936444431116029,4.633864002244081,311.9985780067509,8965.0
1789883598,50,GET,GET /api/v1/reservas/{id},7.000000,0.000000,5,5,6,6,9,14,23,25,25,25,25,7196,0,5,5.75394670486862,3.1024609997984953,284.6892960005789,442.0
1789883598,50,POST,POST /api/v1/auth/login,0.000000,0.000000,0,0,0,0,0,0,0,0,0,0,0,50,0,1300.0,1369.1218887201103,628.633758999058,2104.1982940005255,1622.0
1789883598,50,POST,POST /api/v1/auth/refresh,0.000000,0.000000,0,0,0,0,0,0,0,0,0,0,0,50,0,29,31.13284232051228,20.492110001214314,55.65531500178622,1622.0
1789883598,50,,Aggregated,24.500000,0.000000,6,7,7,8,9,11,21,23,29,29,29,28566,0,6,9.809784712248955,3.1024609997984953,2104.1982940005255,6792.283903941749
1789883599,50,GET,GET /api/v1/reservas,18.800000,0.000000,6,7,7,8,9,11,13,21,29,29,29,21292,0,7,7.934596824950584,4.633864002244081,311.9985780067509,8965.0
1789883599,50,GET,GET /api/v1/reservas/{id},6.300000,0.000000,5,5,5,6,9,14,23,25,25,25,25,7203,0,5,5.7526221663498,3.1024609997984953,284.6892960005789,442.0
1789883599,50,POST,POST /api/v1/auth/login,0.000000,0.000000,0,0,0,0,0,0,0,0,0,0,0,50,0,1300.0,1369.1218887201103,628.633758999058,2104.1982940005255,1622.0
1789883599,50,POST,POST /api/v1/auth/refresh,0.000000,0.000000,0,0,0,0,0,0,0,0,0,0,0,50,0,29,31.13284232051228,20.492110001214314,55.65531500178622,1622.0
1789883599,50,,Aggregated,25.100000,0.000000,6,7,7,8,9,11,21,23,29,29,29,28595,0,6,9.805641182482832,3.1024609997984953,2104.1982940005255,6792.400979192166
1789883600,50,GET,GET /api/v1/reservas,18.400000,0.000000,6,7,7,8,9,11,13,21,29,29,29,21310,0,7,7.933017042930022,4.633864002244081,311.9985780067509,8965.0
1789883600,50,GET,GET /api/v1/reservas/{id},6.000000,0.000000,5,5,6,6,9,14,23,25,25,25,25,7209,0,5,5.752966012651845,3.1024609997984953,284.6892960005789,442.0
1789883600,50,POST,POST /api/v1/auth/login,0.000000,0.000000,0,0,0,0,0,0,0,0,0,0,0,50,0,1300.0,1369.1218887201103,628.633758999058,2104.1982940005255,1622.0
1789883600,50,POST,POST /api/v1/auth/refresh,0.000000,0.000000,0,0,0,0,0,0,0,0,0,0,0,50,0,29,31.13284232051228,20.492110001214314,55.65531500178622,1622.0
1789883600,50,,Aggregated,24.400000,0.000000,6,7,7,7,9,11,21,23,29,29,29,28619,0,6,9.802524956220589,3.1024609997984953,2104.1982940005255,6792.436073936895
1789883601,50,GET,GET /api/v1/reservas,18.800000,0.000000,6,7,7,7,8,10,13,21,29,29,29,21330,0,7,7.931128945092683,4.633864002244081,311.9985780067509,8965.0
1789883601,50,GET,GET /api/v1/reservas/{id},6.200000,0.000000,4,5,5,6,8,11,14,23,23,23,23,7214,0,5,5.751555904519955,3.1024609997984953,284.6892960005789,442.0
1789883601,50,POST,POST /api/v1/auth/login,0.000000,0.000000,0,0,0,0,0,0,0,0,0,0,0,50,0,1300.0,1369.1218887201103,628.633758999058,2104.1982940005255,1622.0
1789883601,50,POST,POST /api/v1/auth/refresh,0.000000,0.000000,0,0,0,0,0,0,0,0,0,0,0,50,0,29,31.13284232051228,20.492110001214314,55.65531500178622,1622.0
1789883601,50,,Aggregated,25.000000,0.000000,6,7,7,7,8,10,13,21,29,29,29,28644,0,6,9.798751614511417,3.1024609997984953,2104.1982940005255,6792.844504957408
1789883602,50,GET,GET /api/v1/reservas,17.900000,0.000000,6,7,7,7,8,10,13,21,29,29,29,21351,0,7,7.9301800076263005,4.633864002244081,311.9985780067509,8965.0
1789883602,50,GET,GET /api/v1/reservas/{id},6.400000,0.000000,4,5,6,6,8,11,23,23,23,23,23,7215,0,5,5.751353967457851,3.1024609997984953,284.6892960005789,442.0
1789883602,50,POST,POST /api/v1/auth/login,0.000000,0.000000,0,0,0,0,0,0,0,0,0,0,0,50,0,1300.0,1369.1218887201103,628.633758999058,2104.1982940005255,1622.0
1789883602,50,POST,POST /api/v1/auth/refresh,0.000000,0.000000,0,0,0,0,0,0,0,0,0,0,0,50,0,29,31.13284232051228,20.492110001214314,55.65531500178622,1622.0
1789883602,50,,Aggregated,24.300000,0.000000,6,7,7,7,8,10,13,21,29,29,29,28666,0,6,9.796484642784785,3.1024609997984953,2104.1982940005255,6794.21422591223
1789883603,50,GET,GET /api/v1/reservas,18.500000,0.000000,6,7,7,7,9,10,13,21,29,29,29,21368,0,7,7.929018928436593,4.633864002244081,311.9985780067509,8965.0
1789883603,50,GET,GET /api/v1/reservas/{id},6.200000,0.000000,4,5,5,6,8,11,14,23,23,23,23,7225,0,5,5.750029601828818,3.1024609997984953,284.6892960005789,442.0
1789883603,50,POST,POST /api/v1/auth/login,0.000000,0.000000,0,0,0,0,0,0,0,0,0,0,0,50,0,1300.0,1369.1218887201103,628.633758999058,2104.1982940005255,1622.0
1789883603,50,POST,POST /api/v1/auth/refresh,0.000000,0.000000,0,0,0,0,0,0,0,0,0,0,0,50,0,29,31.13284232051228,20.492110001214314,55.65531500178622,1622.0
1789883603,50,,Aggregated,24.700000,0.000000,6,7,7,7,8,10,13,21,29,29,29,28693,0,6,9.792770950687535,3.1024609997984953,2104.1982940005255,6793.286515874952
1789883604,50,GET,GET /api/v1/reservas,18.700000,0.000000,6,7,7,7,8,9,10,21,29,29,29,21387,0,7,7.927818183795008,4.633864002244081,311.9985780067509,8965.0
1789883604,50,GET,GET /api/v1/reservas/{id},5.400000,0.000000,4,5,5,5,7,8,11,23,23,23,23,7233,0,5,5.749332679691731,3.1024609997984953,284.6892960005789,442.0
1789883604,50,POST,POST /api/v1/auth/login,0.000000,0.000000,0,0,0,0,0,0,0,0,0,0,0,50,0,1300.0,1369.1218887201103,628.633758999058,2104.1982940005255,1622.0
1789883604,50,POST,POST /api/v1/auth/refresh,0.000000,0.000000,0,0,0,0,0,0,0,0,0,0,0,50,0,29,31.13284232051228,20.492110001214314,55.65531500178622,1622.0
1789883604,50,,Aggregated,24.100000,0.000000,6,6,7,7,8,9,11,21,29,29,29,28720,0,6,9.789342176917314,3.1024609997984953,2104.1982940005255,6792.954073816156
1789883605,50,GET,GET /api/v1/reservas,18.600000,0.000000,6,7,7,7,9,10,17,21,29,29,29,21402,0,7,7.92933063119516,4.633864002244081,311.9985780067509,8965.0
1789883605,50,GET,GET /api/v1/reservas/{id},5.700000,0.000000,5,5,6,7,8,11,11,23,23,23,23,7240,0,5,5.750822260940182,3.1024609997984953,284.6892960005789,442.0
1789883605,50,POST,POST /api/v1/auth/login,0.000000,0.000000,0,0,0,0,0,0,0,0,0,0,0,50,0,1300.0,1369.1218887201103,628.633758999058,2104.1982940005255,1622.0
1789883605,50,POST,POST /api/v1/auth/refresh,0.000000,0.000000,0,0,0,0,0,0,0,0,0,0,0,50,0,29,31.13284232051228,20.492110001214314,55.65531500178622,1622.0
1789883605,50,,Aggregated,24.300000,0.000000,6,7,7,7,9,10,17,21,29,29,29,28742,0,6,9.788888173755371,3.1024609997984953,2104.1982940005255,6792.540880940784
1789883606,50,GET,GET /api/v1/reservas,19.000000,0.000000,6,7,7,7,9,10,14,17,17,17,17,21420,0,7,7.9285749185270396,4.633864002244081,311.9985780067509,8965.0
1789883606,50,GET,GET /api/v1/reservas/{id},6.200000,0.000000,5,5,6,6,8,9,11,11,11,11,11,7246,0,5,5.749860174332603,3.1024609997984953,284.6892960005789,442.0
1789883606,50,POST,POST /api/v1/auth/login,0.000000,0.000000,0,0,0,0,0,0,0,0,0,0,0,50,0,1300.0,1369.1218887201103,628.633758999058,2104.1982940005255,1622.0
1789883606,50,POST,POST /api/v1/auth/refresh,0.000000,0.000000,0,0,0,0,0,0,0,0,0,0,0,50,0,29,31.13284232051228,20.492110001214314,55.65531500178622,1622.0
1789883606,50,,Aggregated,25.200000,0.000000,6,7,7,7,8,10,11,14,17,17,17,28766,0,6,9.786077248491079,3.1024609997984953,2104.1982940005255,6792.575679621776
1789883607,50,GET,GET /api/v1/reservas,18.600000,0.000000,6,7,7,7,8,10,14,17,17,17,17,21442,0,7,7.926399951257504,4.633864002244081,311.9985780067509,8965.0
1789883607,50,GET,GET /api/v1/reservas/{id},5.900000,0.000000,5,5,5,6,7,9,11,11,11,11,11,7249,0,5,5.749219847318274,3.1024609997984953,284.6892960005789,442.0
1789883607,50,POST,POST /api/v1/auth/login,0.000000,0.000000,0,0,0,0,0,0,0,0,0,0,0,50,0,1300.0,1369.1218887201103,628.633758999058,2104.1982940005255,1622.0
1789883607,50,POST,POST /api/v1/auth/refresh,0.000000,0.000000,0,0,0,0,0,0,0,0,0,0,0,50,0,29,31.13284232051228,20.492110001214314,55.65531500178622,1622.0
1789883607,50,,Aggregated,24.500000,0.000000,6,7,7,7,8,10,11,14,17,17,17,28791,0,6,9.78245628773244,3.1024609997984953,2104.1982940005255,6793.573964085999
1789883608,50,GET,GET /api/v1/reservas,18.500000,0.000000,6,7,7,7,8,10,14,17,17,17,17,21462,0,7,7.925126745124726,4.633864002244081,311.9985780067509,8965.0
1789883608,50,GET,GET /api/v1/reservas/{id},5.900000,0.000000,5,5,6,6,8,9,11,11,11,11,11,7255,0,5,5.748900589277213,3.1024609997984953,284.6892960005789,442.0
1789883608,50,POST,POST /api/v1/auth/login,0.000000,0.000000,0,0,0,0,0,0,0,0,0,0,0,50,0,1300.0,1369.1218887201103,628.633758999058,2104.1982940005255,1622.0
1789883608,50,POST,POST /api/v1/auth/refresh,0.000000,0.000000,0,0,0,0,0,0,0,0,0,0,0,50,0,29,31.13284232051228,20.492110001214314,55.65531500178622,1622.0
1789883608,50,,Aggregated,24.400000,0.000000,6,7,7,7,8,10,11,14,17,17,17,28817,0,6,9.779299737346156,3.1024609997984953,2104.1982940005255,6793.75854530312
1789883609,50,GET,GET /api/v1/reservas,18.600000,0.000000,6,7,7,7,9,10,14,17,17,17,17,21482,0,7,7.923630724414454,4.633864002244081,311.9985780067509,8965.0
1789883609,50,GET,GET /api/v1/reservas/{id},5.700000,0.000000,5,5,5,5,7,8,9,11,11,11,11,7260,0,5,5.748242887356788,3.1024609997984953,284.6892960005789,442.0
1789883609,50,POST,POST /api/v1/auth/login,0.000000,0.000000,0,0,0,0,0,0,0,0,0,0,0,50,0,1300.0,1369.1218887201103,628.633758999058,2104.1982940005255,1622.0
1789883609,50,POST,POST /api/v1/auth/refresh,0.000000,0.000000,0,0,0,0,0,0,0,0,0,0,0,50,0,29,31.13284232051228,20.492110001214314,55.65531500178622,1622.0
1789883609,50,,Aggregated,24.300000,0.000000,6,7,7,7,8,10,11,14,17,17,17,28842,0,6,9.776035473826806,3.1024609997984953,2104.1982940005255,6794.163026142432
1789883610,50,GET,GET /api/v1/reservas,19.000000,0.000000,6,7,7,8,9,10,14,17,17,17,17,21504,0,7,7.921865000087096,4.633864002244081,311.9985780067509,8965.0
1789883610,50,GET,GET /api/v1/reservas/{id},5.800000,0.000000,5,5,5,6,7,8,9,11,11,11,11,7268,0,5,5.746700350741904,3.0805299975327216,284.6892960005789,442.0
1789883610,50,POST,POST /api/v1/auth/login,0.000000,0.000000,0,0,0,0,0,0,0,0,0,0,0,50,0,1300.0,1369.1218887201103,628.633758999058,2104.1982940005255,1622.0
1789883610,50,POST,POST /api/v1/auth/refresh,0.000000,0.000000,0,0,0,0,0,0,0,0,0,0,0,50,0,29,31.13284232051228,20.492110001214314,55.65531500178622,1622.0
1789883610,50,,Aggregated,24.800000,0.000000,6,7,7,7,8,10,11,14,17,17,17,28872,0,6,9.771804504817684,3.0805299975327216,2104.1982940005255,6794.057079523413
1789883611,50,GET,GET /api/v1/reservas,19.000000,0.000000,6,7,7,8,9,10,14,17,17,17,17,21518,0,7,7.92121340872186,4.633864002244081,311.9985780067509,8965.0
1789883611,50,GET,GET /api/v1/reservas/{id},5.800000,0.000000,5,5,5,5,7,8,9,11,11,11,11,7274,0,5,5.745409191118512,3.0805299975327216,284.6892960005789,442.0
1789883611,50,POST,POST /api/v1/auth/login,0.000000,0.000000,0,0,0,0,0,0,0,0,0,0,0,50,0,1300.0,1369.1218887201103,628.633758999058,2104.1982940005255,1622.0
1789883611,50,POST,POST /api/v1/auth/refresh,0.000000,0.000000,0,0,0,0,0,0,0,0,0,0,0,50,0,29,31.13284232051228,20.492110001214314,55.65531500178622,1622.0
1789883611,50,,Aggregated,24.800000,0.000000,6,7,7,7,8,10,14,15,17,17,17,28892,0,6,9.769261841932167,3.0805299975327216,2104.1982940005255,6793.789907240759
1789883612,50,GET,GET /api/v1/reservas,19.500000,0.000000,6,7,7,8,9,11,14,17,17,17,17,21541,0,7,7.919533400857737,4.633864002244081,311.9985780067509,8965.0
1789883612,50,GET,GET /api/v1/reservas/{id},5.600000,0.000000,5,5,5,6,7,9,11,27,27,27,27,7278,0,5,5.747564287331761,3.0805299975327216,284.6892960005789,442.0
1789883612,50,POST,POST /api/v1/auth/login,0.000000,0.000000,0,0,0,0,0,0,0,0,0,0,0,50,0,1300.0,1369.1218887201103,628.633758999058,2104.1982940005255,1622.0
1789883612,50,POST,POST /api/v1/auth/refresh,0.000000,0.000000,0,0,0,0,0,0,0,0,0,0,0,50,0,29,31.13284232051228,20.492110001214314,55.65531500178622,1622.0
1789883612,50,,Aggregated,25.100000,0.000000,6,7,7,7,8,10,14,17,27,27,27,28919,0,6,9.766526450537992,3.0805299975327216,2104.1982940005255,6794.638161762164
1789883613,50,GET,GET /api/v1/reservas,19.100000,0.000000,6,7,7,8,9,11,14,17,17,17,17,21560,0,7,7.918422682230201,4.633864002244081,311.9985780067509,8965.0
1789883613,50,GET,GET /api/v1/reservas/{id},6.100000,0.000000,5,5,5,6,8,9,27,27,27,27,27,7283,0,5,5.747051482933862,3.0805299975327216,284.6892960005789,442.0
1789883613,50,POST,POST /api/v1/auth/login,0.000000,0.000000,0,0,0,0,0,0,0,0,0,0,0,50,0,1300.0,1369.1218887201103,628.633758999058,2104.1982940005255,1622.0
1789883613,50,POST,POST /api/v1/auth/refresh,0.000000,0.000000,0,0,0,0,0,0,0,0,0,0,0,50,0,29,31.13284232051228,20.492110001214314,55.65531500178622,1622.0
1789883613,50,,Aggregated,25.200000,0.000000,6,7,7,7,9,10,14,17,27,27,27,28943,0,6,9.763663252984196,3.0805299975327216,2104.1982940005255,6794.965483882113
1789883614,50,GET,GET /api/v1/reservas,18.600000,0.000000,6,7,7,7,8,10,14,17,17,17,17,21579,0,7,7.916938713373393,4.633864002244081,311.9985780067509,8965.0
1789883614,50,GET,GET /api/v1/reservas/{id},6.200000,0.000000,4,5,5,5,6,8,27,27,27,27,27,7289,0,5,5.746072653341904,3.0805299975327216,284.6892960005789,442.0
1789883614,50,POST,POST /api/v1/auth/login,0.000000,0.000000,0,0,0,0,0,0,0,0,0,0,0,50,0,1300.0,1369.1218887201103,628.633758999058,2104.1982940005255,1622.0
1789883614,50,POST,POST /api/v1/auth/refresh,0.000000,0.000000,0,0,0,0,0,0,0,0,0,0,0,50,0,29,31.13284232051228,20.492110001214314,55.65531500178622,1622.0
1789883614,50,,Aggregated,24.800000,0.000000,6,6,7,7,8,9,14,17,27,27,27,28968,0,6,9.760269283972821,3.0805299975327216,2104.1982940005255,6795.0729425573045
1789883615,50,GET,GET /api/v1/reservas,19.300000,0.000000,6,7,7,7,8,9,13,15,15,15,15,21598,0,7,7.916635326737597,4.633864002244081,311.9985780067509,8965.0
1789883615,50,GET,GET /api/v1/reservas/{id},5.900000,0.000000,4,5,5,5,6,8,27,27,27,27,27,7294,0,5,5.745271031563524,3.0805299975327216,284.6892960005789,442.0
1789883615,50,POST,POST /api/v1/auth/login,0.000000,0.000000,0,0,0,0,0,0,0,0,0,0,0,50,0,1300.0,1369.1218887201103,628.633758999058,2104.1982940005255,1622.0
1789883615,50,POST,POST /api/v1/auth/refresh,0.000000,0.000000,0,0,0,0,0,0,0,0,0,0,0,50,0,29,31.13284232051228,20.492110001214314,55.65531500178622,1622.0
1789883615,50,,Aggregated,25.200000,0.000000,6,6,7,7,8,9,13,15,27,27,27,28992,0,6,9.757941268044085,3.0805299975327216,2104.1982940005255,6795.399351545254
1789883616,50,GET,GET /api/v1/reservas,19.000000,0.000000,6,7,7,8,9,11,13,15,15,15,15,21616,0,7,7.916433832295683,4.633864002244081,311.9985780067509,8965.0
1789883616,50,GET,GET /api/v1/reservas/{id},5.500000,0.000000,4,5,5,5,7,9,9,27,27,27,27,7301,0,5,5.745298477498188,3.0805299975327216,284.6892960005789,442.0
1789883616,50,POST,POST /api/v1/auth/login,0.000000,0.000000,0,0,0,0,0,0,0,0,0,0,0,50,0,1300.0,1369.1218887201103,628.633758999058,2104.1982940005255,1622.0
1789883616,50,POST,POST /api/v1/auth/refresh,0.000000,0.000000,0,0,0,0,0,0,0,0,0,0,0,50,0,29,31.13284232051228,20.492110001214314,55.65531500178622,1622.0
1789883616,50,,Aggregated,24.500000,0.000000,6,7,7,7,8,10,13,15,27,27,27,29017,0,6,9.755687853849428,3.0805299975327216,2104.1982940005255,6795.212530585519
1789883617,50,GET,GET /api/v1/reservas,19.800000,0.000000,6,7,7,7,8,11,13,15,15,15,15,21636,0,7,7.915002216070748,4.633864002244081,311.9985780067509,8965.0
1789883617,50,GET,GET /api/v1/reservas/{id},5.400000,0.000000,4,5,5,5,6,9,9,27,27,27,27,7308,0,5,5.743678509607458,3.0805299975327216,284.6892960005789,442.0
1789883617,50,POST,POST /api/v1/auth/login,0.000000,0.000000,0,0,0,0,0,0,0,0,0,0,0,50,0,1300.0,1369.1218887201103,628.633758999058,2104.1982940005255,1622.0
1789883617,50,POST,POST /api/v1/auth/refresh,0.000000,0.000000,0,0,0,0,0,0,0,0,0,0,0,50,0,29,31.13284232051228,20.492110001214314,55.65531500178622,1622.0
1789883617,50,,Aggregated,25.200000,0.000000,6,6,7,7,8,10,13,15,27,27,27,29044,0,6,9.751980686102092,3.0805299975327216,2104.1982940005255,6795.175457925906
1789883618,50,GET,GET /api/v1/reservas,19.500000,0.000000,6,7,7,8,9,11,13,15,15,15,15,21651,0,7,7.914893380578304,4.633864002244081,311.9985780067509,8965.0
1789883618,50,GET,GET /api/v1/reservas/{id},5.400000,0.000000,4,5,5,6,6,9,9,27,27,27,27,7312,0,5,5.7433957311568875,3.0805299975327216,284.6892960005789,442.0
1789883618,50,POST,POST /api/v1/auth/login,0.000000,0.000000,0,0,0,0,0,0,0,0,0,0,0,50,0,1300.0,1369.1218887201103,628.633758999058,2104.1982940005255,1622.0
1789883618,50,POST,POST /api/v1/auth/refresh,0.000000,0.000000,0,0,0,0,0,0,0,0,0,0,0,50,0,29,31.13284232051228,20.492110001214314,55.65531500178622,1622.0
1789883618,50,,Aggregated,24.900000,0.000000,6,7,7,7,9,11,13,15,27,27,27,29063,0,6,9.750328690126661,3.0805299975327216,2104.1982940005255,6795.420947596601
1789883619,50,GET,GET /api/v1/reservas,19.500000,0.000000,6,7,7,8,9,11,13,15,15,15,15,21671,0,7,7.91312466124691,4.633864002244081,311.9985780067509,8965.0
1789883619,50,GET,GET /api/v1/reservas/{id},5.900000,0.000000,4,4,5,5,6,9,9,27,27,27,27,7320,0,5,5.741544098938525,3.0805299975327216,284.6892960005789,442.0
1789883619,50,POST,POST /api/v1/auth/login,0.000000,0.000000,0,0,0,0,0,0,0,0,0,0,0,50,0,1300.0,1369.1218887201103,628.633758999058,2104.1982940005255,1622.0
1789883619,50,POST,POST /api/v1/auth/refresh,0.000000,0.000000,0,0,0,0,0,0,0,0,0,0,0,50,0,29,31.13284232051228,20.492110001214314,55.65531500178622,1622.0
1789883619,50,,Aggregated,25.400000,0.000000,6,6,7,7,9,11,13,15,27,27,27,29091,0,6,9.746181426906704,3.0805299975327216,2104.1982940005255,6795.165343233302
1789883620,50,GET,GET /api/v1/reservas,18.800000,0.000000,6,7,7,8,9,11,13,14,15,15,15,21688,0,7,7.9122432013498525,4.633864002244081,311.9985780067509,8965.0
1789883620,50,GET,GET /api/v1/reservas/{id},5.600000,0.000000,4,4,5,5,6,9,9,27,27,27,27,7326,0,5,5.740372994024811,3.0805299975327216,284.6892960005789,442.0
1789883620,50,POST,POST /api/v1/auth/login,0.000000,0.000000,0,0,0,0,0,0,0,0,0,0,0,50,0,1300.0,1369.1218887201103,628.633758999058,2104.1982940005255,1622.0
1789883620,50,POST,POST /api/v1/auth/refresh,0.000000,0.000000,0,0,0,0,0,0,0,0,0,0,0,50,0,29,31.13284232051228,20.492110001214314,55.65531500178622,1622.0
1789883620,50,,Aggregated,24.400000,0.000000,6,7,7,7,8,11,13,14,27,27,27,29114,0,6,9.74333446648116,3.0805299975327216,2104.1982940005255,6795.123033592086
1789883621,50,GET,GET /api/v1/reservas,19.000000,0.000000,6,7,7,8,9,11,13,14,15,15,15,21706,0,7,7.911906982993596,4.633864002244081,311.9985780067509,8965.0
1789883621,50,GET,GET /api/v1/reservas/{id},5.600000,0.000000,4,4,5,5,6,8,9,9,9,9,9,7336,0,5,5.738752248941509,3.0805299975327216,284.6892960005789,442.0
1789883621,50,POST,POST /api/v1/auth/login,0.000000,0.000000,0,0,0,0,0,0,0,0,0,0,0,50,0,1300.0,1369.1218887201103,628.633758999058,2104.1982940005255,1622.0
1789883621,50,POST,POST /api/v1/auth/refresh,0.000000,0.000000,0,0,0,0,0,0,0,0,0,0,0,50,0,29,31.13284232051228,20.492110001214314,55.65531500178622,1622.0
1789883621,50,,Aggregated,24.600000,0.000000,6,7,7,7,9,11,13,13,15,15,15,29142,0,6,9.740171437208327,3.0805299975327216,2104.1982940005255,6794.283233820603
1789883622,50,GET,GET /api/v1/reservas,18.400000,0.000000,6,7,7,8,9,11,13,14,15,15,15,21726,0,7,7.91068488948184,4.633864002244081,311.9985780067509,8965.0
1789883622,50,GET,GET /api/v1/reservas/{id},6.100000,0.000000,4,4,5,5,6,7,8,9,9,9,9,7342,0,5,5.737473860016513,3.0805299975327216,284.6892960005789,442.0
1789883622,50,POST,POST /api/v1/auth/login,0.000000,0.000000,0,0,0,0,0,0,0,0,0,0,0,50,0,1300.0,1369.1218887201103,628.633758999058,2104.1982940005255,1622.0
1789883622,50,POST,POST /api/v1/auth/refresh,0.000000,0.000000,0,0,0,0,0,0,0,0,0,0,0,50,0,29,31.13284232051228,20.492110001214314,55.65531500178622,1622.0
1789883622,50,,Aggregated,24.500000,0.000000,6,7,7,7,9,11,13,13,15,15,15,29168,0,6,9.73686264197596,3.0805299975327216,2104.1982940005255,6794.464961601755
1789883623,50,GET,GET /api/v1/reservas,18.600000,0.000000,6,7,8,8,10,11,13,14,15,15,15,21745,0,7,7.909895760168361,4.633864002244081,311.9985780067509,8965.0
1789883623,50,GET,GET /api/v1/reservas/{id},6.200000,0.000000,4,4,5,5,6,7,8,9,9,9,9,7346,0,5,5.73676738078316,3.0805299975327216,284.6892960005789,442.0
1789883623,50,POST,POST /api/v1/auth/login,0.000000,0.000000,0,0,0,0,0,0,0,0,0,0,0,50,0,1300.0,1369.1218887201103,628.633758999058,2104.1982940005255,1622.0
1789883623,50,POST,POST /api/v1/auth/refresh,0.000000,0.000000,0,0,0,0,0,0,0,0,0,0,0,50,0,29,31.13284232051228,20.492110001214314,55.65531500178622,1622.0
1789883623,50,,Aggregated,24.800000,0.000000,6,7,7,8,9,11,13,13,15,15,15,29191,0,6,9.734360352030599,3.0805299975327216,2104.1982940005255,6795.0072625124185
1789883624,50,GET,GET /api/v1/reservas,19.100000,0.000000,6,7,7,8,9,11,12,13,14,14,14,21764,0,7,7.908094109624666,4.633864002244081,311.9985780067509,8965.0
1789883624,50,GET,GET /api/v1/reservas/{id},6.500000,0.000000,4,4,5,5,6,6,8,9,9,9,9,7355,0,5,5.734738582899478,3.0805299975327216,284.6892960005789,442.0
1789883624,50,POST,POST /api/v1/auth/login,0.000000,0.000000,0,0,0,0,0,0,0,0,0,0,0,50,0,1300.0,1369.1218887201103,628.633758999058,2104.1982940005255,1622.0
1789883624,50,POST,POST /api/v1/auth/refresh,0.000000,0.000000,0,0,0,0,0,0,0,0,0,0,0,50,0,29,31.13284232051228,20.492110001214314,55.65531500178622,1622.0
1789883624,50,,Aggregated,25.600000,0.000000,6,7,7,7,8,10,12,13,14,14,14,29219,0,6,9.730089976766077,3.0805299975327216,2104.1982940005255,6794.461480543482
1789883625,50,GET,GET /api/v1/reservas,18.400000,0.000000,6,7,7,8,8,10,11,12,13,13,13,21785,0,7,7.906809072430177,4.633864002244081,311.9985780067509,8965.0
1789883625,50,GET,GET /api/v1/reservas/{id},6.100000,0.000000,4,4,5,5,5,6,6,7,7,7,7,7360,0,5,5.73416236551981,3.0805299975327216,284.6892960005789,442.0
1789883625,50,POST,POST /api/v1/auth/login,0.000000,0.000000,0,0,0,0,0,0,0,0,0,0,0,50,0,1300.0,1369.1218887201103,628.633758999058,2104.1982940005255,1622.0
1789883625,50,POST,POST /api/v1/auth/refresh,0.000000,0.000000,0,0,0,0,0,0,0,0,0,0,0,50,0,29,31.13284232051228,20.492110001214314,55.65531500178622,1622.0
1789883625,50,,Aggregated,24.500000,0.000000,6,6,7,7,8,9,11,12,13,13,13,29245,0,6,9.726996314075853,3.0805299975327216,2104.1982940005255,6794.934005812959
1789883626,50,GET,GET /api/v1/reservas,18.700000,0.000000,6,7,8,8,9,11,13,19,31,31,31,21804,0,7,7.908443312414127,4.633864002244081,311.9985780067509,8965.0
1789883626,50,GET,GET /api/v1/reservas/{id},6.500000,0.000000,4,5,5,5,6,7,9,12,12,12,12,7366,0,5,5.735420989305182,3.0805299975327216,284.6892960005789,442.0
1789883626,50,POST,POST /api/v1/auth/login,0.000000,0.000000,0,0,0,0,0,0,0,0,0,0,0,50,0,1300.0,1369.1218887201103,628.633758999058,2104.1982940005255,1622.0
1789883626,50,POST,POST /api/v1/auth/refresh,0.000000,0.000000,0,0,0,0,0,0,0,0,0,0,0,50,0,29,31.13284232051228,20.492110001214314,55.65531500178622,1622.0
1789883626,50,,Aggregated,25.200000,0.000000,6,7,7,8,9,10,12,16,31,31,31,29270,0,6,9.7265304251155,3.0805299975327216,2104.1982940005255,6795.040382644345
1789883627,50,GET,GET /api/v1/reservas,18.700000,0.000000,6,7,8,8,9,10,12,19,31,31,31,21816,0,7,7.907637277725592,4.633864002244081,311.9985780067509,8965.0
1789883627,50,GET,GET /api/v1/reservas/{id},6.500000,0.000000,4,5,5,6,6,7,9,12,12,12,12,7375,0,5,5.735423756641991,3.0805299975327216,284.6892960005789,442.0
1789883627,50,POST,POST /api/v1/auth/login,0.000000,0.000000,0,0,0,0,0,0,0,0,0,0,0,50,0,1300.0,1369.1218887201103,628.633758999058,2104.1982940005255,1622.0
1789883627,50,POST,POST /api/v1/auth/refresh,0.000000,0.000000,0,0,0,0,0,0,0,0,0,0,0,50,0,29,31.13284232051228,20.492110001214314,55.65531500178622,1622.0
1789883627,50,,Aggregated,25.200000,0.000000,6,7,7,7,8,10,12,16,31,31,31,29291,0,6,9.723959632929136,3.0805299975327216,2104.1982940005255,6793.97733092076
1789883628,50,GET,GET /api/v1/reservas,18.900000,0.000000,6,7,7,8,9,10,12,19,31,31,31,21843,0,7,7.905484459362953,4.633864002244081,311.9985780067509,8965.0
1789883628,50,GET,GET /api/v1/reservas/{id},6.700000,0.000000,4,5,5,5,6,7,9,12,12,12,12,7381,0,5,5.734124465280695,3.0805299975327216,284.6892960005789,442.0
1789883628,50,POST,POST /api/v1/auth/login,0.000000,0.000000,0,0,0,0,0,0,0,0,0,0,0,50,0,1300.0,1369.1218887201103,628.633758999058,2104.1982940005255,1622.0
1789883628,50,POST,POST /api/v1/auth/refresh,0.000000,0.000000,0,0,0,0,0,0,0,0,0,0,0,50,0,29,31.13284232051228,20.492110001214314,55.65531500178622,1622.0
1789883628,50,,Aggregated,25.600000,0.000000,6,7,7,7,8,10,12,16,31,31,31,29324,0,6,9.719540522307085,3.0805299975327216,2104.1982940005255,6794.676613013232
1789883629,50,GET,GET /api/v1/reservas,17.900000,0.000000,6,7,7,8,9,10,12,19,31,31,31,21863,0,7,7.904165408537399,4.633864002244081,311.9985780067509,8965.0
1789883629,50,GET,GET /api/v1/reservas/{id},6.300000,0.000000,4,5,5,6,7,9,9,12,12,12,12,7382,0,5,5.733937787894519,3.0805299975327216,284.6892960005789,442.0
1789883629,50,POST,POST /api/v1/auth/login,0.000000,0.000000,0,0,0,0,0,0,0,0,0,0,0,50,0,1300.0,1369.1218887201103,628.633758999058,2104.1982940005255,1622.0
1789883629,50,POST,POST /api/v1/auth/refresh,0.000000,0.000000,0,0,0,0,0,0,0,0,0,0,0,50,0,29,31.13284232051228,20.492110001214314,55.65531500178622,1622.0
1789883629,50,,Aggregated,24.200000,0.000000,6,7,7,8,9,10,12,16,31,31,31,29345,0,6,9.71713864812137,3.0805299975327216,2104.1982940005255,6795.939308229681
1789883630,50,GET,GET /api/v1/reservas,19.100000,0.000000,6,7,7,7,8,9,11,19,31,31,31,21882,0,7,7.902538696548576,4.633864002244081,311.9985780067509,8965.0
1789883630,50,GET,GET /api/v1/reservas/{id},7.000000,0.000000,4,5,5,6,7,9,12,12,12,12,12,7385,0,5,5.733531640926144,3.0805299975327216,284.6892960005789,442.0
1789883630,50,POST,POST /api/v1/auth/login,0.000000,0.000000,0,0,0,0,0,0,0,0,0,0,0,50,0,1300.0,1369.1218887201103,628.633758999058,2104.1982940005255,1622.0
1789883630,50,POST,POST /api/v1/auth/refresh,0.000000,0.000000,0,0,0,0,0,0,0,0,0,0,0,50,0,29,31.13284232051228,20.492110001214314,55.65531500178622,1622.0
1789883630,50,,Aggregated,26.100000,0.000000,6,7,7,7,8,9,11,16,31,31,31,29367,0,6,9.714244542450595,3.0805299975327216,2104.1982940005255,6796.693567609902
1789883631,50,GET,GET /api/v1/reservas,19.100000,0.000000,6,7,7,8,9,11,18,19,31,31,31,21905,0,7,7.903048656693783,4.633864002244081,311.9985780067509,8965.0
1789883631,50,GET,GET /api/v1/reservas/{id},6.600000,0.000000,5,5,5,6,7,9,12,12,12,12,12,7390,0,5,5.7326853587604045,3.0805299975327216,284.6892960005789,442.0
1789883631,50,POST,POST /api/v1/auth/login,0.000000,0.000000,0,0,0,0,0,0,0,0,0,0,0,50,0,1300.0,1369.1218887201103,628.633758999058,2104.1982940005255,1622.0
1789883631,50,POST,POST /api/v1/auth/refresh,0.000000,0.000000,0,0,0,0,0,0,0,0,0,0,0,50,0,29,31.13284232051228,20.492110001214314,55.65531500178622,1622.0
1789883631,50,,Aggregated,25.700000,0.000000,6,7,7,7,9,10,16,19,31,31,31,29395,0,6,9.712317134823877,3.0805299975327216,2104.1982940005255,6797.309236264671
1789883632,50,GET,GET /api/v1/reservas,19.400000,0.000000,6,7,7,8,9,11,18,19,31,31,31,21921,0,7,7.902282743527729,4.633864002244081,311.9985780067509,8965.0
1789883632,50,GET,GET /api/v1/reservas/{id},5.900000,0.000000,5,5,5,6,7,9,12,12,12,12,12,7394,0,5,5.732117713718805,3.0805299975327216,284.6892960005789,442.0
1789883632,50,POST,POST /api/v1/auth/login,0.000000,0.000000,0,0,0,0,0,0,0,0,0,0,0,50,0,1300.0,1369.1218887201103,628.633758999058,2104.1982940005255,1622.0
1789883632,50,POST,POST /api/v1/auth/refresh,0.000000,0.000000,0,0,0,0,0,0,0,0,0,0,0,50,0,29,31.13284232051228,20.492110001214314,55.65531500178622,1622.0
1789883632,50,,Aggregated,25.300000,0.000000,6,7,7,7,9,10,16,19,31,31,31,29415,0,6,9.71007835961718,3.0805299975327216,2104.1982940005255,6797.624103348631
1789883633,50,GET,GET /api/v1/reservas,20.000000,0.000000,6,7,7,8,9,11,18,19,31,31,31,21946,0,7,7.900912365345397,4.633864002244081,311.9985780067509,8965.0
1789883633,50,GET,GET /api/v1/reservas/{id},5.400000,0.000000,5,5,6,6,7,9,12,12,12,12,12,7399,0,5,5.73138670999407,3.0805299975327216,284.6892960005789,442.0
1789883633,50,POST,POST /api/v1/auth/login,0.000000,0.000000,0,0,0,0,0,0,0,0,0,0,0,50,0,1300.0,1369.1218887201103,628.633758999058,2104.1982940005255,1622.0
1789883633,50,POST,POST /api/v1/auth/refresh,0.000000,0.000000,0,0,0,0,0,0,0,0,0,0,0,50,0,29,31.13284232051228,20.492110001214314,55.65531500178622,1622.0
1789883633,50,,Aggregated,25.400000,0.000000,6,7,7,7,9,10,16,19,31,31,31,29445,0,6,9.706662916934873,3.0805299975327216,2104.1982940005255,6798.385056885719
1789883634,50,GET,GET /api/v1/reservas,19.300000,0.000000,6,7,7,8,9,10,18,19,31,31,31,21968,0,7,7.899151749856715,4.633864002244081,311.9985780067509,8965.0
1789883634,50,GET,GET /api/v1/reservas/{id},5.100000,0.000000,5,5,6,6,7,9,12,12,12,12,12,7402,0,5,5.730932817649697,3.0805299975327216,284.6892960005789,442.0
1789883634,50,POST,POST /api/v1/auth/login,0.000000,0.000000,0,0,0,0,0,0,0,0,0,0,0,50,0,1300.0,1369.1218887201103,628.633758999058,2104.1982940005255,1622.0
1789883634,50,POST,POST /api/v1/auth/refresh,0.000000,0.000000,0,0,0,0,0,0,0,0,0,0,0,50,0,29,31.13284232051228,20.492110001214314,55.65531500178622,1622.0
1789883634,50,,Aggregated,24.400000,0.000000,6,7,7,7,9,10,16,19,31,31,31,29470,0,6,9.703483777031778,3.0805299975327216,2104.1982940005255,6799.355412283679
1789883635,50,GET,GET /api/v1/reservas,20.000000,0.000000,6,7,7,7,8,9,13,18,19,19,19,21984,0,7,7.8983745323814105,4.633864002244081,311.9985780067509,8965.0
1789883635,50,GET,GET /api/v1/reservas/{id},5.500000,0.000000,4,5,5,6,6,7,9,9,9,9,9,7405,0,5,5.730401430145819,3.0805299975327216,284.6892960005789,442.0
1789883635,50,POST,POST /api/v1/auth/login,0.000000,0.000000,0,0,0,0,0,0,0,0,0,0,0,50,0,1300.0,1369.1218887201103,628.633758999058,2104.1982940005255,1622.0
1789883635,50,POST,POST /api/v1/auth/refresh,0.000000,0.000000,0,0,0,0,0,0,0,0,0,0,0,50,0,29,31.13284232051228,20.492110001214314,55.65531500178622,1622.0
1789883635,50,,Aggregated,25.500000,0.000000,6,7,7,7,8,9,12,14,19,19,19,29489,0,6,9.701387800947263,3.0805299975327216,2104.1982940005255,6799.88368544203
1789883636,50,GET,GET /api/v1/reservas,20.000000,0.000000,6,7,7,8,9,10,14,18,19,19,19,22012,0,7,7.8980767665304565,4.633864002244081,311.9985780067509,8965.0
1789883636,50,GET,GET /api/v1/reservas/{id},4.900000,0.000000,5,5,5,6,6,9,9,9,9,9,9,7408,0,5,5.73073497991757,3.0805299975327216,284.6892960005789,442.0
1789883636,50,POST,POST /api/v1/auth/login,0.000000,0.000000,0,0,0,0,0,0,0,0,0,0,0,50,0,1300.0,1369.1218887201103,628.633758999058,2104.1982940005255,1622.0
1789883636,50,POST,POST /api/v1/auth/refresh,0.000000,0.000000,0,0,0,0,0,0,0,0,0,0,0,50,0,29,31.13284232051228,20.492110001214314,55.65531500178622,1622.0
1789883636,50,,Aggregated,24.900000,0.000000,6,7,7,7,9,9,13,16,19,19,19,29520,0,6,9.699135740790274,3.0805299975327216,2104.1982940005255,6801.291192411924
1789883637,50,GET,GET /api/v1/reservas,19.800000,0.000000,6,7,7,8,9,10,14,18,19,19,19,22033,0,7,7.8962043119354,4.633864002244081,311.9985780067509,8965.0
1789883637,50,GET,GET /api/v1/reservas/{id},4.600000,0.000000,5,5,5,5,6,6,9,9,9,9,9,7412,0,5,5.730047832734855,3.0805299975327216,284.6892960005789,442.0
1789883637,50,POST,POST /api/v1/auth/login,0.000000,0.000000,0,0,0,0,0,0,0,0,0,0,0,50,0,1300.0,1369.1218887201103,628.633758999058,2104.1982940005255,1622.0
1789883637,50,POST,POST /api/v1/auth/refresh,0.000000,0.000000,0,0,0,0,0,0,0,0,0,0,0,50,0,29,31.13284232051228,20.492110001214314,55.65531500178622,1622.0
1789883637,50,,Aggregated,24.400000,0.000000,6,7,7,7,8,9,13,16,19,19,19,29545,0,6,9.695749558068524,3.0805299975327216,2104.1982940005255,6801.9681502792355
1789883638,50,GET,GET /api/v1/reservas,20.600000,0.000000,6,7,7,7,9,9,14,18,19,19,19,22049,0,7,7.8949552171474355,4.633864002244081,311.9985780067509,8965.0
1789883638,50,GET,GET /api/v1/reservas/{id},4.100000,0.000000,5,5,5,5,6,6,9,9,9,9,9,7417,0,5,5.729125356915016,3.0805299975327216,284.6892960005789,442.0
1789883638,50,POST,POST /api/v1/auth/login,0.000000,0.000000,0,0,0,0,0,0,0,0,0,0,0,50,0,1300.0,1369.1218887201103,628.633758999058,2104.1982940005255,1622.0
1789883638,50,POST,POST /api/v1/auth/refresh,0.000000,0.000000,0,0,0,0,0,0,0,0,0,0,0,50,0,29,31.13284232051228,20.492110001214314,55.65531500178622,1622.0
1789883638,50,,Aggregated,24.700000,0.000000,6,7,7,7,8,9,13,16,19,19,19,29566,0,6,9.692942126332733,3.0805299975327216,2104.1982940005255,6802.063146857878
1789883639,50,GET,GET /api/v1/reservas,21.500000,0.000000,6,7,7,8,9,10,14,18,19,19,19,22066,0,7,7.894424089271218,4.633864002244081,311.9985780067509,8965.0
1789883639,50,GET,GET /api/v1/reservas/{id},4.100000,0.000000,5,5,5,6,6,7,9,9,9,9,9,7424,0,5,5.728499754476271,3.0805299975327216,284.6892960005789,442.0
1789883639,50,POST,POST /api/v1/auth/login,0.000000,0.000000,0,0,0,0,0,0,0,0,0,0,0,50,0,1300.0,1369.1218887201103,628.633758999058,2104.1982940005255,1622.0
1789883639,50,POST,POST /api/v1/auth/refresh,0.000000,0.000000,0,0,0,0,0,0,0,0,0,0,0,50,0,29,31.13284232051228,20.492110001214314,55.65531500178622,1622.0
1789883639,50,,Aggregated,25.600000,0.000000,6,7,7,7,9,10,13,16,19,19,19,29590,0,6,9.690418407675622,3.0805299975327216,2104.1982940005255,6801.801216627239
1789883640,50,GET,GET /api/v1/reservas,20.600000,0.000000,6,7,7,7,9,9,13,16,18,18,18,22090,0,7,7.892926776137455,4.633864002244081,311.9985780067509,8965.0
1789883640,50,GET,GET /api/v1/reservas/{id},3.500000,0.000000,5,5,5,6,6,7,9,9,9,9,9,7428,0,5,5.7276909535857214,3.0805299975327216,284.6892960005789,442.0
1789883640,50,POST,POST /api/v1/auth/login,0.000000,0.000000,0,0,0,0,0,0,0,0,0,0,0,50,0,1300.0,1369.1218887201103,628.633758999058,2104.1982940005255,1622.0
1789883640,50,POST,POST /api/v1/auth/refresh,0.000000,0.000000,0,0,0,0,0,0,0,0,0,0,0,50,0,29,31.13284232051228,20.492110001214314,55.65531500178622,1622.0
1789883640,50,,Aggregated,24.100000,0.000000,6,7,7,7,8,9,12,13,18,18,18,29618,0,6,9.68710842866305,3.0805299975327216,2104.1982940005255,6802.695185360254
1789883641,50,GET,GET /api/v1/reservas,20.300000,0.000000,7,7,7,8,9,11,16,21,28,28,28,22111,0,7,7.89517238460021,4.633864002244081,311.9985780067509,8965.0
1789883641,50,GET,GET /api/v1/reservas/{id},4.100000,0.000000,5,5,5,6,6,8,9,9,9,9,9,7432,0,5,5.727644455763188,3.0805299975327216,284.6892960005789,442.0
1789883641,50,POST,POST /api/v1/auth/login,0.000000,0.000000,0,0,0,0,0,0,0,0,0,0,0,50,0,1300.0,1369.1218887201103,628.633758999058,2104.1982940005255,1622.0
1789883641,50,POST,POST /api/v1/auth/refresh,0.000000,0.000000,0,0,0,0,0,0,0,0,0,0,0,50,0,29,31.13284232051228,20.492110001214314,55.65531500178622,1622.0
1789883641,50,,Aggregated,24.400000,0.000000,6,7,7,8,9,10,13,16,28,28,28,29643,0,6,9.686966458966987,3.0805299975327216,2104.1982940005255,6803.368721114597
1789883642,50,GET,GET /api/v1/reservas,20.600000,0.000000,6,7,7,8,9,11,16,21,28,28,28,22130,0,7,7.894431154717594,4.633864002244081,311.9985780067509,8965.0
1789883642,50,GET,GET /api/v1/reservas/{id},4.200000,0.000000,5,5,6,6,7,9,18,18,18,18,18,7437,0,5,5.729109591801815,3.0805299975327216,284.6892960005789,442.0
1789883642,50,POST,POST /api/v1/auth/login,0.000000,0.000000,0,0,0,0,0,0,0,0,0,0,0,50,0,1300.0,1369.1218887201103,628.633758999058,2104.1982940005255,1622.0
1789883642,50,POST,POST /api/v1/auth/refresh,0.000000,0.000000,0,0,0,0,0,0,0,0,0,0,0,50,0,29,31.13284232051228,20.492110001214314,55.65531500178622,1622.0
1789883642,50,,Aggregated,24.800000,0.000000,6,7,7,8,9,11,16,18,28,28,28,29667,0,6,9.684965990499936,3.0805299975327216,2104.1982940005255,6803.680992348401
1789883643,50,GET,GET /api/v1/reservas,20.300000,0.000000,6,7,7,8,9,11,16,21,28,28,28,22148,0,7,7.893023548803514,4.633864002244081,311.9985780067509,8965.0
1789883643,50,GET,GET /api/v1/reservas/{id},4.200000,0.000000,5,5,6,6,7,9,18,18,18,18,18,7441,0,5,5.728397920873879,3.0805299975327216,284.6892960005789,442.0
1789883643,50,POST,POST /api/v1/auth/login,0.000000,0.000000,0,0,0,0,0,0,0,0,0,0,0,50,0,1300.0,1369.1218887201103,628.633758999058,2104.1982940005255,1622.0
1789883643,50,POST,POST /api/v1/auth/refresh,0.000000,0.000000,0,0,0,0,0,0,0,0,0,0,0,50,0,29,31.13284232051228,20.492110001214314,55.65531500178622,1622.0
1789883643,50,,Aggregated,24.500000,0.000000,6,7,7,8,9,11,16,18,28,28,28,29689,0,6,9.682119001655627,3.0805299975327216,2104.1982940005255,6804.134258479571
1789883644,50,GET,GET /api/v1/reservas,20.600000,0.000000,7,7,8,8,9,12,16,21,28,28,28,22162,0,7,7.892655017864483,4.633864002244081,311.9985780067509,8965.0
1789883644,50,GET,GET /api/v1/reservas/{id},4.300000,0.000000,5,5,6,6,7,8,18,18,18,18,18,7452,0,5,5.728229010498658,3.0805299975327216,284.6892960005789,442.0
1789883644,50,POST,POST /api/v1/auth/login,0.000000,0.000000,0,0,0,0,0,0,0,0,0,0,0,50,0,1300.0,1369.1218887201103,628.633758999058,2104.1982940005255,1622.0
1789883644,50,POST,POST /api/v1/auth/refresh,0.000000,0.000000,0,0,0,0,0,0,0,0,0,0,0,50,0,29,31.13284232051228,20.492110001214314,55.65531500178622,1622.0
1789883644,50,,Aggregated,24.900000,0.000000,6,7,7,8,9,11,16,18,28,28,28,29714,0,6,9.679495175478891,3.0805299975327216,2104.1982940005255,6802.797132664738
1789883645,50,GET,GET /api/v1/reservas,20.600000,0.000000,6,7,7,8,9,12,16,21,28,28,28,22180,0,7,7.891194394450599,4.633864002244081,311.9985780067509,8965.0
1789883645,50,GET,GET /api/v1/reservas/{id},4.100000,0.000000,5,5,5,6,7,7,8,18,18,18,18,7461,0,5,5.726485500768594,3.0805299975327216,284.6892960005789,442.0
1789883645,50,POST,POST /api/v1/auth/login,0.000000,0.000000,0,0,0,0,0,0,0,0,0,0,0,50,0,1300.0,1369.1218887201103,628.633758999058,2104.1982940005255,1622.0
1789883645,50,POST,POST /api/v1/auth/refresh,0.000000,0.000000,0,0,0,0,0,0,0,0,0,0,0,50,0,29,31.13284232051228,20.492110001214314,55.65531500178622,1622.0
1789883645,50,,Aggregated,24.700000,0.000000,6,7,7,7,9,11,16,18,28,28,28,29741,0,6,9.67569135342389,3.0805299975327216,2104.1982940005255,6802.180895060691
1789883646,50,GET,GET /api/v1/reservas,19.600000,0.000000,6,7,7,8,9,11,16,21,28,28,28,22194,0,7,7.890881496030657,4.633864002244081,311.9985780067509,8965.0
1789883646,50,GET,GET /api/v1/reservas/{id},4.800000,0.000000,5,5,6,6,7,9,10,18,18,18,18,7471,0,5,5.726759523254388,3.0805299975327216,284.6892960005789,442.0
1789883646,50,POST,POST /api/v1/auth/login,0.000000,0.000000,0,0,0,0,0,0,0,0,0,0,0,50,0,1300.0,1369.1218887201103,628.633758999058,2104.1982940005255,1622.0
1789883646,50,POST,POST /api/v1/auth/refresh,0.000000,0.000000,0,0,0,0,0,0,0,0,0,0,0,50,0,29,31.13284232051228,20.492110001214314,55.65531500178622,1622.0
1789883646,50,,Aggregated,24.400000,0.000000,6,7,7,7,9,10,16,18,28,28,28,29765,0,6,9.673360687826946,3.0805299975327216,2104.1982940005255,6801.061380816395
1789883647,50,GET,GET /api/v1/reservas,19.600000,0.000000,7,7,8,8,10,12,16,21,28,28,28,22216,0,7,7.890832675005405,4.633864002244081,311.9985780067509,8965.0
1789883647,50,GET,GET /api/v1/reservas/{id},5.500000,0.000000,5,5,6,6,7,9,12,18,18,18,18,7477,0,5,5.727485550787633,3.0805299975327216,284.6892960005789,442.0
1789883647,50,POST,POST /api/v1/auth/login,0.000000,0.000000,0,0,0,0,0,0,0,0,0,0,0,50,0,1300.0,1369.1218887201103,628.633758999058,2104.1982940005255,1622.0
1789883647,50,POST,POST /api/v1/auth/refresh,0.000000,0.000000,0,0,0,0,0,0,0,0,0,0,0,50,0,29,31.13284232051228,20.492110001214314,55.65531500178622,1622.0
1789883647,50,,Aggregated,25.100000,0.000000,6,7,7,8,9,12,16,18,28,28,28,29793,0,6,9.671395452730183,3.0805299975327216,2104.1982940005255,6801.378645990669
1789883648,50,GET,GET /api/v1/reservas,18.400000,0.000000,7,7,8,8,9,12,16,21,28,28,28,22230,0,7,7.8898830207795445,4.633864002244081,311.9985780067509,8965.0
1789883648,50,GET,GET /api/v1/reservas/{id},6.200000,0.000000,5,5,6,6,7,10,12,18,18,18,18,7482,0,5,5.7265911940972405,3.0284199965535663,284.6892960005789,442.0
1789883648,50,POST,POST /api/v1/auth/login,0.000000,0.000000,0,0,0,0,0,0,0,0,0,0,0,50,0,1300.0,1369.1218887201103,628.633758999058,2104.1982940005255,1622.0
1789883648,50,POST,POST /api/v1/auth/refresh,0.000000,0.000000,0,0,0,0,0,0,0,0,0,0,0,50,0,29,31.13284232051228,20.492110001214314,55.65531500178622,1622.0
1789883648,50,,Aggregated,24.600000,0.000000,6,7,7,8,9,11,16,18,28,28,28,29812,0,6,9.668965229377296,3.0284199965535663,2104.1982940005255,6801.328122903529
1789883649,50,GET,GET /api/v1/reservas,18.200000,0.000000,7,7,8,8,9,11,16,21,28,28,28,22254,0,7,7.88796709535016,4.633864002244081,311.9985780067509,8965.0
1789883649,50,GET,GET /api/v1/reservas/{id},6.400000,0.000000,5,6,6,6,7,9,12,18,18,18,18,7488,0,5,5.726161378769241,3.0284199965535663,284.6892960005789,442.0
1789883649,50,POST,POST /api/v1/auth/login,0.000000,0.000000,0,0,0,0,0,0,0,0,0,0,0,50,0,1300.0,1369.1218887201103,628.633758999058,2104.1982940005255,1622.0
1789883649,50,POST,POST /api/v1/auth/refresh,0.000000,0.000000,0,0,0,0,0,0,0,0,0,0,0,50,0,29,31.13284232051228,20.492110001214314,55.65531500178622,1622.0
1789883649,50,,Aggregated,24.600000,0.000000,6,7,7,8,9,10,16,18,28,28,28,29842,0,6,9.66520517043689,3.0284199965535663,2104.1982940005255,6801.78962536023
1789883650,50,GET,GET /api/v1/reservas,18.300000,0.000000,6,7,7,8,8,10,14,18,21,21,21,22279,0,7,7.885872383721537,4.633864002244081,311.9985780067509,8965.0
1789883650,50,GET,GET /api/v1/reservas/{id},6.600000,0.000000,5,6,6,6,7,10,12,18,18,18,18,7491,0,5,5.7257085717825715,3.0284199965535663,284.6892960005789,442.0
1789883650,50,POST,POST /api/v1/auth/login,0.000000,0.000000,0,0,0,0,0,0,0,0,0,0,0,50,0,1300.0,1369.1218887201103,628.633758999058,2104.1982940005255,1622.0
1789883650,50,POST,POST /api/v1/auth/refresh,0.000000,0.000000,0,0,0,0,0,0,0,0,0,0,0,50,0,29,31.13284232051228,20.492110001214314,55.65531500178622,1622.0
1789883650,50,,Aggregated,24.900000,0.000000,6,7,7,7,8,10,14,18,21,21,21,29870,0,6,9.661646143293824,3.0284199965535663,2104.1982940005255,6802.961399397389
1789883651,50,GET,GET /api/v1/reservas,18.900000,0.000000,6,7,7,8,8,9,12,14,26,26,26,22291,0,7,7.88615448104385,4.633864002244081,311.9985780067509,8965.0
1789883651,50,GET,GET /api/v1/reservas/{id},6.500000,0.000000,5,5,6,6,7,10,15,20,20,20,20,7500,0,5,5.727784759495989,3.0284199965535663,284.6892960005789,442.0
1789883651,50,POST,POST /api/v1/auth/login,0.000000,0.000000,0,0,0,0,0,0,0,0,0,0,0,50,0,1300.0,1369.1218887201103,628.633758999058,2104.1982940005255,1622.0
1789883651,50,POST,POST /api/v1/auth/refresh,0.000000,0.000000,0,0,0,0,0,0,0,0,0,0,0,50,0,29,31.13284232051228,20.492110001214314,55.65531500178622,1622.0
1789883651,50,,Aggregated,25.400000,0.000000,6,7,7,7,8,10,13,15,26,26,26,29891,0,6,9.660479468241261,3.0284199965535663,2104.1982940005255,6801.914121307417
1789883652,50,GET,GET /api/v1/reservas,19.000000,0.000000,6,7,7,8,9,10,13,15,26,26,26,22315,0,7,7.885184676896486,4.633864002244081,311.9985780067509,8965.0
1789883652,50,GET,GET /api/v1/reservas/{id},6.300000,0.000000,5,5,6,7,8,10,15,20,20,20,20,7504,0,5,5.727319529746239,3.0284199965535663,284.6892960005789,442.0
1789883652,50,POST,POST /api/v1/auth/login,0.000000,0.000000,0,0,0,0,0,0,0,0,0,0,0,50,0,1300.0,1369.1218887201103,628.633758999058,2104.1982940005255,1622.0
1789883652,50,POST,POST /api/v1/auth/refresh,0.000000,0.000000,0,0,0,0,0,0,0,0,0,0,0,50,0,29,31.13284232051228,20.492110001214314,55.65531500178622,1622.0
1789883652,50,,Aggregated,25.300000,0.000000,6,7,7,7,8,10,14,15,26,26,26,29919,0,6,9.657690376289047,3.0284199965535663,2104.1982940005255,6802.798990607975
1789883653,50,GET,GET /api/v1/reservas,17.900000,0.000000,6,7,7,8,8,10,12,15,26,26,26,22331,0,7,7.884146154580224,4.633864002244081,311.9985780067509,8965.0
1789883653,50,GET,GET /api/v1/reservas/{id},6.300000,0.000000,5,5,6,6,8,10,15,20,20,20,20,7513,0,5,5.725486605643945,3.0284199965535663,284.6892960005789,442.0
1789883653,50,POST,POST /api/v1/auth/login,0.000000,0.000000,0,0,0,0,0,0,0,0,0,0,0,50,0,1300.0,1369.1218887201103,628.633758999058,2104.1982940005255,1622.0
1789883653,50,POST,POST /api/v1/auth/refresh,0.000000,0.000000,0,0,0,0,0,0,0,0,0,0,0,50,0,29,31.13284232051228,20.492110001214314,55.65531500178622,1622.0
1789883653,50,,Aggregated,24.200000,0.000000,6,7,7,7,8,10,13,15,26,26,26,29944,0,6,9.654327584763728,3.0284199965535663,2104.1982940005255,6802.042512690356
1789883654,50,GET,GET /api/v1/reservas,18.700000,0.000000,6,7,7,8,9,10,12,15,26,26,26,22354,0,7,7.882988757221518,4.633864002244081,311.9985780067509,8965.0
1789883654,50,GET,GET /api/v1/reservas/{id},6.800000,0.000000,5,5,6,6,9,12,15,20,20,20,20,7518,0,5,5.72417994376329,3.0284199965535663,284.6892960005789,442.0
1789883654,50,POST,POST /api/v1/auth/login,0.000000,0.000000,0,0,0,0,0,0,0,0,0,0,0,50,0,1300.0,1369.1218887201103,628.633758999058,2104.1982940005255,1622.0
1789883654,50,POST,POST /api/v1/auth/refresh,0.000000,0.000000,0,0,0,0,0,0,0,0,0,0,0,50,0,29,31.13284232051228,20.492110001214314,55.65531500178622,1622.0
1789883654,50,,Aggregated,25.500000,0.000000,6,7,7,8,9,10,13,15,26,26,26,29972,0,6,9.65112278286979,3.0284199965535663,2104.1982940005255,6802.641331909783
1789883655,50,GET,GET /api/v1/reservas,18.000000,0.000000,6,7,7,8,8,10,12,15,26,26,26,22367,0,7,7.882127967940935,4.633864002244081,311.9985780067509,8965.0
1789883655,50,GET,GET /api/v1/reservas/{id},7.200000,0.000000,4,5,5,6,7,12,15,20,20,20,20,7529,0,5,5.722396813815356,3.0284199965535663,284.6892960005789,442.0
1789883655,50,POST,POST /api/v1/auth/login,0.000000,0.000000,0,0,0,0,0,0,0,0,0,0,0,50,0,1300.0,1369.1218887201103,628.633758999058,2104.1982940005255,1622.0
1789883655,50,POST,POST /api/v1/auth/refresh,0.000000,0.000000,0,0,0,0,0,0,0,0,0,0,0,50,0,29,31.13284232051228,20.492110001214314,55.65531500178622,1622.0
1789883655,50,,Aggregated,25.200000,0.000000,6,7,7,7,8,10,13,15,26,26,26,29996,0,6,9.647826991004862,3.0284199965535663,2104.1982940005255,6801.245932791039
1789883656,50,GET,GET /api/v1/reservas,19.000000,0.000000,6,7,7,7,8,10,11,15,26,26,26,22385,0,7,7.881342702610584,4.633864002244081,311.9985780067509,8965.0
1789883656,50,GET,GET /api/v1/reservas/{id},6.700000,0.000000,4,5,5,5,6,9,15,20,20,20,20,7535,0,5,5.721899595649615,3.0284199965535663,284.6892960005789,442.0
1789883656,50,POST,POST /api/v1/auth/login,0.000000,0.000000,0,0,0,0,0,0,0,0,0,0,0,50,0,1300.0,1369.1218887201103,628.633758999058,2104.1982940005255,1622.0
1789883656,50,POST,POST /api/v1/auth/refresh,0.000000,0.000000,0,0,0,0,0,0,0,0,0,0,0,50,0,29,31.13284232051228,20.492110001214314,55.65531500178622,1622.0
1789883656,50,,Aggregated,25.700000,0.000000,6,6,7,7,8,9,12,15,26,26,26,30020,0,6,9.645273364529944,3.0284199965535663,2104.1982940005255,6801.272318454364
1789883657,50,GET,GET /api/v1/reservas,18.900000,0.000000,6,7,7,8,8,10,12,15,26,26,26,22404,0,7,7.880902452505861,4.633864002244081,311.9985780067509,8965.0
1789883657,50,GET,GET /api/v1/reservas/{id},6.700000,0.000000,5,5,5,6,7,9,15,20,20,20,20,7543,0,5,5.722440461251815,3.0284199965535663,284.6892960005789,442.0
1789883657,50,POST,POST /api/v1/auth/login,0.000000,0.000000,0,0,0,0,0,0,0,0,0,0,0,50,0,1300.0,1369.1218887201103,628.633758999058,2104.1982940005255,1622.0
1789883657,50,POST,POST /api/v1/auth/refresh,0.000000,0.000000,0,0,0,0,0,0,0,0,0,0,0,50,0,29,31.13284232051228,20.492110001214314,55.65531500178622,1622.0
1789883657,50,,Aggregated,25.600000,0.000000,6,6,7,7,8,10,14,15,26,26,26,30047,0,6,9.642920873870764,3.0284199965535663,2104.1982940005255,6800.947382434187
1789883658,50,GET,GET /api/v1/reservas,18.700000,0.000000,6,7,7,8,8,10,12,15,26,26,26,22424,0,7,7.879442913570852,4.633864002244081,311.9985780067509,8965.0
1789883658,50,GET,GET /api/v1/reservas/{id},6.500000,0.000000,4,5,5,5,7,10,15,20,20,20,20,7546,0,5,5.721866456959061,3.0284199965535663,284.6892960005789,442.0
1789883658,50,POST,POST /api/v1/auth/login,0.000000,0.000000,0,0,0,0,0,0,0,0,0,0,0,50,0,1300.0,1369.1218887201103,628.633758999058,2104.1982940005255,1622.0
1789883658,50,POST,POST /api/v1/auth/refresh,0.000000,0.000000,0,0,0,0,0,0,0,0,0,0,0,50,0,29,31.13284232051228,20.492110001214314,55.65531500178622,1622.0
1789883658,50,,Aggregated,25.200000,0.000000,6,7,7,7,8,10,14,15,26,26,26,30070,0,6,9.640125331897472,3.0284199965535663,2104.1982940005255,6801.752311273694
1789883659,50,GET,GET /api/v1/reservas,19.000000,0.000000,6,7,7,8,9,10,12,15,26,26,26,22441,0,7,7.878213044289655,4.633864002244081,311.9985780067509,8965.0
1789883659,50,GET,GET /api/v1/reservas/{id},6.500000,0.000000,4,5,5,5,6,8,15,20,20,20,20,7555,0,5,5.720142099567685,3.0284199965535663,284.6892960005789,442.0
1789883659,50,POST,POST /api/v1/auth/login,0.000000,0.000000,0,0,0,0,0,0,0,0,0,0,0,50,0,1300.0,1369.1218887201103,628.633758999058,2104.1982940005255,1622.0
1789883659,50,POST,POST /api/v1/auth/refresh,0.000000,0.000000,0,0,0,0,0,0,0,0,0,0,0,50,0,29,31.13284232051228,20.492110001214314,55.65531500178622,1622.0
1789883659,50,,Aggregated,25.500000,0.000000,6,7,7,7,8,10,14,15,26,26,26,30096,0,6,9.636609152085631,3.0284199965535663,2104.1982940005255,6801.07240164806
1789883660,50,GET,GET /api/v1/reservas,19.200000,0.000000,6,7,7,8,9,10,12,15,26,26,26,22459,0,7,7.877356896340983,4.633864002244081,311.9985780067509,8965.0
1789883660,50,GET,GET /api/v1/reservas/{id},6.300000,0.000000,4,5,5,5,6,8,15,20,20,20,20,7562,0,5,5.719144099737309,3.0284199965535663,284.6892960005789,442.0
1789883660,50,POST,POST /api/v1/auth/login,0.000000,0.000000,0,0,0,0,0,0,0,0,0,0,0,50,0,1300.0,1369.1218887201103,628.633758999058,2104.1982940005255,1622.0
1789883660,50,POST,POST /api/v1/auth/refresh,0.000000,0.000000,0,0,0,0,0,0,0,0,0,0,0,50,0,29,31.13284232051228,20.492110001214314,55.65531500178622,1622.0
1789883660,50,,Aggregated,25.500000,0.000000,6,7,7,7,8,10,14,15,26,26,26,30121,0,6,9.633759263277009,3.0284199965535663,2104.1982940005255,6800.887719531224
1789883661,50,GET,GET /api/v1/reservas,18.500000,0.000000,6,7,7,7,8,10,10,11,14,14,14,22475,0,7,7.8761454203295695,4.633864002244081,311.9985780067509,8965.0
1789883661,50,GET,GET /api/v1/reservas/{id},6.600000,0.000000,4,5,5,5,6,7,10,10,10,10,10,7569,0,5,5.7188519655462855,3.0284199965535663,284.6892960005789,442.0
1789883661,50,POST,POST /api/v1/auth/login,0.000000,0.000000,0,0,0,0,0,0,0,0,0,0,0,50,0,1300.0,1369.1218887201103,628.633758999058,2104.1982940005255,1622.0
1789883661,50,POST,POST /api/v1/auth/refresh,0.000000,0.000000,0,0,0,0,0,0,0,0,0,0,0,50,0,29,31.13284232051228,20.492110001214314,55.65531500178622,1622.0
1789883661,50,,Aggregated,25.100000,0.000000,6,6,7,7,8,9,10,11,14,14,14,30144,0,6,9.630941328329287,3.0284199965535663,2104.1982940005255,6800.559746549894
1789883662,50,GET,GET /api/v1/reservas,18.100000,0.000000,6,7,7,8,9,10,11,13,14,14,14,22492,0,7,7.875874511243703,4.633864002244081,311.9985780067509,8965.0
1789883662,50,GET,GET /api/v1/reservas/{id},7.000000,0.000000,5,5,5,6,8,10,23,26,26,26,26,7576,0,5,5.724424602855691,3.0284199965535663,284.6892960005789,442.0
1789883662,50,POST,POST /api/v1/auth/login,0.000000,0.000000,0,0,0,0,0,0,0,0,0,0,0,50,0,1300.0,1369.1218887201103,628.633758999058,2104.1982940005255,1622.0
1789883662,50,POST,POST /api/v1/auth/refresh,0.000000,0.000000,0,0,0,0,0,0,0,0,0,0,0,50,0,29,31.13284232051228,20.492110001214314,55.65531500178622,1622.0
1789883662,50,,Aggregated,25.100000,0.000000,6,7,7,7,9,10,13,14,26,26,26,30168,0,6,9.630242205322169,3.0284199965535663,2104.1982940005255,6800.304030761072
1789883663,50,GET,GET /api/v1/reservas,18.400000,0.000000,6,7,7,7,9,9,11,13,14,14,14,22512,0,7,7.874332591191346,4.633864002244081,311.9985780067509,8965.0
1789883663,50,GET,GET /api/v1/reservas/{id},7.300000,0.000000,5,5,5,6,8,10,23,26,26,26,26,7578,0,5,5.724122643868463,3.0284199965535663,284.6892960005789,442.0
1789883663,50,POST,POST /api/v1/auth/login,0.000000,0.000000,0,0,0,0,0,0,0,0,0,0,0,50,0,1300.0,1369.1218887201103,628.633758999058,2104.1982940005255,1622.0
1789883663,50,POST,POST /api/v1/auth/refresh,0.000000,0.000000,0,0,0,0,0,0,0,0,0,0,0,50,0,29,31.13284232051228,20.492110001214314,55.65531500178622,1622.0
1789883663,50,,Aggregated,25.700000,0.000000,6,7,7,7,8,10,13,14,26,26,26,30190,0,6,9.627595668769988,3.0284199965535663,2104.1982940005255,6801.31685988738
1789883664,50,GET,GET /api/v1/reservas,17.600000,0.000000,6,7,7,8,9,10,11,14,14,14,14,22532,0,7,7.874062116097155,4.633864002244081,311.9985780067509,8965.0
1789883664,50,GET,GET /api/v1/reservas/{id},7.200000,0.000000,5,5,5,6,8,10,23,26,26,26,26,7588,0,5,5.722934277443452,3.0284199965535663,284.6892960005789,442.0
1789883664,50,POST,POST /api/v1/auth/login,0.000000,0.000000,0,0,0,0,0,0,0,0,0,0,0,50,0,1300.0,1369.1218887201103,628.633758999058,2104.1982940005255,1622.0
1789883664,50,POST,POST /api/v1/auth/refresh,0.000000,0.000000,0,0,0,0,0,0,0,0,0,0,0,50,0,29,31.13284232051228,20.492110001214314,55.65531500178622,1622.0
1789883664,50,,Aggregated,24.800000,0.000000,6,7,7,7,9,10,14,14,26,26,26,30220,0,6,9.624643595273763,3.0284199965535663,2104.1982940005255,6800.644473858372
1789883665,50,GET,GET /api/v1/reservas,18.000000,0.000000,6,7,7,8,9,9,11,14,14,14,14,22548,0,7,7.873277369208549,4.633864002244081,311.9985780067509,8965.0
1789883665,50,GET,GET /api/v1/reservas/{id},6.600000,0.000000,5,5,5,6,8,14,23,26,26,26,26,7592,0,5,5.722395824057158,3.0284199965535663,284.6892960005789,442.0
1789883665,50,POST,POST /api/v1/auth/login,0.000000,0.000000,0,0,0,0,0,0,0,0,0,0,0,50,0,1300.0,1369.1218887201103,628.633758999058,2104.1982940005255,1622.0
1789883665,50,POST,POST /api/v1/auth/refresh,0.000000,0.000000,0,0,0,0,0,0,0,0,0,0,0,50,0,29,31.13284232051228,20.492110001214314,55.65531500178622,1622.0
1789883665,50,,Aggregated,24.600000,0.000000,6,7,7,7,9,10,14,14,26,26,26,30240,0,6,9.622480944748261,3.0284199965535663,2104.1982940005255,6800.948544973545
1789883666,50,GET,GET /api/v1/reservas,17.500000,0.000000,6,7,7,7,9,9,10,13,14,14,14,22561,0,7,7.872959129068622,4.633864002244081,311.9985780067509,8965.0
1789883666,50,GET,GET /api/v1/reservas/{id},6.800000,0.000000,5,5,5,5,8,14,23,26,26,26,26,7598,0,5,5.721915993449079,3.0284199965535663,284.6892960005789,442.0
1789883666,50,POST,POST /api/v1/auth/login,0.000000,0.000000,0,0,0,0,0,0,0,0,0,0,0,50,0,1300.0,1369.1218887201103,628.633758999058,2104.1982940005255,1622.0
1789883666,50,POST,POST /api/v1/auth/refresh,0.000000,0.000000,0,0,0,0,0,0,0,0,0,0,0,50,0,29,31.13284232051228,20.492110001214314,55.65531500178622,1622.0
1789883666,50,,Aggregated,24.300000,0.000000,6,7,7,7,9,10,13,14,26,26,26,30259,0,6,9.62059834036731,3.0284199965535663,2104.1982940005255,6800.617370038666
1789883667,50,GET,GET /api/v1/reservas,17.800000,0.000000,6,7,7,7,9,9,10,13,14,14,14,22581,0,7,7.87198727699878,4.633864002244081,311.9985780067509,8965.0
1789883667,50,GET,GET /api/v1/reservas/{id},6.500000,0.000000,5,5,5,6,8,10,23,26,26,26,26,7606,0,5,5.722443956643551,3.0284199965535663,284.6892960005789,442.0
1789883667,50,POST,POST /api/v1/auth/login,0.000000,0.000000,0,0,0,0,0,0,0,0,0,0,0,50,0,1300.0,1369.1218887201103,628.633758999058,2104.1982940005255,1622.0
1789883667,50,POST,POST /api/v1/auth/refresh,0.000000,0.000000,0,0,0,0,0,0,0,0,0,0,0,50,0,29,31.13284232051228,20.492110001214314,55.65531500178622,1622.0
1789883667,50,,Aggregated,24.300000,0.000000,6,7,7,7,9,10,13,14,26,26,26,30287,0,6,9.617822497710947,3.0284199965535663,2104.1982940005255,6800.367055172186
1789883668,50,GET,GET /api/v1/reservas,17.900000,0.000000,7,7,7,8,9,10,12,13,14,14,14,22605,0,7,7.8710022829424355,4.633864002244081,311.9985780067509,8965.0
1789883668,50,GET,GET /api/v1/reservas/{id},6.300000,0.000000,5,5,6,6,9,14,23,26,26,26,26,7612,0,5,5.7215540498212,3.0284199965535663,284.6892960005789,442.0
1789883668,50,POST,POST /api/v1/auth/login,0.000000,0.000000,0,0,0,0,0,0,0,0,0,0,0,50,0,1300.0,1369.1218887201103,628.633758999058,2104.1982940005255,1622.0
1789883668,50,POST,POST /api/v1/auth/refresh,0.000000,0.000000,0,0,0,0,0,0,0,0,0,0,0,50,0,29,31.13284232051228,20.492110001214314,55.65531500178622,1622.0
1789883668,50,,Aggregated,24.200000,0.000000,6,7,7,8,9,10,13,14,26,26,26,30317,0,6,9.61471163324814,3.0284199965535663,2104.1982940005255,6800.822277929874
1789883669,50,GET,GET /api/v1/reservas,18.000000,0.000000,6,7,7,8,9,10,12,13,14,14,14,22623,0,7,7.8695953609120535,4.633864002244081,311.9985780067509,8965.0
1789883669,50,GET,GET /api/v1/reservas/{id},6.200000,0.000000,5,5,6,6,9,14,23,26,26,26,26,7617,0,5,5.720494106766919,3.0284199965535663,284.6892960005789,442.0
1789883669,50,POST,POST /api/v1/auth/login,0.000000,0.000000,0,0,0,0,0,0,0,0,0,0,0,50,0,1300.0,1369.1218887201103,628.633758999058,2104.1982940005255,1622.0
1789883669,50,POST,POST /api/v1/auth/refresh,0.000000,0.000000,0,0,0,0,0,0,0,0,0,0,0,50,0,29,31.13284232051228,20.492110001214314,55.65531500178622,1622.0
1789883669,50,,Aggregated,24.200000,0.000000,6,7,7,8,9,10,13,14,26,26,26,30340,0,6,9.611720369584315,3.0284199965535663,2104.1982940005255,6801.058305866843
1789883670,50,GET,GET /api/v1/reservas,17.800000,0.000000,6,7,7,8,9,10,12,13,14,14,14,22641,0,7,7.868908369503238,4.633864002244081,311.9985780067509,8965.0
1789883670,50,GET,GET /api/v1/reservas/{id},6.500000,0.000000,5,5,6,6,8,14,23,26,26,26,26,7620,0,5,5.720166647013092,3.0284199965535663,284.6892960005789,442.0
1789883670,50,POST,POST /api/v1/auth/login,0.000000,0.000000,0,0,0,0,0,0,0,0,0,0,0,50,0,1300.0,1369.1218887201103,628.633758999058,2104.1982940005255,1622.0
1789883670,50,POST,POST /api/v1/auth/refresh,0.000000,0.000000,0,0,0,0,0,0,0,0,0,0,0,50,0,29,31.13284232051228,20.492110001214314,55.65531500178622,1622.0
1789883670,50,,Aggregated,24.300000,0.000000,6,7,7,8,9,10,13,14,26,26,26,30361,0,6,9.609708533849139,3.0284199965535663,2104.1982940005255,6801.712888244788
1789883671,50,GET,GET /api/v1/reservas,18.000000,0.000000,6,7,7,7,8,9,11,13,14,14,14,22663,0,7,7.867308052770039,4.633864002244081,311.9985780067509,8965.0
1789883671,50,GET,GET /api/v1/reservas/{id},6.200000,0.000000,5,5,6,6,7,9,9,10,10,10,10,7628,0,5,5.719731498194029,3.0284199965535663,284.6892960005789,442.0
1789883671,50,POST,POST /api/v1/auth/login,0.000000,0.000000,0,0,0,0,0,0,0,0,0,0,0,50,0,1300.0,1369.1218887201103,628.633758999058,2104.1982940005255,1622.0
1789883671,50,POST,POST /api/v1/auth/refresh,0.000000,0.000000,0,0,0,0,0,0,0,0,0,0,0,50,0,29,31.13284232051228,20.492110001214314,55.65531500178622,1622.0
1789883671,50,,Aggregated,24.200000,0.000000,6,7,7,7,8,9,11,12,14,14,14,30391,0,6,9.606121905175302,3.0284199965535663,2104.1982940005255,6801.604784311145
1789883672,50,GET,GET /api/v1/reservas,18.000000,0.000000,6,7,7,8,9,10,12,14,22,22,22,22684,0,7,7.867450860030857,4.633864002244081,311.9985780067509,8965.0
1789883672,50,GET,GET /api/v1/reservas/{id},5.900000,0.000000,5,5,6,6,7,9,9,10,10,10,10,7633,0,5,5.71889291801665,3.0284199965535663,284.6892960005789,442.0
1789883672,50,POST,POST /api/v1/auth/login,0.000000,0.000000,0,0,0,0,0,0,0,0,0,0,0,50,0,1300.0,1369.1218887201103,628.633758999058,2104.1982940005255,1622.0
1789883672,50,POST,POST /api/v1/auth/refresh,0.000000,0.000000,0,0,0,0,0,0,0,0,0,0,0,50,0,29,31.13284232051228,20.492110001214314,55.65531500178622,1622.0
1789883672,50,,Aggregated,23.900000,0.000000,6,7,7,7,9,10,12,13,22,22,22,30417,0,6,9.604178633796632,3.0284199965535663,2104.1982940005255,6802.052996679488
1789883673,50,GET,GET /api/v1/reservas,18.800000,0.000000,6,7,7,8,9,10,12,14,22,22,22,22701,0,7,7.866297136115034,4.633864002244081,311.9985780067509,8965.0
1789883673,50,GET,GET /api/v1/reservas/{id},6.000000,0.000000,4,5,5,6,7,9,9,10,10,10,10,7642,0,5,5.717062872050932,3.0284199965535663,284.6892960005789,442.0
1789883673,50,POST,POST /api/v1/auth/login,0.000000,0.000000,0,0,0,0,0,0,0,0,0,0,0,50,0,1300.0,1369.1218887201103,628.633758999058,2104.1982940005255,1622.0
1789883673,50,POST,POST /api/v1/auth/refresh,0.000000,0.000000,0,0,0,0,0,0,0,0,0,0,0,50,0,29,31.13284232051228,20.492110001214314,55.65531500178622,1622.0
1789883673,50,,Aggregated,24.800000,0.000000,6,7,7,7,9,10,12,13,22,22,22,30443,0,6,9.600740475879242,3.0284199965535663,2104.1982940005255,6801.3805801005155
1789883674,50,GET,GET /api/v1/reservas,19.300000,0.000000,6,7,7,7,9,10,12,13,22,22,22,22716,0,7,7.865112534070828,4.633864002244081,311.9985780067509,8965.0
1789883674,50,GET,GET /api/v1/reservas/{id},5.600000,0.000000,4,5,5,6,7,9,9,10,10,10,10,7647,0,5,5.716501841666,3.0284199965535663,284.6892960005789,442.0
1789883674,50,POST,POST /api/v1/auth/login,0.000000,0.000000,0,0,0,0,0,0,0,0,0,0,0,50,0,1300.0,1369.1218887201103,628.633758999058,2104.1982940005255,1622.0
1789883674,50,POST,POST /api/v1/auth/refresh,0.000000,0.000000,0,0,0,0,0,0,0,0,0,0,0,50,0,29,31.13284232051228,20.492110001214314,55.65531500178622,1622.0
1789883674,50,,Aggregated,24.900000,0.000000,6,7,7,7,8,10,11,12,22,22,22,30463,0,6,9.598224812369233,3.0284199965535663,2104.1982940005255,6801.402159997374
1789883675,50,GET,GET /api/v1/reservas,19.300000,0.000000,6,7,7,7,9,10,12,13,22,22,22,22738,0,7,7.863765608407001,4.633864002244081,311.9985780067509,8965.0
1789883675,50,GET,GET /api/v1/reservas/{id},6.200000,0.000000,4,5,5,6,7,8,9,10,10,10,10,7659,0,5,5.7151549082399775,3.0284199965535663,284.6892960005789,442.0
1789883675,50,POST,POST /api/v1/auth/login,0.000000,0.000000,0,0,0,0,0,0,0,0,0,0,0,50,0,1300.0,1369.1218887201103,628.633758999058,2104.1982940005255,1622.0
1789883675,50,POST,POST /api/v1/auth/refresh,0.000000,0.000000,0,0,0,0,0,0,0,0,0,0,0,50,0,29,31.13284232051228,20.492110001214314,55.65531500178622,1622.0
1789883675,50,,Aggregated,25.500000,0.000000,6,6,7,7,8,9,11,12,22,22,22,30497,0,6,9.59410467908973,3.0284199965535663,2104.1982940005255,6800.460635472342
1789883676,50,GET,GET /api/v1/reservas,18.900000,0.000000,6,7,7,7,9,10,12,13,22,22,22,22757,0,7,7.862367611590331,4.633864002244081,311.9985780067509,8965.0
1789883676,50,GET,GET /api/v1/reservas/{id},5.900000,0.000000,4,5,5,6,7,8,9,10,10,10,10,7663,0,5,5.714542459507757,3.0284199965535663,284.6892960005789,442.0
1789883676,50,POST,POST /api/v1/auth/login,0.000000,0.000000,0,0,0,0,0,0,0,0,0,0,0,50,0,1300.0,1369.1218887201103,628.633758999058,2104.1982940005255,1622.0
1789883676,50,POST,POST /api/v1/auth/refresh,0.000000,0.000000,0,0,0,0,0,0,0,0,0,0,0,50,0,29,31.13284232051228,20.492110001214314,55.65531500178622,1622.0
1789883676,50,,Aggregated,24.800000,0.000000,6,6,7,7,8,9,11,12,22,22,22,30520,0,6,9.59132290813238,3.0284199965535663,2104.1982940005255,6800.974803407602
1789883677,50,GET,GET /api/v1/reservas,18.300000,0.000000,6,7,7,7,9,9,11,12,22,22,22,22779,0,7,7.861420710125317,4.633864002244081,311.9985780067509,8965.0
1789883677,50,GET,GET /api/v1/reservas/{id},6.400000,0.000000,4,5,5,5,6,7,8,9,9,9,9,7667,0,5,5.714197615000474,3.0284199965535663,284.6892960005789,442.0
1789883677,50,POST,POST /api/v1/auth/login,0.000000,0.000000,0,0,0,0,0,0,0,0,0,0,0,50,0,1300.0,1369.1218887201103,628.633758999058,2104.1982940005255,1622.0
1789883677,50,POST,POST /api/v1/auth/refresh,0.000000,0.000000,0,0,0,0,0,0,0,0,0,0,0,50,0,29,31.13284232051228,20.492110001214314,55.65531500178622,1622.0
1789883677,50,,Aggregated,24.700000,0.000000,6,6,7,7,8,9,10,11,22,22,22,30546,0,6,9.58877732017889,3.0284199965535663,2104.1982940005255,6801.700680940221
1789883678,50,GET,GET /api/v1/reservas,19.400000,0.000000,6,7,7,7,9,10,11,12,22,22,22,22800,0,7,7.860578011401358,4.633864002244081,311.9985780067509,8965.0
1789883678,50,GET,GET /api/v1/reservas/{id},6.500000,0.000000,5,5,5,6,6,7,8,9,9,9,9,7670,0,5,5.713840874604739,3.0284199965535663,284.6892960005789,442.0
1789883678,50,POST,POST /api/v1/auth/login,0.000000,0.000000,0,0,0,0,0,0,0,0,0,0,0,50,0,1300.0,1369.1218887201103,628.633758999058,2104.1982940005255,1622.0
1789883678,50,POST,POST /api/v1/auth/refresh,0.000000,0.000000,0,0,0,0,0,0,0,0,0,0,0,50,0,29,31.13284232051228,20.492110001214314,55.65531500178622,1622.0
1789883678,50,,Aggregated,25.900000,0.000000,6,6,7,7,9,9,11,11,22,22,22,30570,0,6,9.586492467131189,3.0284199965535663,2104.1982940005255,6802.5626431141645
1789883679,50,GET,GET /api/v1/reservas,19.600000,0.000000,6,7,7,7,9,10,11,12,22,22,22,22817,0,7,7.859242718979453,4.633864002244081,311.9985780067509,8965.0
1789883679,50,GET,GET /api/v1/reservas/{id},6.300000,0.000000,4,5,5,5,6,7,8,9,9,9,9,7680,0,5,5.711822729194675,3.0284199965535663,284.6892960005789,442.0
1789883679,50,POST,POST /api/v1/auth/login,0.000000,0.000000,0,0,0,0,0,0,0,0,0,0,0,50,0,1300.0,1369.1218887201103,628.633758999058,2104.1982940005255,1622.0
1789883679,50,POST,POST /api/v1/auth/refresh,0.000000,0.000000,0,0,0,0,0,0,0,0,0,0,0,50,0,29,31.13284232051228,20.492110001214314,55.65531500178622,1622.0
1789883679,50,,Aggregated,25.900000,0.000000,6,6,7,7,8,9,11,11,22,22,22,30597,0,6,9.58276550744192,3.0284199965535663,2104.1982940005255,6801.685295944047
1789883680,50,GET,GET /api/v1/reservas,19.700000,0.000000,6,7,7,7,9,10,11,12,22,22,22,22835,0,7,7.858353026580059,4.633864002244081,311.9985780067509,8965.0
1789883680,50,GET,GET /api/v1/reservas/{id},6.000000,0.000000,4,5,5,5,6,7,8,8,8,8,8,7684,0,5,5.711595391751993,3.0284199965535663,284.6892960005789,442.0
1789883680,50,POST,POST /api/v1/auth/login,0.000000,0.000000,0,0,0,0,0,0,0,0,0,0,0,50,0,1300.0,1369.1218887201103,628.633758999058,2104.1982940005255,1622.0
1789883680,50,POST,POST /api/v1/auth/refresh,0.000000,0.000000,0,0,0,0,0,0,0,0,0,0,0,50,0,29,31.13284232051228,20.492110001214314,55.65531500178622,1622.0
1789883680,50,,Aggregated,25.700000,0.000000,6,6,7,7,8,9,11,11,22,22,22,30619,0,6,9.580526042790721,3.0284199965535663,2104.1982940005255,6802.126228812175
1789883681,50,GET,GET /api/v1/reservas,20.000000,0.000000,6,7,7,7,8,9,10,11,11,11,11,22853,0,7,7.857291803087067,4.633864002244081,311.9985780067509,8965.0
1789883681,50,GET,GET /api/v1/reservas/{id},6.200000,0.000000,4,5,5,5,6,7,8,8,8,8,8,7689,0,5,5.710865494892103,3.0284199965535663,284.6892960005789,442.0
1789883681,50,POST,POST /api/v1/auth/login,0.000000,0.000000,0,0,0,0,0,0,0,0,0,0,0,50,0,1300.0,1369.1218887201103,628.633758999058,2104.1982940005255,1622.0
1789883681,50,POST,POST /api/v1/auth/refresh,0.000000,0.000000,0,0,0,0,0,0,0,0,0,0,0,50,0,29,31.13284232051228,20.492110001214314,55.65531500178622,1622.0
1789883681,50,,Aggregated,26.200000,0.000000,6,6,7,7,8,9,10,10,11,11,11,30642,0,6,9.577908456308506,3.0284199965535663,2104.1982940005255,6802.358951765551
1789883682,50,GET,GET /api/v1/reservas,19.300000,0.000000,6,7,7,7,9,9,11,11,15,15,15,22872,0,7,7.856846717381341,4.633864002244081,311.9985780067509,8965.0
1789883682,50,GET,GET /api/v1/reservas/{id},6.500000,0.000000,4,5,5,5,6,7,8,8,8,8,8,7695,0,5,5.70962105811812,3.0284199965535663,284.6892960005789,442.0
1789883682,50,POST,POST /api/v1/auth/login,0.000000,0.000000,0,0,0,0,0,0,0,0,0,0,0,50,0,1300.0,1369.1218887201103,628.633758999058,2104.1982940005255,1622.0
1789883682,50,POST,POST /api/v1/auth/refresh,0.000000,0.000000,0,0,0,0,0,0,0,0,0,0,0,50,0,29,31.13284232051228,20.492110001214314,55.65531500178622,1622.0
1789883682,50,,Aggregated,25.800000,0.000000,6,6,7,7,8,9,10,11,15,15,15,30667,0,6,9.575441638053807,3.0284199965535663,2104.1982940005255,6802.454429843154
1789883683,50,GET,GET /api/v1/reservas,19.200000,0.000000,6,7,7,7,9,9,11,11,15,15,15,22892,0,7,7.855391964003076,4.633864002244081,311.9985780067509,8965.0
1789883683,50,GET,GET /api/v1/reservas/{id},6.000000,0.000000,4,5,5,5,6,7,8,8,8,8,8,7701,0,5,5.708409158838969,3.0284199965535663,284.6892960005789,442.0
1789883683,50,POST,POST /api/v1/auth/login,0.000000,0.000000,0,0,0,0,0,0,0,0,0,0,0,50,0,1300.0,1369.1218887201103,628.633758999058,2104.1982940005255,1622.0
1789883683,50,POST,POST /api/v1/auth/refresh,0.000000,0.000000,0,0,0,0,0,0,0,0,0,0,0,50,0,29,31.13284232051228,20.492110001214314,55.65531500178622,1622.0
1789883683,50,,Aggregated,25.200000,0.000000,6,6,7,7,8,9,10,11,15,15,15,30693,0,6,9.572176989027088,3.0284199965535663,2104.1982940005255,6802.620206561757
1789883684,50,GET,GET /api/v1/reservas,18.900000,0.000000,6,7,7,7,8,9,11,11,15,15,15,22911,0,7,7.853939341319064,4.633864002244081,311.9985780067509,8965.0
1789883684,50,GET,GET /api/v1/reservas/{id},6.200000,0.000000,4,5,5,5,5,6,7,8,8,8,8,7708,0,5,5.707080859654008,3.0284199965535663,284.6892960005789,442.0
1789883684,50,POST,POST /api/v1/auth/login,0.000000,0.000000,0,0,0,0,0,0,0,0,0,0,0,50,0,1300.0,1369.1218887201103,628.633758999058,2104.1982940005255,1622.0
1789883684,50,POST,POST /api/v1/auth/refresh,0.000000,0.000000,0,0,0,0,0,0,0,0,0,0,0,50,0,29,31.13284232051228,20.492110001214314,55.65531500178622,1622.0
1789883684,50,,Aggregated,25.100000,0.000000,6,6,7,7,8,9,10,11,15,15,15,30719,0,6,9.568817997565198,3.0284199965535663,2104.1982940005255,6802.508252221752
1789883685,50,GET,GET /api/v1/reservas,18.800000,0.000000,6,7,7,7,9,10,11,12,15,15,15,22928,0,7,7.853567728758101,4.633864002244081,311.9985780067509,8965.0
1789883685,50,GET,GET /api/v1/reservas/{id},5.900000,0.000000,4,5,5,5,5,6,8,8,8,8,8,7712,0,5,5.706435932080538,3.0284199965535663,284.6892960005789,442.0
1789883685,50,POST,POST /api/v1/auth/login,0.000000,0.000000,0,0,0,0,0,0,0,0,0,0,0,50,0,1300.0,1369.1218887201103,628.633758999058,2104.1982940005255,1622.0
1789883685,50,POST,POST /api/v1/auth/refresh,0.000000,0.000000,0,0,0,0,0,0,0,0,0,0,0,50,0,29,31.13284232051228,20.492110001214314,55.65531500178622,1622.0
1789883685,50,,Aggregated,24.700000,0.000000,6,6,7,7,8,9,11,11,15,15,15,30740,0,6,9.566928150462003,3.0284199965535663,2104.1982940005255,6802.876512687053
1789883686,50,GET,GET /api/v1/reservas,19.400000,0.000000,6,7,7,7,8,10,11,12,15,15,15,22953,0,7,7.851465144990976,4.633864002244081,311.9985780067509,8965.0
1789883686,50,GET,GET /api/v1/reservas/{id},6.100000,0.000000,4,5,5,5,5,6,8,8,8,8,8,7715,0,5,5.705614243189471,3.0284199965535663,284.6892960005789,442.0
1789883686,50,POST,POST /api/v1/auth/login,0.000000,0.000000,0,0,0,0,0,0,0,0,0,0,0,50,0,1300.0,1369.1218887201103,628.633758999058,2104.1982940005255,1622.0
1789883686,50,POST,POST /api/v1/auth/refresh,0.000000,0.000000,0,0,0,0,0,0,0,0,0,0,0,50,0,29,31.13284232051228,20.492110001214314,55.65531500178622,1622.0
1789883686,50,,Aggregated,25.500000,0.000000,6,6,7,7,8,9,11,11,15,15,15,30768,0,6,9.563385007514814,3.0284199965535663,2104.1982940005255,6804.013098023921
1789883687,50,GET,GET /api/v1/reservas,19.400000,0.000000,6,7,7,7,8,9,11,12,15,15,15,22968,0,7,7.850733934777791,4.633864002244081,311.9985780067509,8965.0
1789883687,50,GET,GET /api/v1/reservas/{id},5.400000,0.000000,4,5,5,5,6,6,6,8,8,8,8,7725,0,5,5.70479644184049,3.0284199965535663,284.6892960005789,442.0
1789883687,50,POST,POST /api/v1/auth/login,0.000000,0.000000,0,0,0,0,0,0,0,0,0,0,0,50,0,1300.0,1369.1218887201103,628.633758999058,2104.1982940005255,1622.0
1789883687,50,POST,POST /api/v1/auth/refresh,0.000000,0.000000,0,0,0,0,0,0,0,0,0,0,0,50,0,29,31.13284232051228,20.492110001214314,55.65531500178622,1622.0
1789883687,50,,Aggregated,24.800000,0.000000,6,6,7,7,8,9,11,11,15,15,15,30793,0,6,9.560547724457676,3.0284199965535663,2104.1982940005255,6802.999707725782
1789883688,50,GET,GET /api/v1/reservas,19.300000,0.000000,6,7,7,8,9,11,24,34,39,39,39,22989,0,7,7.854677930182744,4.633864002244081,311.9985780067509,8965.0
1789883688,50,GET,GET /api/v1/reservas/{id},5.300000,0.000000,5,5,5,5,6,6,8,60,60,60,60,7732,0,5,5.710764178377792,3.0284199965535663,284.6892960005789,442.0
1789883688,50,POST,POST /api/v1/auth/login,0.000000,0.000000,0,0,0,0,0,0,0,0,0,0,0,50,0,1300.0,1369.1218887201103,628.633758999058,2104.1982940005255,1622.0
1789883688,50,POST,POST /api/v1/auth/refresh,0.000000,0.000000,0,0,0,0,0,0,0,0,0,0,0,50,0,29,31.13284232051228,20.492110001214314,55.65531500178622,1622.0
1789883688,50,,Aggregated,24.600000,0.000000,6,7,7,7,8,10,24,34,60,60,60,30821,0,6,9.56294591727132,3.0284199965535663,2104.1982940005255,6803.028097725577
1789883689,50,GET,GET /api/v1/reservas,18.800000,0.000000,6,7,7,8,9,11,24,34,39,39,39,23005,0,7,7.853863636946977,4.633864002244081,311.9985780067509,8965.0
1789883689,50,GET,GET /api/v1/reservas/{id},5.700000,0.000000,4,5,5,5,5,6,6,60,60,60,60,7738,0,5,5.7097143085070945,3.0284199965535663,284.6892960005789,442.0
1789883689,50,POST,POST /api/v1/auth/login,0.000000,0.000000,0,0,0,0,0,0,0,0,0,0,0,50,0,1300.0,1369.1218887201103,628.633758999058,2104.1982940005255,1622.0
1789883689,50,POST,POST /api/v1/auth/refresh,0.000000,0.000000,0,0,0,0,0,0,0,0,0,0,0,50,0,29,31.13284232051228,20.492110001214314,55.65531500178622,1622.0
1789883689,50,,Aggregated,24.500000,0.000000,6,7,7,7,8,11,24,34,60,60,60,30843,0,6,9.560439608313855,3.0284199965535663,2104.1982940005255,6802.912200499303
1789883690,50,GET,GET /api/v1/reservas,18.900000,0.000000,6,7,7,8,9,11,24,34,39,39,39,23028,0,7,7.8521605908435435,4.633864002244081,311.9985780067509,8965.0
1789883690,50,GET,GET /api/v1/reservas/{id},5.900000,0.000000,4,5,5,5,6,6,12,60,60,60,60,7744,0,5,5.709584684946884,3.0284199965535663,284.6892960005789,442.0
1789883690,50,POST,POST /api/v1/auth/login,0.000000,0.000000,0,0,0,0,0,0,0,0,0,0,0,50,0,1300.0,1369.1218887201103,628.633758999058,2104.1982940005255,1622.0
1789883690,50,POST,POST /api/v1/auth/refresh,0.000000,0.000000,0,0,0,0,0,0,0,0,0,0,0,50,0,29,31.13284232051228,20.492110001214314,55.65531500178622,1622.0
1789883690,50,,Aggregated,24.800000,0.000000,6,6,7,7,8,11,24,34,60,60,60,30872,0,6,9.557116948633224,3.0284199965535663,2104.1982940005255,6803.286732314071
1789883691,50,GET,GET /api/v1/reservas,18.500000,0.000000,6,7,8,8,10,12,24,34,39,39,39,23047,0,7,7.853702843101015,4.633864002244081,311.9985780067509,8965.0
1789883691,50,GET,GET /api/v1/reservas/{id},5.900000,0.000000,4,5,5,5,6,11,12,60,60,60,60,7749,0,5,5.710263187667102,3.0284199965535663,284.6892960005789,442.0
1789883691,50,POST,POST /api/v1/auth/login,0.000000,0.000000,0,0,0,0,0,0,0,0,0,0,0,50,0,1300.0,1369.1218887201103,628.633758999058,2104.1982940005255,1622.0
1789883691,50,POST,POST /api/v1/auth/refresh,0.000000,0.000000,0,0,0,0,0,0,0,0,0,0,0,50,0,29,31.13284232051228,20.492110001214314,55.65531500178622,1622.0
1789883691,50,,Aggregated,24.400000,0.000000,6,7,7,8,10,12,24,34,60,60,60,30896,0,6,9.556766423427389,3.0284199965535663,2104.1982940005255,6803.586645520456
1789883692,50,GET,GET /api/v1/reservas,19.500000,0.000000,7,7,8,9,12,15,26,34,39,39,39,23059,0,7,7.857731415063649,4.633864002244081,311.9985780067509,8965.0
1789883692,50,GET,GET /api/v1/reservas/{id},5.800000,0.000000,5,5,6,7,10,13,15,60,60,60,60,7758,0,5,5.714475171854484,3.0284199965535663,284.6892960005789,442.0
1789883692,50,POST,POST /api/v1/auth/login,0.000000,0.000000,0,0,0,0,0,0,0,0,0,0,0,50,0,1300.0,1369.1218887201103,628.633758999058,2104.1982940005255,1622.0
1789883692,50,POST,POST /api/v1/auth/refresh,0.000000,0.000000,0,0,0,0,0,0,0,0,0,0,0,50,0,29,31.13284232051228,20.492110001214314,55.65531500178622,1622.0
1789883692,50,,Aggregated,25.300000,0.000000,6,7,8,9,12,14,26,34,60,60,60,30917,0,6,9.559047243756861,3.0284199965535663,2104.1982940005255,6802.573697318628
1789883693,50,GET,GET /api/v1/reservas,19.400000,0.000000,7,9,11,13,34,150,190,240,250,250,250,23085,0,7,7.96320756646963,4.633864002244081,311.9985780067509,8965.0
1789883693,50,GET,GET /api/v1/reservas/{id},5.800000,0.000000,5,6,7,8,12,40,60,70,70,70,70,7760,0,5,5.727172610469782,3.0284199965535663,284.6892960005789,442.0
1789883693,50,POST,POST /api/v1/auth/login,0.000000,0.000000,0,0,0,0,0,0,0,0,0,0,0,50,0,1300.0,1369.1218887201103,628.633758999058,2104.1982940005255,1622.0
1789883693,50,POST,POST /api/v1/auth/refresh,0.000000,0.000000,0,0,0,0,0,0,0,0,0,0,0,50,0,29,31.13284232051228,20.492110001214314,55.65531500178622,1622.0
1789883693,50,,Aggregated,25.200000,0.000000,7,8,10,12,26,110,190,210,250,250,250,30945,0,6,9.639238735861303,3.0284199965535663,2104.1982940005255,6803.9794797220875
1789883694,50,GET,GET /api/v1/reservas,18.700000,0.000000,7,9,11,13,31,130,190,240,250,250,250,23102,0,7,7.963065246080314,4.633864002244081,311.9985780067509,8965.0
1789883694,50,GET,GET /api/v1/reservas/{id},6.300000,0.000000,5,6,7,8,12,40,60,70,70,70,70,7765,0,5,5.726832015613517,3.0284199965535663,284.6892960005789,442.0
1789883694,50,POST,POST /api/v1/auth/login,0.000000,0.000000,0,0,0,0,0,0,0,0,0,0,0,50,0,1300.0,1369.1218887201103,628.633758999058,2104.1982940005255,1622.0
1789883694,50,POST,POST /api/v1/auth/refresh,0.000000,0.000000,0,0,0,0,0,0,0,0,0,0,0,50,0,29,31.13284232051228,20.492110001214314,55.65531500178622,1622.0
1789883694,50,,Aggregated,25.000000,0.000000,7,8,10,11,26,110,190,210,250,250,250,30967,0,6,9.637495413447137,3.0284199965535663,2104.1982940005255,6804.138599153938
1789883695,50,GET,GET /api/v1/reservas,19.300000,0.000000,7,9,11,13,34,150,190,240,250,250,250,23123,0,7,7.96278607918267,4.633864002244081,311.9985780067509,8965.0
1789883695,50,GET,GET /api/v1/reservas/{id},6.100000,0.000000,5,6,7,8,12,40,60,70,70,70,70,7770,0,5,5.7260775607775365,3.0284199965535663,284.6892960005789,442.0
1789883695,50,POST,POST /api/v1/auth/login,0.000000,0.000000,0,0,0,0,0,0,0,0,0,0,0,50,0,1300.0,1369.1218887201103,628.633758999058,2104.1982940005255,1622.0
1789883695,50,POST,POST /api/v1/auth/refresh,0.000000,0.000000,0,0,0,0,0,0,0,0,0,0,0,50,0,29,31.13284232051228,20.492110001214314,55.65531500178622,1622.0
1789883695,50,,Aggregated,25.400000,0.000000,7,8,10,12,26,110,190,210,250,250,250,30993,0,6,9.635332549550332,3.0284199965535663,2104.1982940005255,6804.576355951343
1789883696,50,GET,GET /api/v1/reservas,19.000000,0.000000,7,9,11,13,34,150,190,240,250,250,250,23139,0,7,7.961604174378936,4.633864002244081,311.9985780067509,8965.0
1789883696,50,GET,GET /api/v1/reservas/{id},6.000000,0.000000,5,6,7,8,12,40,60,70,70,70,70,7777,0,5,5.725089434518189,3.0284199965535663,284.6892960005789,442.0
1789883696,50,POST,POST /api/v1/auth/login,0.000000,0.000000,0,0,0,0,0,0,0,0,0,0,0,50,0,1300.0,1369.1218887201103,628.633758999058,2104.1982940005255,1622.0
1789883696,50,POST,POST /api/v1/auth/refresh,0.000000,0.000000,0,0,0,0,0,0,0,0,0,0,0,50,0,29,31.13284232051228,20.492110001214314,55.65531500178622,1622.0
1789883696,50,,Aggregated,25.000000,0.000000,7,8,10,12,30,110,190,210,250,250,250,31016,0,6,9.632457959609017,3.0284199965535663,2104.1982940005255,6804.254868454991
1789883697,50,GET,GET /api/v1/reservas,19.600000,0.000000,7,9,11,13,26,150,190,240,250,250,250,23164,0,7,7.960579923284312,4.633864002244081,311.9985780067509,8965.0
1789883697,50,GET,GET /api/v1/reservas/{id},6.000000,0.000000,5,5,6,7,11,15,40,70,70,70,70,7787,0,5,5.723979654327349,3.0284199965535663,284.6892960005789,442.0
1789883697,50,POST,POST /api/v1/auth/login,0.000000,0.000000,0,0,0,0,0,0,0,0,0,0,0,50,0,1300.0,1369.1218887201103,628.633758999058,2104.1982940005255,1622.0
1789883697,50,POST,POST /api/v1/auth/refresh,0.000000,0.000000,0,0,0,0,0,0,0,0,0,0,0,50,0,29,31.13284232051228,20.492110001214314,55.65531500178622,1622.0
1789883697,50,,Aggregated,25.600000,0.000000,7,8,10,11,19,110,190,210,250,250,250,31051,0,6,9.628811937239895,3.0284199965535663,2104.1982940005255,6803.9455734114845
1789883698,50,GET,GET /api/v1/reservas,19.100000,0.000000,7,9,11,13,24,130,190,240,250,250,250,23182,0,7,7.960351277195931,4.633864002244081,311.9985780067509,8965.0
1789883698,50,GET,GET /api/v1/reservas/{id},6.000000,0.000000,5,6,7,7,11,15,40,70,70,70,70,7793,0,5,5.723813252436965,3.0284199965535663,284.6892960005789,442.0
1789883698,50,POST,POST /api/v1/auth/login,0.000000,0.000000,0,0,0,0,0,0,0,0,0,0,0,50,0,1300.0,1369.1218887201103,628.633758999058,2104.1982940005255,1622.0
1789883698,50,POST,POST /api/v1/auth/refresh,0.000000,0.000000,0,0,0,0,0,0,0,0,0,0,0,50,0,29,31.13284232051228,20.492110001214314,55.65531500178622,1622.0
1789883698,50,,Aggregated,25.100000,0.000000,7,8,10,11,19,110,190,210,250,250,250,31075,0,6,9.62687937365176,3.0284199965535663,2104.1982940005255,6803.968978278359
1789883699,50,GET,GET /api/v1/reservas,19.300000,0.000000,8,9,11,13,26,150,190,240,250,250,250,23199,0,7,7.959216031594142,4.633864002244081,311.9985780067509,8965.0
1789883699,50,GET,GET /api/v1/reservas/{id},6.000000,0.000000,5,6,7,7,11,15,40,70,70,70,70,7799,0,5,5.72299268742724,3.0284199965535663,284.6892960005789,442.0
1789883699,50,POST,POST /api/v1/auth/login,0.000000,0.000000,0,0,0,0,0,0,0,0,0,0,0,50,0,1300.0,1369.1218887201103,628.633758999058,2104.1982940005255,1622.0
1789883699,50,POST,POST /api/v1/auth/refresh,0.000000,0.000000,0,0,0,0,0,0,0,0,0,0,0,50,0,29,31.13284232051228,20.492110001214314,55.65531500178622,1622.0
1789883699,50,,Aggregated,25.300000,0.000000,7,8,10,11,19,110,190,210,250,250,250,31098,0,6,9.62416262261974,3.0284199965535663,2104.1982940005255,6803.922856775355
1789883700,50,GET,GET /api/v1/reservas,19.000000,0.000000,7,9,10,13,30,150,190,240,250,250,250,23208,0,7,7.958767519904916,4.633864002244081,311.9985780067509,8965.0
1789883700,50,GET,GET /api/v1/reservas/{id},6.300000,0.000000,5,5,6,7,10,13,40,70,70,70,70,7811,0,5,5.721206958036277,3.0284199965535663,284.6892960005789,442.0
1789883700,50,POST,POST /api/v1/auth/login,0.000000,0.000000,0,0,0,0,0,0,0,0,0,0,0,50,0,1300.0,1369.1218887201103,628.633758999058,2104.1982940005255,1622.0
1789883700,50,POST,POST /api/v1/auth/refresh,0.000000,0.000000,0,0,0,0,0,0,0,0,0,0,0,50,0,29,31.13284232051228,20.492110001214314,55.65531500178622,1622.0
1789883700,50,,Aggregated,25.300000,0.000000,7,8,9,10,19,110,190,210,250,250,250,31119,0,6,9.62139402626067,3.0284199965535663,2104.1982940005255,6802.094604582409
1789883701,50,GET,GET /api/v1/reservas,19.100000,0.000000,7,8,9,10,22,150,190,240,250,250,250,23227,0,7,7.958875911393475,4.633864002244081,311.9985780067509,8965.0
1789883701,50,GET,GET /api/v1/reservas/{id},6.000000,0.000000,5,5,6,6,8,26,40,70,70,70,70,7817,0,5,5.724581840375971,3.0284199965535663,284.6892960005789,442.0
1789883701,50,POST,POST /api/v1/auth/login,0.000000,0.000000,0,0,0,0,0,0,0,0,0,0,0,50,0,1300.0,1369.1218887201103,628.633758999058,2104.1982940005255,1622.0
1789883701,50,POST,POST /api/v1/auth/refresh,0.000000,0.000000,0,0,0,0,0,0,0,0,0,0,0,50,0,29,31.13284232051228,20.492110001214314,55.65531500178622,1622.0
1789883701,50,,Aggregated,25.100000,0.000000,7,8,8,9,15,110,190,210,250,250,250,31144,0,6,9.620556241721884,3.0284199965535663,2104.1982940005255,6802.188832519908
1789883702,50,GET,GET /api/v1/reservas,18.100000,0.000000,7,8,8,8,10,13,19,28,30,30,30,23247,0,7,7.9595339955664475,4.633864002244081,311.9985780067509,8965.0
1789883702,50,GET,GET /api/v1/reservas/{id},6.300000,0.000000,5,5,5,6,7,8,12,26,26,26,26,7822,0,5,5.724048602049108,3.0284199965535663,284.6892960005789,442.0
1789883702,50,POST,POST /api/v1/auth/login,0.000000,0.000000,0,0,0,0,0,0,0,0,0,0,0,50,0,1300.0,1369.1218887201103,628.633758999058,2104.1982940005255,1622.0
1789883702,50,POST,POST /api/v1/auth/refresh,0.000000,0.000000,0,0,0,0,0,0,0,0,0,0,0,50,0,29,31.13284232051228,20.492110001214314,55.65531500178622,1622.0
1789883702,50,,Aggregated,24.400000,0.000000,6,7,8,8,9,12,19,26,30,30,30,31169,0,6,9.619222031896834,3.0284199965535663,2104.1982940005255,6802.5563540697485
1789883703,50,GET,GET /api/v1/reservas,18.000000,0.000000,7,7,8,8,9,11,15,24,28,28,28,23267,0,7,7.95827552778325,4.633864002244081,311.9985780067509,8965.0
1789883703,50,GET,GET /api/v1/reservas/{id},7.100000,0.000000,5,5,6,6,7,8,12,26,26,26,26,7832,0,5,5.724345734198677,3.0284199965535663,284.6892960005789,442.0
1789883703,50,POST,POST /api/v1/auth/login,0.000000,0.000000,0,0,0,0,0,0,0,0,0,0,0,50,0,1300.0,1369.1218887201103,628.633758999058,2104.1982940005255,1622.0
1789883703,50,POST,POST /api/v1/auth/refresh,0.000000,0.000000,0,0,0,0,0,0,0,0,0,0,0,50,0,29,31.13284232051228,20.492110001214314,55.65531500178622,1622.0
1789883703,50,,Aggregated,25.100000,0.000000,6,7,7,8,9,11,15,24,28,28,28,31199,0,6,9.616045676053979,3.0284199965535663,2104.1982940005255,6801.903875124202
1789883704,50,GET,GET /api/v1/reservas,18.700000,0.000000,7,7,8,8,9,11,15,24,28,28,28,23287,0,7,7.956719846134619,4.633864002244081,311.9985780067509,8965.0
1789883704,50,GET,GET /api/v1/reservas/{id},6.400000,0.000000,5,5,5,6,7,8,12,26,26,26,26,7836,0,5,5.723487038570823,3.0284199965535663,284.6892960005789,442.0
1789883704,50,POST,POST /api/v1/auth/login,0.000000,0.000000,0,0,0,0,0,0,0,0,0,0,0,50,0,1300.0,1369.1218887201103,628.633758999058,2104.1982940005255,1622.0
1789883704,50,POST,POST /api/v1/auth/refresh,0.000000,0.000000,0,0,0,0,0,0,0,0,0,0,0,50,0,29,31.13284232051228,20.492110001214314,55.65531500178622,1622.0
1789883704,50,,Aggregated,25.100000,0.000000,6,7,7,8,8,11,15,24,28,28,28,31223,0,6,9.613109439938794,3.0284199965535663,2104.1982940005255,6802.474682125357
1789883705,50,GET,GET /api/v1/reservas,17.900000,0.000000,7,7,8,8,9,10,15,24,28,28,28,23302,0,7,7.956037950344847,4.633864002244081,311.9985780067509,8965.0
1789883705,50,GET,GET /api/v1/reservas/{id},6.800000,0.000000,5,5,6,6,7,8,12,26,26,26,26,7844,0,5,5.722609935779021,3.0284199965535663,284.6892960005789,442.0
1789883705,50,POST,POST /api/v1/auth/login,0.000000,0.000000,0,0,0,0,0,0,0,0,0,0,0,50,0,1300.0,1369.1218887201103,628.633758999058,2104.1982940005255,1622.0
1789883705,50,POST,POST /api/v1/auth/refresh,0.000000,0.000000,0,0,0,0,0,0,0,0,0,0,0,50,0,29,31.13284232051228,20.492110001214314,55.65531500178622,1622.0
1789883705,50,,Aggregated,24.700000,0.000000,6,7,7,8,8,10,15,24,28,28,28,31246,0,6,9.610589682110266,3.0284199965535663,2104.1982940005255,6801.884337195161
1789883706,50,GET,GET /api/v1/reservas,18.200000,0.000000,7,7,8,8,9,11,15,24,28,28,28,23321,0,7,7.955049606917843,4.633864002244081,311.9985780067509,8965.0
1789883706,50,GET,GET /api/v1/reservas/{id},7.000000,0.000000,5,5,6,6,7,8,12,26,26,26,26,7848,0,5,5.722150104517955,3.0284199965535663,284.6892960005789,442.0
1789883706,50,POST,POST /api/v1/auth/login,0.000000,0.000000,0,0,0,0,0,0,0,0,0,0,0,50,0,1300.0,1369.1218887201103,628.633758999058,2104.1982940005255,1622.0
1789883706,50,POST,POST /api/v1/auth/refresh,0.000000,0.000000,0,0,0,0,0,0,0,0,0,0,0,50,0,29,31.13284232051228,20.492110001214314,55.65531500178622,1622.0
1789883706,50,,Aggregated,25.200000,0.000000,6,7,7,8,9,11,15,24,28,28,28,31269,0,6,9.608234432032335,3.0284199965535663,2104.1982940005255,6802.385141833765
1789883707,50,GET,GET /api/v1/reservas,18.000000,0.000000,7,7,7,8,9,10,15,24,28,28,28,23339,0,7,7.953404901621075,4.633864002244081,311.9985780067509,8965.0
1789883707,50,GET,GET /api/v1/reservas/{id},7.100000,0.000000,5,5,6,6,7,8,12,26,26,26,26,7854,0,5,5.721239779890249,3.0284199965535663,284.6892960005789,442.0
1789883707,50,POST,POST /api/v1/auth/login,0.000000,0.000000,0,0,0,0,0,0,0,0,0,0,0,50,0,1300.0,1369.1218887201103,628.633758999058,2104.1982940005255,1622.0
1789883707,50,POST,POST /api/v1/auth/refresh,0.000000,0.000000,0,0,0,0,0,0,0,0,0,0,0,50,0,29,31.13284232051228,20.492110001214314,55.65531500178622,1622.0
1789883707,50,,Aggregated,25.100000,0.000000,6,7,7,7,8,10,15,24,28,28,28,31293,0,6,9.605083270451008,3.0284199965535663,2104.1982940005255,6802.409580417346
1789883708,50,GET,GET /api/v1/reservas,18.000000,0.000000,6,7,7,7,8,9,12,24,28,28,28,23363,0,7,7.951798891749135,4.633864002244081,311.9985780067509,8965.0
1789883708,50,GET,GET /api/v1/reservas/{id},7.200000,0.000000,5,5,6,6,7,8,12,26,26,26,26,7863,0,5,5.720240608580418,3.0284199965535663,284.6892960005789,442.0
1789883708,50,POST,POST /api/v1/auth/login,0.000000,0.000000,0,0,0,0,0,0,0,0,0,0,0,50,0,1300.0,1369.1218887201103,628.633758999058,2104.1982940005255,1622.0
1789883708,50,POST,POST /api/v1/auth/refresh,0.000000,0.000000,0,0,0,0,0,0,0,0,0,0,0,50,0,29,31.13284232051228,20.492110001214314,55.65531500178622,1622.0
1789883708,50,,Aggregated,25.200000,0.000000,6,7,7,7,8,9,12,24,28,28,28,31326,0,6,9.601253462466769,3.0284199965535663,2104.1982940005255,6802.239066590053
1789883709,50,GET,GET /api/v1/reservas,17.800000,0.000000,6,7,7,8,9,11,13,24,28,28,28,23385,0,7,7.951424264526068,4.633864002244081,311.9985780067509,8965.0
1789883709,50,GET,GET /api/v1/reservas/{id},7.000000,0.000000,5,5,6,6,7,8,12,26,26,26,26,7868,0,5,5.719403490629873,3.0284199965535663,284.6892960005789,442.0
1789883709,50,POST,POST /api/v1/auth/login,0.000000,0.000000,0,0,0,0,0,0,0,0,0,0,0,50,0,1300.0,1369.1218887201103,628.633758999058,2104.1982940005255,1622.0
1789883709,50,POST,POST /api/v1/auth/refresh,0.000000,0.000000,0,0,0,0,0,0,0,0,0,0,0,50,0,29,31.13284232051228,20.492110001214314,55.65531500178622,1622.0
1789883709,50,,Aggregated,24.800000,0.000000,6,7,7,7,9,10,13,24,28,28,28,31353,0,6,9.59898764527315,3.0284199965535663,2104.1982940005255,6802.74235320384
1789883710,50,GET,GET /api/v1/reservas,18.500000,0.000000,6,7,7,7,9,10,12,24,28,28,28,23402,0,7,7.950441133746795,4.633864002244081,311.9985780067509,8965.0
1789883710,50,GET,GET /api/v1/reservas/{id},6.800000,0.000000,5,5,6,6,6,8,8,11,11,11,11,7874,0,5,5.718770107858425,3.0284199965535663,284.6892960005789,442.0
1789883710,50,POST,POST /api/v1/auth/login,0.000000,0.000000,0,0,0,0,0,0,0,0,0,0,0,50,0,1300.0,1369.1218887201103,628.633758999058,2104.1982940005255,1622.0
1789883710,50,POST,POST /api/v1/auth/refresh,0.000000,0.000000,0,0,0,0,0,0,0,0,0,0,0,50,0,29,31.13284232051228,20.492110001214314,55.65531500178622,1622.0
1789883710,50,,Aggregated,25.300000,0.000000,6,7,7,7,8,10,12,13,28,28,28,31376,0,6,9.596460855215797,3.0284199965535663,2104.1982940005255,6802.697539520653
1789883711,50,GET,GET /api/v1/reservas,18.500000,0.000000,6,7,7,8,9,10,13,15,18,18,18,23425,0,7,7.950818800980428,4.633864002244081,311.9985780067509,8965.0
1789883711,50,GET,GET /api/v1/reservas/{id},6.700000,0.000000,5,5,6,6,8,8,10,11,11,11,11,7880,0,5,5.719442968563322,3.0284199965535663,284.6892960005789,442.0
1789883711,50,POST,POST /api/v1/auth/login,0.000000,0.000000,0,0,0,0,0,0,0,0,0,0,0,50,0,1300.0,1369.1218887201103,628.633758999058,2104.1982940005255,1622.0
1789883711,50,POST,POST /api/v1/auth/refresh,0.000000,0.000000,0,0,0,0,0,0,0,0,0,0,0,50,0,29,31.13284232051228,20.492110001214314,55.65531500178622,1622.0
1789883711,50,,Aggregated,25.200000,0.000000,6,7,7,7,9,10,12,13,18,18,18,31405,0,6,9.594965055159262,3.0284199965535663,2104.1982940005255,6803.065913071167
1789883712,50,GET,GET /api/v1/reservas,18.800000,0.000000,6,7,7,7,9,10,13,15,18,18,18,23442,0,7,7.949440506567062,4.633864002244081,311.9985780067509,8965.0
1789883712,50,GET,GET /api/v1/reservas/{id},6.600000,0.000000,4,5,6,6,6,8,8,10,10,10,10,7887,0,5,5.717754859043555,3.0284199965535663,284.6892960005789,442.0
1789883712,50,POST,POST /api/v1/auth/login,0.000000,0.000000,0,0,0,0,0,0,0,0,0,0,0,50,0,1300.0,1369.1218887201103,628.633758999058,2104.1982940005255,1622.0
1789883712,50,POST,POST /api/v1/auth/refresh,0.000000,0.000000,0,0,0,0,0,0,0,0,0,0,0,50,0,29,31.13284232051228,20.492110001214314,55.65531500178622,1622.0
1789883712,50,,Aggregated,25.400000,0.000000,6,6,7,7,9,10,12,13,18,18,18,31429,0,6,9.591760904904792,3.0284199965535663,2104.1982940005255,6802.8185433835
1789883713,50,GET,GET /api/v1/reservas,19.300000,0.000000,6,7,7,7,9,10,13,15,18,18,18,23463,0,7,7.947441886927054,4.633864002244081,311.9985780067509,8965.0
1789883713,50,GET,GET /api/v1/reservas/{id},6.100000,0.000000,4,5,5,6,6,8,8,10,10,10,10,7893,0,5,5.716807566104973,3.0284199965535663,284.6892960005789,442.0
1789883713,50,POST,POST /api/v1/auth/login,0.000000,0.000000,0,0,0,0,0,0,0,0,0,0,0,50,0,1300.0,1369.1218887201103,628.633758999058,2104.1982940005255,1622.0
1789883713,50,POST,POST /api/v1/auth/refresh,0.000000,0.000000,0,0,0,0,0,0,0,0,0,0,0,50,0,29,31.13284232051228,20.492110001214314,55.65531500178622,1622.0
1789883713,50,,Aggregated,25.400000,0.000000,6,6,7,7,9,10,12,13,18,18,18,31456,0,6,9.588197090039012,3.0284199965535663,2104.1982940005255,6803.04873474059
1789883714,50,GET,GET /api/v1/reservas,19.300000,0.000000,6,7,7,8,9,10,13,15,18,18,18,23480,0,7,7.947091996762225,4.633864002244081,311.9985780067509,8965.0
1789883714,50,GET,GET /api/v1/reservas/{id},6.600000,0.000000,5,5,5,6,6,8,8,10,10,10,10,7897,0,5,5.71608252884155,3.0284199965535663,284.6892960005789,442.0
1789883714,50,POST,POST /api/v1/auth/login,0.000000,0.000000,0,0,0,0,0,0,0,0,0,0,0,50,0,1300.0,1369.1218887201103,628.633758999058,2104.1982940005255,1622.0
1789883714,50,POST,POST /api/v1/auth/refresh,0.000000,0.000000,0,0,0,0,0,0,0,0,0,0,0,50,0,29,31.13284232051228,20.492110001214314,55.65531500178622,1622.0
1789883714,50,,Aggregated,25.900000,0.000000,6,6,7,7,9,10,13,13,18,18,18,31477,0,6,9.586376095761029,3.0284199965535663,2104.1982940005255,6803.408012199384
1789883715,50,GET,GET /api/v1/reservas,19.600000,0.000000,6,7,7,7,9,10,13,15,18,18,18,23492,0,7,7.946022067894356,4.633864002244081,311.9985780067509,8965.0
1789883715,50,GET,GET /api/v1/reservas/{id},6.400000,0.000000,4,5,5,5,6,8,8,10,10,10,10,7906,0,5,5.714218754271066,3.0284199965535663,284.6892960005789,442.0
1789883715,50,POST,POST /api/v1/auth/login,0.000000,0.000000,0,0,0,0,0,0,0,0,0,0,0,50,0,1300.0,1369.1218887201103,628.633758999058,2104.1982940005255,1622.0
1789883715,50,POST,POST /api/v1/auth/refresh,0.000000,0.000000,0,0,0,0,0,0,0,0,0,0,0,50,0,29,31.13284232051228,20.492110001214314,55.65531500178622,1622.0
1789883715,50,,Aggregated,26.000000,0.000000,6,6,7,7,9,10,13,13,18,18,18,31498,0,6,9.58337991117761,3.0284199965535663,2104.1982940005255,6802.413867547146
1789883716,50,GET,GET /api/v1/reservas,19.800000,0.000000,6,7,7,8,10,12,13,15,18,18,18,23515,0,7,7.94564546421272,4.633864002244081,311.9985780067509,8965.0
1789883716,50,GET,GET /api/v1/reservas/{id},6.100000,0.000000,4,5,5,6,6,8,8,10,10,10,10,7912,0,5,5.713690142602267,3.0284199965535663,284.6892960005789,442.0
1789883716,50,POST,POST /api/v1/auth/login,0.000000,0.000000,0,0,0,0,0,0,0,0,0,0,0,50,0,1300.0,1369.1218887201103,628.633758999058,2104.1982940005255,1622.0
1789883716,50,POST,POST /api/v1/auth/refresh,0.000000,0.000000,0,0,0,0,0,0,0,0,0,0,0,50,0,29,31.13284232051228,20.492110001214314,55.65531500178622,1622.0
1789883716,50,,Aggregated,25.900000,0.000000,6,6,7,7,9,10,13,14,18,18,18,31527,0,6,9.581035495012603,3.0284199965535663,2104.1982940005255,6802.781076537571
1789883717,50,GET,GET /api/v1/reservas,19.100000,0.000000,6,7,7,8,10,12,13,15,18,18,18,23534,0,7,7.944826575930588,4.633864002244081,311.9985780067509,8965.0
1789883717,50,GET,GET /api/v1/reservas/{id},6.400000,0.000000,4,5,5,5,6,8,8,10,10,10,10,7916,0,5,5.713038270246843,3.0284199965535663,284.6892960005789,442.0
1789883717,50,POST,POST /api/v1/auth/login,0.000000,0.000000,0,0,0,0,0,0,0,0,0,0,0,50,0,1300.0,1369.1218887201103,628.633758999058,2104.1982940005255,1622.0
1789883717,50,POST,POST /api/v1/auth/refresh,0.000000,0.000000,0,0,0,0,0,0,0,0,0,0,0,50,0,29,31.13284232051228,20.492110001214314,55.65531500178622,1622.0
1789883717,50,,Aggregated,25.500000,0.000000,6,7,7,7,9,10,13,14,18,18,18,31550,0,6,9.578785931450255,3.0284199965535663,2104.1982940005255,6803.27676703645
1789883718,50,GET,GET /api/v1/reservas,19.000000,0.000000,6,7,7,8,9,10,13,15,18,18,18,23557,0,7,7.943677239544559,4.633864002244081,311.9985780067509,8965.0
1789883718,50,GET,GET /api/v1/reservas/{id},6.200000,0.000000,4,5,5,5,6,8,8,10,10,10,10,7921,0,5,5.712207462097324,3.0284199965535663,284.6892960005789,442.0
1789883718,50,POST,POST /api/v1/auth/login,0.000000,0.000000,0,0,0,0,0,0,0,0,0,0,0,50,0,1300.0,1369.1218887201103,628.633758999058,2104.1982940005255,1622.0
1789883718,50,POST,POST /api/v1/auth/refresh,0.000000,0.000000,0,0,0,0,0,0,0,0,0,0,0,50,0,29,31.13284232051228,20.492110001214314,55.65531500178622,1622.0
1789883718,50,,Aggregated,25.200000,0.000000,6,7,7,7,9,10,13,14,18,18,18,31578,0,6,9.57591793626117,3.0284199965535663,2104.1982940005255,6803.844036987776
1789883719,50,GET,GET /api/v1/reservas,19.400000,0.000000,6,7,7,8,10,11,13,15,18,18,18,23575,0,7,7.943228504219026,4.633864002244081,311.9985780067509,8965.0
1789883719,50,GET,GET /api/v1/reservas/{id},6.100000,0.000000,4,5,5,5,6,8,8,10,10,10,10,7922,0,5,5.712022005588786,3.0284199965535663,284.6892960005789,442.0
1789883719,50,POST,POST /api/v1/auth/login,0.000000,0.000000,0,0,0,0,0,0,0,0,0,0,0,50,0,1300.0,1369.1218887201103,628.633758999058,2104.1982940005255,1622.0
1789883719,50,POST,POST /api/v1/auth/refresh,0.000000,0.000000,0,0,0,0,0,0,0,0,0,0,0,50,0,29,31.13284232051228,20.492110001214314,55.65531500178622,1622.0
1789883719,50,,Aggregated,25.500000,0.000000,6,7,7,8,9,10,13,14,18,18,18,31597,0,6,9.574484503822168,3.0284199965535663,2104.1982940005255,6804.873848783112
1789883720,50,GET,GET /api/v1/reservas,18.900000,0.000000,6,7,7,7,9,10,13,14,18,18,18,23600,0,7,7.941424558557012,4.633864002244081,311.9985780067509,8965.0
1789883720,50,GET,GET /api/v1/reservas/{id},6.000000,0.000000,4,4,5,5,5,6,7,8,8,8,8,7930,0,5,5.710471268508904,3.0284199965535663,284.6892960005789,442.0
1789883720,50,POST,POST /api/v1/auth/login,0.000000,0.000000,0,0,0,0,0,0,0,0,0,0,0,50,0,1300.0,1369.1218887201103,628.633758999058,2104.1982940005255,1622.0
1789883720,50,POST,POST /api/v1/auth/refresh,0.000000,0.000000,0,0,0,0,0,0,0,0,0,0,0,50,0,29,31.13284232051228,20.492110001214314,55.65531500178622,1622.0
1789883720,50,,Aggregated,24.900000,0.000000,6,6,7,7,9,10,13,13,18,18,18,31630,0,6,9.570483505951698,3.0284199965535663,2104.1982940005255,6804.971862156181
1789883721,50,GET,GET /api/v1/reservas,18.900000,0.000000,6,7,7,8,9,10,13,14,29,29,29,23614,0,7,7.941750726388561,4.633864002244081,311.9985780067509,8965.0
1789883721,50,GET,GET /api/v1/reservas/{id},5.700000,0.000000,4,5,5,5,6,7,10,10,10,10,10,7935,0,5,5.710752992095967,3.0284199965535663,284.6892960005789,442.0
1789883721,50,POST,POST /api/v1/auth/login,0.000000,0.000000,0,0,0,0,0,0,0,0,0,0,0,50,0,1300.0,1369.1218887201103,628.633758999058,2104.1982940005255,1622.0
1789883721,50,POST,POST /api/v1/auth/refresh,0.000000,0.000000,0,0,0,0,0,0,0,0,0,0,0,50,0,29,31.13284232051228,20.492110001214314,55.65531500178622,1622.0
1789883721,50,,Aggregated,24.600000,0.000000,6,7,7,7,9,10,13,13,29,29,29,31649,0,6,9.569467066803124,3.0284199965535663,2104.1982940005255,6804.922114442795
1789883722,50,GET,GET /api/v1/reservas,19.600000,0.000000,6,7,7,8,9,10,13,14,29,29,29,23629,0,7,7.940544775527693,4.633864002244081,311.9985780067509,8965.0
1789883722,50,GET,GET /api/v1/reservas/{id},5.200000,0.000000,4,5,5,5,6,7,10,10,10,10,10,7942,0,5,5.709871514894134,3.0284199965535663,284.6892960005789,442.0
1789883722,50,POST,POST /api/v1/auth/login,0.000000,0.000000,0,0,0,0,0,0,0,0,0,0,0,50,0,1300.0,1369.1218887201103,628.633758999058,2104.1982940005255,1622.0
1789883722,50,POST,POST /api/v1/auth/refresh,0.000000,0.000000,0,0,0,0,0,0,0,0,0,0,0,50,0,29,31.13284232051228,20.492110001214314,55.65531500178622,1622.0
1789883722,50,,Aggregated,24.800000,0.000000,6,7,7,7,9,10,13,13,29,29,29,31671,0,6,9.566722510317458,3.0284199965535663,2104.1982940005255,6804.538821003442
1789883723,50,GET,GET /api/v1/reservas,19.300000,0.000000,6,7,7,8,9,10,13,14,29,29,29,23652,0,7,7.938715002745894,4.633864002244081,311.9985780067509,8965.0
1789883723,50,GET,GET /api/v1/reservas/{id},5.500000,0.000000,4,5,5,5,6,7,8,10,10,10,10,7952,0,5,5.7078548146749695,3.0284199965535663,284.6892960005789,442.0
1789883723,50,POST,POST /api/v1/auth/login,0.000000,0.000000,0,0,0,0,0,0,0,0,0,0,0,50,0,1300.0,1369.1218887201103,628.633758999058,2104.1982940005255,1622.0
1789883723,50,POST,POST /api/v1/auth/refresh,0.000000,0.000000,0,0,0,0,0,0,0,0,0,0,0,50,0,29,31.13284232051228,20.492110001214314,55.65531500178622,1622.0
1789883723,50,,Aggregated,24.800000,0.000000,6,7,7,7,8,10,12,13,29,29,29,31704,0,6,9.562455377342681,3.0284199965535663,2104.1982940005255,6804.099293464547
1789883724,50,GET,GET /api/v1/reservas,18.800000,0.000000,6,7,7,8,9,10,13,14,29,29,29,23664,0,7,7.938667771803078,4.633864002244081,311.9985780067509,8965.0
1789883724,50,GET,GET /api/v1/reservas/{id},5.400000,0.000000,4,5,5,5,6,7,8,10,10,10,10,7956,0,5,5.707285261978715,3.0284199965535663,284.6892960005789,442.0
1789883724,50,POST,POST /api/v1/auth/login,0.000000,0.000000,0,0,0,0,0,0,0,0,0,0,0,50,0,1300.0,1369.1218887201103,628.633758999058,2104.1982940005255,1622.0
1789883724,50,POST,POST /api/v1/auth/refresh,0.000000,0.000000,0,0,0,0,0,0,0,0,0,0,0,50,0,29,31.13284232051228,20.492110001214314,55.65531500178622,1622.0
1789883724,50,,Aggregated,24.200000,0.000000,6,7,7,7,9,10,12,13,29,29,29,31720,0,6,9.56117693090422,3.0284199965535663,2104.1982940005255,6804.114501891551
1789883725,50,GET,GET /api/v1/reservas,19.000000,0.000000,6,7,7,8,8,10,11,13,29,29,29,23680,0,7,7.937165895562836,4.633864002244081,311.9985780067509,8965.0
1789883725,50,GET,GET /api/v1/reservas/{id},5.600000,0.000000,4,5,5,5,6,7,7,10,10,10,10,7968,0,5,5.70521047958012,3.0284199965535663,284.6892960005789,442.0
1789883725,50,POST,POST /api/v1/auth/login,0.000000,0.000000,0,0,0,0,0,0,0,0,0,0,0,50,0,1300.0,1369.1218887201103,628.633758999058,2104.1982940005255,1622.0
1789883725,50,POST,POST /api/v1/auth/refresh,0.000000,0.000000,0,0,0,0,0,0,0,0,0,0,0,50,0,29,31.13284232051228,20.492110001214314,55.65531500178622,1622.0
1789883725,50,,Aggregated,24.600000,0.000000,6,6,7,7,8,9,11,12,29,29,29,31748,0,6,9.557261624677254,3.0284199965535663,2104.1982940005255,6802.798790474991
1789883726,50,GET,GET /api/v1/reservas,18.300000,0.000000,6,7,7,8,9,10,11,13,29,29,29,23701,0,7,7.936334002022714,4.633864002244081,311.9985780067509,8965.0
1789883726,50,GET,GET /api/v1/reservas/{id},6.000000,0.000000,4,5,5,5,6,7,7,10,10,10,10,7970,0,5,5.704929258380716,3.0284199965535663,284.6892960005789,442.0
1789883726,50,POST,POST /api/v1/auth/login,0.000000,0.000000,0,0,0,0,0,0,0,0,0,0,0,50,0,1300.0,1369.1218887201103,628.633758999058,2104.1982940005255,1622.0
1789883726,50,POST,POST /api/v1/auth/refresh,0.000000,0.000000,0,0,0,0,0,0,0,0,0,0,0,50,0,29,31.13284232051228,20.492110001214314,55.65531500178622,1622.0
1789883726,50,,Aggregated,24.300000,0.000000,6,7,7,7,8,9,10,12,29,29,29,31771,0,6,9.555257150334134,3.0284199965535663,2104.1982940005255,6803.8275471341785
1789883727,50,GET,GET /api/v1/reservas,18.600000,0.000000,6,7,7,7,8,9,11,13,29,29,29,23720,0,7,7.934827826346739,4.633864002244081,311.9985780067509,8965.0
1789883727,50,GET,GET /api/v1/reservas/{id},6.100000,0.000000,4,5,5,5,5,6,7,10,10,10,10,7971,0,5,5.704631869563654,3.0284199965535663,284.6892960005789,442.0
1789883727,50,POST,POST /api/v1/auth/login,0.000000,0.000000,0,0,0,0,0,0,0,0,0,0,0,50,0,1300.0,1369.1218887201103,628.633758999058,2104.1982940005255,1622.0
1789883727,50,POST,POST /api/v1/auth/refresh,0.000000,0.000000,0,0,0,0,0,0,0,0,0,0,0,50,0,29,31.13284232051228,20.492110001214314,55.65531500178622,1622.0
1789883727,50,,Aggregated,24.700000,0.000000,6,6,7,7,8,9,10,12,29,29,29,31791,0,6,9.552970124414697,3.0284199965535663,2104.1982940005255,6804.919065144223
1789883728,50,GET,GET /api/v1/reservas,18.800000,0.000000,6,7,7,7,8,10,11,14,29,29,29,23740,0,7,7.934595031842996,4.633864002244081,311.9985780067509,8965.0
1789883728,50,GET,GET /api/v1/reservas/{id},6.000000,0.000000,4,5,5,5,6,7,10,13,13,13,13,7979,0,5,5.7046346857114525,3.0284199965535663,284.6892960005789,442.0
1789883728,50,POST,POST /api/v1/auth/login,0.000000,0.000000,0,0,0,0,0,0,0,0,0,0,0,50,0,1300.0,1369.1218887201103,628.633758999058,2104.1982940005255,1622.0
1789883728,50,POST,POST /api/v1/auth/refresh,0.000000,0.000000,0,0,0,0,0,0,0,0,0,0,0,50,0,29,31.13284232051228,20.492110001214314,55.65531500178622,1622.0
1789883728,50,,Aggregated,24.800000,0.000000,6,6,7,7,8,9,11,13,29,29,29,31819,0,6,9.55081249458737,3.0284199965535663,2104.1982940005255,6804.677016876709
1789883729,50,GET,GET /api/v1/reservas,18.200000,0.000000,6,7,7,8,9,10,11,14,29,29,29,23751,0,7,7.9343570779738615,4.633864002244081,311.9985780067509,8965.0
1789883729,50,GET,GET /api/v1/reservas/{id},5.600000,0.000000,4,5,5,5,6,7,10,13,13,13,13,7988,0,5,5.703364977505158,3.0284199965535663,284.6892960005789,442.0
1789883729,50,POST,POST /api/v1/auth/login,0.000000,0.000000,0,0,0,0,0,0,0,0,0,0,0,50,0,1300.0,1369.1218887201103,628.633758999058,2104.1982940005255,1622.0
1789883729,50,POST,POST /api/v1/auth/refresh,0.000000,0.000000,0,0,0,0,0,0,0,0,0,0,0,50,0,29,31.13284232051228,20.492110001214314,55.65531500178622,1622.0
1789883729,50,,Aggregated,23.800000,0.000000,6,6,7,7,8,10,11,13,29,29,29,31839,0,6,9.548670842403954,3.0284199965535663,2104.1982940005255,6803.624831181884
1789883730,50,GET,GET /api/v1/reservas,18.800000,0.000000,6,7,7,8,9,10,11,14,29,29,29,23771,0,7,7.933156818096643,4.633864002244081,311.9985780067509,8965.0
1789883730,50,GET,GET /api/v1/reservas/{id},5.700000,0.000000,4,5,5,5,6,8,10,13,13,13,13,8002,0,5,5.700891076894611,3.0284199965535663,284.6892960005789,442.0
1789883730,50,POST,POST /api/v1/auth/login,0.000000,0.000000,0,0,0,0,0,0,0,0,0,0,0,50,0,1300.0,1369.1218887201103,628.633758999058,2104.1982940005255,1622.0
1789883730,50,POST,POST /api/v1/auth/refresh,0.000000,0.000000,0,0,0,0,0,0,0,0,0,0,0,50,0,29,31.13284232051228,20.492110001214314,55.65531500178622,1622.0
1789883730,50,,Aggregated,24.500000,0.000000,6,6,7,7,8,10,11,13,29,29,29,31873,0,6,9.544452598510247,3.0284199965535663,2104.1982940005255,6802.186772503373
1789883731,50,GET,GET /api/v1/reservas,18.100000,0.000000,6,7,7,8,9,11,13,19,27,27,27,23784,0,7,7.933748512949521,4.633864002244081,311.9985780067509,8965.0
1789883731,50,GET,GET /api/v1/reservas/{id},6.500000,0.000000,4,5,5,5,6,7,8,13,13,13,13,8007,0,5,5.700110993168867,3.0284199965535663,284.6892960005789,442.0
1789883731,50,POST,POST /api/v1/auth/login,0.000000,0.000000,0,0,0,0,0,0,0,0,0,0,0,50,0,1300.0,1369.1218887201103,628.633758999058,2104.1982940005255,1622.0
1789883731,50,POST,POST /api/v1/auth/refresh,0.000000,0.000000,0,0,0,0,0,0,0,0,0,0,0,50,0,29,31.13284232051228,20.492110001214314,55.65531500178622,1622.0
1789883731,50,,Aggregated,24.600000,0.000000,6,6,7,7,8,10,13,14,27,27,27,31891,0,6,9.543438584751987,3.0284199965535663,2104.1982940005255,6802.071242670346
1789883732,50,GET,GET /api/v1/reservas,17.200000,0.000000,6,7,8,8,10,11,19,31,39,39,39,23807,0,7,7.9360272455586065,4.633864002244081,311.9985780067509,8965.0
1789883732,50,GET,GET /api/v1/reservas/{id},7.400000,0.000000,4,5,5,5,6,8,8,13,13,13,13,8012,0,5,5.700220550461218,3.0284199965535663,284.6892960005789,442.0
1789883732,50,POST,POST /api/v1/auth/login,0.000000,0.000000,0,0,0,0,0,0,0,0,0,0,0,50,0,1300.0,1369.1218887201103,628.633758999058,2104.1982940005255,1622.0
1789883732,50,POST,POST /api/v1/auth/refresh,0.000000,0.000000,0,0,0,0,0,0,0,0,0,0,0,50,0,29,31.13284232051228,20.492110001214314,55.65531500178622,1622.0
1789883732,50,,Aggregated,24.600000,0.000000,6,7,7,8,9,11,14,27,39,39,39,31919,0,6,9.543403748154395,3.0284199965535663,2104.1982940005255,6802.633509821736
1789883733,50,GET,GET /api/v1/reservas,16.900000,0.000000,6,7,8,8,9,11,19,31,39,39,39,23822,0,7,7.934877396357342,4.633864002244081,311.9985780067509,8965.0
1789883733,50,GET,GET /api/v1/reservas/{id},7.100000,0.000000,4,5,5,5,6,8,8,13,13,13,13,8018,0,5,5.6991932518457995,3.0284199965535663,284.6892960005789,442.0
1789883733,50,POST,POST /api/v1/auth/login,0.000000,0.000000,0,0,0,0,0,0,0,0,0,0,0,50,0,1300.0,1369.1218887201103,628.633758999058,2104.1982940005255,1622.0
1789883733,50,POST,POST /api/v1/auth/refresh,0.000000,0.000000,0,0,0,0,0,0,0,0,0,0,0,50,0,29,31.13284232051228,20.492110001214314,55.65531500178622,1622.0
1789883733,50,,Aggregated,24.000000,0.000000,6,7,7,8,9,11,14,27,39,39,39,31940,0,6,9.540811439616636,3.0284199965535663,2104.1982940005255,6802.454164057608
1789883734,50,GET,GET /api/v1/reservas,17.500000,0.000000,7,7,8,8,10,12,19,31,39,39,39,23843,0,7,7.934776330748231,4.633864002244081,311.9985780067509,8965.0
1789883734,50,GET,GET /api/v1/reservas/{id},6.800000,0.000000,4,5,5,5,7,8,8,13,13,13,13,8025,0,5,5.698829991437424,3.0284199965535663,284.6892960005789,442.0
1789883734,50,POST,POST /api/v1/auth/login,0.000000,0.000000,0,0,0,0,0,0,0,0,0,0,0,50,0,1300.0,1369.1218887201103,628.633758999058,2104.1982940005255,1622.0
1789883734,50,POST,POST /api/v1/auth/refresh,0.000000,0.000000,0,0,0,0,0,0,0,0,0,0,0,50,0,29,31.13284232051228,20.492110001214314,55.65531500178622,1622.0
1789883734,50,,Aggregated,24.300000,0.000000,6,7,8,8,9,11,14,27,39,39,39,31968,0,6,9.538748726456035,3.0284199965535663,2104.1982940005255,6802.482013263263
1789883735,50,GET,GET /api/v1/reservas,17.100000,0.000000,6,7,8,8,10,12,19,31,39,39,39,23862,0,7,7.933255684017705,4.633864002244081,311.9985780067509,8965.0
1789883735,50,GET,GET /api/v1/reservas/{id},6.900000,0.000000,4,5,5,5,7,8,8,13,13,13,13,8032,0,5,5.697699230363995,3.0284199965535663,284.6892960005789,442.0
1789883735,50,POST,POST /api/v1/auth/login,0.000000,0.000000,0,0,0,0,0,0,0,0,0,0,0,50,0,1300.0,1369.1218887201103,628.633758999058,2104.1982940005255,1622.0
1789883735,50,POST,POST /api/v1/auth/refresh,0.000000,0.000000,0,0,0,0,0,0,0,0,0,0,0,50,0,29,31.13284232051228,20.492110001214314,55.65531500178622,1622.0
1789883735,50,,Aggregated,24.000000,0.000000,6,7,7,8,9,11,14,27,39,39,39,31994,0,6,9.535538035329912,3.0284199965535663,2104.1982940005255,6802.374632743639
1789883736,50,GET,GET /api/v1/reservas,17.800000,0.000000,6,7,8,8,10,12,19,31,39,39,39,23878,0,7,7.932503606710433,4.633864002244081,311.9985780067509,8965.0
1789883736,50,GET,GET /api/v1/reservas/{id},6.500000,0.000000,4,5,5,5,7,8,8,13,13,13,13,8042,0,5,5.696616128486948,3.0284199965535663,284.6892960005789,442.0
1789883736,50,POST,POST /api/v1/auth/login,0.000000,0.000000,0,0,0,0,0,0,0,0,0,0,0,50,0,1300.0,1369.1218887201103,628.633758999058,2104.1982940005255,1622.0
1789883736,50,POST,POST /api/v1/auth/refresh,0.000000,0.000000,0,0,0,0,0,0,0,0,0,0,0,50,0,29,31.13284232051228,20.492110001214314,55.65531500178622,1622.0
1789883736,50,,Aggregated,24.300000,0.000000,6,7,7,8,9,11,14,27,39,39,39,32020,0,6,9.532705951853682,3.0284199965535663,2104.1982940005255,6801.4688944409745
1789883737,50,GET,GET /api/v1/reservas,18.200000,0.000000,7,7,8,8,10,12,19,31,39,39,39,23893,0,7,7.931479249195609,4.633864002244081,311.9985780067509,8965.0
1789883737,50,GET,GET /api/v1/reservas/{id},6.500000,0.000000,4,5,5,5,7,8,8,8,8,8,8,8050,0,5,5.6957141806585545,3.0284199965535663,284.6892960005789,442.0
1789883737,50,POST,POST /api/v1/auth/login,0.000000,0.000000,0,0,0,0,0,0,0,0,0,0,0,50,0,1300.0,1369.1218887201103,628.633758999058,2104.1982940005255,1622.0
1789883737,50,POST,POST /api/v1/auth/refresh,0.000000,0.000000,0,0,0,0,0,0,0,0,0,0,0,50,0,29,31.13284232051228,20.492110001214314,55.65531500178622,1622.0
1789883737,50,,Aggregated,24.700000,0.000000,6,7,7,8,9,11,14,27,39,39,39,32043,0,6,9.530008719762918,3.0284199965535663,2104.1982940005255,6800.893954997971
1789883738,50,GET,GET /api/v1/reservas,17.800000,0.000000,7,7,8,8,10,11,19,31,39,39,39,23911,0,7,7.930472414330509,4.633864002244081,311.9985780067509,8965.0
1789883738,50,GET,GET /api/v1/reservas/{id},6.900000,0.000000,5,5,5,5,7,8,8,27,27,27,27,8057,0,5,5.697659298906674,3.0284199965535663,284.6892960005789,442.0
1789883738,50,POST,POST /api/v1/auth/login,0.000000,0.000000,0,0,0,0,0,0,0,0,0,0,0,50,0,1300.0,1369.1218887201103,628.633758999058,2104.1982940005255,1622.0
1789883738,50,POST,POST /api/v1/auth/refresh,0.000000,0.000000,0,0,0,0,0,0,0,0,0,0,0,50,0,29,31.13284232051228,20.492110001214314,55.65531500178622,1622.0
1789883738,50,,Aggregated,24.700000,0.000000,6,7,7,8,9,10,19,27,39,39,39,32068,0,6,9.528012455481447,3.0284199965535663,2104.1982940005255,6800.720624922041
1789883739,50,GET,GET /api/v1/reservas,18.000000,0.000000,6,7,8,8,9,11,19,31,39,39,39,23930,0,7,7.9293615020493835,4.633864002244081,311.9985780067509,8965.0
1789883739,50,GET,GET /api/v1/reservas/{id},7.800000,0.000000,5,5,5,5,7,8,8,27,27,27,27,8061,0,5,5.697046992219856,3.0284199965535663,284.6892960005789,442.0
1789883739,50,POST,POST /api/v1/auth/login,0.000000,0.000000,0,0,0,0,0,0,0,0,0,0,0,50,0,1300.0,1369.1218887201103,628.633758999058,2104.1982940005255,1622.0
1789883739,50,POST,POST /api/v1/auth/refresh,0.000000,0.000000,0,0,0,0,0,0,0,0,0,0,0,50,0,29,31.13284232051228,20.492110001214314,55.65531500178622,1622.0
1789883739,50,,Aggregated,25.800000,0.000000,6,7,7,8,9,10,19,27,39,39,39,32091,0,6,9.525606964580634,3.0284199965535663,2104.1982940005255,6801.2094356673215
1789883740,50,GET,GET /api/v1/reservas,16.700000,0.000000,7,7,8,8,9,11,12,31,39,39,39,23953,0,7,7.928566999292654,4.633864002244081,311.9985780067509,8965.0
1789883740,50,GET,GET /api/v1/reservas/{id},8.000000,0.000000,5,5,5,5,7,8,8,27,27,27,27,8064,0,5,5.6963268125355535,3.0284199965535663,284.6892960005789,442.0
1789883740,50,POST,POST /api/v1/auth/login,0.000000,0.000000,0,0,0,0,0,0,0,0,0,0,0,50,0,1300.0,1369.1218887201103,628.633758999058,2104.1982940005255,1622.0
1789883740,50,POST,POST /api/v1/auth/refresh,0.000000,0.000000,0,0,0,0,0,0,0,0,0,0,0,50,0,29,31.13284232051228,20.492110001214314,55.65531500178622,1622.0
1789883740,50,,Aggregated,24.700000,0.000000,6,7,7,8,9,10,12,27,39,39,39,32117,0,6,9.523332854948306,3.0284199965535663,2104.1982940005255,6802.164990503472
1789883741,50,GET,GET /api/v1/reservas,17.700000,0.000000,6,7,7,8,9,10,11,12,12,12,12,23971,0,7,7.927342783448439,4.633864002244081,311.9985780067509,8965.0
1789883741,50,GET,GET /api/v1/reservas/{id},7.500000,0.000000,5,5,5,5,6,7,8,27,27,27,27,8070,0,5,5.695388749352871,3.0284199965535663,284.6892960005789,442.0
1789883741,50,POST,POST /api/v1/auth/login,0.000000,0.000000,0,0,0,0,0,0,0,0,0,0,0,50,0,1300.0,1369.1218887201103,628.633758999058,2104.1982940005255,1622.0
1789883741,50,POST,POST /api/v1/auth/refresh,0.000000,0.000000,0,0,0,0,0,0,0,0,0,0,0,50,0,29,31.13284232051228,20.492110001214314,55.65531500178622,1622.0
1789883741,50,,Aggregated,25.200000,0.000000,6,7,7,7,8,9,11,12,27,27,27,32141,0,6,9.520576759321468,3.0284199965535663,2104.1982940005255,6802.188948694814
1789883742,50,GET,GET /api/v1/reservas,18.600000,0.000000,6,7,7,8,9,10,11,12,12,12,12,23993,0,7,7.926344553705118,4.633864002244081,311.9985780067509,8965.0
1789883742,50,GET,GET /api/v1/reservas/{id},6.500000,0.000000,5,5,5,5,6,7,8,27,27,27,27,8073,0,5,5.695288972411178,3.0284199965535663,284.6892960005789,442.0
1789883742,50,POST,POST /api/v1/auth/login,0.000000,0.000000,0,0,0,0,0,0,0,0,0,0,0,50,0,1300.0,1369.1218887201103,628.633758999058,2104.1982940005255,1622.0
1789883742,50,POST,POST /api/v1/auth/refresh,0.000000,0.000000,0,0,0,0,0,0,0,0,0,0,0,50,0,29,31.13284232051228,20.492110001214314,55.65531500178622,1622.0
1789883742,50,,Aggregated,25.100000,0.000000,6,7,7,7,8,10,11,12,27,27,27,32166,0,6,9.518360669755438,3.0284199965535663,2104.1982940005255,6803.0750170988
1789883743,50,GET,GET /api/v1/reservas,18.700000,0.000000,6,7,7,7,8,9,10,11,11,11,11,24011,0,7,7.9249676670718205,4.633864002244081,311.9985780067509,8965.0
1789883743,50,GET,GET /api/v1/reservas/{id},6.400000,0.000000,5,5,5,5,6,7,8,27,27,27,27,8079,0,5,5.694304000404559,3.0284199965535663,284.6892960005789,442.0
1789883743,50,POST,POST /api/v1/auth/login,0.000000,0.000000,0,0,0,0,0,0,0,0,0,0,0,50,0,1300.0,1369.1218887201103,628.633758999058,2104.1982940005255,1622.0
1789883743,50,POST,POST /api/v1/auth/refresh,0.000000,0.000000,0,0,0,0,0,0,0,0,0,0,0,50,0,29,31.13284232051228,20.492110001214314,55.65531500178622,1622.0
1789883743,50,,Aggregated,25.100000,0.000000,6,7,7,7,8,9,10,11,27,27,27,32190,0,6,9.51548360439146,3.0284199965535663,2104.1982940005255,6803.098260329295
1789883744,50,GET,GET /api/v1/reservas,18.400000,0.000000,6,7,7,7,8,9,11,11,11,11,11,24030,0,7,7.9234746453625675,4.633864002244081,311.9985780067509,8965.0
1789883744,50,GET,GET /api/v1/reservas/{id},6.300000,0.000000,5,5,5,5,6,7,7,27,27,27,27,8087,0,5,5.693294152624177,3.0284199965535663,284.6892960005789,442.0
1789883744,50,POST,POST /api/v1/auth/login,0.000000,0.000000,0,0,0,0,0,0,0,0,0,0,0,50,0,1300.0,1369.1218887201103,628.633758999058,2104.1982940005255,1622.0
1789883744,50,POST,POST /api/v1/auth/refresh,0.000000,0.000000,0,0,0,0,0,0,0,0,0,0,0,50,0,29,31.13284232051228,20.492110001214314,55.65531500178622,1622.0
1789883744,50,,Aggregated,24.700000,0.000000,6,7,7,7,8,9,11,11,27,27,27,32217,0,6,9.512229633186372,3.0284199965535663,2104.1982940005255,6802.793680355092
1789883745,50,GET,GET /api/v1/reservas,19.100000,0.000000,6,7,7,8,9,9,11,11,11,11,11,24050,0,7,7.922968983453499,4.633864002244081,311.9985780067509,8965.0
1789883745,50,GET,GET /api/v1/reservas/{id},6.100000,0.000000,5,5,5,5,6,7,7,27,27,27,27,8090,0,5,5.693151835016067,3.0284199965535663,284.6892960005789,442.0
1789883745,50,POST,POST /api/v1/auth/login,0.000000,0.000000,0,0,0,0,0,0,0,0,0,0,0,50,0,1300.0,1369.1218887201103,628.633758999058,2104.1982940005255,1622.0
1789883745,50,POST,POST /api/v1/auth/refresh,0.000000,0.000000,0,0,0,0,0,0,0,0,0,0,0,50,0,29,31.13284232051228,20.492110001214314,55.65531500178622,1622.0
1789883745,50,,Aggregated,25.200000,0.000000,6,7,7,7,8,9,11,11,27,27,27,32240,0,6,9.510475773863766,3.0284199965535663,2104.1982940005255,6803.54311414392
1789883746,50,GET,GET /api/v1/reservas,18.500000,0.000000,6,7,7,8,8,9,11,11,11,11,11,24070,0,7,7.921812665478948,4.633864002244081,311.9985780067509,8965.0
1789883746,50,GET,GET /api/v1/reservas/{id},6.300000,0.000000,5,5,5,5,6,7,27,27,27,27,27,8098,0,5,5.6918241856354195,3.0284199965535663,284.6892960005789,442.0
1789883746,50,POST,POST /api/v1/auth/login,0.000000,0.000000,0,0,0,0,0,0,0,0,0,0,0,50,0,1300.0,1369.1218887201103,628.633758999058,2104.1982940005255,1622.0
1789883746,50,POST,POST /api/v1/auth/refresh,0.000000,0.000000,0,0,0,0,0,0,0,0,0,0,0,50,0,29,31.13284232051228,20.492110001214314,55.65531500178622,1622.0
1789883746,50,,Aggregated,24.800000,0.000000,6,7,7,7,8,9,11,11,27,27,27,32268,0,6,9.507349685923671,3.0284199965535663,2104.1982940005255,6803.305627866617
1789883747,50,GET,GET /api/v1/reservas,18.700000,0.000000,6,7,7,8,9,10,11,11,11,11,11,24094,0,7,7.921205449119834,4.633864002244081,311.9985780067509,8965.0
1789883747,50,GET,GET /api/v1/reservas/{id},5.900000,0.000000,5,5,5,5,7,7,27,27,27,27,27,8102,0,5,5.691682914129464,3.0284199965535663,284.6892960005789,442.0
1789883747,50,POST,POST /api/v1/auth/login,0.000000,0.000000,0,0,0,0,0,0,0,0,0,0,0,50,0,1300.0,1369.1218887201103,628.633758999058,2104.1982940005255,1622.0
1789883747,50,POST,POST /api/v1/auth/refresh,0.000000,0.000000,0,0,0,0,0,0,0,0,0,0,0,50,0,29,31.13284232051228,20.492110001214314,55.65531500178622,1622.0
1789883747,50,,Aggregated,24.600000,0.000000,6,7,7,7,9,9,11,11,27,27,27,32296,0,6,9.505210416565559,3.0284199965535663,2104.1982940005255,6804.124163983156
1789883748,50,GET,GET /api/v1/reservas,19.000000,0.000000,6,7,7,8,9,9,11,11,11,11,11,24110,0,7,7.919926840568925,4.633864002244081,311.9985780067509,8965.0
1789883748,50,GET,GET /api/v1/reservas/{id},5.400000,0.000000,4,5,5,5,6,7,8,8,8,8,8,8107,0,5,5.690752352321812,3.0284199965535663,284.6892960005789,442.0
1789883748,50,POST,POST /api/v1/auth/login,0.000000,0.000000,0,0,0,0,0,0,0,0,0,0,0,50,0,1300.0,1369.1218887201103,628.633758999058,2104.1982940005255,1622.0
1789883748,50,POST,POST /api/v1/auth/refresh,0.000000,0.000000,0,0,0,0,0,0,0,0,0,0,0,50,0,29,31.13284232051228,20.492110001214314,55.65531500178622,1622.0
1789883748,50,,Aggregated,24.400000,0.000000,6,7,7,7,8,9,10,11,11,11,11,32317,0,6,9.502648822552244,3.0284199965535663,2104.1982940005255,6804.209672927562
1789883749,50,GET,GET /api/v1/reservas,19.600000,0.000000,6,7,7,8,9,10,10,11,11,11,11,24127,0,7,7.919191739590966,4.633864002244081,311.9985780067509,8965.0
1789883749,50,GET,GET /api/v1/reservas/{id},5.200000,0.000000,5,5,5,5,6,7,7,8,8,8,8,8115,0,5,5.689983765283682,3.0284199965535663,284.6892960005789,442.0
1789883749,50,POST,POST /api/v1/auth/login,0.000000,0.000000,0,0,0,0,0,0,0,0,0,0,0,50,0,1300.0,1369.1218887201103,628.633758999058,2104.1982940005255,1622.0
1789883749,50,POST,POST /api/v1/auth/refresh,0.000000,0.000000,0,0,0,0,0,0,0,0,0,0,0,50,0,29,31.13284232051228,20.492110001214314,55.65531500178622,1622.0
1789883749,50,,Aggregated,24.800000,0.000000,6,7,7,7,8,9,10,11,11,11,11,32342,0,6,9.50013276570464,3.0284199965535663,2104.1982940005255,6803.771720982005
1789883750,50,GET,GET /api/v1/reservas,19.700000,0.000000,6,7,7,8,9,10,11,11,12,12,12,24146,0,7,7.9191755202560365,4.633864002244081,311.9985780067509,8965.0
1789883750,50,GET,GET /api/v1/reservas/{id},4.600000,0.000000,5,5,5,5,7,7,7,8,8,8,8,8121,0,5,5.689613646753382,3.0284199965535663,284.6892960005789,442.0
1789883750,50,POST,POST /api/v1/auth/login,0.000000,0.000000,0,0,0,0,0,0,0,0,0,0,0,50,0,1300.0,1369.1218887201103,628.633758999058,2104.1982940005255,1622.0
1789883750,50,POST,POST /api/v1/auth/refresh,0.000000,0.000000,0,0,0,0,0,0,0,0,0,0,0,50,0,29,31.13284232051228,20.492110001214314,55.65531500178622,1622.0
1789883750,50,,Aggregated,24.300000,0.000000,6,7,7,7,8,10,11,11,12,12,12,32367,0,6,9.498393459060697,3.0284199965535663,2104.1982940005255,6803.86109308864
1789883751,50,GET,GET /api/v1/reservas,19.700000,0.000000,6,7,7,8,9,10,11,12,13,13,13,24167,0,7,7.918044600823288,4.633864002244081,311.9985780067509,8965.0
1789883751,50,GET,GET /api/v1/reservas/{id},5.200000,0.000000,5,5,5,5,7,7,8,13,13,13,13,8128,0,5,5.689129210912063,3.0284199965535663,284.6892960005789,442.0
1789883751,50,POST,POST /api/v1/auth/login,0.000000,0.000000,0,0,0,0,0,0,0,0,0,0,0,50,0,1300.0,1369.1218887201103,628.633758999058,2104.1982940005255,1622.0
1789883751,50,POST,POST /api/v1/auth/refresh,0.000000,0.000000,0,0,0,0,0,0,0,0,0,0,0,50,0,29,31.13284232051228,20.492110001214314,55.65531500178622,1622.0
1789883751,50,,Aggregated,24.900000,0.000000,6,7,7,7,8,10,11,12,13,13,13,32395,0,6,9.495581498577582,3.0284199965535663,2104.1982940005255,6803.887359160364
1789883752,50,GET,GET /api/v1/reservas,19.300000,0.000000,7,7,7,8,9,10,11,12,13,13,13,24184,0,7,7.917593085308966,4.633864002244081,311.9985780067509,8965.0
1789883752,50,GET,GET /api/v1/reservas/{id},5.700000,0.000000,5,5,5,5,7,7,8,13,13,13,13,8131,0,5,5.688698829578372,3.0284199965535663,284.6892960005789,442.0
1789883752,50,POST,POST /api/v1/auth/login,0.000000,0.000000,0,0,0,0,0,0,0,0,0,0,0,50,0,1300.0,1369.1218887201103,628.633758999058,2104.1982940005255,1622.0
1789883752,50,POST,POST /api/v1/auth/refresh,0.000000,0.000000,0,0,0,0,0,0,0,0,0,0,0,50,0,29,31.13284232051228,20.492110001214314,55.65531500178622,1622.0
1789883752,50,,Aggregated,25.000000,0.000000,6,7,7,8,9,10,11,12,13,13,13,32415,0,6,9.493957054155327,3.0284199965535663,2104.1982940005255,6804.431960512108
1789883753,50,GET,GET /api/v1/reservas,19.100000,0.000000,6,7,7,8,9,10,11,12,13,13,13,24207,0,7,7.915579141327744,4.633864002244081,311.9985780067509,8965.0
1789883753,50,GET,GET /api/v1/reservas/{id},5.600000,0.000000,5,5,5,5,7,7,8,13,13,13,13,8141,0,5,5.68756320640203,3.0284199965535663,284.6892960005789,442.0
1789883753,50,POST,POST /api/v1/auth/login,0.000000,0.000000,0,0,0,0,0,0,0,0,0,0,0,50,0,1300.0,1369.1218887201103,628.633758999058,2104.1982940005255,1622.0
1789883753,50,POST,POST /api/v1/auth/refresh,0.000000,0.000000,0,0,0,0,0,0,0,0,0,0,0,50,0,29,31.13284232051228,20.492110001214314,55.65531500178622,1622.0
1789883753,50,,Aggregated,24.700000,0.000000,6,7,7,7,9,10,11,12,13,13,13,32448,0,6,9.489879588556175,3.0284199965535663,2104.1982940005255,6804.0026195759365
1789883754,50,GET,GET /api/v1/reservas,19.400000,0.000000,6,7,7,8,9,10,11,12,13,13,13,24223,0,7,7.914312402308708,4.633864002244081,311.9985780067509,8965.0
1789883754,50,GET,GET /api/v1/reservas/{id},5.900000,0.000000,5,5,5,5,6,7,8,13,13,13,13,8148,0,5,5.686854863809181,3.0284199965535663,284.6892960005789,442.0
1789883754,50,POST,POST /api/v1/auth/login,0.000000,0.000000,0,0,0,0,0,0,0,0,0,0,0,50,0,1300.0,1369.1218887201103,628.633758999058,2104.1982940005255,1622.0
1789883754,50,POST,POST /api/v1/auth/refresh,0.000000,0.000000,0,0,0,0,0,0,0,0,0,0,0,50,0,29,31.13284232051228,20.492110001214314,55.65531500178622,1622.0
1789883754,50,,Aggregated,25.300000,0.000000,6,7,7,7,8,10,11,12,13,13,13,32471,0,6,9.487161445704542,3.0284199965535663,2104.1982940005255,6803.6959440731725
1789883755,50,GET,GET /api/v1/reservas,19.100000,0.000000,6,7,7,8,9,11,12,13,14,14,14,24245,0,7,7.9136014495815825,4.633864002244081,311.9985780067509,8965.0
1789883755,50,GET,GET /api/v1/reservas/{id},5.900000,0.000000,5,5,5,5,6,7,8,13,13,13,13,8151,0,5,5.686432012920106,3.0284199965535663,284.6892960005789,442.0
1789883755,50,POST,POST /api/v1/auth/login,0.000000,0.000000,0,0,0,0,0,0,0,0,0,0,0,50,0,1300.0,1369.1218887201103,628.633758999058,2104.1982940005255,1622.0
1789883755,50,POST,POST /api/v1/auth/refresh,0.000000,0.000000,0,0,0,0,0,0,0,0,0,0,0,50,0,29,31.13284232051228,20.492110001214314,55.65531500178622,1622.0
1789883755,50,,Aggregated,25.000000,0.000000,6,7,7,7,8,10,12,13,14,14,14,32496,0,6,9.48510927604777,3.0284199965535663,2104.1982940005255,6804.571854997538
1789883756,50,GET,GET /api/v1/reservas,19.100000,0.000000,6,7,7,7,8,11,12,13,14,14,14,24265,0,7,7.911988703981857,4.633864002244081,311.9985780067509,8965.0
1789883756,50,GET,GET /api/v1/reservas/{id},6.200000,0.000000,5,5,5,5,6,7,7,13,13,13,13,8157,0,5,5.685342906376223,3.0284199965535663,284.6892960005789,442.0
1789883756,50,POST,POST /api/v1/auth/login,0.000000,0.000000,0,0,0,0,0,0,0,0,0,0,0,50,0,1300.0,1369.1218887201103,628.633758999058,2104.1982940005255,1622.0
1789883756,50,POST,POST /api/v1/auth/refresh,0.000000,0.000000,0,0,0,0,0,0,0,0,0,0,0,50,0,29,31.13284232051228,20.492110001214314,55.65531500178622,1622.0
1789883756,50,,Aggregated,25.300000,0.000000,6,6,7,7,8,10,12,13,14,14,14,32522,0,6,9.48196557842266,3.0284199965535663,2104.1982940005255,6804.726615829285
1789883757,50,GET,GET /api/v1/reservas,18.900000,0.000000,6,7,7,7,8,11,12,13,14,14,14,24282,0,7,7.9110383494404966,4.633864002244081,311.9985780067509,8965.0
1789883757,50,GET,GET /api/v1/reservas/{id},6.100000,0.000000,5,5,5,5,6,7,7,13,13,13,13,8161,0,5,5.684786264099045,3.0284199965535663,284.6892960005789,442.0
1789883757,50,POST,POST /api/v1/auth/login,0.000000,0.000000,0,0,0,0,0,0,0,0,0,0,0,50,0,1300.0,1369.1218887201103,628.633758999058,2104.1982940005255,1622.0
1789883757,50,POST,POST /api/v1/auth/refresh,0.000000,0.000000,0,0,0,0,0,0,0,0,0,0,0,50,0,29,31.13284232051228,20.492110001214314,55.65531500178622,1622.0
1789883757,50,,Aggregated,25.000000,0.000000,6,6,7,7,8,10,12,13,14,14,14,32543,0,6,9.47983008494784,3.0284199965535663,2104.1982940005255,6805.07304182159
1789883758,50,GET,GET /api/v1/reservas,19.500000,0.000000,6,7,7,7,8,10,12,13,14,14,14,24302,0,7,7.909673606004694,4.633864002244081,311.9985780067509,8965.0
1789883758,50,GET,GET /api/v1/reservas/{id},6.300000,0.000000,5,5,5,5,5,6,7,13,13,13,13,8170,0,5,5.683458874458534,3.0284199965535663,284.6892960005789,442.0
1789883758,50,POST,POST /api/v1/auth/login,0.000000,0.000000,0,0,0,0,0,0,0,0,0,0,0,50,0,1300.0,1369.1218887201103,628.633758999058,2104.1982940005255,1622.0
1789883758,50,POST,POST /api/v1/auth/refresh,0.000000,0.000000,0,0,0,0,0,0,0,0,0,0,0,50,0,29,31.13284232051228,20.492110001214314,55.65531500178622,1622.0
1789883758,50,,Aggregated,25.800000,0.000000,6,6,7,7,8,10,12,13,14,14,14,32572,0,6,9.476467012448834,3.0284199965535663,2104.1982940005255,6804.64110278767
1789883759,50,GET,GET /api/v1/reservas,18.700000,0.000000,6,7,7,7,8,9,12,13,14,14,14,24317,0,7,7.908826060743836,4.633864002244081,311.9985780067509,8965.0
1789883759,50,GET,GET /api/v1/reservas/{id},5.900000,0.000000,5,5,5,5,5,6,6,13,13,13,13,8173,0,5,5.682931147842258,3.0284199965535663,284.6892960005789,442.0
1789883759,50,POST,POST /api/v1/auth/login,0.000000,0.000000,0,0,0,0,0,0,0,0,0,0,0,50,0,1300.0,1369.1218887201103,628.633758999058,2104.1982940005255,1622.0
1789883759,50,POST,POST /api/v1/auth/refresh,0.000000,0.000000,0,0,0,0,0,0,0,0,0,0,0,50,0,29,31.13284232051228,20.492110001214314,55.65531500178622,1622.0
1789883759,50,,Aggregated,24.600000,0.000000,6,6,7,7,8,9,12,13,14,14,14,32590,0,6,9.47463197736894,3.0284199965535663,2104.1982940005255,6805.049739183799
1789883760,50,GET,GET /api/v1/reservas,19.000000,0.000000,6,7,7,7,9,11,13,14,18,18,18,24343,0,7,7.909100771027625,4.633864002244081,311.9985780067509,8965.0
1789883760,50,GET,GET /api/v1/reservas/{id},6.600000,0.000000,5,5,5,5,6,6,7,13,13,13,13,8180,0,5,5.682508616300232,3.0284199965535663,284.6892960005789,442.0
1789883760,50,POST,POST /api/v1/auth/login,0.000000,0.000000,0,0,0,0,0,0,0,0,0,0,0,50,0,1300.0,1369.1218887201103,628.633758999058,2104.1982940005255,1622.0
1789883760,50,POST,POST /api/v1/auth/refresh,0.000000,0.000000,0,0,0,0,0,0,0,0,0,0,0,50,0,29,31.13284232051228,20.492110001214314,55.65531500178622,1622.0
1789883760,50,,Aggregated,25.600000,0.000000,6,6,7,7,8,10,13,13,18,18,18,32623,0,6,9.472669500122384,3.0284199965535663,2104.1982940005255,6805.405848634399
1789883761,50,GET,GET /api/v1/reservas,19.300000,0.000000,6,7,7,8,9,11,12,14,18,18,18,24352,0,7,7.9088604377103415,4.633864002244081,311.9985780067509,8965.0
1789883761,50,GET,GET /api/v1/reservas/{id},5.900000,0.000000,5,5,5,5,6,6,6,7,7,7,7,8188,0,5,5.681701127789452,3.0284199965535663,284.6892960005789,442.0
1789883761,50,POST,POST /api/v1/auth/login,0.000000,0.000000,0,0,0,0,0,0,0,0,0,0,0,50,0,1300.0,1369.1218887201103,628.633758999058,2104.1982940005255,1622.0
1789883761,50,POST,POST /api/v1/auth/refresh,0.000000,0.000000,0,0,0,0,0,0,0,0,0,0,0,50,0,29,31.13284232051228,20.492110001214314,55.65531500178622,1622.0
1789883761,50,,Aggregated,25.200000,0.000000,6,6,7,7,8,10,12,13,18,18,18,32640,0,6,9.470927535707519,3.0284199965535663,2104.1982940005255,6804.441666666667
1789883762,50,GET,GET /api/v1/reservas,19.400000,0.000000,6,7,7,7,9,11,13,14,18,18,18,24376,0,7,7.90737016602881,4.633864002244081,311.9985780067509,8965.0
1789883762,50,GET,GET /api/v1/reservas/{id},6.000000,0.000000,5,5,5,5,6,6,6,7,7,7,7,8194,0,5,5.680822596452166,3.0284199965535663,284.6892960005789,442.0
1789883762,50,POST,POST /api/v1/auth/login,0.000000,0.000000,0,0,0,0,0,0,0,0,0,0,0,50,0,1300.0,1369.1218887201103,628.633758999058,2104.1982940005255,1622.0
1789883762,50,POST,POST /api/v1/auth/refresh,0.000000,0.000000,0,0,0,0,0,0,0,0,0,0,0,50,0,29,31.13284232051228,20.492110001214314,55.65531500178622,1622.0
1789883762,50,,Aggregated,25.400000,0.000000,6,6,7,7,8,10,12,14,18,18,18,32670,0,6,9.46775182352245,3.0284199965535663,2104.1982940005255,6804.860361187634
1789883763,50,GET,GET /api/v1/reservas,19.100000,0.000000,6,7,7,7,9,10,13,14,18,18,18,24396,0,7,7.9062263141135425,4.633864002244081,311.9985780067509,8965.0
1789883763,50,GET,GET /api/v1/reservas/{id},6.100000,0.000000,4,5,5,5,6,6,7,7,7,7,7,8197,0,5,5.680601875604933,3.0284199965535663,284.6892960005789,442.0
1789883763,50,POST,POST /api/v1/auth/login,0.000000,0.000000,0,0,0,0,0,0,0,0,0,0,0,50,0,1300.0,1369.1218887201103,628.633758999058,2104.1982940005255,1622.0
1789883763,50,POST,POST /api/v1/auth/refresh,0.000000,0.000000,0,0,0,0,0,0,0,0,0,0,0,50,0,29,31.13284232051228,20.492110001214314,55.65531500178622,1622.0
1789883763,50,,Aggregated,25.200000,0.000000,6,7,7,7,8,10,12,14,18,18,18,32693,0,6,9.465540858455288,3.0284199965535663,2104.1982940005255,6805.597956749151
1789883764,50,GET,GET /api/v1/reservas,19.000000,0.000000,6,7,7,7,9,10,12,14,18,18,18,24418,0,7,7.904577884147126,4.633864002244081,311.9985780067509,8965.0
1789883764,50,GET,GET /api/v1/reservas/{id},6.100000,0.000000,5,5,5,5,6,6,7,7,7,7,7,8202,0,5,5.679871420913455,3.0284199965535663,284.6892960005789,442.0
1789883764,50,POST,POST /api/v1/auth/login,0.000000,0.000000,0,0,0,0,0,0,0,0,0,0,0,50,0,1300.0,1369.1218887201103,628.633758999058,2104.1982940005255,1622.0
1789883764,50,POST,POST /api/v1/auth/refresh,0.000000,0.000000,0,0,0,0,0,0,0,0,0,0,0,50,0,29,31.13284232051228,20.492110001214314,55.65531500178622,1622.0
1789883764,50,,Aggregated,25.100000,0.000000,6,6,7,7,8,9,12,12,18,18,18,32720,0,6,9.462500755546083,3.0284199965535663,2104.1982940005255,6806.077444987775
1789883765,50,GET,GET /api/v1/reservas,19.100000,0.000000,6,7,7,7,9,10,12,14,18,18,18,24431,0,7,7.9040529324266195,4.633864002244081,311.9985780067509,8965.0
1789883765,50,GET,GET /api/v1/reservas/{id},6.000000,0.000000,5,5,5,5,6,6,7,7,7,7,7,8207,0,5,5.67898708301756,3.0284199965535663,284.6892960005789,442.0
1789883765,50,POST,POST /api/v1/auth/login,0.000000,0.000000,0,0,0,0,0,0,0,0,0,0,0,50,0,1300.0,1369.1218887201103,628.633758999058,2104.1982940005255,1622.0
1789883765,50,POST,POST /api/v1/auth/refresh,0.000000,0.000000,0,0,0,0,0,0,0,0,0,0,0,50,0,29,31.13284232051228,20.492110001214314,55.65531500178622,1622.0
1789883765,50,,Aggregated,25.100000,0.000000,6,7,7,7,8,9,12,12,18,18,18,32738,0,6,9.460690962626641,3.0284199965535663,2104.1982940005255,6805.962764982589
1789883766,50,GET,GET /api/v1/reservas,19.200000,0.000000,6,7,7,7,9,10,12,14,18,18,18,24455,0,7,7.902338772811476,4.633864002244081,311.9985780067509,8965.0
1789883766,50,GET,GET /api/v1/reservas/{id},5.400000,0.000000,5,5,5,5,6,6,7,7,7,7,7,8212,0,5,5.678297570301984,3.0284199965535663,284.6892960005789,442.0
1789883766,50,POST,POST /api/v1/auth/login,0.000000,0.000000,0,0,0,0,0,0,0,0,0,0,0,50,0,1300.0,1369.1218887201103,628.633758999058,2104.1982940005255,1622.0
1789883766,50,POST,POST /api/v1/auth/refresh,0.000000,0.000000,0,0,0,0,0,0,0,0,0,0,0,50,0,29,31.13284232051228,20.492110001214314,55.65531500178622,1622.0
1789883766,50,,Aggregated,24.600000,0.000000,6,7,7,7,8,9,12,12,18,18,18,32767,0,6,9.457521618959797,3.0284199965535663,2104.1982940005255,6806.573046052431
1789883767,50,GET,GET /api/v1/reservas,19.300000,0.000000,6,7,7,7,8,9,12,14,18,18,18,24473,0,7,7.901143157035271,4.633864002244081,311.9985780067509,8965.0
1789883767,50,GET,GET /api/v1/reservas/{id},5.400000,0.000000,4,5,5,6,6,6,7,7,7,7,7,8216,0,5,5.6777811558333555,3.0284199965535663,284.6892960005789,442.0
1789883767,50,POST,POST /api/v1/auth/login,0.000000,0.000000,0,0,0,0,0,0,0,0,0,0,0,50,0,1300.0,1369.1218887201103,628.633758999058,2104.1982940005255,1622.0
1789883767,50,POST,POST /api/v1/auth/refresh,0.000000,0.000000,0,0,0,0,0,0,0,0,0,0,0,50,0,29,31.13284232051228,20.492110001214314,55.65531500178622,1622.0
1789883767,50,,Aggregated,24.700000,0.000000,6,7,7,7,8,9,12,12,18,18,18,32789,0,6,9.455185062383183,3.0284199965535663,2104.1982940005255,6806.981518192077
1789883768,50,GET,GET /api/v1/reservas,19.000000,0.000000,6,7,7,7,8,10,12,14,18,18,18,24494,0,7,7.899574404428877,4.633864002244081,311.9985780067509,8965.0
1789883768,50,GET,GET /api/v1/reservas/{id},5.500000,0.000000,4,5,5,5,6,6,7,7,7,7,7,8222,0,5,5.6768221712885705,3.0284199965535663,284.6892960005789,442.0
1789883768,50,POST,POST /api/v1/auth/login,0.000000,0.000000,0,0,0,0,0,0,0,0,0,0,0,50,0,1300.0,1369.1218887201103,628.633758999058,2104.1982940005255,1622.0
1789883768,50,POST,POST /api/v1/auth/refresh,0.000000,0.000000,0,0,0,0,0,0,0,0,0,0,0,50,0,29,31.13284232051228,20.492110001214314,55.65531500178622,1622.0
1789883768,50,,Aggregated,24.500000,0.000000,6,7,7,7,8,9,12,12,18,18,18,32816,0,6,9.45208873435052,3.0284199965535663,2104.1982940005255,6807.198744514871
1789883769,50,GET,GET /api/v1/reservas,19.000000,0.000000,6,7,7,7,8,10,12,14,18,18,18,24511,0,7,7.898452766598042,4.633864002244081,311.9985780067509,8965.0
1789883769,50,GET,GET /api/v1/reservas/{id},5.600000,0.000000,4,5,5,5,6,6,7,7,7,7,7,8226,0,5,5.67637241214965,3.0284199965535663,284.6892960005789,442.0
1789883769,50,POST,POST /api/v1/auth/login,0.000000,0.000000,0,0,0,0,0,0,0,0,0,0,0,50,0,1300.0,1369.1218887201103,628.633758999058,2104.1982940005255,1622.0
1789883769,50,POST,POST /api/v1/auth/refresh,0.000000,0.000000,0,0,0,0,0,0,0,0,0,0,0,50,0,29,31.13284232051228,20.492110001214314,55.65531500178622,1622.0
1789883769,50,,Aggregated,24.600000,0.000000,6,7,7,7,8,9,12,12,18,18,18,32837,0,6,9.449875194946516,3.0284199965535663,2104.1982940005255,6807.540487864299
1789883770,50,GET,GET /api/v1/reservas,19.100000,0.000000,6,7,7,7,8,8,11,12,14,14,14,24525,0,7,7.898336055212515,4.633864002244081,311.9985780067509,8965.0
1789883770,50,GET,GET /api/v1/reservas/{id},5.200000,0.000000,4,5,5,5,6,6,7,7,7,7,7,8234,0,5,5.6749227429374836,3.0284199965535663,284.6892960005789,442.0
1789883770,50,POST,POST /api/v1/auth/login,0.000000,0.000000,0,0,0,0,0,0,0,0,0,0,0,50,0,1300.0,1369.1218887201103,628.633758999058,2104.1982940005255,1622.0
1789883770,50,POST,POST /api/v1/auth/refresh,0.000000,0.000000,0,0,0,0,0,0,0,0,0,0,0,50,0,29,31.13284232051228,20.492110001214314,55.65531500178622,1622.0
1789883770,50,,Aggregated,24.300000,0.000000,6,6,7,7,7,8,10,12,14,14,14,32859,0,6,9.447845100930195,3.0284199965535663,2104.1982940005255,6806.909918135062
1789883771,50,GET,GET /api/v1/reservas,19.100000,0.000000,6,7,7,7,8,11,12,16,17,17,17,24548,0,7,7.899419971284189,4.633864002244081,311.9985780067509,8965.0
1789883771,50,GET,GET /api/v1/reservas/{id},5.200000,0.000000,5,5,5,5,6,7,9,16,16,16,16,8243,0,5,5.6764583836393605,3.0284199965535663,284.6892960005789,442.0
1789883771,50,POST,POST /api/v1/auth/login,0.000000,0.000000,0,0,0,0,0,0,0,0,0,0,0,50,0,1300.0,1369.1218887201103,628.633758999058,2104.1982940005255,1622.0
1789883771,50,POST,POST /api/v1/auth/refresh,0.000000,0.000000,0,0,0,0,0,0,0,0,0,0,0,50,0,29,31.13284232051228,20.492110001214314,55.65531500178622,1622.0
1789883771,50,,Aggregated,24.300000,0.000000,6,7,7,7,8,11,12,16,17,17,17,32891,0,6,9.446923002142064,3.0284199965535663,2104.1982940005255,6806.677388951385
1789883772,50,GET,GET /api/v1/reservas,18.400000,0.000000,6,7,7,7,8,11,12,16,17,17,17,24562,0,7,7.898473837638951,4.633864002244081,311.9985780067509,8965.0
1789883772,50,GET,GET /api/v1/reservas/{id},5.500000,0.000000,5,5,5,5,6,7,9,16,16,16,16,8250,0,5,5.675467205981752,3.0284199965535663,284.6892960005789,442.0
1789883772,50,POST,POST /api/v1/auth/login,0.000000,0.000000,0,0,0,0,0,0,0,0,0,0,0,50,0,1300.0,1369.1218887201103,628.633758999058,2104.1982940005255,1622.0
1789883772,50,POST,POST /api/v1/auth/refresh,0.000000,0.000000,0,0,0,0,0,0,0,0,0,0,0,50,0,29,31.13284232051228,20.492110001214314,55.65531500178622,1622.0
1789883772,50,,Aggregated,23.900000,0.000000,6,7,7,7,8,11,12,16,17,17,17,32912,0,6,9.444508246276996,3.0284199965535663,2104.1982940005255,6806.241796305299
1789883773,50,GET,GET /api/v1/reservas,18.800000,0.000000,6,7,7,7,8,11,12,16,17,17,17,24578,0,7,7.897459475713635,4.633864002244081,311.9985780067509,8965.0
1789883773,50,GET,GET /api/v1/reservas/{id},5.200000,0.000000,5,5,5,5,6,7,9,16,16,16,16,8256,0,5,5.674774115715617,3.0284199965535663,284.6892960005789,442.0
1789883773,50,POST,POST /api/v1/auth/login,0.000000,0.000000,0,0,0,0,0,0,0,0,0,0,0,50,0,1300.0,1369.1218887201103,628.633758999058,2104.1982940005255,1622.0
1789883773,50,POST,POST /api/v1/auth/refresh,0.000000,0.000000,0,0,0,0,0,0,0,0,0,0,0,50,0,29,31.13284232051228,20.492110001214314,55.65531500178622,1622.0
1789883773,50,,Aggregated,24.000000,0.000000,6,7,7,7,8,11,12,16,17,17,17,32934,0,6,9.442139753612345,3.0284199965535663,2104.1982940005255,6806.131110706261
1789883774,50,GET,GET /api/v1/reservas,18.500000,0.000000,6,7,7,7,8,11,12,16,17,17,17,24600,0,7,7.895817962524574,4.633864002244081,311.9985780067509,8965.0
1789883774,50,GET,GET /api/v1/reservas/{id},5.400000,0.000000,5,5,5,5,6,7,9,16,16,16,16,8259,0,5,5.674372853777658,3.0284199965535663,284.6892960005789,442.0
1789883774,50,POST,POST /api/v1/auth/login,0.000000,0.000000,0,0,0,0,0,0,0,0,0,0,0,50,0,1300.0,1369.1218887201103,628.633758999058,2104.1982940005255,1622.0
1789883774,50,POST,POST /api/v1/auth/refresh,0.000000,0.000000,0,0,0,0,0,0,0,0,0,0,0,50,0,29,31.13284232051228,20.492110001214314,55.65531500178622,1622.0
1789883774,50,,Aggregated,23.900000,0.000000,6,7,7,7,8,11,12,16,17,17,17,32959,0,6,9.439440026380817,3.0284199965535663,2104.1982940005255,6806.992869929306
1789883775,50,GET,GET /api/v1/reservas,18.100000,0.000000,6,7,7,7,8,12,14,17,17,17,17,24622,0,7,7.894966983393764,4.633864002244081,311.9985780067509,8965.0
1789883775,50,GET,GET /api/v1/reservas/{id},5.800000,0.000000,5,5,5,6,6,7,9,16,16,16,16,8264,0,5,5.673757862941634,3.0284199965535663,284.6892960005789,442.0
1789883775,50,POST,POST /api/v1/auth/login,0.000000,0.000000,0,0,0,0,0,0,0,0,0,0,0,50,0,1300.0,1369.1218887201103,628.633758999058,2104.1982940005255,1622.0
1789883775,50,POST,POST /api/v1/auth/refresh,0.000000,0.000000,0,0,0,0,0,0,0,0,0,0,0,50,0,29,31.13284232051228,20.492110001214314,55.65531500178622,1622.0
1789883775,50,,Aggregated,23.900000,0.000000,6,7,7,7,8,11,14,16,17,17,17,32986,0,6,9.437050524358881,3.0284199965535663,2104.1982940005255,6807.467349784757
1789883776,50,GET,GET /api/v1/reservas,18.600000,0.000000,6,7,7,8,9,12,14,17,17,17,17,24642,0,7,7.894044998665731,4.633864002244081,311.9985780067509,8965.0
1789883776,50,GET,GET /api/v1/reservas/{id},5.700000,0.000000,5,5,5,5,6,7,9,16,16,16,16,8269,0,5,5.6728866815050605,3.0284199965535663,284.6892960005789,442.0
1789883776,50,POST,POST /api/v1/auth/login,0.000000,0.000000,0,0,0,0,0,0,0,0,0,0,0,50,0,1300.0,1369.1218887201103,628.633758999058,2104.1982940005255,1622.0
1789883776,50,POST,POST /api/v1/auth/refresh,0.000000,0.000000,0,0,0,0,0,0,0,0,0,0,0,50,0,29,31.13284232051228,20.492110001214314,55.65531500178622,1622.0
1789883776,50,,Aggregated,24.300000,0.000000,6,7,7,7,8,11,14,16,17,17,17,33011,0,6,9.434639767911223,3.0284199965535663,2104.1982940005255,6807.810366241556
1789883777,50,GET,GET /api/v1/reservas,18.900000,0.000000,6,7,7,8,9,12,14,17,17,17,17,24659,0,7,7.892930789533797,4.633864002244081,311.9985780067509,8965.0
1789883777,50,GET,GET /api/v1/reservas/{id},5.700000,0.000000,4,5,5,5,7,8,9,16,16,16,16,8276,0,5,5.672472435277529,3.0284199965535663,284.6892960005789,442.0
1789883777,50,POST,POST /api/v1/auth/login,0.000000,0.000000,0,0,0,0,0,0,0,0,0,0,0,50,0,1300.0,1369.1218887201103,628.633758999058,2104.1982940005255,1622.0
1789883777,50,POST,POST /api/v1/auth/refresh,0.000000,0.000000,0,0,0,0,0,0,0,0,0,0,0,50,0,29,31.13284232051228,20.492110001214314,55.65531500178622,1622.0
1789883777,50,,Aggregated,24.600000,0.000000,6,7,7,7,8,11,14,16,17,17,17,33035,0,6,9.432114386726255,3.0284199965535663,2104.1982940005255,6807.571575601634
1789883778,50,GET,GET /api/v1/reservas,18.900000,0.000000,6,7,7,8,9,12,14,17,17,17,17,24681,0,7,7.891893424581405,4.633864002244081,311.9985780067509,8965.0
1789883778,50,GET,GET /api/v1/reservas/{id},5.600000,0.000000,5,5,5,5,7,8,9,16,16,16,16,8280,0,5,5.672163299078126,3.0284199965535663,284.6892960005789,442.0
1789883778,50,POST,POST /api/v1/auth/login,0.000000,0.000000,0,0,0,0,0,0,0,0,0,0,0,50,0,1300.0,1369.1218887201103,628.633758999058,2104.1982940005255,1622.0
1789883778,50,POST,POST /api/v1/auth/refresh,0.000000,0.000000,0,0,0,0,0,0,0,0,0,0,0,50,0,29,31.13284232051228,20.492110001214314,55.65531500178622,1622.0
1789883778,50,,Aggregated,24.500000,0.000000,6,7,7,7,9,11,14,16,17,17,17,33061,0,6,9.429783439112297,3.0284199965535663,2104.1982940005255,6808.237046671305
1789883779,50,GET,GET /api/v1/reservas,18.900000,0.000000,6,7,7,8,9,11,14,17,17,17,17,24699,0,7,7.890831916964675,4.633864002244081,311.9985780067509,8965.0
1789883779,50,GET,GET /api/v1/reservas/{id},5.700000,0.000000,5,5,5,6,7,8,9,16,16,16,16,8288,0,5,5.670962284913112,3.0284199965535663,284.6892960005789,442.0
1789883779,50,POST,POST /api/v1/auth/login,0.000000,0.000000,0,0,0,0,0,0,0,0,0,0,0,50,0,1300.0,1369.1218887201103,628.633758999058,2104.1982940005255,1622.0
1789883779,50,POST,POST /api/v1/auth/refresh,0.000000,0.000000,0,0,0,0,0,0,0,0,0,0,0,50,0,29,31.13284232051228,20.492110001214314,55.65531500178622,1622.0
1789883779,50,,Aggregated,24.600000,0.000000,6,7,7,7,9,11,14,16,17,17,17,33087,0,6,9.426945008205685,3.0284199965535663,2104.1982940005255,6807.8710974098585
1789883780,50,GET,GET /api/v1/reservas,19.200000,0.000000,6,7,7,7,8,10,14,17,17,17,17,24720,0,7,7.889491234591539,4.633864002244081,311.9985780067509,8965.0
1789883780,50,GET,GET /api/v1/reservas/{id},5.800000,0.000000,4,5,5,5,7,8,9,16,16,16,16,8294,0,5,5.670128346559172,3.0284199965535663,284.6892960005789,442.0
1789883780,50,POST,POST /api/v1/auth/login,0.000000,0.000000,0,0,0,0,0,0,0,0,0,0,0,50,0,1300.0,1369.1218887201103,628.633758999058,2104.1982940005255,1622.0
1789883780,50,POST,POST /api/v1/auth/refresh,0.000000,0.000000,0,0,0,0,0,0,0,0,0,0,0,50,0,29,31.13284232051228,20.492110001214314,55.65531500178622,1622.0
1789883780,50,,Aggregated,25.000000,0.000000,6,7,7,7,8,9,14,16,17,17,17,33114,0,6,9.42408058155148,3.0284199965535663,2104.1982940005255,6808.085643534457
1789883781,50,GET,GET /api/v1/reservas,18.400000,0.000000,6,7,7,7,8,9,12,14,17,17,17,24735,0,7,7.889521993293731,4.633864002244081,311.9985780067509,8965.0
1789883781,50,GET,GET /api/v1/reservas/{id},5.900000,0.000000,4,5,5,5,6,7,7,8,8,8,8,8300,0,5,5.669802055585988,3.0284199965535663,284.6892960005789,442.0
1789883781,50,POST,POST /api/v1/auth/login,0.000000,0.000000,0,0,0,0,0,0,0,0,0,0,0,50,0,1300.0,1369.1218887201103,628.633758999058,2104.1982940005255,1622.0
1789883781,50,POST,POST /api/v1/auth/refresh,0.000000,0.000000,0,0,0,0,0,0,0,0,0,0,0,50,0,29,31.13284232051228,20.492110001214314,55.65531500178622,1622.0
1789883781,50,,Aggregated,24.300000,0.000000,6,7,7,7,8,9,12,13,17,17,17,33135,0,6,9.42264735528943,3.0284199965535663,2104.1982940005255,6807.909310396862
1789883782,50,GET,GET /api/v1/reservas,19.000000,0.000000,6,7,7,7,8,10,13,14,17,17,17,24749,0,7,7.888603294360011,4.633864002244081,311.9985780067509,8965.0
1789883782,50,GET,GET /api/v1/reservas/{id},5.700000,0.000000,4,5,5,5,6,7,7,8,8,8,8,8310,0,5,5.668243008828456,3.0284199965535663,284.6892960005789,442.0
1789883782,50,POST,POST /api/v1/auth/login,0.000000,0.000000,0,0,0,0,0,0,0,0,0,0,0,50,0,1300.0,1369.1218887201103,628.633758999058,2104.1982940005255,1622.0
1789883782,50,POST,POST /api/v1/auth/refresh,0.000000,0.000000,0,0,0,0,0,0,0,0,0,0,0,50,0,29,31.13284232051228,20.492110001214314,55.65531500178622,1622.0
1789883782,50,,Aggregated,24.700000,0.000000,6,6,7,7,8,9,12,13,17,17,17,33159,0,6,9.41979187814806,3.0284199965535663,2104.1982940005255,6806.900238246027
1789883783,50,GET,GET /api/v1/reservas,19.200000,0.000000,6,7,7,8,8,10,13,14,17,17,17,24763,0,7,7.888364164160094,4.633864002244081,311.9985780067509,8965.0
1789883783,50,GET,GET /api/v1/reservas/{id},5.900000,0.000000,4,5,5,5,6,7,7,8,8,8,8,8318,0,5,5.667460408676408,3.0284199965535663,284.6892960005789,442.0
1789883783,50,POST,POST /api/v1/auth/login,0.000000,0.000000,0,0,0,0,0,0,0,0,0,0,0,50,0,1300.0,1369.1218887201103,628.633758999058,2104.1982940005255,1622.0
1789883783,50,POST,POST /api/v1/auth/refresh,0.000000,0.000000,0,0,0,0,0,0,0,0,0,0,0,50,0,29,31.13284232051228,20.492110001214314,55.65531500178622,1622.0
1789883783,50,,Aggregated,25.100000,0.000000,6,7,7,7,8,9,12,13,17,17,17,33181,0,6,9.417866671543893,3.0284199965535663,2104.1982940005255,6806.276212290166
1789883784,50,GET,GET /api/v1/reservas,18.900000,0.000000,6,7,7,8,8,10,12,13,14,14,14,24783,0,7,7.886869064403864,4.633864002244081,311.9985780067509,8965.0
1789883784,50,GET,GET /api/v1/reservas/{id},5.800000,0.000000,4,5,5,5,6,7,7,8,8,8,8,8324,0,5,5.666147279357598,3.0284199965535663,284.6892960005789,442.0
1789883784,50,POST,POST /api/v1/auth/login,0.000000,0.000000,0,0,0,0,0,0,0,0,0,0,0,50,0,1300.0,1369.1218887201103,628.633758999058,2104.1982940005255,1622.0
1789883784,50,POST,POST /api/v1/auth/refresh,0.000000,0.000000,0,0,0,0,0,0,0,0,0,0,0,50,0,29,31.13284232051228,20.492110001214314,55.65531500178622,1622.0
1789883784,50,,Aggregated,24.700000,0.000000,6,7,7,7,8,9,12,13,14,14,14,33207,0,6,9.414822854474199,3.0284199965535663,2104.1982940005255,6806.426446231217
1789883785,50,GET,GET /api/v1/reservas,18.600000,0.000000,6,7,7,7,8,9,12,13,13,13,13,24803,0,7,7.8853510220988,4.633864002244081,311.9985780067509,8965.0
1789883785,50,GET,GET /api/v1/reservas/{id},6.000000,0.000000,4,5,5,5,6,6,7,8,8,8,8,8330,0,5,5.6652470258541685,3.0284199965535663,284.6892960005789,442.0
1789883785,50,POST,POST /api/v1/auth/login,0.000000,0.000000,0,0,0,0,0,0,0,0,0,0,0,50,0,1300.0,1369.1218887201103,628.633758999058,2104.1982940005255,1622.0
1789883785,50,POST,POST /api/v1/auth/refresh,0.000000,0.000000,0,0,0,0,0,0,0,0,0,0,0,50,0,29,31.13284232051228,20.492110001214314,55.65531500178622,1622.0
1789883785,50,,Aggregated,24.600000,0.000000,6,6,7,7,8,8,11,12,13,13,13,33233,0,6,9.41186789271245,3.0284199965535663,2104.1982940005255,6806.57644509975
1789883786,50,GET,GET /api/v1/reservas,18.300000,0.000000,6,7,7,8,10,12,13,16,22,22,22,24823,0,7,7.887189399432138,4.633864002244081,311.9985780067509,8965.0
1789883786,50,GET,GET /api/v1/reservas/{id},6.600000,0.000000,5,5,5,5,6,7,10,29,29,29,29,8336,0,5,5.668966733247891,3.0284199965535663,284.6892960005789,442.0
1789883786,50,POST,POST /api/v1/auth/login,0.000000,0.000000,0,0,0,0,0,0,0,0,0,0,0,50,0,1300.0,1369.1218887201103,628.633758999058,2104.1982940005255,1622.0
1789883786,50,POST,POST /api/v1/auth/refresh,0.000000,0.000000,0,0,0,0,0,0,0,0,0,0,0,50,0,29,31.13284232051228,20.492110001214314,55.65531500178622,1622.0
1789883786,50,,Aggregated,24.900000,0.000000,6,7,7,7,9,11,13,16,29,29,29,33259,0,6,9.412578420953412,3.0284199965535663,2104.1982940005255,6806.726209447067
1789883787,50,GET,GET /api/v1/reservas,17.900000,0.000000,6,7,7,8,9,12,13,16,22,22,22,24842,0,7,7.88591335267301,4.633864002244081,311.9985780067509,8965.0
1789883787,50,GET,GET /api/v1/reservas/{id},6.600000,0.000000,5,5,5,5,6,7,10,29,29,29,29,8342,0,5,5.668426396828104,3.0284199965535663,284.6892960005789,442.0
1789883787,50,POST,POST /api/v1/auth/login,0.000000,0.000000,0,0,0,0,0,0,0,0,0,0,0,50,0,1300.0,1369.1218887201103,628.633758999058,2104.1982940005255,1622.0
1789883787,50,POST,POST /api/v1/auth/refresh,0.000000,0.000000,0,0,0,0,0,0,0,0,0,0,0,50,0,29,31.13284232051228,20.492110001214314,55.65531500178622,1622.0
1789883787,50,,Aggregated,24.500000,0.000000,6,7,7,7,8,11,13,16,29,29,29,33284,0,6,9.40994499043006,3.0284199965535663,2104.1982940005255,6806.8109001321955
1789883788,50,GET,GET /api/v1/reservas,17.800000,0.000000,6,7,8,8,10,12,13,16,22,22,22,24858,0,7,7.885384212210138,4.633864002244081,311.9985780067509,8965.0
1789883788,50,GET,GET /api/v1/reservas/{id},6.900000,0.000000,5,5,5,5,7,9,11,29,29,29,29,8351,0,5,5.668436949389363,3.0284199965535663,284.6892960005789,442.0
1789883788,50,POST,POST /api/v1/auth/login,0.000000,0.000000,0,0,0,0,0,0,0,0,0,0,0,50,0,1300.0,1369.1218887201103,628.633758999058,2104.1982940005255,1622.0
1789883788,50,POST,POST /api/v1/auth/refresh,0.000000,0.000000,0,0,0,0,0,0,0,0,0,0,0,50,0,29,31.13284232051228,20.492110001214314,55.65531500178622,1622.0
1789883788,50,,Aggregated,24.700000,0.000000,6,7,7,7,9,11,13,16,29,29,29,33309,0,6,9.407809729007214,3.0284199965535663,2104.1982940005255,6806.127833318323
1789883789,50,GET,GET /api/v1/reservas,17.900000,0.000000,6,7,7,8,9,12,13,16,22,22,22,24876,0,7,7.884149985170892,4.633864002244081,311.9985780067509,8965.0
1789883789,50,GET,GET /api/v1/reservas/{id},6.700000,0.000000,5,5,5,5,7,9,11,29,29,29,29,8357,0,5,5.667257813612789,3.0284199965535663,284.6892960005789,442.0
1789883789,50,POST,POST /api/v1/auth/login,0.000000,0.000000,0,0,0,0,0,0,0,0,0,0,0,50,0,1300.0,1369.1218887201103,628.633758999058,2104.1982940005255,1622.0
1789883789,50,POST,POST /api/v1/auth/refresh,0.000000,0.000000,0,0,0,0,0,0,0,0,0,0,0,50,0,29,31.13284232051228,20.492110001214314,55.65531500178622,1622.0
1789883789,50,,Aggregated,24.600000,0.000000,6,7,7,7,9,11,13,16,29,29,29,33333,0,6,9.405097804923178,3.0284199965535663,2104.1982940005255,6806.148081480815
1789883790,50,GET,GET /api/v1/reservas,17.800000,0.000000,6,7,7,8,9,12,16,22,25,25,25,24897,0,7,7.883731869386679,4.633864002244081,311.9985780067509,8965.0
1789883790,50,GET,GET /api/v1/reservas/{id},6.900000,0.000000,5,5,5,5,7,9,11,29,29,29,29,8361,0,5,5.666751806765586,3.0284199965535663,284.6892960005789,442.0
1789883790,50,POST,POST /api/v1/auth/login,0.000000,0.000000,0,0,0,0,0,0,0,0,0,0,0,50,0,1300.0,1369.1218887201103,628.633758999058,2104.1982940005255,1622.0
1789883790,50,POST,POST /api/v1/auth/refresh,0.000000,0.000000,0,0,0,0,0,0,0,0,0,0,0,50,0,29,31.13284232051228,20.492110001214314,55.65531500178622,1622.0
1789883790,50,,Aggregated,24.700000,0.000000,6,7,7,7,9,11,16,22,29,29,29,33358,0,6,9.403253215436127,3.0284199965535663,2104.1982940005255,6806.744019425625
1789883791,50,GET,GET /api/v1/reservas,18.200000,0.000000,6,7,8,8,10,11,16,22,25,25,25,24915,0,7,7.883907762878219,4.633864002244081,311.9985780067509,8965.0
1789883791,50,GET,GET /api/v1/reservas/{id},7.000000,0.000000,5,5,5,5,7,9,11,29,29,29,29,8365,0,5,5.666438290182254,3.0284199965535663,284.6892960005789,442.0
1789883791,50,POST,POST /api/v1/auth/login,0.000000,0.000000,0,0,0,0,0,0,0,0,0,0,0,50,0,1300.0,1369.1218887201103,628.633758999058,2104.1982940005255,1622.0
1789883791,50,POST,POST /api/v1/auth/refresh,0.000000,0.000000,0,0,0,0,0,0,0,0,0,0,0,50,0,29,31.13284232051228,20.492110001214314,55.65531500178622,1622.0
1789883791,50,,Aggregated,25.200000,0.000000,6,7,7,8,9,11,16,22,29,29,29,33380,0,6,9.402038788541537,3.0284199965535663,2104.1982940005255,6807.145146794488
1789883792,50,GET,GET /api/v1/reservas,17.700000,0.000000,6,7,8,8,10,11,16,25,28,28,28,24937,0,7,7.883611972895873,4.633864002244081,311.9985780067509,8965.0
1789883792,50,GET,GET /api/v1/reservas/{id},6.700000,0.000000,5,5,5,6,7,10,11,29,29,29,29,8369,0,5,5.665754751986418,3.0284199965535663,284.6892960005789,442.0
1789883792,50,POST,POST /api/v1/auth/login,0.000000,0.000000,0,0,0,0,0,0,0,0,0,0,0,50,0,1300.0,1369.1218887201103,628.633758999058,2104.1982940005255,1622.0
1789883792,50,POST,POST /api/v1/auth/refresh,0.000000,0.000000,0,0,0,0,0,0,0,0,0,0,0,50,0,29,31.13284232051228,20.492110001214314,55.65531500178622,1622.0
1789883792,50,,Aggregated,24.400000,0.000000,6,7,7,8,10,11,16,25,29,29,29,33406,0,6,9.400199659926654,3.0284199965535663,2104.1982940005255,6807.804077111896
1789883793,50,GET,GET /api/v1/reservas,17.900000,0.000000,6,7,8,8,10,12,16,25,28,28,28,24954,0,7,7.8827595293777115,4.633864002244081,311.9985780067509,8965.0
1789883793,50,GET,GET /api/v1/reservas/{id},6.700000,0.000000,5,5,5,5,7,10,11,29,29,29,29,8376,0,5,5.6644631812765835,3.0284199965535663,284.6892960005789,442.0
1789883793,50,POST,POST /api/v1/auth/login,0.000000,0.000000,0,0,0,0,0,0,0,0,0,0,0,50,0,1300.0,1369.1218887201103,628.633758999058,2104.1982940005255,1622.0
1789883793,50,POST,POST /api/v1/auth/refresh,0.000000,0.000000,0,0,0,0,0,0,0,0,0,0,0,50,0,29,31.13284232051228,20.492110001214314,55.65531500178622,1622.0
1789883793,50,,Aggregated,24.600000,0.000000,6,7,7,8,9,11,16,25,29,29,29,33430,0,6,9.397686552632223,3.0284199965535663,2104.1982940005255,6807.568112473826
1789883794,50,GET,GET /api/v1/reservas,18.500000,0.000000,6,7,8,8,10,11,16,25,28,28,28,24980,0,7,7.881065781509123,4.633864002244081,311.9985780067509,8965.0
1789883794,50,GET,GET /api/v1/reservas/{id},6.200000,0.000000,5,5,5,5,7,10,11,29,29,29,29,8382,0,5,5.6633886231659325,3.0284199965535663,284.6892960005789,442.0
1789883794,50,POST,POST /api/v1/auth/login,0.000000,0.000000,0,0,0,0,0,0,0,0,0,0,0,50,0,1300.0,1369.1218887201103,628.633758999058,2104.1982940005255,1622.0
1789883794,50,POST,POST /api/v1/auth/refresh,0.000000,0.000000,0,0,0,0,0,0,0,0,0,0,0,50,0,29,31.13284232051228,20.492110001214314,55.65531500178622,1622.0
1789883794,50,,Aggregated,24.700000,0.000000,6,7,7,8,10,11,16,25,29,29,29,33462,0,6,9.394306473417783,3.0284199965535663,2104.1982940005255,6808.103042256888
1789883795,50,GET,GET /api/v1/reservas,19.200000,0.000000,6,7,7,8,9,11,16,25,28,28,28,24989,0,7,7.880434929692434,4.633864002244081,311.9985780067509,8965.0
1789883795,50,GET,GET /api/v1/reservas/{id},6.100000,0.000000,4,5,5,5,6,7,7,11,11,11,11,8390,0,5,5.6622357011177575,3.0284199965535663,284.6892960005789,442.0
1789883795,50,POST,POST /api/v1/auth/login,0.000000,0.000000,0,0,0,0,0,0,0,0,0,0,0,50,0,1300.0,1369.1218887201103,628.633758999058,2104.1982940005255,1622.0
1789883795,50,POST,POST /api/v1/auth/refresh,0.000000,0.000000,0,0,0,0,0,0,0,0,0,0,0,50,0,29,31.13284232051228,20.492110001214314,55.65531500178622,1622.0
1789883795,50,,Aggregated,25.300000,0.000000,6,6,7,7,9,10,15,22,28,28,28,33479,0,6,9.392248350981014,3.0284199965535663,2104.1982940005255,6807.161653573882
1789883796,50,GET,GET /api/v1/reservas,19.300000,0.000000,6,7,7,8,9,10,13,25,28,28,28,25012,0,7,7.87945316840203,4.633864002244081,311.9985780067509,8965.0
1789883796,50,GET,GET /api/v1/reservas/{id},5.600000,0.000000,4,5,5,5,6,7,7,11,11,11,11,8396,0,5,5.661869682035689,3.0284199965535663,284.6892960005789,442.0
1789883796,50,POST,POST /api/v1/auth/login,0.000000,0.000000,0,0,0,0,0,0,0,0,0,0,0,50,0,1300.0,1369.1218887201103,628.633758999058,2104.1982940005255,1622.0
1789883796,50,POST,POST /api/v1/auth/refresh,0.000000,0.000000,0,0,0,0,0,0,0,0,0,0,0,50,0,29,31.13284232051228,20.492110001214314,55.65531500178622,1622.0
1789883796,50,,Aggregated,24.900000,0.000000,6,6,7,7,9,10,11,15,28,28,28,33508,0,6,9.38971818820802,3.0284199965535663,2104.1982940005255,6807.503044049182
1789883797,50,GET,GET /api/v1/reservas,19.400000,0.000000,6,7,7,7,9,10,11,25,28,28,28,25032,0,7,7.877963187762784,4.633864002244081,311.9985780067509,8965.0
1789883797,50,GET,GET /api/v1/reservas/{id},5.800000,0.000000,4,5,5,5,6,6,6,7,7,7,7,8401,0,5,5.661201762335354,3.0284199965535663,284.6892960005789,442.0
1789883797,50,POST,POST /api/v1/auth/login,0.000000,0.000000,0,0,0,0,0,0,0,0,0,0,0,50,0,1300.0,1369.1218887201103,628.633758999058,2104.1982940005255,1622.0
1789883797,50,POST,POST /api/v1/auth/refresh,0.000000,0.000000,0,0,0,0,0,0,0,0,0,0,0,50,0,29,31.13284232051228,20.492110001214314,55.65531500178622,1622.0
1789883797,50,,Aggregated,25.200000,0.000000,6,6,7,7,8,9,11,15,28,28,28,33533,0,6,9.38698199008405,3.0284199965535663,2104.1982940005255,6807.840694241493
1789883798,50,GET,GET /api/v1/reservas,19.300000,0.000000,6,7,7,8,9,10,11,25,28,28,28,25051,0,7,7.876806074291764,4.633864002244081,311.9985780067509,8965.0
1789883798,50,GET,GET /api/v1/reservas/{id},5.800000,0.000000,4,5,5,5,6,6,6,7,7,7,7,8409,0,5,5.660344219810596,3.0284199965535663,284.6892960005789,442.0
1789883798,50,POST,POST /api/v1/auth/login,0.000000,0.000000,0,0,0,0,0,0,0,0,0,0,0,50,0,1300.0,1369.1218887201103,628.633758999058,2104.1982940005255,1622.0
1789883798,50,POST,POST /api/v1/auth/refresh,0.000000,0.000000,0,0,0,0,0,0,0,0,0,0,0,50,0,29,31.13284232051228,20.492110001214314,55.65531500178622,1622.0
1789883798,50,,Aggregated,25.100000,0.000000,6,6,7,7,8,9,11,15,28,28,28,33560,0,6,9.384160907732461,3.0284199965535663,2104.1982940005255,6807.544487485101
1789883799,50,GET,GET /api/v1/reservas,19.200000,0.000000,6,7,7,8,9,10,11,25,28,28,28,25065,0,7,7.876019240896968,4.633864002244081,311.9985780067509,8965.0
1789883799,50,GET,GET /api/v1/reservas/{id},5.900000,0.000000,4,5,5,5,5,6,6,7,7,7,7,8419,0,5,5.658735284165678,3.0284199965535663,284.6892960005789,442.0
1789883799,50,POST,POST /api/v1/auth/login,0.000000,0.000000,0,0,0,0,0,0,0,0,0,0,0,50,0,1300.0,1369.1218887201103,628.633758999058,2104.1982940005255,1622.0
1789883799,50,POST,POST /api/v1/auth/refresh,0.000000,0.000000,0,0,0,0,0,0,0,0,0,0,0,50,0,29,31.13284232051228,20.492110001214314,55.65531500178622,1622.0
1789883799,50,,Aggregated,25.100000,0.000000,6,6,7,7,8,9,11,15,28,28,28,33584,0,6,9.381433158126026,3.0284199965535663,2104.1982940005255,6806.548445688423
1789883800,50,GET,GET /api/v1/reservas,18.900000,0.000000,6,7,7,8,9,10,11,15,28,28,28,25087,0,7,7.875162429588734,4.633864002244081,311.9985780067509,8965.0
1789883800,50,GET,GET /api/v1/reservas/{id},5.700000,0.000000,4,5,5,5,5,6,6,7,7,7,7,8424,0,5,5.658050934875468,3.0284199965535663,284.6892960005789,442.0
1789883800,50,POST,POST /api/v1/auth/login,0.000000,0.000000,0,0,0,0,0,0,0,0,0,0,0,50,0,1300.0,1369.1218887201103,628.633758999058,2104.1982940005255,1622.0
1789883800,50,POST,POST /api/v1/auth/refresh,0.000000,0.000000,0,0,0,0,0,0,0,0,0,0,0,50,0,29,31.13284232051228,20.492110001214314,55.65531500178622,1622.0
1789883800,50,,Aggregated,24.600000,0.000000,6,6,7,7,8,9,10,14,28,28,28,33611,0,6,9.379082963866432,3.0284199965535663,2104.1982940005255,6807.014459551932
1789883801,50,GET,GET /api/v1/reservas,19.000000,0.000000,6,7,7,7,9,9,10,16,26,26,26,25103,0,7,7.8759650156593315,4.633864002244081,311.9985780067509,8965.0
1789883801,50,GET,GET /api/v1/reservas/{id},5.900000,0.000000,4,5,5,5,5,6,6,6,6,6,6,8428,0,5,5.657513421143223,3.0284199965535663,284.6892960005789,442.0
1789883801,50,POST,POST /api/v1/auth/login,0.000000,0.000000,0,0,0,0,0,0,0,0,0,0,0,50,0,1300.0,1369.1218887201103,628.633758999058,2104.1982940005255,1622.0
1789883801,50,POST,POST /api/v1/auth/refresh,0.000000,0.000000,0,0,0,0,0,0,0,0,0,0,0,50,0,29,31.13284232051228,20.492110001214314,55.65531500178622,1622.0
1789883801,50,,Aggregated,24.900000,0.000000,6,6,7,7,8,9,10,14,26,26,26,33631,0,6,9.378389267447368,3.0284199965535663,2104.1982940005255,6807.284083137582
1789883802,50,GET,GET /api/v1/reservas,19.400000,0.000000,6,7,7,8,9,9,12,16,26,26,26,25123,0,7,7.875292895836066,4.633864002244081,311.9985780067509,8965.0
1789883802,50,GET,GET /api/v1/reservas/{id},6.500000,0.000000,5,5,5,5,6,6,6,7,7,7,7,8435,0,5,5.657183533183437,3.0284199965535663,284.6892960005789,442.0
1789883802,50,POST,POST /api/v1/auth/login,0.000000,0.000000,0,0,0,0,0,0,0,0,0,0,0,50,0,1300.0,1369.1218887201103,628.633758999058,2104.1982940005255,1622.0
1789883802,50,POST,POST /api/v1/auth/refresh,0.000000,0.000000,0,0,0,0,0,0,0,0,0,0,0,50,0,29,31.13284232051228,20.492110001214314,55.65531500178622,1622.0
1789883802,50,,Aggregated,25.900000,0.000000,6,6,7,7,9,9,10,14,26,26,26,33658,0,6,9.37613830520301,3.0284199965535663,2104.1982940005255,6807.242408936954
1789883803,50,GET,GET /api/v1/reservas,18.700000,0.000000,6,7,7,7,9,9,12,16,26,26,26,25140,0,7,7.87424267923992,4.633864002244081,311.9985780067509,8965.0
1789883803,50,GET,GET /api/v1/reservas/{id},6.500000,0.000000,5,5,5,5,6,6,6,7,7,7,7,8438,0,5,5.657054183621472,3.0284199965535663,284.6892960005789,442.0
1789883803,50,POST,POST /api/v1/auth/login,0.000000,0.000000,0,0,0,0,0,0,0,0,0,0,0,50,0,1300.0,1369.1218887201103,628.633758999058,2104.1982940005255,1622.0
1789883803,50,POST,POST /api/v1/auth/refresh,0.000000,0.000000,0,0,0,0,0,0,0,0,0,0,0,50,0,29,31.13284232051228,20.492110001214314,55.65531500178622,1622.0
1789883803,50,,Aggregated,25.200000,0.000000,6,6,7,7,8,9,10,14,26,26,26,33678,0,6,9.374233051532771,3.0284199965535663,2104.1982940005255,6807.764594097037
1789883804,50,GET,GET /api/v1/reservas,18.700000,0.000000,6,7,7,8,9,9,12,16,26,26,26,25166,0,7,7.8732728646213745,4.633864002244081,311.9985780067509,8965.0
1789883804,50,GET,GET /api/v1/reservas/{id},6.600000,0.000000,5,5,5,5,6,6,7,8,8,8,8,8441,0,5,5.657029319796749,3.0284199965535663,284.6892960005789,442.0
1789883804,50,POST,POST /api/v1/auth/login,0.000000,0.000000,0,0,0,0,0,0,0,0,0,0,0,50,0,1300.0,1369.1218887201103,628.633758999058,2104.1982940005255,1622.0
1789883804,50,POST,POST /api/v1/auth/refresh,0.000000,0.000000,0,0,0,0,0,0,0,0,0,0,0,50,0,29,31.13284232051228,20.492110001214314,55.65531500178622,1622.0
1789883804,50,,Aggregated,25.300000,0.000000,6,7,7,7,9,9,10,14,26,26,26,33707,0,6,9.372014891609963,3.0284199965535663,2104.1982940005255,6808.862016791764
1789883805,50,GET,GET /api/v1/reservas,18.300000,0.000000,6,7,7,8,9,9,12,16,26,26,26,25179,0,7,7.872542019105642,4.633864002244081,311.9985780067509,8965.0
1789883805,50,GET,GET /api/v1/reservas/{id},6.100000,0.000000,5,5,5,6,6,7,8,8,8,8,8,8446,0,5,5.656881376794896,3.0284199965535663,284.6892960005789,442.0
1789883805,50,POST,POST /api/v1/auth/login,0.000000,0.000000,0,0,0,0,0,0,0,0,0,0,0,50,0,1300.0,1369.1218887201103,628.633758999058,2104.1982940005255,1622.0
1789883805,50,POST,POST /api/v1/auth/refresh,0.000000,0.000000,0,0,0,0,0,0,0,0,0,0,0,50,0,29,31.13284232051228,20.492110001214314,55.65531500178622,1622.0
1789883805,50,,Aggregated,24.400000,0.000000,6,7,7,7,9,9,10,14,26,26,26,33725,0,6,9.370303696352906,3.0284199965535663,2104.1982940005255,6808.749206819866
1789883806,50,GET,GET /api/v1/reservas,18.900000,0.000000,7,7,8,8,9,10,12,16,26,26,26,25199,0,7,7.872004008296093,4.633864002244081,311.9985780067509,8965.0
1789883806,50,GET,GET /api/v1/reservas/{id},6.200000,0.000000,5,5,5,5,6,7,8,8,8,8,8,8451,0,5,5.656359522827432,3.0284199965535663,284.6892960005789,442.0
1789883806,50,POST,POST /api/v1/auth/login,0.000000,0.000000,0,0,0,0,0,0,0,0,0,0,0,50,0,1300.0,1369.1218887201103,628.633758999058,2104.1982940005255,1622.0
1789883806,50,POST,POST /api/v1/auth/refresh,0.000000,0.000000,0,0,0,0,0,0,0,0,0,0,0,50,0,29,31.13284232051228,20.492110001214314,55.65531500178622,1622.0
1789883806,50,,Aggregated,25.100000,0.000000,6,7,7,8,9,9,10,14,26,26,26,33750,0,6,9.368333626207377,3.0284199965535663,2104.1982940005255,6809.083762962963
1789883807,50,GET,GET /api/v1/reservas,18.500000,0.000000,7,7,8,8,9,10,12,16,26,26,26,25213,0,7,7.871404566098986,4.633864002244081,311.9985780067509,8965.0
1789883807,50,GET,GET /api/v1/reservas/{id},5.800000,0.000000,5,5,5,6,6,7,8,8,8,8,8,8457,0,5,5.655462184866815,3.0284199965535663,284.6892960005789,442.0
1789883807,50,POST,POST /api/v1/auth/login,0.000000,0.000000,0,0,0,0,0,0,0,0,0,0,0,50,0,1300.0,1369.1218887201103,628.633758999058,2104.1982940005255,1622.0
1789883807,50,POST,POST /api/v1/auth/refresh,0.000000,0.000000,0,0,0,0,0,0,0,0,0,0,0,50,0,29,31.13284232051228,20.492110001214314,55.65531500178622,1622.0
1789883807,50,,Aggregated,24.300000,0.000000,6,7,7,8,9,9,10,14,26,26,26,33770,0,6,9.366381509461165,3.0284199965535663,2104.1982940005255,6808.8462836837425
1789883808,50,GET,GET /api/v1/reservas,18.200000,0.000000,7,7,7,8,9,10,12,16,26,26,26,25234,0,7,7.869828165532494,4.633864002244081,311.9985780067509,8965.0
1789883808,50,GET,GET /api/v1/reservas/{id},5.600000,0.000000,5,5,5,6,6,7,8,8,8,8,8,8465,0,5,5.654811991897962,3.0284199965535663,284.6892960005789,442.0
1789883808,50,POST,POST /api/v1/auth/login,0.000000,0.000000,0,0,0,0,0,0,0,0,0,0,0,50,0,1300.0,1369.1218887201103,628.633758999058,2104.1982940005255,1622.0
1789883808,50,POST,POST /api/v1/auth/refresh,0.000000,0.000000,0,0,0,0,0,0,0,0,0,0,0,50,0,29,31.13284232051228,20.492110001214314,55.65531500178622,1622.0
1789883808,50,,Aggregated,23.800000,0.000000,6,7,7,7,9,9,10,14,26,26,26,33799,0,6,9.363234533344015,3.0284199965535663,2104.1982940005255,6808.678954998669
1789883809,50,GET,GET /api/v1/reservas,18.400000,0.000000,7,7,8,8,9,10,14,16,26,26,26,25256,0,7,7.868830529776571,4.633864002244081,311.9985780067509,8965.0
1789883809,50,GET,GET /api/v1/reservas/{id},5.800000,0.000000,5,5,6,6,6,7,8,8,8,8,8,8471,0,5,5.653744204629636,3.0284199965535663,284.6892960005789,442.0
1789883809,50,POST,POST /api/v1/auth/login,0.000000,0.000000,0,0,0,0,0,0,0,0,0,0,0,50,0,1300.0,1369.1218887201103,628.633758999058,2104.1982940005255,1622.0
1789883809,50,POST,POST /api/v1/auth/refresh,0.000000,0.000000,0,0,0,0,0,0,0,0,0,0,0,50,0,29,31.13284232051228,20.492110001214314,55.65531500178622,1622.0
1789883809,50,,Aggregated,24.200000,0.000000,6,7,7,8,9,9,12,14,26,26,26,33827,0,6,9.36059324118266,3.0284199965535663,2104.1982940005255,6808.9520796996485
1789883810,50,GET,GET /api/v1/reservas,18.500000,0.000000,7,7,8,8,9,10,16,22,26,26,26,25271,0,7,7.869669376994302,4.633864002244081,311.9985780067509,8965.0
1789883810,50,GET,GET /api/v1/reservas/{id},5.600000,0.000000,5,5,6,6,6,8,8,8,8,8,8,8481,0,5,5.653070247307683,3.0284199965535663,284.6892960005789,442.0
1789883810,50,POST,POST /api/v1/auth/login,0.000000,0.000000,0,0,0,0,0,0,0,0,0,0,0,50,0,1300.0,1369.1218887201103,628.633758999058,2104.1982940005255,1622.0
1789883810,50,POST,POST /api/v1/auth/refresh,0.000000,0.000000,0,0,0,0,0,0,0,0,0,0,0,50,0,29,31.13284232051228,20.492110001214314,55.65531500178622,1622.0
1789883810,50,,Aggregated,24.100000,0.000000,6,7,7,8,9,10,14,17,26,26,26,33852,0,6,9.359294580688603,3.0284199965535663,2104.1982940005255,6808.026615857261
1789883811,50,GET,GET /api/v1/reservas,18.600000,0.000000,6,7,7,8,9,10,13,17,22,22,22,25286,0,7,7.869132199636732,4.633864002244081,311.9985780067509,8965.0
1789883811,50,GET,GET /api/v1/reservas/{id},5.700000,0.000000,5,5,6,6,6,8,8,8,8,8,8,8490,0,5,5.652285265417888,3.0284199965535663,284.6892960005789,442.0
1789883811,50,POST,POST /api/v1/auth/login,0.000000,0.000000,0,0,0,0,0,0,0,0,0,0,0,50,0,1300.0,1369.1218887201103,628.633758999058,2104.1982940005255,1622.0
1789883811,50,POST,POST /api/v1/auth/refresh,0.000000,0.000000,0,0,0,0,0,0,0,0,0,0,0,50,0,29,31.13284232051228,20.492110001214314,55.65531500178622,1622.0
1789883811,50,,Aggregated,24.300000,0.000000,6,7,7,7,8,9,10,14,22,22,22,33876,0,6,9.357052640673142,3.0284199965535663,2104.1982940005255,6807.290412091156
1789883812,50,GET,GET /api/v1/reservas,18.000000,0.000000,7,7,8,8,10,14,31,120,140,140,140,25302,0,7,7.883076641332952,4.633864002244081,311.9985780067509,8965.0
1789883812,50,GET,GET /api/v1/reservas/{id},5.400000,0.000000,5,6,6,6,8,12,130,170,170,170,170,8499,0,5,5.690307965102099,3.0284199965535663,284.6892960005789,442.0
1789883812,50,POST,POST /api/v1/auth/login,0.000000,0.000000,0,0,0,0,0,0,0,0,0,0,0,50,0,1300.0,1369.1218887201103,628.633758999058,2104.1982940005255,1622.0
1789883812,50,POST,POST /api/v1/auth/refresh,0.000000,0.000000,0,0,0,0,0,0,0,0,0,0,0,50,0,29,31.13284232051228,20.492110001214314,55.65531500178622,1622.0
1789883812,50,,Aggregated,23.400000,0.000000,6,7,8,8,10,14,45,130,170,170,170,33901,0,6,9.3753066023551,3.0284199965535663,2104.1982940005255,6806.6189197958765
1789883813,50,GET,GET /api/v1/reservas,18.500000,0.000000,7,8,9,10,12,15,31,120,140,140,140,25320,0,7,7.884753511690634,4.633864002244081,311.9985780067509,8965.0
1789883813,50,GET,GET /api/v1/reservas/{id},6.000000,0.000000,5,6,6,7,10,12,130,170,170,170,170,8504,0,5,5.691073373399824,3.0284199965535663,284.6892960005789,442.0
1789883813,50,POST,POST /api/v1/auth/login,0.000000,0.000000,0,0,0,0,0,0,0,0,0,0,0,50,0,1300.0,1369.1218887201103,628.633758999058,2104.1982940005255,1622.0
1789883813,50,POST,POST /api/v1/auth/refresh,0.000000,0.000000,0,0,0,0,0,0,0,0,0,0,0,50,0,29,31.13284232051228,20.492110001214314,55.65531500178622,1622.0
1789883813,50,,Aggregated,24.500000,0.000000,6,7,8,9,11,15,45,130,170,170,170,33924,0,6,9.375415146664016,3.0284199965535663,2104.1982940005255,6806.826081829973
1789883814,50,GET,GET /api/v1/reservas,17.900000,0.000000,7,9,10,10,13,19,31,120,140,140,140,25336,0,7,7.88719883663539,4.633864002244081,311.9985780067509,8965.0
1789883814,50,GET,GET /api/v1/reservas/{id},6.100000,0.000000,5,6,7,8,11,17,130,170,170,170,170,8512,0,5,5.695315372931907,3.0284199965535663,284.6892960005789,442.0
1789883814,50,POST,POST /api/v1/auth/login,0.000000,0.000000,0,0,0,0,0,0,0,0,0,0,0,50,0,1300.0,1369.1218887201103,628.633758999058,2104.1982940005255,1622.0
1789883814,50,POST,POST /api/v1/auth/refresh,0.000000,0.000000,0,0,0,0,0,0,0,0,0,0,0,50,0,29,31.13284232051228,20.492110001214314,55.65531500178622,1622.0
1789883814,50,,Aggregated,24.000000,0.000000,7,8,9,10,12,19,45,130,170,170,170,33948,0,6,9.376732966048715,3.0284199965535663,2104.1982940005255,6806.3433486508775
1789883815,50,GET,GET /api/v1/reservas,18.100000,0.000000,7,9,10,10,13,19,31,120,140,140,140,25355,0,7,7.886286754802035,4.633864002244081,311.9985780067509,8965.0
1789883815,50,GET,GET /api/v1/reservas/{id},6.400000,0.000000,5,6,7,7,11,17,130,170,170,170,170,8518,0,5,5.69477161991026,3.0284199965535663,284.6892960005789,442.0
1789883815,50,POST,POST /api/v1/auth/login,0.000000,0.000000,0,0,0,0,0,0,0,0,0,0,0,50,0,1300.0,1369.1218887201103,628.633758999058,2104.1982940005255,1622.0
1789883815,50,POST,POST /api/v1/auth/refresh,0.000000,0.000000,0,0,0,0,0,0,0,0,0,0,0,50,0,29,31.13284232051228,20.492110001214314,55.65531500178622,1622.0
1789883815,50,,Aggregated,24.500000,0.000000,7,8,9,10,12,19,45,130,170,170,170,33973,0,6,9.374432692974784,3.0284199965535663,2104.1982940005255,6806.426603479234
1789883816,50,GET,GET /api/v1/reservas,17.000000,0.000000,7,8,9,10,13,19,31,120,140,140,140,25375,0,7,7.8850265661876175,4.633864002244081,311.9985780067509,8965.0
1789883816,50,GET,GET /api/v1/reservas/{id},6.700000,0.000000,5,6,7,8,11,17,130,170,170,170,170,8521,0,5,5.694541971528384,3.0284199965535663,284.6892960005789,442.0
1789883816,50,POST,POST /api/v1/auth/login,0.000000,0.000000,0,0,0,0,0,0,0,0,0,0,0,50,0,1300.0,1369.1218887201103,628.633758999058,2104.1982940005255,1622.0
1789883816,50,POST,POST /api/v1/auth/refresh,0.000000,0.000000,0,0,0,0,0,0,0,0,0,0,0,50,0,29,31.13284232051228,20.492110001214314,55.65531500178622,1622.0
1789883816,50,,Aggregated,23.700000,0.000000,7,8,9,10,12,19,45,130,170,170,170,33996,0,6,9.372234316049985,3.0284199965535663,2104.1982940005255,6807.134868808095
1789883817,50,GET,GET /api/v1/reservas,17.400000,0.000000,7,8,9,10,13,19,31,120,140,140,140,25395,0,7,7.8843445602288265,4.633864002244081,311.9985780067509,8965.0
1789883817,50,GET,GET /api/v1/reservas/{id},7.000000,0.000000,5,6,7,8,11,17,130,170,170,170,170,8527,0,5,5.694555229083079,3.0284199965535663,284.6892960005789,442.0
1789883817,50,POST,POST /api/v1/auth/login,0.000000,0.000000,0,0,0,0,0,0,0,0,0,0,0,50,0,1300.0,1369.1218887201103,628.633758999058,2104.1982940005255,1622.0
1789883817,50,POST,POST /api/v1/auth/refresh,0.000000,0.000000,0,0,0,0,0,0,0,0,0,0,0,50,0,29,31.13284232051228,20.492110001214314,55.65531500178622,1622.0
1789883817,50,,Aggregated,24.400000,0.000000,7,8,9,10,12,19,45,130,170,170,170,34022,0,6,9.370205722692187,3.0284199965535663,2104.1982940005255,6807.280847686791
1789883818,50,GET,GET /api/v1/reservas,17.700000,0.000000,7,8,9,10,13,19,31,120,140,140,140,25418,0,7,7.882744859234972,4.633864002244081,311.9985780067509,8965.0
1789883818,50,GET,GET /api/v1/reservas/{id},7.200000,0.000000,5,6,7,8,11,17,130,170,170,170,170,8531,0,5,5.693874333768872,3.0284199965535663,284.6892960005789,442.0
1789883818,50,POST,POST /api/v1/auth/login,0.000000,0.000000,0,0,0,0,0,0,0,0,0,0,0,50,0,1300.0,1369.1218887201103,628.633758999058,2104.1982940005255,1622.0
1789883818,50,POST,POST /api/v1/auth/refresh,0.000000,0.000000,0,0,0,0,0,0,0,0,0,0,0,50,0,29,31.13284232051228,20.492110001214314,55.65531500178622,1622.0
1789883818,50,,Aggregated,24.900000,0.000000,7,8,9,10,12,19,45,130,170,170,170,34049,0,6,9.36740542528262,3.0284199965535663,2104.1982940005255,6807.9906017797875
1789883819,50,GET,GET /api/v1/reservas,17.700000,0.000000,7,8,9,10,13,19,31,120,140,140,140,25437,0,7,7.881942624051958,4.633864002244081,311.9985780067509,8965.0
1789883819,50,GET,GET /api/v1/reservas/{id},6.900000,0.000000,5,7,7,8,11,29,130,170,170,170,170,8537,0,5,5.692980752182314,3.0284199965535663,284.6892960005789,442.0
1789883819,50,POST,POST /api/v1/auth/login,0.000000,0.000000,0,0,0,0,0,0,0,0,0,0,0,50,0,1300.0,1369.1218887201103,628.633758999058,2104.1982940005255,1622.0
1789883819,50,POST,POST /api/v1/auth/refresh,0.000000,0.000000,0,0,0,0,0,0,0,0,0,0,0,50,0,29,31.13284232051228,20.492110001214314,55.65531500178622,1622.0
1789883819,50,,Aggregated,24.600000,0.000000,7,8,9,10,12,19,45,130,170,170,170,34074,0,6,9.36510793453722,3.0284199965535663,2104.1982940005255,6808.072401244351
1789883820,50,GET,GET /api/v1/reservas,17.900000,0.000000,7,8,9,10,12,17,31,120,140,140,140,25453,0,7,7.881172405690182,4.633864002244081,311.9985780067509,8965.0
1789883820,50,GET,GET /api/v1/reservas/{id},6.800000,0.000000,6,7,7,8,12,29,130,170,170,170,170,8545,0,5,5.6932215064215255,3.0284199965535663,284.6892960005789,442.0
1789883820,50,POST,POST /api/v1/auth/login,0.000000,0.000000,0,0,0,0,0,0,0,0,0,0,0,50,0,1300.0,1369.1218887201103,628.633758999058,2104.1982940005255,1622.0
1789883820,50,POST,POST /api/v1/auth/refresh,0.000000,0.000000,0,0,0,0,0,0,0,0,0,0,0,50,0,29,31.13284232051228,20.492110001214314,55.65531500178622,1622.0
1789883820,50,,Aggregated,24.700000,0.000000,7,8,9,10,12,17,45,130,170,170,170,34098,0,6,9.3630358251638,3.0284199965535663,2104.1982940005255,6807.590914423134
1789883821,50,GET,GET /api/v1/reservas,17.800000,0.000000,7,8,9,10,11,14,31,120,140,140,140,25475,0,7,7.882176295663534,4.633864002244081,311.9985780067509,8965.0
1789883821,50,GET,GET /api/v1/reservas/{id},6.400000,0.000000,6,7,7,8,12,29,130,170,170,170,170,8549,0,5,5.693487409682501,3.0284199965535663,284.6892960005789,442.0
1789883821,50,POST,POST /api/v1/auth/login,0.000000,0.000000,0,0,0,0,0,0,0,0,0,0,0,50,0,1300.0,1369.1218887201103,628.633758999058,2104.1982940005255,1622.0
1789883821,50,POST,POST /api/v1/auth/refresh,0.000000,0.000000,0,0,0,0,0,0,0,0,0,0,0,50,0,29,31.13284232051228,20.492110001214314,55.65531500178622,1622.0
1789883821,50,,Aggregated,24.200000,0.000000,7,8,9,10,11,15,45,130,170,170,170,34124,0,6,9.362466344784766,3.0284199965535663,2104.1982940005255,6808.235640604853
1789883822,50,GET,GET /api/v1/reservas,19.000000,0.000000,7,8,9,9,11,12,17,19,27,27,27,25500,0,7,7.882745846980149,4.633864002244081,311.9985780067509,8965.0
1789883822,50,GET,GET /api/v1/reservas/{id},6.300000,0.000000,5,6,7,7,9,11,29,29,29,29,29,8551,0,5,5.694052546997478,3.0284199965535663,284.6892960005789,442.0
1789883822,50,POST,POST /api/v1/auth/login,0.000000,0.000000,0,0,0,0,0,0,0,0,0,0,0,50,0,1300.0,1369.1218887201103,628.633758999058,2104.1982940005255,1622.0
1789883822,50,POST,POST /api/v1/auth/refresh,0.000000,0.000000,0,0,0,0,0,0,0,0,0,0,0,50,0,29,31.13284232051228,20.492110001214314,55.65531500178622,1622.0
1789883822,50,,Aggregated,25.300000,0.000000,7,7,8,9,11,12,17,19,29,29,29,34151,0,6,9.36173461917368,3.0284199965535663,2104.1982940005255,6809.441656174051
1789883823,50,GET,GET /api/v1/reservas,18.700000,0.000000,7,7,8,9,10,12,14,18,19,19,19,25515,0,7,7.882349574955755,4.633864002244081,311.9985780067509,8965.0
1789883823,50,GET,GET /api/v1/reservas/{id},6.000000,0.000000,5,6,6,7,9,11,12,29,29,29,29,8561,0,5,5.6925709711927075,3.0284199965535663,284.6892960005789,442.0
1789883823,50,POST,POST /api/v1/auth/login,0.000000,0.000000,0,0,0,0,0,0,0,0,0,0,0,50,0,1300.0,1369.1218887201103,628.633758999058,2104.1982940005255,1622.0
1789883823,50,POST,POST /api/v1/auth/refresh,0.000000,0.000000,0,0,0,0,0,0,0,0,0,0,0,50,0,29,31.13284232051228,20.492110001214314,55.65531500178622,1622.0
1789883823,50,,Aggregated,24.700000,0.000000,6,7,8,8,10,11,14,18,29,29,29,34176,0,6,9.35934533126779,3.0284199965535663,2104.1982940005255,6808.524607911985
1789883824,50,GET,GET /api/v1/reservas,20.000000,0.000000,7,7,8,8,10,11,13,16,18,18,18,25539,0,7,7.881006438035493,4.633864002244081,311.9985780067509,8965.0
1789883824,50,GET,GET /api/v1/reservas/{id},5.700000,0.000000,5,5,6,6,7,9,10,12,12,12,12,8568,0,5,5.692061134497778,3.0284199965535663,284.6892960005789,442.0
1789883824,50,POST,POST /api/v1/auth/login,0.000000,0.000000,0,0,0,0,0,0,0,0,0,0,0,50,0,1300.0,1369.1218887201103,628.633758999058,2104.1982940005255,1622.0
1789883824,50,POST,POST /api/v1/auth/refresh,0.000000,0.000000,0,0,0,0,0,0,0,0,0,0,0,50,0,29,31.13284232051228,20.492110001214314,55.65531500178622,1622.0
1789883824,50,,Aggregated,25.700000,0.000000,6,7,7,8,10,11,12,13,18,18,18,34207,0,6,9.35642820982245,3.0284199965535663,2104.1982940005255,6808.734791124623
1789883825,50,GET,GET /api/v1/reservas,19.700000,0.000000,7,7,8,8,10,11,13,16,18,18,18,25551,0,7,7.880482030408757,4.633864002244081,311.9985780067509,8965.0
1789883825,50,GET,GET /api/v1/reservas/{id},5.300000,0.000000,5,5,6,6,7,9,10,12,12,12,12,8574,0,5,5.691313502376257,3.0284199965535663,284.6892960005789,442.0
1789883825,50,POST,POST /api/v1/auth/login,0.000000,0.000000,0,0,0,0,0,0,0,0,0,0,0,50,0,1300.0,1369.1218887201103,628.633758999058,2104.1982940005255,1622.0
1789883825,50,POST,POST /api/v1/auth/refresh,0.000000,0.000000,0,0,0,0,0,0,0,0,0,0,0,50,0,29,31.13284232051228,20.492110001214314,55.65531500178622,1622.0
1789883825,50,,Aggregated,25.000000,0.000000,6,7,8,8,10,11,12,13,18,18,18,34225,0,6,9.354689697016196,3.0284199965535663,2104.1982940005255,6808.374667640614
1789883826,50,GET,GET /api/v1/reservas,19.900000,0.000000,6,7,8,8,10,11,12,16,18,18,18,25571,0,7,7.878968487660844,4.633864002244081,311.9985780067509,8965.0
1789883826,50,GET,GET /api/v1/reservas/{id},5.600000,0.000000,5,5,6,6,7,9,10,12,12,12,12,8578,0,5,5.691094152877101,3.0284199965535663,284.6892960005789,442.0
1789883826,50,POST,POST /api/v1/auth/login,0.000000,0.000000,0,0,0,0,0,0,0,0,0,0,0,50,0,1300.0,1369.1218887201103,628.633758999058,2104.1982940005255,1622.0
1789883826,50,POST,POST /api/v1/auth/refresh,0.000000,0.000000,0,0,0,0,0,0,0,0,0,0,0,50,0,29,31.13284232051228,20.492110001214314,55.65531500178622,1622.0
1789883826,50,,Aggregated,25.500000,0.000000,6,7,7,8,9,10,12,13,18,18,18,34249,0,6,9.352215988594889,3.0284199965535663,2104.1982940005255,6808.890507752051
1789883827,50,GET,GET /api/v1/reservas,20.000000,0.000000,7,7,8,8,10,11,12,16,18,18,18,25592,0,7,7.878232965223217,4.633864002244081,311.9985780067509,8965.0
1789883827,50,GET,GET /api/v1/reservas/{id},5.600000,0.000000,5,5,6,6,7,9,10,12,12,12,12,8585,0,5,5.690373684610391,3.0284199965535663,284.6892960005789,442.0
1789883827,50,POST,POST /api/v1/auth/login,0.000000,0.000000,0,0,0,0,0,0,0,0,0,0,0,50,0,1300.0,1369.1218887201103,628.633758999058,2104.1982940005255,1622.0
1789883827,50,POST,POST /api/v1/auth/refresh,0.000000,0.000000,0,0,0,0,0,0,0,0,0,0,0,50,0,29,31.13284232051228,20.492110001214314,55.65531500178622,1622.0
1789883827,50,,Aggregated,25.600000,0.000000,6,7,7,8,9,10,12,13,18,18,18,34277,0,6,9.349836119858912,3.0284199965535663,2104.1982940005255,6808.911223269248
1789883828,50,GET,GET /api/v1/reservas,19.800000,0.000000,7,7,8,8,10,11,12,16,18,18,18,25605,0,7,7.877480414606481,4.633864002244081,311.9985780067509,8965.0
1789883828,50,GET,GET /api/v1/reservas/{id},5.300000,0.000000,5,5,6,6,7,9,10,12,12,12,12,8593,0,5,5.6895224120074595,3.0284199965535663,284.6892960005789,442.0
1789883828,50,POST,POST /api/v1/auth/login,0.000000,0.000000,0,0,0,0,0,0,0,0,0,0,0,50,0,1300.0,1369.1218887201103,628.633758999058,2104.1982940005255,1622.0
1789883828,50,POST,POST /api/v1/auth/refresh,0.000000,0.000000,0,0,0,0,0,0,0,0,0,0,0,50,0,29,31.13284232051228,20.492110001214314,55.65531500178622,1622.0
1789883828,50,,Aggregated,25.100000,0.000000,6,7,7,8,10,10,12,13,18,18,18,34298,0,6,9.347649677952365,3.0284199965535663,2104.1982940005255,6808.243366960172
1789883829,50,GET,GET /api/v1/reservas,19.700000,0.000000,7,7,8,8,10,11,12,16,18,18,18,25626,0,7,7.876817738039747,4.633864002244081,311.9985780067509,8965.0
1789883829,50,GET,GET /api/v1/reservas/{id},5.600000,0.000000,5,5,6,6,7,9,10,12,12,12,12,8596,0,5,5.689165836712232,3.0284199965535663,284.6892960005789,442.0
1789883829,50,POST,POST /api/v1/auth/login,0.000000,0.000000,0,0,0,0,0,0,0,0,0,0,0,50,0,1300.0,1369.1218887201103,628.633758999058,2104.1982940005255,1622.0
1789883829,50,POST,POST /api/v1/auth/refresh,0.000000,0.000000,0,0,0,0,0,0,0,0,0,0,0,50,0,29,31.13284232051228,20.492110001214314,55.65531500178622,1622.0
1789883829,50,,Aggregated,25.300000,0.000000,6,7,7,8,10,11,12,13,18,18,18,34322,0,6,9.345846321292932,3.0284199965535663,2104.1982940005255,6809.006526426199
1789883830,50,GET,GET /api/v1/reservas,19.200000,0.000000,6,7,7,8,9,10,12,16,18,18,18,25649,0,7,7.87551765222831,4.633864002244081,311.9985780067509,8965.0
1789883830,50,GET,GET /api/v1/reservas/{id},5.900000,0.000000,5,5,5,5,6,7,7,10,10,10,10,8600,0,5,5.688664569810668,3.0284199965535663,284.6892960005789,442.0
1789883830,50,POST,POST /api/v1/auth/login,0.000000,0.000000,0,0,0,0,0,0,0,0,0,0,0,50,0,1300.0,1369.1218887201103,628.633758999058,2104.1982940005255,1622.0
1789883830,50,POST,POST /api/v1/auth/refresh,0.000000,0.000000,0,0,0,0,0,0,0,0,0,0,0,50,0,29,31.13284232051228,20.492110001214314,55.65531500178622,1622.0
1789883830,50,,Aggregated,25.100000,0.000000,6,7,7,7,9,10,12,13,18,18,18,34349,0,6,9.343340537261836,3.0284199965535663,2104.1982940005255,6809.7087251448365
1789883831,50,GET,GET /api/v1/reservas,19.100000,0.000000,6,7,7,8,9,10,12,16,18,18,18,25671,0,7,7.87524322527345,4.633864002244081,311.9985780067509,8965.0
1789883831,50,GET,GET /api/v1/reservas/{id},6.200000,0.000000,5,5,5,6,7,7,7,10,10,10,10,8602,0,5,5.688745000391827,3.0284199965535663,284.6892960005789,442.0
1789883831,50,POST,POST /api/v1/auth/login,0.000000,0.000000,0,0,0,0,0,0,0,0,0,0,0,50,0,1300.0,1369.1218887201103,628.633758999058,2104.1982940005255,1622.0
1789883831,50,POST,POST /api/v1/auth/refresh,0.000000,0.000000,0,0,0,0,0,0,0,0,0,0,0,50,0,29,31.13284232051228,20.492110001214314,55.65531500178622,1622.0
1789883831,50,,Aggregated,25.300000,0.000000,6,7,7,7,9,10,12,14,18,18,18,34373,0,6,9.34200360403213,3.0284199965535663,2104.1982940005255,6810.717685392605
1789883832,50,GET,GET /api/v1/reservas,18.800000,0.000000,6,7,7,7,8,9,11,12,14,14,14,25691,0,7,7.874076362228017,4.633864002244081,311.9985780067509,8965.0
1789883832,50,GET,GET /api/v1/reservas/{id},5.800000,0.000000,5,5,5,5,6,7,7,7,7,7,7,8607,0,5,5.688108073356054,3.0284199965535663,284.6892960005789,442.0
1789883832,50,POST,POST /api/v1/auth/login,0.000000,0.000000,0,0,0,0,0,0,0,0,0,0,0,50,0,1300.0,1369.1218887201103,628.633758999058,2104.1982940005255,1622.0
1789883832,50,POST,POST /api/v1/auth/refresh,0.000000,0.000000,0,0,0,0,0,0,0,0,0,0,0,50,0,29,31.13284232051228,20.492110001214314,55.65531500178622,1622.0
1789883832,50,,Aggregated,24.600000,0.000000,6,7,7,7,8,9,11,11,14,14,14,34398,0,6,9.339588887766924,3.0284199965535663,2104.1982940005255,6811.044508401651
1789883833,50,GET,GET /api/v1/reservas,19.400000,0.000000,6,7,7,8,9,10,11,14,15,15,15,25707,0,7,7.8741226987584865,4.633864002244081,311.9985780067509,8965.0
1789883833,50,GET,GET /api/v1/reservas/{id},5.200000,0.000000,5,5,5,6,7,7,16,16,16,16,16,8613,0,5,5.689270610050477,3.0284199965535663,284.6892960005789,442.0
1789883833,50,POST,POST /api/v1/auth/login,0.000000,0.000000,0,0,0,0,0,0,0,0,0,0,0,50,0,1300.0,1369.1218887201103,628.633758999058,2104.1982940005255,1622.0
1789883833,50,POST,POST /api/v1/auth/refresh,0.000000,0.000000,0,0,0,0,0,0,0,0,0,0,0,50,0,29,31.13284232051228,20.492110001214314,55.65531500178622,1622.0
1789883833,50,,Aggregated,24.600000,0.000000,6,7,7,7,9,9,11,14,16,16,16,34420,0,6,9.338596645362589,3.0284199965535663,2104.1982940005255,6810.935531667635
1789883834,50,GET,GET /api/v1/reservas,18.500000,0.000000,6,7,7,7,9,10,11,14,15,15,15,25732,0,7,7.872248843114595,4.633864002244081,311.9985780067509,8965.0
1789883834,50,GET,GET /api/v1/reservas/{id},5.500000,0.000000,5,5,5,6,6,7,16,16,16,16,16,8620,0,5,5.688327231248153,3.0284199965535663,284.6892960005789,442.0
1789883834,50,POST,POST /api/v1/auth/login,0.000000,0.000000,0,0,0,0,0,0,0,0,0,0,0,50,0,1300.0,1369.1218887201103,628.633758999058,2104.1982940005255,1622.0
1789883834,50,POST,POST /api/v1/auth/refresh,0.000000,0.000000,0,0,0,0,0,0,0,0,0,0,0,50,0,29,31.13284232051228,20.492110001214314,55.65531500178622,1622.0
1789883834,50,,Aggregated,24.000000,0.000000,6,7,7,7,8,9,11,14,16,16,16,34452,0,6,9.33515687090488,3.0284199965535663,2104.1982940005255,6811.204574480436
1789883835,50,GET,GET /api/v1/reservas,19.100000,0.000000,6,7,7,8,9,10,11,14,15,15,15,25747,0,7,7.871623760906014,4.633864002244081,311.9985780067509,8965.0
1789883835,50,GET,GET /api/v1/reservas/{id},5.500000,0.000000,5,5,5,5,6,7,8,16,16,16,16,8631,0,5,5.68695093249422,3.0284199965535663,284.6892960005789,442.0
1789883835,50,POST,POST /api/v1/auth/login,0.000000,0.000000,0,0,0,0,0,0,0,0,0,0,0,50,0,1300.0,1369.1218887201103,628.633758999058,2104.1982940005255,1622.0
1789883835,50,POST,POST /api/v1/auth/refresh,0.000000,0.000000,0,0,0,0,0,0,0,0,0,0,0,50,0,29,31.13284232051228,20.492110001214314,55.65531500178622,1622.0
1789883835,50,,Aggregated,24.600000,0.000000,6,7,7,7,8,9,11,14,16,16,16,34478,0,6,9.332545594942744,3.0284199965535663,2104.1982940005255,6810.10954811764
1789883836,50,GET,GET /api/v1/reservas,19.200000,0.000000,6,7,7,8,9,10,11,14,15,15,15,25761,0,7,7.870829499943276,4.633864002244081,311.9985780067509,8965.0
1789883836,50,GET,GET /api/v1/reservas/{id},5.200000,0.000000,5,5,5,5,6,7,8,16,16,16,16,8640,0,5,5.685217805828163,3.0284199965535663,284.6892960005789,442.0
1789883836,50,POST,POST /api/v1/auth/login,0.000000,0.000000,0,0,0,0,0,0,0,0,0,0,0,50,0,1300.0,1369.1218887201103,628.633758999058,2104.1982940005255,1622.0
1789883836,50,POST,POST /api/v1/auth/refresh,0.000000,0.000000,0,0,0,0,0,0,0,0,0,0,0,50,0,29,31.13284232051228,20.492110001214314,55.65531500178622,1622.0
1789883836,50,,Aggregated,24.400000,0.000000,6,7,7,7,8,9,11,14,16,16,16,34501,0,6,9.329974700513759,3.0284199965535663,2104.1982940005255,6809.322773252949
1789883837,50,GET,GET /api/v1/reservas,19.100000,0.000000,6,7,7,8,9,11,14,19,19,19,19,25782,0,7,7.871487573773909,4.633864002244081,311.9985780067509,8965.0
1789883837,50,GET,GET /api/v1/reservas/{id},5.500000,0.000000,5,5,5,5,6,8,8,16,16,16,16,8647,0,5,5.684892145871388,3.0284199965535663,284.6892960005789,442.0
1789883837,50,POST,POST /api/v1/auth/login,0.000000,0.000000,0,0,0,0,0,0,0,0,0,0,0,50,0,1300.0,1369.1218887201103,628.633758999058,2104.1982940005255,1622.0
1789883837,50,POST,POST /api/v1/auth/refresh,0.000000,0.000000,0,0,0,0,0,0,0,0,0,0,0,50,0,29,31.13284232051228,20.492110001214314,55.65531500178622,1622.0
1789883837,50,,Aggregated,24.600000,0.000000,6,7,7,7,9,10,14,16,19,19,19,34529,0,6,9.328758190634538,3.0284199965535663,2104.1982940005255,6809.3429870543605
1789883838,50,GET,GET /api/v1/reservas,18.800000,0.000000,6,7,7,8,9,11,14,19,19,19,19,25791,0,7,7.871033663023392,4.633864002244081,311.9985780067509,8965.0
1789883838,50,GET,GET /api/v1/reservas/{id},5.800000,0.000000,5,5,5,5,6,7,8,16,16,16,16,8657,0,5,5.683542143850881,3.0284199965535663,284.6892960005789,442.0
1789883838,50,POST,POST /api/v1/auth/login,0.000000,0.000000,0,0,0,0,0,0,0,0,0,0,0,50,0,1300.0,1369.1218887201103,628.633758999058,2104.1982940005255,1622.0
1789883838,50,POST,POST /api/v1/auth/refresh,0.000000,0.000000,0,0,0,0,0,0,0,0,0,0,0,50,0,29,31.13284232051228,20.492110001214314,55.65531500178622,1622.0
1789883838,50,,Aggregated,24.600000,0.000000,6,7,7,7,9,11,14,16,19,19,19,34548,0,6,9.326646697186074,3.0284199965535663,2104.1982940005255,6808.06150862568
1789883839,50,GET,GET /api/v1/reservas,18.600000,0.000000,6,7,7,8,9,11,14,19,19,19,19,25811,0,7,7.869844639999669,4.633864002244081,311.9985780067509,8965.0
1789883839,50,GET,GET /api/v1/reservas/{id},6.100000,0.000000,5,5,5,5,6,7,8,16,16,16,16,8664,0,5,5.682669182400886,3.0284199965535663,284.6892960005789,442.0
1789883839,50,POST,POST /api/v1/auth/login,0.000000,0.000000,0,0,0,0,0,0,0,0,0,0,0,50,0,1300.0,1369.1218887201103,628.633758999058,2104.1982940005255,1622.0
1789883839,50,POST,POST /api/v1/auth/refresh,0.000000,0.000000,0,0,0,0,0,0,0,0,0,0,0,50,0,29,31.13284232051228,20.492110001214314,55.65531500178622,1622.0
1789883839,50,,Aggregated,24.700000,0.000000,6,7,7,7,9,10,14,16,19,19,19,34575,0,6,9.323960733228745,3.0284199965535663,2104.1982940005255,6808.020332610267
1789883840,50,GET,GET /api/v1/reservas,18.800000,0.000000,6,7,7,8,9,11,14,19,19,19,19,25830,0,7,7.869092811924831,4.633864002244081,311.9985780067509,8965.0
1789883840,50,GET,GET /api/v1/reservas/{id},6.300000,0.000000,5,5,5,5,6,7,8,16,16,16,16,8671,0,5,5.681876450851742,3.0284199965535663,284.6892960005789,442.0
1789883840,50,POST,POST /api/v1/auth/login,0.000000,0.000000,0,0,0,0,0,0,0,0,0,0,0,50,0,1300.0,1369.1218887201103,628.633758999058,2104.1982940005255,1622.0
1789883840,50,POST,POST /api/v1/auth/refresh,0.000000,0.000000,0,0,0,0,0,0,0,0,0,0,0,50,0,29,31.13284232051228,20.492110001214314,55.65531500178622,1622.0
1789883840,50,,Aggregated,25.100000,0.000000,6,7,7,7,8,10,14,16,19,19,19,34601,0,6,9.321665691436229,3.0284199965535663,2104.1982940005255,6807.9168810149995
1789883841,50,GET,GET /api/v1/reservas,18.600000,0.000000,6,7,7,8,9,12,19,21,28,28,28,25846,0,7,7.870097321830301,4.633864002244081,311.9985780067509,8965.0
1789883841,50,GET,GET /api/v1/reservas/{id},6.500000,0.000000,5,5,5,5,6,7,8,16,16,16,16,8678,0,5,5.6808727620813295,3.0284199965535663,284.6892960005789,442.0
1789883841,50,POST,POST /api/v1/auth/login,0.000000,0.000000,0,0,0,0,0,0,0,0,0,0,0,50,0,1300.0,1369.1218887201103,628.633758999058,2104.1982940005255,1622.0
1789883841,50,POST,POST /api/v1/auth/refresh,0.000000,0.000000,0,0,0,0,0,0,0,0,0,0,0,50,0,29,31.13284232051228,20.492110001214314,55.65531500178622,1622.0
1789883841,50,,Aggregated,25.100000,0.000000,6,7,7,7,9,10,16,19,28,28,28,34624,0,6,9.320756866953525,3.0284199965535663,2104.1982940005255,6807.626675138632
1789883842,50,GET,GET /api/v1/reservas,18.500000,0.000000,6,7,7,8,9,11,19,21,28,28,28,25861,0,7,7.869021309308365,4.633864002244081,311.9985780067509,8965.0
1789883842,50,GET,GET /api/v1/reservas/{id},7.000000,0.000000,5,5,5,5,6,6,7,8,8,8,8,8687,0,5,5.679624933042952,3.0284199965535663,284.6892960005789,442.0
1789883842,50,POST,POST /api/v1/auth/login,0.000000,0.000000,0,0,0,0,0,0,0,0,0,0,0,50,0,1300.0,1369.1218887201103,628.633758999058,2104.1982940005255,1622.0
1789883842,50,POST,POST /api/v1/auth/refresh,0.000000,0.000000,0,0,0,0,0,0,0,0,0,0,0,50,0,29,31.13284232051228,20.492110001214314,55.65531500178622,1622.0
1789883842,50,,Aggregated,25.500000,0.000000,6,6,7,7,8,10,14,19,28,28,28,34648,0,6,9.3180673754733,3.0284199965535663,2104.1982940005255,6806.907151927961
1789883843,50,GET,GET /api/v1/reservas,17.800000,0.000000,6,7,7,8,9,12,19,21,28,28,28,25879,0,7,7.868881425944662,4.633864002244081,311.9985780067509,8965.0
1789883843,50,GET,GET /api/v1/reservas/{id},7.500000,0.000000,5,5,5,5,6,6,8,9,9,9,9,8698,0,5,5.678512000268379,3.0284199965535663,284.6892960005789,442.0
1789883843,50,POST,POST /api/v1/auth/login,0.000000,0.000000,0,0,0,0,0,0,0,0,0,0,0,50,0,1300.0,1369.1218887201103,628.633758999058,2104.1982940005255,1622.0
1789883843,50,POST,POST /api/v1/auth/refresh,0.000000,0.000000,0,0,0,0,0,0,0,0,0,0,0,50,0,29,31.13284232051228,20.492110001214314,55.65531500178622,1622.0
1789883843,50,,Aggregated,25.300000,0.000000,6,6,7,7,9,10,14,19,28,28,28,34677,0,6,9.31577749956419,3.0284199965535663,2104.1982940005255,6806.008334054272
1789883844,50,GET,GET /api/v1/reservas,17.600000,0.000000,6,7,7,8,9,12,19,21,28,28,28,25899,0,7,7.867727178849121,4.633864002244081,311.9985780067509,8965.0
1789883844,50,GET,GET /api/v1/reservas/{id},7.500000,0.000000,4,5,5,5,5,6,8,9,9,9,9,8700,0,5,5.678075018314439,3.0284199965535663,284.6892960005789,442.0
1789883844,50,POST,POST /api/v1/auth/login,0.000000,0.000000,0,0,0,0,0,0,0,0,0,0,0,50,0,1300.0,1369.1218887201103,628.633758999058,2104.1982940005255,1622.0
1789883844,50,POST,POST /api/v1/auth/refresh,0.000000,0.000000,0,0,0,0,0,0,0,0,0,0,0,50,0,29,31.13284232051228,20.492110001214314,55.65531500178622,1622.0
1789883844,50,,Aggregated,25.100000,0.000000,6,6,7,7,9,10,14,19,28,28,28,34699,0,6,9.313762800552757,3.0284199965535663,2104.1982940005255,6806.885933312199
1789883845,50,GET,GET /api/v1/reservas,17.200000,0.000000,6,7,7,8,9,12,19,21,28,28,28,25925,0,7,7.866329828737166,4.633864002244081,311.9985780067509,8965.0
1789883845,50,GET,GET /api/v1/reservas/{id},8.600000,0.000000,4,5,5,5,6,6,8,9,9,9,9,8703,0,5,5.6776913245238845,3.0284199965535663,284.6892960005789,442.0
1789883845,50,POST,POST /api/v1/auth/login,0.000000,0.000000,0,0,0,0,0,0,0,0,0,0,0,50,0,1300.0,1369.1218887201103,628.633758999058,2104.1982940005255,1622.0
1789883845,50,POST,POST /api/v1/auth/refresh,0.000000,0.000000,0,0,0,0,0,0,0,0,0,0,0,50,0,29,31.13284232051228,20.492110001214314,55.65531500178622,1622.0
1789883845,50,,Aggregated,25.800000,0.000000,6,6,7,7,9,10,14,19,28,28,28,34728,0,6,9.311226818687327,3.0284199965535663,2104.1982940005255,6807.951825616217
1789883846,50,GET,GET /api/v1/reservas,16.800000,0.000000,6,7,7,8,9,12,19,21,28,28,28,25943,0,7,7.865396118914242,4.633864002244081,311.9985780067509,8965.0
1789883846,50,GET,GET /api/v1/reservas/{id},8.400000,0.000000,5,5,5,5,6,6,8,9,9,9,9,8713,0,5,5.676651765791857,3.0284199965535663,284.6892960005789,442.0
1789883846,50,POST,POST /api/v1/auth/login,0.000000,0.000000,0,0,0,0,0,0,0,0,0,0,0,50,0,1300.0,1369.1218887201103,628.633758999058,2104.1982940005255,1622.0
1789883846,50,POST,POST /api/v1/auth/refresh,0.000000,0.000000,0,0,0,0,0,0,0,0,0,0,0,50,0,29,31.13284232051228,20.492110001214314,55.65531500178622,1622.0
1789883846,50,,Aggregated,25.200000,0.000000,6,7,7,7,9,10,14,19,28,28,28,34756,0,6,9.30847551215237,3.0284199965535663,2104.1982940005255,6807.2373403153415
1789883847,50,GET,GET /api/v1/reservas,17.700000,0.000000,6,7,7,7,9,10,14,21,28,28,28,25963,0,7,7.864062339251871,4.633864002244081,311.9985780067509,8965.0
1789883847,50,GET,GET /api/v1/reservas/{id},7.600000,0.000000,5,5,5,5,6,6,6,9,9,9,9,8715,0,5,5.676406742092731,3.0284199965535663,284.6892960005789,442.0
1789883847,50,POST,POST /api/v1/auth/login,0.000000,0.000000,0,0,0,0,0,0,0,0,0,0,0,50,0,1300.0,1369.1218887201103,628.633758999058,2104.1982940005255,1622.0
1789883847,50,POST,POST /api/v1/auth/refresh,0.000000,0.000000,0,0,0,0,0,0,0,0,0,0,0,50,0,29,31.13284232051228,20.492110001214314,55.65531500178622,1622.0
1789883847,50,,Aggregated,25.300000,0.000000,6,6,7,7,8,9,12,14,28,28,28,34778,0,6,9.30637966022674,3.0284199965535663,2104.1982940005255,6808.1121686123415
1789883848,50,GET,GET /api/v1/reservas,18.300000,0.000000,6,7,7,8,9,10,14,21,28,28,28,25988,0,7,7.8637632130222626,4.633864002244081,311.9985780067509,8965.0
1789883848,50,GET,GET /api/v1/reservas/{id},7.600000,0.000000,5,5,5,5,6,6,6,9,9,9,9,8721,0,5,5.675726960937374,3.0284199965535663,284.6892960005789,442.0
1789883848,50,POST,POST /api/v1/auth/login,0.000000,0.000000,0,0,0,0,0,0,0,0,0,0,0,50,0,1300.0,1369.1218887201103,628.633758999058,2104.1982940005255,1622.0
1789883848,50,POST,POST /api/v1/auth/refresh,0.000000,0.000000,0,0,0,0,0,0,0,0,0,0,0,50,0,29,31.13284232051228,20.492110001214314,55.65531500178622,1622.0
1789883848,50,,Aggregated,25.900000,0.000000,6,7,7,7,8,10,13,14,28,28,28,34809,0,6,9.304324449377706,3.0284199965535663,2104.1982940005255,6808.563934614611
1789883849,50,GET,GET /api/v1/reservas,18.300000,0.000000,6,7,7,8,9,10,14,21,28,28,28,26005,0,7,7.862573421688853,4.633864002244081,311.9985780067509,8965.0
1789883849,50,GET,GET /api/v1/reservas/{id},7.100000,0.000000,5,5,5,5,6,6,6,9,9,9,9,8725,0,5,5.675140985368283,3.0284199965535663,284.6892960005789,442.0
1789883849,50,POST,POST /api/v1/auth/login,0.000000,0.000000,0,0,0,0,0,0,0,0,0,0,0,50,0,1300.0,1369.1218887201103,628.633758999058,2104.1982940005255,1622.0
1789883849,50,POST,POST /api/v1/auth/refresh,0.000000,0.000000,0,0,0,0,0,0,0,0,0,0,0,50,0,29,31.13284232051228,20.492110001214314,55.65531500178622,1622.0
1789883849,50,,Aggregated,25.400000,0.000000,6,7,7,7,8,10,13,14,28,28,28,34830,0,6,9.30216949412541,3.0284199965535663,2104.1982940005255,6808.885300028711
1789883850,50,GET,GET /api/v1/reservas,19.000000,0.000000,6,7,7,8,9,10,13,21,28,28,28,26023,0,7,7.862046896092838,4.633864002244081,311.9985780067509,8965.0
1789883850,50,GET,GET /api/v1/reservas/{id},6.700000,0.000000,5,5,5,5,6,6,6,9,9,9,9,8734,0,5,5.674320994315009,3.0284199965535663,284.6892960005789,442.0
1789883850,50,POST,POST /api/v1/auth/login,0.000000,0.000000,0,0,0,0,0,0,0,0,0,0,0,50,0,1300.0,1369.1218887201103,628.633758999058,2104.1982940005255,1622.0
1789883850,50,POST,POST /api/v1/auth/refresh,0.000000,0.000000,0,0,0,0,0,0,0,0,0,0,0,50,0,29,31.13284232051228,20.492110001214314,55.65531500178622,1622.0
1789883850,50,,Aggregated,25.700000,0.000000,6,7,7,7,8,10,12,14,28,28,28,34857,0,6,9.299891054692095,3.0284199965535663,2104.1982940005255,6808.3547924376735
1789883851,50,GET,GET /api/v1/reservas,19.600000,0.000000,6,7,7,8,9,10,14,19,23,23,23,26043,0,7,7.862658594670702,4.633864002244081,311.9985780067509,8965.0
1789883851,50,GET,GET /api/v1/reservas/{id},6.200000,0.000000,5,5,5,5,6,6,9,30,30,30,30,8739,0,5,5.6766931581812035,3.0284199965535663,284.6892960005789,442.0
1789883851,50,POST,POST /api/v1/auth/login,0.000000,0.000000,0,0,0,0,0,0,0,0,0,0,0,50,0,1300.0,1369.1218887201103,628.633758999058,2104.1982940005255,1622.0
1789883851,50,POST,POST /api/v1/auth/refresh,0.000000,0.000000,0,0,0,0,0,0,0,0,0,0,0,50,0,29,31.13284232051228,20.492110001214314,55.65531500178622,1622.0
1789883851,50,,Aggregated,25.800000,0.000000,6,7,7,7,8,10,14,19,30,30,30,34882,0,6,9.299597954314137,3.0284199965535663,2104.1982940005255,6808.678774152858
1789883852,50,GET,GET /api/v1/reservas,19.100000,0.000000,6,7,8,8,9,11,14,19,23,23,23,26063,0,7,7.862351952192949,4.633864002244081,311.9985780067509,8965.0
1789883852,50,GET,GET /api/v1/reservas/{id},6.000000,0.000000,5,5,6,6,6,9,30,30,30,30,30,8743,0,5,5.677101334250047,3.0284199965535663,284.6892960005789,442.0
1789883852,50,POST,POST /api/v1/auth/login,0.000000,0.000000,0,0,0,0,0,0,0,0,0,0,0,50,0,1300.0,1369.1218887201103,628.633758999058,2104.1982940005255,1622.0
1789883852,50,POST,POST /api/v1/auth/refresh,0.000000,0.000000,0,0,0,0,0,0,0,0,0,0,0,50,0,29,31.13284232051228,20.492110001214314,55.65531500178622,1622.0
1789883852,50,,Aggregated,25.100000,0.000000,6,7,7,8,9,10,14,19,30,30,30,34906,0,6,9.298232752173956,3.0284199965535663,2104.1982940005255,6809.184696040796
1789883853,50,GET,GET /api/v1/reservas,19.200000,0.000000,6,7,7,8,9,10,15,19,23,23,23,26080,0,7,7.861850795245643,4.633864002244081,311.9985780067509,8965.0
1789883853,50,GET,GET /api/v1/reservas/{id},5.900000,0.000000,5,5,5,6,6,8,30,30,30,30,30,8750,0,5,5.676460105755333,3.0284199965535663,284.6892960005789,442.0
1789883853,50,POST,POST /api/v1/auth/login,0.000000,0.000000,0,0,0,0,0,0,0,0,0,0,0,50,0,1300.0,1369.1218887201103,628.633758999058,2104.1982940005255,1622.0
1789883853,50,POST,POST /api/v1/auth/refresh,0.000000,0.000000,0,0,0,0,0,0,0,0,0,0,0,50,0,29,31.13284232051228,20.492110001214314,55.65531500178622,1622.0
1789883853,50,,Aggregated,25.100000,0.000000,6,7,7,8,9,10,15,19,30,30,30,34930,0,6,9.296273438803226,3.0284199965535663,2104.1982940005255,6808.957915831664
1789883854,50,GET,GET /api/v1/reservas,19.900000,0.000000,6,7,8,8,9,10,15,19,23,23,23,26098,0,7,7.861045109127825,4.633864002244081,311.9985780067509,8965.0
1789883854,50,GET,GET /api/v1/reservas/{id},6.000000,0.000000,5,5,5,6,6,8,10,30,30,30,30,8757,0,5,5.67571422443269,3.0284199965535663,284.6892960005789,442.0
1789883854,50,POST,POST /api/v1/auth/login,0.000000,0.000000,0,0,0,0,0,0,0,0,0,0,0,50,0,1300.0,1369.1218887201103,628.633758999058,2104.1982940005255,1622.0
1789883854,50,POST,POST /api/v1/auth/refresh,0.000000,0.000000,0,0,0,0,0,0,0,0,0,0,0,50,0,29,31.13284232051228,20.492110001214314,55.65531500178622,1622.0
1789883854,50,,Aggregated,25.900000,0.000000,6,7,7,8,8,10,15,19,30,30,30,34955,0,6,9.294021492587788,3.0284199965535663,2104.1982940005255,6808.793134029466
1789883855,50,GET,GET /api/v1/reservas,20.300000,0.000000,6,7,8,8,9,10,15,19,23,23,23,26117,0,7,7.860208444806926,4.633864002244081,311.9985780067509,8965.0
1789883855,50,GET,GET /api/v1/reservas/{id},5.300000,0.000000,5,5,5,6,6,8,10,30,30,30,30,8765,0,5,5.674816584524865,3.0284199965535663,284.6892960005789,442.0
1789883855,50,POST,POST /api/v1/auth/login,0.000000,0.000000,0,0,0,0,0,0,0,0,0,0,0,50,0,1300.0,1369.1218887201103,628.633758999058,2104.1982940005255,1622.0
1789883855,50,POST,POST /api/v1/auth/refresh,0.000000,0.000000,0,0,0,0,0,0,0,0,0,0,0,50,0,29,31.13284232051228,20.492110001214314,55.65531500178622,1622.0
1789883855,50,,Aggregated,25.600000,0.000000,6,7,7,8,9,10,15,19,30,30,30,34982,0,6,9.29156617312944,3.0284199965535663,2104.1982940005255,6808.508232805443
1789883856,50,GET,GET /api/v1/reservas,20.200000,0.000000,7,7,8,8,9,12,15,19,23,23,23,26131,0,7,7.8594450895877,4.633864002244081,311.9985780067509,8965.0
1789883856,50,GET,GET /api/v1/reservas/{id},5.300000,0.000000,5,5,5,5,6,6,10,30,30,30,30,8774,0,5,5.673316333070574,3.0284199965535663,284.6892960005789,442.0
1789883856,50,POST,POST /api/v1/auth/login,0.000000,0.000000,0,0,0,0,0,0,0,0,0,0,0,50,0,1300.0,1369.1218887201103,628.633758999058,2104.1982940005255,1622.0
1789883856,50,POST,POST /api/v1/auth/refresh,0.000000,0.000000,0,0,0,0,0,0,0,0,0,0,0,50,0,29,31.13284232051228,20.492110001214314,55.65531500178622,1622.0
1789883856,50,,Aggregated,25.500000,0.000000,6,7,7,8,8,10,15,19,30,30,30,35005,0,6,9.289117945847979,3.0284199965535663,2104.1982940005255,6807.7338380231395
1789883857,50,GET,GET /api/v1/reservas,19.100000,0.000000,6,7,7,8,9,12,15,19,23,23,23,26152,0,7,7.858299534950529,4.633864002244081,311.9985780067509,8965.0
1789883857,50,GET,GET /api/v1/reservas/{id},5.900000,0.000000,5,5,5,5,6,8,10,30,30,30,30,8777,0,5,5.672796388101257,3.0284199965535663,284.6892960005789,442.0
1789883857,50,POST,POST /api/v1/auth/login,0.000000,0.000000,0,0,0,0,0,0,0,0,0,0,0,50,0,1300.0,1369.1218887201103,628.633758999058,2104.1982940005255,1622.0
1789883857,50,POST,POST /api/v1/auth/refresh,0.000000,0.000000,0,0,0,0,0,0,0,0,0,0,0,50,0,29,31.13284232051228,20.492110001214314,55.65531500178622,1622.0
1789883857,50,,Aggregated,25.000000,0.000000,6,7,7,7,8,10,15,19,30,30,30,35029,0,6,9.286965653841733,3.0284199965535663,2104.1982940005255,6808.481943532502
1789883858,50,GET,GET /api/v1/reservas,18.700000,0.000000,6,7,8,8,9,11,15,19,23,23,23,26170,0,7,7.857623614751408,4.633864002244081,311.9985780067509,8965.0
1789883858,50,GET,GET /api/v1/reservas/{id},6.000000,0.000000,5,5,5,5,6,6,10,30,30,30,30,8783,0,5,5.672185989111738,3.0284199965535663,284.6892960005789,442.0
1789883858,50,POST,POST /api/v1/auth/login,0.000000,0.000000,0,0,0,0,0,0,0,0,0,0,0,50,0,1300.0,1369.1218887201103,628.633758999058,2104.1982940005255,1622.0
1789883858,50,POST,POST /api/v1/auth/refresh,0.000000,0.000000,0,0,0,0,0,0,0,0,0,0,0,50,0,29,31.13284232051228,20.492110001214314,55.65531500178622,1622.0
1789883858,50,,Aggregated,24.700000,0.000000,6,7,7,7,8,10,15,19,30,30,30,35053,0,6,9.284955812411031,3.0284199965535663,2104.1982940005255,6808.499586340684
1789883859,50,GET,GET /api/v1/reservas,18.900000,0.000000,6,7,7,8,9,11,15,19,23,23,23,26187,0,7,7.856646128692559,4.633864002244081,311.9985780067509,8965.0
1789883859,50,GET,GET /api/v1/reservas/{id},6.300000,0.000000,5,5,5,5,6,6,10,30,30,30,30,8790,0,5,5.67134868923547,3.0284199965535663,284.6892960005789,442.0
1789883859,50,POST,POST /api/v1/auth/login,0.000000,0.000000,0,0,0,0,0,0,0,0,0,0,0,50,0,1300.0,1369.1218887201103,628.633758999058,2104.1982940005255,1622.0
1789883859,50,POST,POST /api/v1/auth/refresh,0.000000,0.000000,0,0,0,0,0,0,0,0,0,0,0,50,0,29,31.13284232051228,20.492110001214314,55.65531500178622,1622.0
1789883859,50,,Aggregated,25.200000,0.000000,6,7,7,7,8,10,15,19,30,30,30,35077,0,6,9.282603520896398,3.0284199965535663,2104.1982940005255,6808.274225275822
1789883860,50,GET,GET /api/v1/reservas,18.700000,0.000000,6,7,7,8,9,11,15,19,23,23,23,26203,0,7,7.856266236845766,4.633864002244081,311.9985780067509,8965.0
1789883860,50,GET,GET /api/v1/reservas/{id},6.300000,0.000000,5,5,5,6,6,8,10,30,30,30,30,8804,0,5,5.670965597953385,3.0284199965535663,284.6892960005789,442.0
1789883860,50,POST,POST /api/v1/auth/login,0.000000,0.000000,0,0,0,0,0,0,0,0,0,0,0,50,0,1300.0,1369.1218887201103,628.633758999058,2104.1982940005255,1622.0
1789883860,50,POST,POST /api/v1/auth/refresh,0.000000,0.000000,0,0,0,0,0,0,0,0,0,0,0,50,0,29,31.13284232051228,20.492110001214314,55.65531500178622,1622.0
1789883860,50,,Aggregated,25.000000,0.000000,6,7,7,7,8,10,15,19,30,30,30,35107,0,6,9.280133929999211,3.0284199965535663,2104.1982940005255,6806.718403737146
1789883861,50,GET,GET /api/v1/reservas,18.100000,0.000000,6,7,7,8,8,10,11,15,18,18,18,26220,0,7,7.856056145197334,4.633864002244081,311.9985780067509,8965.0
1789883861,50,GET,GET /api/v1/reservas/{id},6.500000,0.000000,5,5,5,5,6,7,8,9,9,9,9,8807,0,5,5.670558750924019,3.0284199965535663,284.6892960005789,442.0
1789883861,50,POST,POST /api/v1/auth/login,0.000000,0.000000,0,0,0,0,0,0,0,0,0,0,0,50,0,1300.0,1369.1218887201103,628.633758999058,2104.1982940005255,1622.0
1789883861,50,POST,POST /api/v1/auth/refresh,0.000000,0.000000,0,0,0,0,0,0,0,0,0,0,0,50,0,29,31.13284232051228,20.492110001214314,55.65531500178622,1622.0
1789883861,50,,Aggregated,24.600000,0.000000,6,7,7,7,8,9,10,11,18,18,18,35127,0,6,9.278877774888064,3.0284199965535663,2104.1982940005255,6807.2193469410995
1789883862,50,GET,GET /api/v1/reservas,18.300000,0.000000,7,7,7,8,8,10,11,15,18,18,18,26237,0,7,7.855360942946188,4.633864002244081,311.9985780067509,8965.0
1789883862,50,GET,GET /api/v1/reservas/{id},7.000000,0.000000,5,5,5,5,6,7,8,9,9,9,9,8816,0,5,5.670008065380123,3.0284199965535663,284.6892960005789,442.0
1789883862,50,POST,POST /api/v1/auth/login,0.000000,0.000000,0,0,0,0,0,0,0,0,0,0,0,50,0,1300.0,1369.1218887201103,628.633758999058,2104.1982940005255,1622.0
1789883862,50,POST,POST /api/v1/auth/refresh,0.000000,0.000000,0,0,0,0,0,0,0,0,0,0,0,50,0,29,31.13284232051228,20.492110001214314,55.65531500178622,1622.0
1789883862,50,,Aggregated,25.300000,0.000000,6,7,7,7,8,9,10,11,18,18,18,35153,0,6,9.27660890155894,3.0284199965535663,2104.1982940005255,6806.633203425028
1789883863,50,GET,GET /api/v1/reservas,17.900000,0.000000,6,7,7,7,8,9,10,11,18,18,18,26255,0,7,7.8544070725980575,4.633864002244081,311.9985780067509,8965.0
1789883863,50,GET,GET /api/v1/reservas/{id},7.200000,0.000000,5,5,5,5,6,7,8,9,9,9,9,8823,0,5,5.669320236245234,3.0284199965535663,284.6892960005789,442.0
1789883863,50,POST,POST /api/v1/auth/login,0.000000,0.000000,0,0,0,0,0,0,0,0,0,0,0,50,0,1300.0,1369.1218887201103,628.633758999058,2104.1982940005255,1622.0
1789883863,50,POST,POST /api/v1/auth/refresh,0.000000,0.000000,0,0,0,0,0,0,0,0,0,0,0,50,0,29,31.13284232051228,20.492110001214314,55.65531500178622,1622.0
1789883863,50,,Aggregated,25.100000,0.000000,6,7,7,7,8,9,10,11,18,18,18,35178,0,6,9.274279569261608,3.0284199965535663,2104.1982940005255,6806.471118312582
1789883864,50,GET,GET /api/v1/reservas,17.600000,0.000000,7,7,8,8,9,10,11,12,18,18,18,26277,0,7,7.854615381171667,4.633864002244081,311.9985780067509,8965.0
1789883864,50,GET,GET /api/v1/reservas/{id},7.100000,0.000000,5,5,5,5,6,8,9,9,9,9,9,8828,0,5,5.669406810079255,3.0284199965535663,284.6892960005789,442.0
1789883864,50,POST,POST /api/v1/auth/login,0.000000,0.000000,0,0,0,0,0,0,0,0,0,0,0,50,0,1300.0,1369.1218887201103,628.633758999058,2104.1982940005255,1622.0
1789883864,50,POST,POST /api/v1/auth/refresh,0.000000,0.000000,0,0,0,0,0,0,0,0,0,0,0,50,0,29,31.13284232051228,20.492110001214314,55.65531500178622,1622.0
1789883864,50,,Aggregated,24.700000,0.000000,6,7,7,7,8,10,11,11,18,18,18,35205,0,6,9.273057470315543,3.0284199965535663,2104.1982940005255,6806.916091464281
1789883865,50,GET,GET /api/v1/reservas,17.200000,0.000000,7,7,7,8,8,10,11,12,18,18,18,26295,0,7,7.853453568741597,4.633864002244081,311.9985780067509,8965.0
1789883865,50,GET,GET /api/v1/reservas/{id},7.100000,0.000000,5,5,5,5,6,8,9,9,9,9,9,8833,0,5,5.668334467040851,3.0284199965535663,284.6892960005789,442.0
1789883865,50,POST,POST /api/v1/auth/login,0.000000,0.000000,0,0,0,0,0,0,0,0,0,0,0,50,0,1300.0,1369.1218887201103,628.633758999058,2104.1982940005255,1622.0
1789883865,50,POST,POST /api/v1/auth/refresh,0.000000,0.000000,0,0,0,0,0,0,0,0,0,0,0,50,0,29,31.13284232051228,20.492110001214314,55.65531500178622,1622.0
1789883865,50,,Aggregated,24.300000,0.000000,6,7,7,7,8,10,11,11,18,18,18,35228,0,6,9.270685150717137,3.0284199965535663,2104.1982940005255,6807.115391166118
1789883866,50,GET,GET /api/v1/reservas,17.700000,0.000000,7,7,8,8,9,10,11,12,18,18,18,26311,0,7,7.853183290602966,4.633864002244081,311.9985780067509,8965.0
1789883866,50,GET,GET /api/v1/reservas/{id},7.400000,0.000000,5,5,5,6,7,8,9,9,9,9,9,8841,0,5,5.667443751088078,3.0284199965535663,284.6892960005789,442.0
1789883866,50,POST,POST /api/v1/auth/login,0.000000,0.000000,0,0,0,0,0,0,0,0,0,0,0,50,0,1300.0,1369.1218887201103,628.633758999058,2104.1982940005255,1622.0
1789883866,50,POST,POST /api/v1/auth/refresh,0.000000,0.000000,0,0,0,0,0,0,0,0,0,0,0,50,0,29,31.13284232051228,20.492110001214314,55.65531500178622,1622.0
1789883866,50,,Aggregated,25.100000,0.000000,6,7,7,7,8,10,11,12,18,18,18,35252,0,6,9.268799282720284,3.0284199965535663,2104.1982940005255,6806.6503177124705
1789883867,50,GET,GET /api/v1/reservas,18.000000,0.000000,7,7,8,8,9,10,11,12,18,18,18,26328,0,7,7.852306857036497,4.633864002244081,311.9985780067509,8965.0
1789883867,50,GET,GET /api/v1/reservas/{id},7.100000,0.000000,4,5,5,5,7,8,9,9,9,9,9,8849,0,5,5.6663814325219555,3.0284199965535663,284.6892960005789,442.0
1789883867,50,POST,POST /api/v1/auth/login,0.000000,0.000000,0,0,0,0,0,0,0,0,0,0,0,50,0,1300.0,1369.1218887201103,628.633758999058,2104.1982940005255,1622.0
1789883867,50,POST,POST /api/v1/auth/refresh,0.000000,0.000000,0,0,0,0,0,0,0,0,0,0,0,50,0,29,31.13284232051228,20.492110001214314,55.65531500178622,1622.0
1789883867,50,,Aggregated,25.100000,0.000000,6,7,7,8,8,10,11,12,18,18,18,35277,0,6,9.26637981632437,3.0284199965535663,2104.1982940005255,6806.247073163818
1789883868,50,GET,GET /api/v1/reservas,18.100000,0.000000,7,7,8,8,9,10,11,12,18,18,18,26352,0,7,7.851716918756119,4.633864002244081,311.9985780067509,8965.0
1789883868,50,GET,GET /api/v1/reservas/{id},6.800000,0.000000,4,5,5,6,7,8,9,9,9,9,9,8852,0,5,5.665956424468164,3.0284199965535663,284.6892960005789,442.0
1789883868,50,POST,POST /api/v1/auth/login,0.000000,0.000000,0,0,0,0,0,0,0,0,0,0,0,50,0,1300.0,1369.1218887201103,628.633758999058,2104.1982940005255,1622.0
1789883868,50,POST,POST /api/v1/auth/refresh,0.000000,0.000000,0,0,0,0,0,0,0,0,0,0,0,50,0,29,31.13284232051228,20.492110001214314,55.65531500178622,1622.0
1789883868,50,,Aggregated,24.900000,0.000000,6,7,7,8,9,9,11,12,18,18,18,35304,0,6,9.2645656884343,3.0284199965535663,2104.1982940005255,6807.173804668027
1789883869,50,GET,GET /api/v1/reservas,17.700000,0.000000,7,7,8,8,9,10,11,12,18,18,18,26370,0,7,7.850714417446105,4.633864002244081,311.9985780067509,8965.0
1789883869,50,GET,GET /api/v1/reservas/{id},6.800000,0.000000,4,5,5,6,7,8,9,9,9,9,9,8855,0,5,5.665344000271045,3.0284199965535663,284.6892960005789,442.0
1789883869,50,POST,POST /api/v1/auth/login,0.000000,0.000000,0,0,0,0,0,0,0,0,0,0,0,50,0,1300.0,1369.1218887201103,628.633758999058,2104.1982940005255,1622.0
1789883869,50,POST,POST /api/v1/auth/refresh,0.000000,0.000000,0,0,0,0,0,0,0,0,0,0,0,50,0,29,31.13284232051228,20.492110001214314,55.65531500178622,1622.0
1789883869,50,,Aggregated,24.500000,0.000000,6,7,7,8,9,9,11,12,18,18,18,35325,0,6,9.262638269284786,3.0284199965535663,2104.1982940005255,6807.732767162067
1789883870,50,GET,GET /api/v1/reservas,17.400000,0.000000,7,7,8,8,9,10,12,12,18,18,18,26392,0,7,7.849941911831572,4.633864002244081,311.9985780067509,8965.0
1789883870,50,GET,GET /api/v1/reservas/{id},7.100000,0.000000,4,5,5,5,7,7,8,9,9,9,9,8860,0,5,5.66528287871288,3.0284199965535663,284.6892960005789,442.0
1789883870,50,POST,POST /api/v1/auth/login,0.000000,0.000000,0,0,0,0,0,0,0,0,0,0,0,50,0,1300.0,1369.1218887201103,628.633758999058,2104.1982940005255,1622.0
1789883870,50,POST,POST /api/v1/auth/refresh,0.000000,0.000000,0,0,0,0,0,0,0,0,0,0,0,50,0,29,31.13284232051228,20.492110001214314,55.65531500178622,1622.0
1789883870,50,,Aggregated,24.500000,0.000000,6,7,7,8,8,9,12,12,18,18,18,35352,0,6,9.260658797083222,3.0284199965535663,2104.1982940005255,6808.1749264539485
1789883871,50,GET,GET /api/v1/reservas,18.100000,0.000000,7,7,8,8,9,10,12,16,22,22,22,26410,0,7,7.849834069292828,4.633864002244081,311.9985780067509,8965.0
1789883871,50,GET,GET /api/v1/reservas/{id},6.600000,0.000000,5,5,5,5,7,8,9,21,21,21,21,8866,0,5,5.666766645430973,3.0284199965535663,284.6892960005789,442.0
1789883871,50,POST,POST /api/v1/auth/login,0.000000,0.000000,0,0,0,0,0,0,0,0,0,0,0,50,0,1300.0,1369.1218887201103,628.633758999058,2104.1982940005255,1622.0
1789883871,50,POST,POST /api/v1/auth/refresh,0.000000,0.000000,0,0,0,0,0,0,0,0,0,0,0,50,0,29,31.13284232051228,20.492110001214314,55.65531500178622,1622.0
1789883871,50,,Aggregated,24.700000,0.000000,6,7,7,8,8,10,12,16,22,22,22,35376,0,6,9.259622552025263,3.0284199965535663,2104.1982940005255,6808.192616463139
1789883872,50,GET,GET /api/v1/reservas,18.200000,0.000000,7,7,8,8,9,11,12,16,22,22,22,26426,0,7,7.849086789109645,4.633864002244081,311.9985780067509,8965.0
1789883872,50,GET,GET /api/v1/reservas/{id},5.800000,0.000000,5,5,5,5,7,8,9,21,21,21,21,8872,0,5,5.666347917201507,3.0284199965535663,284.6892960005789,442.0
1789883872,50,POST,POST /api/v1/auth/login,0.000000,0.000000,0,0,0,0,0,0,0,0,0,0,0,50,0,1300.0,1369.1218887201103,628.633758999058,2104.1982940005255,1622.0
1789883872,50,POST,POST /api/v1/auth/refresh,0.000000,0.000000,0,0,0,0,0,0,0,0,0,0,0,50,0,29,31.13284232051228,20.492110001214314,55.65531500178622,1622.0
1789883872,50,,Aggregated,24.000000,0.000000,6,7,7,8,8,10,12,16,22,22,22,35398,0,6,9.257713508177138,3.0284199965535663,2104.1982940005255,6808.08842307475
1789883873,50,GET,GET /api/v1/reservas,19.100000,0.000000,6,7,7,8,8,9,12,16,22,22,22,26448,0,7,7.847681676460245,4.633864002244081,311.9985780067509,8965.0
1789883873,50,GET,GET /api/v1/reservas/{id},5.400000,0.000000,4,5,5,5,7,7,21,21,21,21,21,8876,0,5,5.665904953404156,3.0284199965535663,284.6892960005789,442.0
1789883873,50,POST,POST /api/v1/auth/login,0.000000,0.000000,0,0,0,0,0,0,0,0,0,0,0,50,0,1300.0,1369.1218887201103,628.633758999058,2104.1982940005255,1622.0
1789883873,50,POST,POST /api/v1/auth/refresh,0.000000,0.000000,0,0,0,0,0,0,0,0,0,0,0,50,0,29,31.13284232051228,20.492110001214314,55.65531500178622,1622.0
1789883873,50,,Aggregated,24.500000,0.000000,6,7,7,7,8,9,12,16,22,22,22,35424,0,6,9.2552730887948,3.0284199965535663,2104.1982940005255,6808.709123757904
1789883874,50,GET,GET /api/v1/reservas,18.900000,0.000000,6,7,8,8,9,11,14,16,22,22,22,26474,0,7,7.848171344263278,4.633864002244081,311.9985780067509,8965.0
1789883874,50,GET,GET /api/v1/reservas/{id},5.900000,0.000000,5,5,5,5,7,7,21,21,21,21,21,8879,0,5,5.66582876060542,3.0284199965535663,284.6892960005789,442.0
1789883874,50,POST,POST /api/v1/auth/login,0.000000,0.000000,0,0,0,0,0,0,0,0,0,0,0,50,0,1300.0,1369.1218887201103,628.633758999058,2104.1982940005255,1622.0
1789883874,50,POST,POST /api/v1/auth/refresh,0.000000,0.000000,0,0,0,0,0,0,0,0,0,0,0,50,0,29,31.13284232051228,20.492110001214314,55.65531500178622,1622.0
1789883874,50,,Aggregated,24.800000,0.000000,6,7,7,8,9,10,14,16,22,22,22,35453,0,6,9.254283651185307,3.0284199965535663,2104.1982940005255,6809.75172763941
1789883875,50,GET,GET /api/v1/reservas,18.500000,0.000000,6,7,7,8,9,10,14,16,22,22,22,26486,0,7,7.8475320713220285,4.633864002244081,311.9985780067509,8965.0
1789883875,50,GET,GET /api/v1/reservas/{id},5.500000,0.000000,5,5,5,5,7,7,21,21,21,21,21,8882,0,5,5.665381232201941,3.0284199965535663,284.6892960005789,442.0
1789883875,50,POST,POST /api/v1/auth/login,0.000000,0.000000,0,0,0,0,0,0,0,0,0,0,0,50,0,1300.0,1369.1218887201103,628.633758999058,2104.1982940005255,1622.0
1789883875,50,POST,POST /api/v1/auth/refresh,0.000000,0.000000,0,0,0,0,0,0,0,0,0,0,0,50,0,29,31.13284232051228,20.492110001214314,55.65531500178622,1622.0
1789883875,50,,Aggregated,24.000000,0.000000,6,7,7,8,9,10,14,16,22,22,22,35468,0,6,9.252914940156874,3.0284199965535663,2104.1982940005255,6809.9423141987145
1789883876,50,GET,GET /api/v1/reservas,19.000000,0.000000,7,7,7,8,9,10,14,16,22,22,22,26507,0,7,7.846925357718279,4.633864002244081,311.9985780067509,8965.0
1789883876,50,GET,GET /api/v1/reservas/{id},5.000000,0.000000,5,5,5,5,7,7,21,21,21,21,21,8887,0,5,5.664722849263753,3.0284199965535663,284.6892960005789,442.0
1789883876,50,POST,POST /api/v1/auth/login,0.000000,0.000000,0,0,0,0,0,0,0,0,0,0,0,50,0,1300.0,1369.1218887201103,628.633758999058,2104.1982940005255,1622.0
1789883876,50,POST,POST /api/v1/auth/refresh,0.000000,0.000000,0,0,0,0,0,0,0,0,0,0,0,50,0,29,31.13284232051228,20.492110001214314,55.65531500178622,1622.0
1789883876,50,,Aggregated,24.000000,0.000000,6,7,7,8,9,10,14,16,22,22,22,35494,0,6,9.250960133275385,3.0284199965535663,2104.1982940005255,6810.320307657632
1789883877,50,GET,GET /api/v1/reservas,19.300000,0.000000,6,7,7,8,9,10,14,16,22,22,22,26526,0,7,7.845577020471568,4.633864002244081,311.9985780067509,8965.0
1789883877,50,GET,GET /api/v1/reservas/{id},4.900000,0.000000,5,5,5,5,7,7,21,21,21,21,21,8896,0,5,5.663244002406952,3.0284199965535663,284.6892960005789,442.0
1789883877,50,POST,POST /api/v1/auth/login,0.000000,0.000000,0,0,0,0,0,0,0,0,0,0,0,50,0,1300.0,1369.1218887201103,628.633758999058,2104.1982940005255,1622.0
1789883877,50,POST,POST /api/v1/auth/refresh,0.000000,0.000000,0,0,0,0,0,0,0,0,0,0,0,50,0,29,31.13284232051228,20.492110001214314,55.65531500178622,1622.0
1789883877,50,,Aggregated,24.200000,0.000000,6,7,7,7,9,10,14,16,22,22,22,35522,0,6,9.247923293803057,3.0284199965535663,2104.1982940005255,6809.859298462924
1789883878,50,GET,GET /api/v1/reservas,18.800000,0.000000,6,7,7,8,9,10,14,16,22,22,22,26539,0,7,7.844873459739345,4.633864002244081,311.9985780067509,8965.0
1789883878,50,GET,GET /api/v1/reservas/{id},5.000000,0.000000,5,5,5,5,7,7,21,21,21,21,21,8898,0,5,5.663133514656113,3.0284199965535663,284.6892960005789,442.0
1789883878,50,POST,POST /api/v1/auth/login,0.000000,0.000000,0,0,0,0,0,0,0,0,0,0,0,50,0,1300.0,1369.1218887201103,628.633758999058,2104.1982940005255,1622.0
1789883878,50,POST,POST /api/v1/auth/refresh,0.000000,0.000000,0,0,0,0,0,0,0,0,0,0,0,50,0,29,31.13284232051228,20.492110001214314,55.65531500178622,1622.0
1789883878,50,,Aggregated,23.800000,0.000000,6,7,7,7,8,10,14,16,22,22,22,35537,0,6,9.246655466512752,3.0284199965535663,2104.1982940005255,6810.28930410558
1789883879,50,GET,GET /api/v1/reservas,19.400000,0.000000,6,7,7,8,9,10,14,16,22,22,22,26561,0,7,7.84386054267648,4.633864002244081,311.9985780067509,8965.0
1789883879,50,GET,GET /api/v1/reservas/{id},4.500000,0.000000,5,5,5,5,7,8,21,21,21,21,21,8905,0,5,5.662659766918221,3.0284199965535663,284.6892960005789,442.0
1789883879,50,POST,POST /api/v1/auth/login,0.000000,0.000000,0,0,0,0,0,0,0,0,0,0,0,50,0,1300.0,1369.1218887201103,628.633758999058,2104.1982940005255,1622.0
1789883879,50,POST,POST /api/v1/auth/refresh,0.000000,0.000000,0,0,0,0,0,0,0,0,0,0,0,50,0,29,31.13284232051228,20.492110001214314,55.65531500178622,1622.0
1789883879,50,,Aggregated,23.900000,0.000000,6,7,7,7,8,10,14,16,22,22,22,35566,0,6,9.244207997820048,3.0284199965535663,2104.1982940005255,6810.368751054378
1789883880,50,GET,GET /api/v1/reservas,19.600000,0.000000,6,7,7,8,9,10,14,16,22,22,22,26575,0,7,7.843344006925052,4.633864002244081,311.9985780067509,8965.0
1789883880,50,GET,GET /api/v1/reservas/{id},4.600000,0.000000,5,5,5,5,7,8,12,21,21,21,21,8911,0,5,5.6630829928640285,3.0284199965535663,284.6892960005789,442.0
1789883880,50,POST,POST /api/v1/auth/login,0.000000,0.000000,0,0,0,0,0,0,0,0,0,0,0,50,0,1300.0,1369.1218887201103,628.633758999058,2104.1982940005255,1622.0
1789883880,50,POST,POST /api/v1/auth/refresh,0.000000,0.000000,0,0,0,0,0,0,0,0,0,0,0,50,0,29,31.13284232051228,20.492110001214314,55.65531500178622,1622.0
1789883880,50,,Aggregated,24.200000,0.000000,6,7,7,7,8,10,14,16,22,22,22,35586,0,6,9.242773452635186,3.0284199965535663,2104.1982940005255,6810.142668465127
1789883881,50,GET,GET /api/v1/reservas,19.200000,0.000000,7,7,8,8,9,10,14,24,25,25,25,26601,0,7,7.8448339705663805,4.633864002244081,311.9985780067509,8965.0
1789883881,50,GET,GET /api/v1/reservas/{id},4.700000,0.000000,5,5,6,6,8,12,23,23,23,23,23,8917,0,5,5.666419615051931,3.0284199965535663,284.6892960005789,442.0
1789883881,50,POST,POST /api/v1/auth/login,0.000000,0.000000,0,0,0,0,0,0,0,0,0,0,0,50,0,1300.0,1369.1218887201103,628.633758999058,2104.1982940005255,1622.0
1789883881,50,POST,POST /api/v1/auth/refresh,0.000000,0.000000,0,0,0,0,0,0,0,0,0,0,0,50,0,29,31.13284232051228,20.492110001214314,55.65531500178622,1622.0
1789883881,50,,Aggregated,23.900000,0.000000,6,7,7,8,9,11,14,23,25,25,25,35618,0,6,9.243096993387766,3.0284199965535663,2104.1982940005255,6810.642905272615
1789883882,50,GET,GET /api/v1/reservas,19.100000,0.000000,7,7,8,8,9,10,14,24,25,25,25,26615,0,7,7.844031371934474,4.633864002244081,311.9985780067509,8965.0
1789883882,50,GET,GET /api/v1/reservas/{id},5.100000,0.000000,5,5,6,7,8,12,23,23,23,23,23,8921,0,5,5.666564517813481,3.0284199965535663,284.6892960005789,442.0
1789883882,50,POST,POST /api/v1/auth/login,0.000000,0.000000,0,0,0,0,0,0,0,0,0,0,0,50,0,1300.0,1369.1218887201103,628.633758999058,2104.1982940005255,1622.0
1789883882,50,POST,POST /api/v1/auth/refresh,0.000000,0.000000,0,0,0,0,0,0,0,0,0,0,0,50,0,29,31.13284232051228,20.492110001214314,55.65531500178622,1622.0
1789883882,50,,Aggregated,24.200000,0.000000,6,7,7,8,9,11,14,23,25,25,25,35636,0,6,9.24158305027167,3.0284199965535663,2104.1982940005255,6810.774413514424
1789883883,50,GET,GET /api/v1/reservas,18.900000,0.000000,7,7,8,8,10,10,14,24,25,25,25,26638,0,7,7.8431142650734325,4.633864002244081,311.9985780067509,8965.0
1789883883,50,GET,GET /api/v1/reservas/{id},5.400000,0.000000,5,5,6,7,8,12,14,23,23,23,23,8930,0,5,5.665729818076301,3.0284199965535663,284.6892960005789,442.0
1789883883,50,POST,POST /api/v1/auth/login,0.000000,0.000000,0,0,0,0,0,0,0,0,0,0,0,50,0,1300.0,1369.1218887201103,628.633758999058,2104.1982940005255,1622.0
1789883883,50,POST,POST /api/v1/auth/refresh,0.000000,0.000000,0,0,0,0,0,0,0,0,0,0,0,50,0,29,31.13284232051228,20.492110001214314,55.65531500178622,1622.0
1789883883,50,,Aggregated,24.300000,0.000000,6,7,8,8,9,11,14,23,25,25,25,35668,0,6,9.238885881475793,3.0284199965535663,2104.1982940005255,6810.556521251542
1789883884,50,GET,GET /api/v1/reservas,18.800000,0.000000,7,7,8,8,10,10,12,24,25,25,25,26655,0,7,7.843159090716561,4.633864002244081,311.9985780067509,8965.0
1789883884,50,GET,GET /api/v1/reservas/{id},4.700000,0.000000,5,5,7,7,8,12,14,23,23,23,23,8935,0,5,5.666122697976485,3.0284199965535663,284.6892960005789,442.0
1789883884,50,POST,POST /api/v1/auth/login,0.000000,0.000000,0,0,0,0,0,0,0,0,0,0,0,50,0,1300.0,1369.1218887201103,628.633758999058,2104.1982940005255,1622.0
1789883884,50,POST,POST /api/v1/auth/refresh,0.000000,0.000000,0,0,0,0,0,0,0,0,0,0,0,50,0,29,31.13284232051228,20.492110001214314,55.65531500178622,1622.0
1789883884,50,,Aggregated,23.500000,0.000000,6,7,7,8,9,10,14,23,25,25,25,35690,0,6,9.237852295362874,3.0284199965535663,2104.1982940005255,6810.690529560101
1789883885,50,GET,GET /api/v1/reservas,19.200000,0.000000,7,7,8,8,9,10,12,24,25,25,25,26676,0,7,7.841939328425022,4.633864002244081,311.9985780067509,8965.0
1789883885,50,GET,GET /api/v1/reservas/{id},5.500000,0.000000,5,6,7,7,8,12,14,23,23,23,23,8939,0,5,5.666036626291187,3.0284199965535663,284.6892960005789,442.0
1789883885,50,POST,POST /api/v1/auth/login,0.000000,0.000000,0,0,0,0,0,0,0,0,0,0,0,50,0,1300.0,1369.1218887201103,628.633758999058,2104.1982940005255,1622.0
1789883885,50,POST,POST /api/v1/auth/refresh,0.000000,0.000000,0,0,0,0,0,0,0,0,0,0,0,50,0,29,31.13284232051228,20.492110001214314,55.65531500178622,1622.0
1789883885,50,,Aggregated,24.700000,0.000000,6,7,7,8,9,10,14,23,25,25,25,35715,0,6,9.235699607434242,3.0284199965535663,2104.1982940005255,6811.243959120818
1789883886,50,GET,GET /api/v1/reservas,18.900000,0.000000,7,7,8,8,10,10,12,24,25,25,25,26699,0,7,7.841392452041958,4.633864002244081,311.9985780067509,8965.0
1789883886,50,GET,GET /api/v1/reservas/{id},5.400000,0.000000,5,6,7,7,8,12,14,23,23,23,23,8942,0,5,5.665827098682332,3.0284199965535663,284.6892960005789,442.0
1789883886,50,POST,POST /api/v1/auth/login,0.000000,0.000000,0,0,0,0,0,0,0,0,0,0,0,50,0,1300.0,1369.1218887201103,628.633758999058,2104.1982940005255,1622.0
1789883886,50,POST,POST /api/v1/auth/refresh,0.000000,0.000000,0,0,0,0,0,0,0,0,0,0,0,50,0,29,31.13284232051228,20.492110001214314,55.65531500178622,1622.0
1789883886,50,,Aggregated,24.300000,0.000000,6,7,7,8,9,10,14,23,25,25,25,35741,0,6,9.234042123765892,3.0284199965535663,2104.1982940005255,6812.095324697127
1789883887,50,GET,GET /api/v1/reservas,18.700000,0.000000,7,7,8,8,10,10,12,24,25,25,25,26715,0,7,7.840547751116782,4.633864002244081,311.9985780067509,8965.0
1789883887,50,GET,GET /api/v1/reservas/{id},5.900000,0.000000,5,6,7,7,8,12,23,23,23,23,23,8947,0,5,5.665380980598487,3.0284199965535663,284.6892960005789,442.0
1789883887,50,POST,POST /api/v1/auth/login,0.000000,0.000000,0,0,0,0,0,0,0,0,0,0,0,50,0,1300.0,1369.1218887201103,628.633758999058,2104.1982940005255,1622.0
1789883887,50,POST,POST /api/v1/auth/refresh,0.000000,0.000000,0,0,0,0,0,0,0,0,0,0,0,50,0,29,31.13284232051228,20.492110001214314,55.65531500178622,1622.0
1789883887,50,,Aggregated,24.600000,0.000000,6,7,8,8,9,10,14,23,25,25,25,35762,0,6,9.232177544783028,3.0284199965535663,2104.1982940005255,6812.167915664672
1789883888,50,GET,GET /api/v1/reservas,19.400000,0.000000,7,7,8,8,10,10,11,24,25,25,25,26735,0,7,7.839247653454076,4.633864002244081,311.9985780067509,8965.0
1789883888,50,GET,GET /api/v1/reservas/{id},5.400000,0.000000,5,6,7,7,8,12,14,23,23,23,23,8952,0,5,5.664738810925629,3.0284199965535663,284.6892960005789,442.0
1789883888,50,POST,POST /api/v1/auth/login,0.000000,0.000000,0,0,0,0,0,0,0,0,0,0,0,50,0,1300.0,1369.1218887201103,628.633758999058,2104.1982940005255,1622.0
1789883888,50,POST,POST /api/v1/auth/refresh,0.000000,0.000000,0,0,0,0,0,0,0,0,0,0,0,50,0,29,31.13284232051228,20.492110001214314,55.65531500178622,1622.0
1789883888,50,,Aggregated,24.800000,0.000000,6,7,7,8,9,10,14,23,25,25,25,35787,0,6,9.22976959238081,3.0284199965535663,2104.1982940005255,6812.481040601336
1789883889,50,GET,GET /api/v1/reservas,19.400000,0.000000,7,7,8,8,10,10,11,24,25,25,25,26749,0,7,7.838761002994319,4.633864002244081,311.9985780067509,8965.0
1789883889,50,GET,GET /api/v1/reservas/{id},5.600000,0.000000,5,6,7,7,8,12,14,23,23,23,23,8962,0,5,5.6639226579361335,3.0284199965535663,284.6892960005789,442.0
1789883889,50,POST,POST /api/v1/auth/login,0.000000,0.000000,0,0,0,0,0,0,0,0,0,0,0,50,0,1300.0,1369.1218887201103,628.633758999058,2104.1982940005255,1622.0
1789883889,50,POST,POST /api/v1/auth/refresh,0.000000,0.000000,0,0,0,0,0,0,0,0,0,0,0,50,0,29,31.13284232051228,20.492110001214314,55.65531500178622,1622.0
1789883889,50,,Aggregated,25.000000,0.000000,6,7,7,8,9,10,14,23,25,25,25,35811,0,6,9.227662714851576,3.0284199965535663,2104.1982940005255,6811.543631844964
1789883890,50,GET,GET /api/v1/reservas,19.600000,0.000000,6,7,7,8,9,10,11,16,24,24,24,26766,0,7,7.837678829152025,4.633864002244081,311.9985780067509,8965.0
1789883890,50,GET,GET /api/v1/reservas/{id},5.200000,0.000000,5,5,6,7,8,8,14,23,23,23,23,8971,0,5,5.662782907861298,3.0284199965535663,284.6892960005789,442.0
1789883890,50,POST,POST /api/v1/auth/login,0.000000,0.000000,0,0,0,0,0,0,0,0,0,0,0,50,0,1300.0,1369.1218887201103,628.633758999058,2104.1982940005255,1622.0
1789883890,50,POST,POST /api/v1/auth/refresh,0.000000,0.000000,0,0,0,0,0,0,0,0,0,0,0,50,0,29,31.13284232051228,20.492110001214314,55.65531500178622,1622.0
1789883890,50,,Aggregated,24.800000,0.000000,6,7,7,7,9,10,11,16,24,24,24,35837,0,6,9.225015307071963,3.0284199965535663,2104.1982940005255,6810.965538410023
1789883891,50,GET,GET /api/v1/reservas,19.000000,0.000000,6,7,7,8,9,10,11,18,21,21,21,26783,0,7,7.838248025989982,4.633864002244081,311.9985780067509,8965.0
1789883891,50,GET,GET /api/v1/reservas/{id},5.500000,0.000000,5,5,6,7,7,8,8,8,8,8,8,8975,0,5,5.66316580695449,3.0284199965535663,284.6892960005789,442.0
1789883891,50,POST,POST /api/v1/auth/login,0.000000,0.000000,0,0,0,0,0,0,0,0,0,0,0,50,0,1300.0,1369.1218887201103,628.633758999058,2104.1982940005255,1622.0
1789883891,50,POST,POST /api/v1/auth/refresh,0.000000,0.000000,0,0,0,0,0,0,0,0,0,0,0,50,0,29,31.13284232051228,20.492110001214314,55.65531500178622,1622.0
1789883891,50,,Aggregated,24.500000,0.000000,6,7,7,7,9,10,11,11,21,21,21,35858,0,6,9.224481191074164,3.0284199965535663,2104.1982940005255,6811.276284232249
1789883892,50,GET,GET /api/v1/reservas,18.500000,0.000000,6,7,7,7,9,10,11,18,21,21,21,26796,0,7,7.837363702272499,4.633864002244081,311.9985780067509,8965.0
1789883892,50,GET,GET /api/v1/reservas/{id},5.700000,0.000000,5,5,6,6,7,8,8,8,8,8,8,8987,0,5,5.661706480184292,3.0284199965535663,284.6892960005789,442.0
1789883892,50,POST,POST /api/v1/auth/login,0.000000,0.000000,0,0,0,0,0,0,0,0,0,0,0,50,0,1300.0,1369.1218887201103,628.633758999058,2104.1982940005255,1622.0
1789883892,50,POST,POST /api/v1/auth/refresh,0.000000,0.000000,0,0,0,0,0,0,0,0,0,0,0,50,0,29,31.13284232051228,20.492110001214314,55.65531500178622,1622.0
1789883892,50,,Aggregated,24.200000,0.000000,6,7,7,7,8,10,11,11,21,21,21,35883,0,6,9.221762128460307,3.0284199965535663,2104.1982940005255,6809.926539029624
1789883893,50,GET,GET /api/v1/reservas,18.600000,0.000000,6,7,7,8,9,10,11,18,21,21,21,26816,0,7,7.836548027971524,4.633864002244081,311.9985780067509,8965.0
1789883893,50,GET,GET /api/v1/reservas/{id},5.800000,0.000000,5,5,6,6,7,8,8,8,8,8,8,8997,0,5,5.6607187542972754,3.0284199965535663,284.6892960005789,442.0
1789883893,50,POST,POST /api/v1/auth/login,0.000000,0.000000,0,0,0,0,0,0,0,0,0,0,0,50,0,1300.0,1369.1218887201103,628.633758999058,2104.1982940005255,1622.0
1789883893,50,POST,POST /api/v1/auth/refresh,0.000000,0.000000,0,0,0,0,0,0,0,0,0,0,0,50,0,29,31.13284232051228,20.492110001214314,55.65531500178622,1622.0
1789883893,50,,Aggregated,24.400000,0.000000,6,7,7,7,9,10,11,14,21,21,21,35913,0,6,9.219143349275418,3.0284199965535663,2104.1982940005255,6809.353548854176
1789883894,50,GET,GET /api/v1/reservas,18.300000,0.000000,6,7,7,7,8,9,11,18,21,21,21,26836,0,7,7.835290544905135,4.633864002244081,311.9985780067509,8965.0
1789883894,50,GET,GET /api/v1/reservas/{id},6.100000,0.000000,4,5,5,6,6,7,8,8,8,8,8,9002,0,5,5.6601258948471065,3.0284199965535663,284.6892960005789,442.0
1789883894,50,POST,POST /api/v1/auth/login,0.000000,0.000000,0,0,0,0,0,0,0,0,0,0,0,50,0,1300.0,1369.1218887201103,628.633758999058,2104.1982940005255,1622.0
1789883894,50,POST,POST /api/v1/auth/refresh,0.000000,0.000000,0,0,0,0,0,0,0,0,0,0,0,50,0,29,31.13284232051228,20.492110001214314,55.65531500178622,1622.0
1789883894,50,,Aggregated,24.400000,0.000000,6,6,7,7,8,9,11,14,21,21,21,35938,0,6,9.216791332865462,3.0284199965535663,2104.1982940005255,6809.667315932996
1789883895,50,GET,GET /api/v1/reservas,17.800000,0.000000,6,7,7,7,9,10,13,18,21,21,21,26849,0,7,7.834979880482435,4.633864002244081,311.9985780067509,8965.0
1789883895,50,GET,GET /api/v1/reservas/{id},6.200000,0.000000,4,5,5,6,7,8,10,10,10,10,10,9011,0,5,5.6602545884377875,3.0284199965535663,284.6892960005789,442.0
1789883895,50,POST,POST /api/v1/auth/login,0.000000,0.000000,0,0,0,0,0,0,0,0,0,0,0,50,0,1300.0,1369.1218887201103,628.633758999058,2104.1982940005255,1622.0
1789883895,50,POST,POST /api/v1/auth/refresh,0.000000,0.000000,0,0,0,0,0,0,0,0,0,0,0,50,0,29,31.13284232051228,20.492110001214314,55.65531500178622,1622.0
1789883895,50,,Aggregated,24.000000,0.000000,6,6,7,7,8,10,11,14,21,21,21,35960,0,6,9.215202042811928,3.0284199965535663,2104.1982940005255,6808.852808676307
1789883896,50,GET,GET /api/v1/reservas,18.000000,0.000000,6,7,7,7,8,9,13,18,21,21,21,26869,0,7,7.834010694372494,4.633864002244081,311.9985780067509,8965.0
1789883896,50,GET,GET /api/v1/reservas/{id},6.900000,0.000000,4,5,5,6,6,7,10,10,10,10,10,9019,0,5,5.658887097619504,3.0284199965535663,284.6892960005789,442.0
1789883896,50,POST,POST /api/v1/auth/login,0.000000,0.000000,0,0,0,0,0,0,0,0,0,0,0,50,0,1300.0,1369.1218887201103,628.633758999058,2104.1982940005255,1622.0
1789883896,50,POST,POST /api/v1/auth/refresh,0.000000,0.000000,0,0,0,0,0,0,0,0,0,0,0,50,0,29,31.13284232051228,20.492110001214314,55.65531500178622,1622.0
1789883896,50,,Aggregated,24.900000,0.000000,6,6,7,7,8,9,11,14,21,21,21,35988,0,6,9.21257843260409,3.0284199965535663,2104.1982940005255,6808.635739691008
1789883897,50,GET,GET /api/v1/reservas,17.500000,0.000000,6,7,7,7,8,9,13,18,21,21,21,26881,0,7,7.8334702208296445,4.633864002244081,311.9985780067509,8965.0
1789883897,50,GET,GET /api/v1/reservas/{id},6.400000,0.000000,4,5,5,6,6,7,10,10,10,10,10,9026,0,5,5.6579502323769315,3.0284199965535663,284.6892960005789,442.0
1789883897,50,POST,POST /api/v1/auth/login,0.000000,0.000000,0,0,0,0,0,0,0,0,0,0,0,50,0,1300.0,1369.1218887201103,628.633758999058,2104.1982940005255,1622.0
1789883897,50,POST,POST /api/v1/auth/refresh,0.000000,0.000000,0,0,0,0,0,0,0,0,0,0,0,50,0,29,31.13284232051228,20.492110001214314,55.65531500178622,1622.0
1789883897,50,,Aggregated,23.900000,0.000000,6,6,7,7,8,9,11,14,21,21,21,36007,0,6,9.210789800749493,3.0284199965535663,2104.1982940005255,6808.116671758269
1789883898,50,GET,GET /api/v1/reservas,17.200000,0.000000,6,7,7,7,8,9,13,18,21,21,21,26902,0,7,7.831989024427027,4.633864002244081,311.9985780067509,8965.0
1789883898,50,GET,GET /api/v1/reservas/{id},7.300000,0.000000,4,5,5,5,6,7,10,10,10,10,10,9038,0,5,5.6558895241704406,3.0284199965535663,284.6892960005789,442.0
1789883898,50,POST,POST /api/v1/auth/login,0.000000,0.000000,0,0,0,0,0,0,0,0,0,0,0,50,0,1300.0,1369.1218887201103,628.633758999058,2104.1982940005255,1622.0
1789883898,50,POST,POST /api/v1/auth/refresh,0.000000,0.000000,0,0,0,0,0,0,0,0,0,0,0,50,0,29,31.13284232051228,20.492110001214314,55.65531500178622,1622.0
1789883898,50,,Aggregated,24.500000,0.000000,6,6,7,7,8,9,11,14,21,21,21,36040,0,6,9.207181875877342,3.0284199965535663,2104.1982940005255,6807.2537735849055
1789883899,50,GET,GET /api/v1/reservas,16.800000,0.000000,6,7,7,7,8,10,18,18,21,21,21,26916,0,7,7.832360779170013,4.633864002244081,311.9985780067509,8965.0
1789883899,50,GET,GET /api/v1/reservas/{id},7.500000,0.000000,4,5,5,5,6,7,10,10,10,10,10,9044,0,5,5.655576380081111,3.0284199965535663,284.6892960005789,442.0
1789883899,50,POST,POST /api/v1/auth/login,0.000000,0.000000,0,0,0,0,0,0,0,0,0,0,0,50,0,1300.0,1369.1218887201103,628.633758999058,2104.1982940005255,1622.0
1789883899,50,POST,POST /api/v1/auth/refresh,0.000000,0.000000,0,0,0,0,0,0,0,0,0,0,0,50,0,29,31.13284232051228,20.492110001214314,55.65531500178622,1622.0
1789883899,50,,Aggregated,24.300000,0.000000,6,6,7,7,8,9,14,18,21,21,21,36060,0,6,9.206256019568075,3.0284199965535663,2104.1982940005255,6807.032390460344
1789883900,50,GET,GET /api/v1/reservas,16.300000,0.000000,6,7,7,8,8,11,18,18,21,21,21,26936,0,7,7.83141612159,4.633864002244081,311.9985780067509,8965.0
1789883900,50,GET,GET /api/v1/reservas/{id},8.100000,0.000000,4,5,5,5,6,7,10,10,10,10,10,9049,0,5,5.654686908327594,3.0284199965535663,284.6892960005789,442.0
1789883900,50,POST,POST /api/v1/auth/login,0.000000,0.000000,0,0,0,0,0,0,0,0,0,0,0,50,0,1300.0,1369.1218887201103,628.633758999058,2104.1982940005255,1622.0
1789883900,50,POST,POST /api/v1/auth/refresh,0.000000,0.000000,0,0,0,0,0,0,0,0,0,0,0,50,0,29,31.13284232051228,20.492110001214314,55.65531500178622,1622.0
1789883900,50,,Aggregated,24.400000,0.000000,6,6,7,7,8,10,14,18,21,21,21,36085,0,6,9.204074353239179,3.0284199965535663,2104.1982940005255,6807.346487460163
1789883901,50,GET,GET /api/v1/reservas,16.500000,0.000000,6,7,7,7,8,10,13,18,18,18,18,26953,0,7,7.831136266135817,4.633864002244081,311.9985780067509,8965.0
1789883901,50,GET,GET /api/v1/reservas/{id},8.500000,0.000000,4,5,5,5,6,7,10,10,10,10,10,9056,0,5,5.6547756887643885,3.0284199965535663,284.6892960005789,442.0
1789883901,50,POST,POST /api/v1/auth/login,0.000000,0.000000,0,0,0,0,0,0,0,0,0,0,0,50,0,1300.0,1369.1218887201103,628.633758999058,2104.1982940005255,1622.0
1789883901,50,POST,POST /api/v1/auth/refresh,0.000000,0.000000,0,0,0,0,0,0,0,0,0,0,0,50,0,29,31.13284232051228,20.492110001214314,55.65531500178622,1622.0
1789883901,50,,Aggregated,25.000000,0.000000,6,6,7,7,8,9,13,14,18,18,18,36109,0,6,9.202553406924592,3.0284199965535663,2104.1982940005255,6807.128333656429
1789883902,50,GET,GET /api/v1/reservas,16.800000,0.000000,6,7,7,7,8,12,14,18,18,18,18,26971,0,7,7.830504340260279,4.633864002244081,311.9985780067509,8965.0
1789883902,50,GET,GET /api/v1/reservas/{id},8.300000,0.000000,4,5,5,5,6,7,10,10,10,10,10,9065,0,5,5.653693144121809,3.0284199965535663,284.6892960005789,442.0
1789883902,50,POST,POST /api/v1/auth/login,0.000000,0.000000,0,0,0,0,0,0,0,0,0,0,0,50,0,1300.0,1369.1218887201103,628.633758999058,2104.1982940005255,1622.0
1789883902,50,POST,POST /api/v1/auth/refresh,0.000000,0.000000,0,0,0,0,0,0,0,0,0,0,0,50,0,29,31.13284232051228,20.492110001214314,55.65531500178622,1622.0
1789883902,50,,Aggregated,25.100000,0.000000,6,6,7,7,8,10,13,17,18,18,18,36136,0,6,9.200243454301951,3.0284199965535663,2104.1982940005255,6806.617915651981
1789883903,50,GET,GET /api/v1/reservas,17.000000,0.000000,6,7,7,8,8,12,13,18,18,18,18,26987,0,7,7.830188280733113,4.633864002244081,311.9985780067509,8965.0
1789883903,50,GET,GET /api/v1/reservas/{id},8.000000,0.000000,4,5,5,5,6,7,10,10,10,10,10,9073,0,5,5.652642274052048,3.0284199965535663,284.6892960005789,442.0
1789883903,50,POST,POST /api/v1/auth/login,0.000000,0.000000,0,0,0,0,0,0,0,0,0,0,0,50,0,1300.0,1369.1218887201103,628.633758999058,2104.1982940005255,1622.0
1789883903,50,POST,POST /api/v1/auth/refresh,0.000000,0.000000,0,0,0,0,0,0,0,0,0,0,0,50,0,29,31.13284232051228,20.492110001214314,55.65531500178622,1622.0
1789883903,50,,Aggregated,25.000000,0.000000,6,7,7,7,8,10,13,17,18,18,18,36160,0,6,9.198353181323283,3.0284199965535663,2104.1982940005255,6806.164850663717
1789883904,50,GET,GET /api/v1/reservas,17.100000,0.000000,6,7,7,8,8,12,13,18,18,18,18,27000,0,7,7.829509877708646,4.633864002244081,311.9985780067509,8965.0
1789883904,50,GET,GET /api/v1/reservas/{id},8.100000,0.000000,4,5,5,5,6,7,7,10,10,10,10,9079,0,5,5.651949423776339,3.0284199965535663,284.6892960005789,442.0
1789883904,50,POST,POST /api/v1/auth/login,0.000000,0.000000,0,0,0,0,0,0,0,0,0,0,0,50,0,1300.0,1369.1218887201103,628.633758999058,2104.1982940005255,1622.0
1789883904,50,POST,POST /api/v1/auth/refresh,0.000000,0.000000,0,0,0,0,0,0,0,0,0,0,0,50,0,29,31.13284232051228,20.492110001214314,55.65531500178622,1622.0
1789883904,50,,Aggregated,25.200000,0.000000,6,6,7,7,8,9,13,17,18,18,18,36179,0,6,9.19659338479864,3.0284199965535663,2104.1982940005255,6805.8851267309765
1789883905,50,GET,GET /api/v1/reservas,17.500000,0.000000,6,7,7,8,9,12,15,18,18,18,18,27016,0,7,7.829859346133607,4.633864002244081,311.9985780067509,8965.0
1789883905,50,GET,GET /api/v1/reservas/{id},7.700000,0.000000,5,5,5,6,7,7,11,13,13,13,13,9091,0,5,5.654034833072121,3.0284199965535663,284.6892960005789,442.0
1789883905,50,POST,POST /api/v1/auth/login,0.000000,0.000000,0,0,0,0,0,0,0,0,0,0,0,50,0,1300.0,1369.1218887201103,628.633758999058,2104.1982940005255,1622.0
1789883905,50,POST,POST /api/v1/auth/refresh,0.000000,0.000000,0,0,0,0,0,0,0,0,0,0,0,50,0,29,31.13284232051228,20.492110001214314,55.65531500178622,1622.0
1789883905,50,,Aggregated,25.200000,0.000000,6,7,7,7,8,12,14,17,18,18,18,36207,0,6,9.195598843169423,3.0284199965535663,2104.1982940005255,6804.73007981882
1789883906,50,GET,GET /api/v1/reservas,16.600000,0.000000,6,7,7,8,9,12,15,18,18,18,18,27028,0,7,7.829437221627496,4.633864002244081,311.9985780067509,8965.0
1789883906,50,GET,GET /api/v1/reservas/{id},7.600000,0.000000,5,5,6,6,7,9,11,13,13,13,13,9100,0,5,5.653851854555427,3.0284199965535663,284.6892960005789,442.0
1789883906,50,POST,POST /api/v1/auth/login,0.000000,0.000000,0,0,0,0,0,0,0,0,0,0,0,50,0,1300.0,1369.1218887201103,628.633758999058,2104.1982940005255,1622.0
1789883906,50,POST,POST /api/v1/auth/refresh,0.000000,0.000000,0,0,0,0,0,0,0,0,0,0,0,50,0,29,31.13284232051228,20.492110001214314,55.65531500178622,1622.0
1789883906,50,,Aggregated,24.200000,0.000000,6,7,7,7,8,12,14,17,18,18,18,36228,0,6,9.193905753964708,3.0284199965535663,2104.1982940005255,6803.86496632439
1789883907,50,GET,GET /api/v1/reservas,16.600000,0.000000,7,7,8,8,9,12,15,18,18,18,18,27050,0,7,7.8286438657721,4.633864002244081,311.9985780067509,8965.0
1789883907,50,GET,GET /api/v1/reservas/{id},7.900000,0.000000,5,5,6,6,7,9,11,13,13,13,13,9104,0,5,5.653620789373734,3.0284199965535663,284.6892960005789,442.0
1789883907,50,POST,POST /api/v1/auth/login,0.000000,0.000000,0,0,0,0,0,0,0,0,0,0,0,50,0,1300.0,1369.1218887201103,628.633758999058,2104.1982940005255,1622.0
1789883907,50,POST,POST /api/v1/auth/refresh,0.000000,0.000000,0,0,0,0,0,0,0,0,0,0,0,50,0,29,31.13284232051228,20.492110001214314,55.65531500178622,1622.0
1789883907,50,,Aggregated,24.500000,0.000000,6,7,7,7,9,12,14,17,18,18,18,36254,0,6,9.19203720382923,3.0284199965535663,2104.1982940005255,6804.4744855740055
1789883908,50,GET,GET /api/v1/reservas,16.400000,0.000000,7,7,8,8,9,12,15,18,18,18,18,27068,0,7,7.827723927224715,4.633864002244081,311.9985780067509,8965.0
1789883908,50,GET,GET /api/v1/reservas/{id},8.200000,0.000000,5,5,6,6,7,9,11,13,13,13,13,9108,0,5,5.652995593156274,3.0284199965535663,284.6892960005789,442.0
1789883908,50,POST,POST /api/v1/auth/login,0.000000,0.000000,0,0,0,0,0,0,0,0,0,0,0,50,0,1300.0,1369.1218887201103,628.633758999058,2104.1982940005255,1622.0
1789883908,50,POST,POST /api/v1/auth/refresh,0.000000,0.000000,0,0,0,0,0,0,0,0,0,0,0,50,0,29,31.13284232051228,20.492110001214314,55.65531500178622,1622.0
1789883908,50,,Aggregated,24.600000,0.000000,6,7,7,8,9,12,14,17,18,18,18,36276,0,6,9.190127127484207,3.0284199965535663,2104.1982940005255,6804.844966368949
1789883909,50,GET,GET /api/v1/reservas,15.800000,0.000000,7,7,8,8,9,12,15,29,40,40,40,27092,0,7,7.8286891936767145,4.633864002244081,311.9985780067509,8965.0
1789883909,50,GET,GET /api/v1/reservas/{id},8.300000,0.000000,5,5,6,6,7,9,11,13,13,13,13,9110,0,5,5.6526517740363715,3.0284199965535663,284.6892960005789,442.0
1789883909,50,POST,POST /api/v1/auth/login,0.000000,0.000000,0,0,0,0,0,0,0,0,0,0,0,50,0,1300.0,1369.1218887201103,628.633758999058,2104.1982940005255,1622.0
1789883909,50,POST,POST /api/v1/auth/refresh,0.000000,0.000000,0,0,0,0,0,0,0,0,0,0,0,50,0,29,31.13284232051228,20.492110001214314,55.65531500178622,1622.0
1789883909,50,,Aggregated,24.100000,0.000000,6,7,7,8,9,11,14,17,40,40,40,36302,0,6,9.189665634086056,3.0284199965535663,2104.1982940005255,6805.922538703102
1789883910,50,GET,GET /api/v1/reservas,16.500000,0.000000,7,7,8,8,9,12,15,29,40,40,40,27107,0,7,7.828023841519715,4.633864002244081,311.9985780067509,8965.0
1789883910,50,GET,GET /api/v1/reservas/{id},7.800000,0.000000,5,6,6,6,8,11,13,15,15,15,15,9119,0,5,5.654041542982855,3.0284199965535663,284.6892960005789,442.0
1789883910,50,POST,POST /api/v1/auth/login,0.000000,0.000000,0,0,0,0,0,0,0,0,0,0,0,50,0,1300.0,1369.1218887201103,628.633758999058,2104.1982940005255,1622.0
1789883910,50,POST,POST /api/v1/auth/refresh,0.000000,0.000000,0,0,0,0,0,0,0,0,0,0,0,50,0,29,31.13284232051228,20.492110001214314,55.65531500178622,1622.0
1789883910,50,,Aggregated,24.300000,0.000000,6,7,7,8,9,11,15,17,40,40,40,36326,0,6,9.188079713003543,3.0284199965535663,2104.1982940005255,6805.237378186423
1789883911,50,GET,GET /api/v1/reservas,17.000000,0.000000,7,7,7,8,9,10,14,29,40,40,40,27125,0,7,7.827221203800334,4.633864002244081,311.9985780067509,8965.0
1789883911,50,GET,GET /api/v1/reservas/{id},6.800000,0.000000,5,6,6,6,8,11,13,15,15,15,15,9126,0,5,5.6535222975518,3.0284199965535663,284.6892960005789,442.0
1789883911,50,POST,POST /api/v1/auth/login,0.000000,0.000000,0,0,0,0,0,0,0,0,0,0,0,50,0,1300.0,1369.1218887201103,628.633758999058,2104.1982940005255,1622.0
1789883911,50,POST,POST /api/v1/auth/refresh,0.000000,0.000000,0,0,0,0,0,0,0,0,0,0,0,50,0,29,31.13284232051228,20.492110001214314,55.65531500178622,1622.0
1789883911,50,,Aggregated,23.800000,0.000000,6,7,7,7,9,10,14,15,40,40,40,36351,0,6,9.185996429054851,3.0284199965535663,2104.1982940005255,6805.081483315452
1789883912,50,GET,GET /api/v1/reservas,17.300000,0.000000,7,7,8,8,9,11,14,29,40,40,40,27136,0,7,7.826922656142751,4.633864002244081,311.9985780067509,8965.0
1789883912,50,GET,GET /api/v1/reservas/{id},6.700000,0.000000,5,6,6,7,9,11,13,15,15,15,15,9133,0,5,5.654139990194098,3.0284199965535663,284.6892960005789,442.0
1789883912,50,POST,POST /api/v1/auth/login,0.000000,0.000000,0,0,0,0,0,0,0,0,0,0,0,50,0,1300.0,1369.1218887201103,628.633758999058,2104.1982940005255,1622.0
1789883912,50,POST,POST /api/v1/auth/refresh,0.000000,0.000000,0,0,0,0,0,0,0,0,0,0,0,50,0,29,31.13284232051228,20.492110001214314,55.65531500178622,1622.0
1789883912,50,,Aggregated,24.000000,0.000000,6,7,7,8,9,11,14,15,40,40,40,36369,0,6,9.18483791909493,3.0284199965535663,2104.1982940005255,6804.510049767659
1789883913,50,GET,GET /api/v1/reservas,16.600000,0.000000,7,7,7,8,9,10,14,29,40,40,40,27155,0,7,7.8259231780549126,4.633864002244081,311.9985780067509,8965.0
1789883913,50,GET,GET /api/v1/reservas/{id},6.900000,0.000000,5,6,6,6,9,11,13,15,15,15,15,9144,0,5,5.652721832725471,3.0284199965535663,284.6892960005789,442.0
1789883913,50,POST,POST /api/v1/auth/login,0.000000,0.000000,0,0,0,0,0,0,0,0,0,0,0,50,0,1300.0,1369.1218887201103,628.633758999058,2104.1982940005255,1622.0
1789883913,50,POST,POST /api/v1/auth/refresh,0.000000,0.000000,0,0,0,0,0,0,0,0,0,0,0,50,0,29,31.13284232051228,20.492110001214314,55.65531500178622,1622.0
1789883913,50,,Aggregated,23.500000,0.000000,6,7,7,7,9,11,14,15,40,40,40,36399,0,6,9.181960188207203,3.0284199965535663,2104.1982940005255,6803.715019643397
1789883914,50,GET,GET /api/v1/reservas,17.100000,0.000000,7,7,7,8,9,10,14,29,40,40,40,27173,0,7,7.825087464765595,4.633864002244081,311.9985780067509,8965.0
1789883914,50,GET,GET /api/v1/reservas/{id},6.900000,0.000000,5,6,6,6,9,11,13,15,15,15,15,9149,0,5,5.652357803195266,3.0284199965535663,284.6892960005789,442.0
1789883914,50,POST,POST /api/v1/auth/login,0.000000,0.000000,0,0,0,0,0,0,0,0,0,0,0,50,0,1300.0,1369.1218887201103,628.633758999058,2104.1982940005255,1622.0
1789883914,50,POST,POST /api/v1/auth/refresh,0.000000,0.000000,0,0,0,0,0,0,0,0,0,0,0,50,0,29,31.13284232051228,20.492110001214314,55.65531500178622,1622.0
1789883914,50,,Aggregated,24.000000,0.000000,6,7,7,7,9,11,14,15,40,40,40,36422,0,6,9.180090598361982,3.0284199965535663,2104.1982940005255,6803.909807259349
1789883915,50,GET,GET /api/v1/reservas,16.500000,0.000000,7,7,7,7,9,10,11,29,40,40,40,27188,0,7,7.824729241910844,4.633864002244081,311.9985780067509,8965.0
1789883915,50,GET,GET /api/v1/reservas/{id},7.100000,0.000000,5,5,6,6,7,7,13,15,15,15,15,9157,0,5,5.6515921771794035,3.0284199965535663,284.6892960005789,442.0
1789883915,50,POST,POST /api/v1/auth/login,0.000000,0.000000,0,0,0,0,0,0,0,0,0,0,0,50,0,1300.0,1369.1218887201103,628.633758999058,2104.1982940005255,1622.0
1789883915,50,POST,POST /api/v1/auth/refresh,0.000000,0.000000,0,0,0,0,0,0,0,0,0,0,0,50,0,29,31.13284232051228,20.492110001214314,55.65531500178622,1622.0
1789883915,50,,Aggregated,23.600000,0.000000,6,7,7,7,8,10,13,15,40,40,40,36445,0,6,9.178298936686376,3.0284199965535663,2104.1982940005255,6803.402771299218
1789883916,50,GET,GET /api/v1/reservas,17.200000,0.000000,6,7,7,8,9,10,11,29,40,40,40,27207,0,7,7.823872741576959,4.633864002244081,311.9985780067509,8965.0
1789883916,50,GET,GET /api/v1/reservas/{id},7.000000,0.000000,5,5,6,6,7,13,13,15,15,15,15,9162,0,5,5.652442342439921,3.0284199965535663,284.6892960005789,442.0
1789883916,50,POST,POST /api/v1/auth/login,0.000000,0.000000,0,0,0,0,0,0,0,0,0,0,0,50,0,1300.0,1369.1218887201103,628.633758999058,2104.1982940005255,1622.0
1789883916,50,POST,POST /api/v1/auth/refresh,0.000000,0.000000,0,0,0,0,0,0,0,0,0,0,0,50,0,29,31.13284232051228,20.492110001214314,55.65531500178622,1622.0
1789883916,50,,Aggregated,24.200000,0.000000,6,7,7,7,8,10,13,15,40,40,40,36469,0,6,9.176684827484987,3.0284199965535663,2104.1982940005255,6803.656776988675
1789883917,50,GET,GET /api/v1/reservas,17.200000,0.000000,6,7,7,8,9,10,13,29,40,40,40,27228,0,7,7.823413556856415,4.633864002244081,311.9985780067509,8965.0
1789883917,50,GET,GET /api/v1/reservas/{id},7.100000,0.000000,5,5,6,6,7,11,13,15,15,15,15,9165,0,5,5.6523827665510025,3.0284199965535663,284.6892960005789,442.0
1789883917,50,POST,POST /api/v1/auth/login,0.000000,0.000000,0,0,0,0,0,0,0,0,0,0,0,50,0,1300.0,1369.1218887201103,628.633758999058,2104.1982940005255,1622.0
1789883917,50,POST,POST /api/v1/auth/refresh,0.000000,0.000000,0,0,0,0,0,0,0,0,0,0,0,50,0,29,31.13284232051228,20.492110001214314,55.65531500178622,1622.0
1789883917,50,,Aggregated,24.300000,0.000000,6,7,7,7,9,10,13,15,40,40,40,36493,0,6,9.175259061561327,3.0284199965535663,2104.1982940005255,6804.377551859261
1789883918,50,GET,GET /api/v1/reservas,17.700000,0.000000,6,7,7,8,9,10,13,29,40,40,40,27248,0,7,7.822245203540968,4.633864002244081,311.9985780067509,8965.0
1789883918,50,GET,GET /api/v1/reservas/{id},6.600000,0.000000,5,5,6,6,7,11,13,15,15,15,15,9173,0,5,5.651574366558034,3.0284199965535663,284.6892960005789,442.0
1789883918,50,POST,POST /api/v1/auth/login,0.000000,0.000000,0,0,0,0,0,0,0,0,0,0,0,50,0,1300.0,1369.1218887201103,628.633758999058,2104.1982940005255,1622.0
1789883918,50,POST,POST /api/v1/auth/refresh,0.000000,0.000000,0,0,0,0,0,0,0,0,0,0,0,50,0,29,31.13284232051228,20.492110001214314,55.65531500178622,1622.0
1789883918,50,,Aggregated,24.300000,0.000000,6,7,7,7,8,10,13,15,40,40,40,36521,0,6,9.172672312438111,3.0284199965535663,2104.1982940005255,6804.167081952849
1789883919,50,GET,GET /api/v1/reservas,18.500000,0.000000,6,7,7,7,8,10,11,13,13,13,13,27269,0,7,7.82120932682047,4.633864002244081,311.9985780067509,8965.0
1789883919,50,GET,GET /api/v1/reservas/{id},6.000000,0.000000,5,5,6,6,7,7,13,13,13,13,13,9179,0,5,5.6506935163347585,3.0284199965535663,284.6892960005789,442.0
1789883919,50,POST,POST /api/v1/auth/login,0.000000,0.000000,0,0,0,0,0,0,0,0,0,0,0,50,0,1300.0,1369.1218887201103,628.633758999058,2104.1982940005255,1622.0
1789883919,50,POST,POST /api/v1/auth/refresh,0.000000,0.000000,0,0,0,0,0,0,0,0,0,0,0,50,0,29,31.13284232051228,20.492110001214314,55.65531500178622,1622.0
1789883919,50,,Aggregated,24.500000,0.000000,6,7,7,7,8,9,13,13,13,13,13,36548,0,6,9.17032421668861,3.0284199965535663,2104.1982940005255,6804.364205975703
1789883920,50,GET,GET /api/v1/reservas,17.500000,0.000000,6,7,7,7,8,10,11,13,13,13,13,27291,0,7,7.820452073615481,4.633864002244081,311.9985780067509,8965.0
1789883920,50,GET,GET /api/v1/reservas/{id},6.000000,0.000000,5,5,5,6,6,7,13,13,13,13,13,9184,0,5,5.650205780861276,3.0284199965535663,284.6892960005789,442.0
1789883920,50,POST,POST /api/v1/auth/login,0.000000,0.000000,0,0,0,0,0,0,0,0,0,0,0,50,0,1300.0,1369.1218887201103,628.633758999058,2104.1982940005255,1622.0
1789883920,50,POST,POST /api/v1/auth/refresh,0.000000,0.000000,0,0,0,0,0,0,0,0,0,0,0,50,0,29,31.13284232051228,20.492110001214314,55.65531500178622,1622.0
1789883920,50,,Aggregated,23.500000,0.000000,6,7,7,7,8,10,13,13,13,13,13,36575,0,6,9.168344059726621,3.0284199965535663,2104.1982940005255,6804.794066985646
1789883921,50,GET,GET /api/v1/reservas,17.600000,0.000000,6,7,7,7,8,10,13,16,21,21,21,27312,0,7,7.820174537897246,4.633864002244081,311.9985780067509,8965.0
1789883921,50,GET,GET /api/v1/reservas/{id},6.700000,0.000000,5,5,5,6,6,7,13,17,17,17,17,9191,0,5,5.650499617607152,3.0284199965535663,284.6892960005789,442.0
1789883921,50,POST,POST /api/v1/auth/login,0.000000,0.000000,0,0,0,0,0,0,0,0,0,0,0,50,0,1300.0,1369.1218887201103,628.633758999058,2104.1982940005255,1622.0
1789883921,50,POST,POST /api/v1/auth/refresh,0.000000,0.000000,0,0,0,0,0,0,0,0,0,0,0,50,0,29,31.13284232051228,20.492110001214314,55.65531500178622,1622.0
1789883921,50,,Aggregated,24.300000,0.000000,6,6,7,7,8,10,13,16,21,21,21,36603,0,6,9.166764623569327,3.0284199965535663,2104.1982940005255,6804.816599732262
1789883922,50,GET,GET /api/v1/reservas,18.400000,0.000000,6,7,7,8,9,10,13,16,21,21,21,27329,0,7,7.819523674523863,4.633864002244081,311.9985780067509,8965.0
1789883922,50,GET,GET /api/v1/reservas/{id},6.600000,0.000000,5,5,5,6,7,8,13,17,17,17,17,9194,0,5,5.650526193324771,3.0284199965535663,284.6892960005789,442.0
1789883922,50,POST,POST /api/v1/auth/login,0.000000,0.000000,0,0,0,0,0,0,0,0,0,0,0,50,0,1300.0,1369.1218887201103,628.633758999058,2104.1982940005255,1622.0
1789883922,50,POST,POST /api/v1/auth/refresh,0.000000,0.000000,0,0,0,0,0,0,0,0,0,0,0,50,0,29,31.13284232051228,20.492110001214314,55.65531500178622,1622.0
1789883922,50,,Aggregated,25.000000,0.000000,6,7,7,7,8,10,13,16,21,21,21,36623,0,6,9.165372494730681,3.0284199965535663,2104.1982940005255,6805.2981186685965
1789883923,50,GET,GET /api/v1/reservas,18.500000,0.000000,6,7,7,8,9,11,13,16,21,21,21,27348,0,7,7.819181282619789,4.633864002244081,311.9985780067509,8965.0
1789883923,50,GET,GET /api/v1/reservas/{id},6.600000,0.000000,5,5,6,6,7,8,13,17,17,17,17,9197,0,5,5.650133398110832,3.0284199965535663,284.6892960005789,442.0
1789883923,50,POST,POST /api/v1/auth/login,0.000000,0.000000,0,0,0,0,0,0,0,0,0,0,0,50,0,1300.0,1369.1218887201103,628.633758999058,2104.1982940005255,1622.0
1789883923,50,POST,POST /api/v1/auth/refresh,0.000000,0.000000,0,0,0,0,0,0,0,0,0,0,0,50,0,29,31.13284232051228,20.492110001214314,55.65531500178622,1622.0
1789883923,50,,Aggregated,25.100000,0.000000,6,7,7,7,9,11,13,16,21,21,21,36645,0,6,9.164032832079204,3.0284199965535663,2104.1982940005255,6805.896957292945
1789883924,50,GET,GET /api/v1/reservas,18.800000,0.000000,6,7,8,8,9,11,13,16,21,21,21,27372,0,7,7.8183682045186655,4.633864002244081,311.9985780067509,8965.0
1789883924,50,GET,GET /api/v1/reservas/{id},6.400000,0.000000,5,5,5,6,8,9,17,17,17,17,17,9200,0,5,5.650210807981911,3.0284199965535663,284.6892960005789,442.0
1789883924,50,POST,POST /api/v1/auth/login,0.000000,0.000000,0,0,0,0,0,0,0,0,0,0,0,50,0,1300.0,1369.1218887201103,628.633758999058,2104.1982940005255,1622.0
1789883924,50,POST,POST /api/v1/auth/refresh,0.000000,0.000000,0,0,0,0,0,0,0,0,0,0,0,50,0,29,31.13284232051228,20.492110001214314,55.65531500178622,1622.0
1789883924,50,,Aggregated,25.200000,0.000000,6,7,7,8,9,10,13,16,21,21,21,36672,0,6,9.162277772675328,3.0284199965535663,2104.1982940005255,6806.78937609075
1789883925,50,GET,GET /api/v1/reservas,19.200000,0.000000,6,7,7,8,9,10,13,16,21,21,21,27390,0,7,7.8173010372798375,4.633864002244081,311.9985780067509,8965.0
1789883925,50,GET,GET /api/v1/reservas/{id},5.600000,0.000000,5,5,5,5,6,8,17,17,17,17,17,9206,0,5,5.649609791595067,3.0284199965535663,284.6892960005789,442.0
1789883925,50,POST,POST /api/v1/auth/login,0.000000,0.000000,0,0,0,0,0,0,0,0,0,0,0,50,0,1300.0,1369.1218887201103,628.633758999058,2104.1982940005255,1622.0
1789883925,50,POST,POST /api/v1/auth/refresh,0.000000,0.000000,0,0,0,0,0,0,0,0,0,0,0,50,0,29,31.13284232051228,20.492110001214314,55.65531500178622,1622.0
1789883925,50,,Aggregated,24.800000,0.000000,6,7,7,7,8,10,13,16,21,21,21,36696,0,6,9.160097005247168,3.0284199965535663,2104.1982940005255,6806.807335949422
1789883926,50,GET,GET /api/v1/reservas,19.500000,0.000000,6,7,7,8,9,11,13,16,21,21,21,27414,0,7,7.817291562161528,4.633864002244081,311.9985780067509,8965.0
1789883926,50,GET,GET /api/v1/reservas/{id},5.300000,0.000000,5,5,5,6,7,9,17,17,17,17,17,9213,0,5,5.649578254904113,3.0284199965535663,284.6892960005789,442.0
1789883926,50,POST,POST /api/v1/auth/login,0.000000,0.000000,0,0,0,0,0,0,0,0,0,0,0,50,0,1300.0,1369.1218887201103,628.633758999058,2104.1982940005255,1622.0
1789883926,50,POST,POST /api/v1/auth/refresh,0.000000,0.000000,0,0,0,0,0,0,0,0,0,0,0,50,0,29,31.13284232051228,20.492110001214314,55.65531500178622,1622.0
1789883926,50,,Aggregated,24.800000,0.000000,6,7,7,8,9,11,13,16,21,21,21,36727,0,6,9.158535461637456,3.0284199965535663,2104.1982940005255,6807.004547063469
1789883927,50,GET,GET /api/v1/reservas,20.200000,0.000000,6,7,8,8,10,11,13,13,21,21,21,27436,0,7,7.8176493304083845,4.633864002244081,311.9985780067509,8965.0
1789883927,50,GET,GET /api/v1/reservas/{id},4.900000,0.000000,5,5,5,5,6,9,17,17,17,17,17,9215,0,5,5.649441249639352,3.0284199965535663,284.6892960005789,442.0
1789883927,50,POST,POST /api/v1/auth/login,0.000000,0.000000,0,0,0,0,0,0,0,0,0,0,0,50,0,1300.0,1369.1218887201103,628.633758999058,2104.1982940005255,1622.0
1789883927,50,POST,POST /api/v1/auth/refresh,0.000000,0.000000,0,0,0,0,0,0,0,0,0,0,0,50,0,29,31.13284232051228,20.492110001214314,55.65531500178622,1622.0
1789883927,50,,Aggregated,25.100000,0.000000,6,7,7,8,9,11,13,16,21,21,21,36751,0,6,9.157774338019161,3.0284199965535663,2104.1982940005255,6807.949987755435
1789883928,50,GET,GET /api/v1/reservas,19.700000,0.000000,7,7,8,8,9,11,13,13,21,21,21,27455,0,7,7.81680488381341,4.633864002244081,311.9985780067509,8965.0
1789883928,50,GET,GET /api/v1/reservas/{id},4.800000,0.000000,5,5,5,6,6,9,17,17,17,17,17,9217,0,5,5.649288380647261,3.0284199965535663,284.6892960005789,442.0
1789883928,50,POST,POST /api/v1/auth/login,0.000000,0.000000,0,0,0,0,0,0,0,0,0,0,0,50,0,1300.0,1369.1218887201103,628.633758999058,2104.1982940005255,1622.0
1789883928,50,POST,POST /api/v1/auth/refresh,0.000000,0.000000,0,0,0,0,0,0,0,0,0,0,0,50,0,29,31.13284232051228,20.492110001214314,55.65531500178622,1622.0
1789883928,50,,Aggregated,24.500000,0.000000,6,7,8,8,9,11,13,16,21,21,21,36772,0,6,9.156222278950128,3.0284199965535663,2104.1982940005255,6808.718291091048
1789883929,50,GET,GET /api/v1/reservas,20.200000,0.000000,6,7,8,8,9,11,13,16,21,21,21,27479,0,7,7.814851688965646,4.633864002244081,311.9985780067509,8965.0
1789883929,50,GET,GET /api/v1/reservas/{id},5.100000,0.000000,5,5,5,6,6,9,17,17,17,17,17,9222,0,5,5.648877302258637,3.0284199965535663,284.6892960005789,442.0
1789883929,50,POST,POST /api/v1/auth/login,0.000000,0.000000,0,0,0,0,0,0,0,0,0,0,0,50,0,1300.0,1369.1218887201103,628.633758999058,2104.1982940005255,1622.0
1789883929,50,POST,POST /api/v1/auth/refresh,0.000000,0.000000,0,0,0,0,0,0,0,0,0,0,0,50,0,29,31.13284232051228,20.492110001214314,55.65531500178622,1622.0
1789883929,50,,Aggregated,25.300000,0.000000,6,7,7,8,9,10,13,16,21,21,21,36801,0,6,9.153310850100468,3.0284199965535663,2104.1982940005255,6809.259503817831
1789883930,50,GET,GET /api/v1/reservas,21.100000,0.000000,7,7,8,8,9,11,13,16,29,29,29,27499,0,7,7.815481868870698,4.633864002244081,311.9985780067509,8965.0
1789883930,50,GET,GET /api/v1/reservas/{id},4.800000,0.000000,5,5,5,6,6,9,17,17,17,17,17,9229,0,5,5.648230204187127,3.0284199965535663,284.6892960005789,442.0
1789883930,50,POST,POST /api/v1/auth/login,0.000000,0.000000,0,0,0,0,0,0,0,0,0,0,0,50,0,1300.0,1369.1218887201103,628.633758999058,2104.1982940005255,1622.0
1789883930,50,POST,POST /api/v1/auth/refresh,0.000000,0.000000,0,0,0,0,0,0,0,0,0,0,0,50,0,29,31.13284232051228,20.492110001214314,55.65531500178622,1622.0
1789883930,50,,Aggregated,25.900000,0.000000,6,7,8,8,9,10,16,17,29,29,29,36828,0,6,9.152226268560591,3.0284199965535663,2104.1982940005255,6809.219968502227
1789883931,50,GET,GET /api/v1/reservas,20.800000,0.000000,7,7,8,8,9,11,13,16,29,29,29,27515,0,7,7.814815081630593,4.633864002244081,311.9985780067509,8965.0
1789883931,50,GET,GET /api/v1/reservas/{id},4.500000,0.000000,5,5,6,6,6,8,9,9,9,9,9,9236,0,5,5.647860643832574,3.0284199965535663,284.6892960005789,442.0
1789883931,50,POST,POST /api/v1/auth/login,0.000000,0.000000,0,0,0,0,0,0,0,0,0,0,0,50,0,1300.0,1369.1218887201103,628.633758999058,2104.1982940005255,1622.0
1789883931,50,POST,POST /api/v1/auth/refresh,0.000000,0.000000,0,0,0,0,0,0,0,0,0,0,0,50,0,29,31.13284232051228,20.492110001214314,55.65531500178622,1622.0
1789883931,50,,Aggregated,25.300000,0.000000,6,7,8,8,9,10,13,13,29,29,29,36851,0,6,9.15038979755053,3.0284199965535663,2104.1982940005255,6808.946487205232
1789883932,50,GET,GET /api/v1/reservas,20.600000,0.000000,7,7,8,8,9,11,13,16,29,29,29,27534,0,7,7.8139233984190115,4.633864002244081,311.9985780067509,8965.0
1789883932,50,GET,GET /api/v1/reservas/{id},4.500000,0.000000,5,5,5,6,6,7,9,9,9,9,9,9240,0,5,5.647246585437576,3.0284199965535663,284.6892960005789,442.0
1789883932,50,POST,POST /api/v1/auth/login,0.000000,0.000000,0,0,0,0,0,0,0,0,0,0,0,50,0,1300.0,1369.1218887201103,628.633758999058,2104.1982940005255,1622.0
1789883932,50,POST,POST /api/v1/auth/refresh,0.000000,0.000000,0,0,0,0,0,0,0,0,0,0,0,50,0,29,31.13284232051228,20.492110001214314,55.65531500178622,1622.0
1789883932,50,,Aggregated,25.100000,0.000000,6,7,7,8,9,10,13,13,29,29,29,36874,0,6,9.148501975742892,3.0284199965535663,2104.1982940005255,6809.366762488475
1789883933,50,GET,GET /api/v1/reservas,20.600000,0.000000,6,7,7,8,9,10,13,16,29,29,29,27555,0,7,7.812763862422795,4.633864002244081,311.9985780067509,8965.0
1789883933,50,GET,GET /api/v1/reservas/{id},4.500000,0.000000,5,5,5,5,6,6,9,9,9,9,9,9249,0,5,5.645786731368521,3.0284199965535663,284.6892960005789,442.0
1789883933,50,POST,POST /api/v1/auth/login,0.000000,0.000000,0,0,0,0,0,0,0,0,0,0,0,50,0,1300.0,1369.1218887201103,628.633758999058,2104.1982940005255,1622.0
1789883933,50,POST,POST /api/v1/auth/refresh,0.000000,0.000000,0,0,0,0,0,0,0,0,0,0,0,50,0,29,31.13284232051228,20.492110001214314,55.65531500178622,1622.0
1789883933,50,,Aggregated,25.100000,0.000000,6,7,7,7,8,10,13,13,29,29,29,36904,0,6,9.145657008983273,3.0284199965535663,2104.1982940005255,6809.040564708433
1789883934,50,GET,GET /api/v1/reservas,20.700000,0.000000,6,7,8,8,9,11,13,16,29,29,29,27573,0,7,7.812295235051228,4.633864002244081,311.9985780067509,8965.0
1789883934,50,GET,GET /api/v1/reservas/{id},4.600000,0.000000,5,5,5,6,6,7,7,9,9,9,9,9259,0,5,5.645186350516864,3.0284199965535663,284.6892960005789,442.0
1789883934,50,POST,POST /api/v1/auth/login,0.000000,0.000000,0,0,0,0,0,0,0,0,0,0,0,50,0,1300.0,1369.1218887201103,628.633758999058,2104.1982940005255,1622.0
1789883934,50,POST,POST /api/v1/auth/refresh,0.000000,0.000000,0,0,0,0,0,0,0,0,0,0,0,50,0,29,31.13284232051228,20.492110001214314,55.65531500178622,1622.0
1789883934,50,,Aggregated,25.300000,0.000000,6,7,7,8,9,10,13,13,29,29,29,36932,0,6,9.143559338447263,3.0284199965535663,2104.1982940005255,6808.367350806889
1789883935,50,GET,GET /api/v1/reservas,20.500000,0.000000,6,7,7,8,9,10,13,16,29,29,29,27587,0,7,7.811559206476173,4.633864002244081,311.9985780067509,8965.0
1789883935,50,GET,GET /api/v1/reservas/{id},4.700000,0.000000,5,5,5,5,6,6,7,7,7,7,7,9266,0,5,5.644614702723889,3.0284199965535663,284.6892960005789,442.0
1789883935,50,POST,POST /api/v1/auth/login,0.000000,0.000000,0,0,0,0,0,0,0,0,0,0,0,50,0,1300.0,1369.1218887201103,628.633758999058,2104.1982940005255,1622.0
1789883935,50,POST,POST /api/v1/auth/refresh,0.000000,0.000000,0,0,0,0,0,0,0,0,0,0,0,50,0,29,31.13284232051228,20.492110001214314,55.65531500178622,1622.0
1789883935,50,,Aggregated,25.200000,0.000000,6,7,7,7,8,10,12,13,29,29,29,36953,0,6,9.141699461925388,3.0284199965535663,2104.1982940005255,6807.978432062349
1789883936,50,GET,GET /api/v1/reservas,20.300000,0.000000,6,7,8,8,9,10,13,16,29,29,29,27606,0,7,7.811723285736549,4.633864002244081,311.9985780067509,8965.0
1789883936,50,GET,GET /api/v1/reservas/{id},5.200000,0.000000,5,5,5,6,6,7,7,8,8,8,8,9271,0,5,5.645037658985034,3.0284199965535663,284.6892960005789,442.0
1789883936,50,POST,POST /api/v1/auth/login,0.000000,0.000000,0,0,0,0,0,0,0,0,0,0,0,50,0,1300.0,1369.1218887201103,628.633758999058,2104.1982940005255,1622.0
1789883936,50,POST,POST /api/v1/auth/refresh,0.000000,0.000000,0,0,0,0,0,0,0,0,0,0,0,50,0,29,31.13284232051228,20.492110001214314,55.65531500178622,1622.0
1789883936,50,,Aggregated,25.500000,0.000000,6,7,7,7,8,10,12,15,29,29,29,36977,0,6,9.140771661154895,3.0284199965535663,2104.1982940005255,6808.225978310842
1789883937,50,GET,GET /api/v1/reservas,19.300000,0.000000,6,7,7,7,8,9,13,16,29,29,29,27629,0,7,7.810360501865772,4.633864002244081,311.9985780067509,8965.0
1789883937,50,GET,GET /api/v1/reservas/{id},5.800000,0.000000,5,5,5,6,7,7,7,8,8,8,8,9275,0,5,5.644917914657533,3.0284199965535663,284.6892960005789,442.0
1789883937,50,POST,POST /api/v1/auth/login,0.000000,0.000000,0,0,0,0,0,0,0,0,0,0,0,50,0,1300.0,1369.1218887201103,628.633758999058,2104.1982940005255,1622.0
1789883937,50,POST,POST /api/v1/auth/refresh,0.000000,0.000000,0,0,0,0,0,0,0,0,0,0,0,50,0,29,31.13284232051228,20.492110001214314,55.65531500178622,1622.0
1789883937,50,,Aggregated,25.100000,0.000000,6,6,7,7,8,9,12,15,29,29,29,37004,0,6,9.138520173941444,3.0284199965535663,2104.1982940005255,6808.878364501135
1789883938,50,GET,GET /api/v1/reservas,20.200000,0.000000,6,7,7,7,9,10,13,16,29,29,29,27648,0,7,7.809684432873064,4.633864002244081,311.9985780067509,8965.0
1789883938,50,GET,GET /api/v1/reservas/{id},5.800000,0.000000,5,5,6,6,7,7,8,9,9,9,9,9281,0,5,5.644910166411203,3.0284199965535663,284.6892960005789,442.0
1789883938,50,POST,POST /api/v1/auth/login,0.000000,0.000000,0,0,0,0,0,0,0,0,0,0,0,50,0,1300.0,1369.1218887201103,628.633758999058,2104.1982940005255,1622.0
1789883938,50,POST,POST /api/v1/auth/refresh,0.000000,0.000000,0,0,0,0,0,0,0,0,0,0,0,50,0,29,31.13284232051228,20.492110001214314,55.65531500178622,1622.0
1789883938,50,,Aggregated,26.000000,0.000000,6,7,7,7,8,9,12,15,29,29,29,37029,0,6,9.136765859368818,3.0284199965535663,2104.1982940005255,6808.953036808987
1789883939,50,GET,GET /api/v1/reservas,19.300000,0.000000,6,7,7,8,9,10,13,16,29,29,29,27666,0,7,7.808666549232397,4.633864002244081,311.9985780067509,8965.0
1789883939,50,GET,GET /api/v1/reservas/{id},5.900000,0.000000,5,5,5,6,7,7,8,9,9,9,9,9288,0,5,5.6438574567678454,3.0284199965535663,284.6892960005789,442.0
1789883939,50,POST,POST /api/v1/auth/login,0.000000,0.000000,0,0,0,0,0,0,0,0,0,0,0,50,0,1300.0,1369.1218887201103,628.633758999058,2104.1982940005255,1622.0
1789883939,50,POST,POST /api/v1/auth/refresh,0.000000,0.000000,0,0,0,0,0,0,0,0,0,0,0,50,0,29,31.13284232051228,20.492110001214314,55.65531500178622,1622.0
1789883939,50,,Aggregated,25.200000,0.000000,6,7,7,7,8,9,12,15,29,29,29,37054,0,6,9.134437668309882,3.0284199965535663,2104.1982940005255,6808.797592702542
1789883940,50,GET,GET /api/v1/reservas,19.000000,0.000000,6,7,7,8,8,9,11,13,15,15,15,27686,0,7,7.808092192409885,4.633864002244081,311.9985780067509,8965.0
1789883940,50,GET,GET /api/v1/reservas/{id},5.900000,0.000000,5,5,5,6,7,7,8,9,9,9,9,9292,0,5,5.643436132530064,3.0284199965535663,284.6892960005789,442.0
1789883940,50,POST,POST /api/v1/auth/login,0.000000,0.000000,0,0,0,0,0,0,0,0,0,0,0,50,0,1300.0,1369.1218887201103,628.633758999058,2104.1982940005255,1622.0
1789883940,50,POST,POST /api/v1/auth/refresh,0.000000,0.000000,0,0,0,0,0,0,0,0,0,0,0,50,0,29,31.13284232051228,20.492110001214314,55.65531500178622,1622.0
1789883940,50,,Aggregated,24.900000,0.000000,6,7,7,7,8,9,11,12,15,15,15,37078,0,6,9.132811519892133,3.0284199965535663,2104.1982940005255,6809.273801175899
1789883941,50,GET,GET /api/v1/reservas,19.200000,0.000000,7,7,8,8,9,13,16,20,28,28,28,27709,0,7,7.810840073841034,4.633864002244081,311.9985780067509,8965.0
1789883941,50,GET,GET /api/v1/reservas/{id},6.100000,0.000000,5,5,5,6,7,7,8,9,9,9,9,9295,0,5,5.642934490422077,3.0284199965535663,284.6892960005789,442.0
1789883941,50,POST,POST /api/v1/auth/login,0.000000,0.000000,0,0,0,0,0,0,0,0,0,0,0,50,0,1300.0,1369.1218887201103,628.633758999058,2104.1982940005255,1622.0
1789883941,50,POST,POST /api/v1/auth/refresh,0.000000,0.000000,0,0,0,0,0,0,0,0,0,0,0,50,0,29,31.13284232051228,20.492110001214314,55.65531500178622,1622.0
1789883941,50,,Aggregated,25.300000,0.000000,6,7,7,8,9,11,16,17,28,28,28,37104,0,6,9.133634655200668,3.0284199965535663,2104.1982940005255,6810.095272746874
1789883942,50,GET,GET /api/v1/reservas,18.700000,0.000000,7,8,8,9,15,28,96,100,110,110,110,27728,0,7,7.8333720971247285,4.633864002244081,311.9985780067509,8965.0
1789883942,50,GET,GET /api/v1/reservas/{id},6.400000,0.000000,5,5,6,6,7,9,19,57,57,57,57,9297,0,5,5.649898509248206,3.0284199965535663,284.6892960005789,442.0
1789883942,50,POST,POST /api/v1/auth/login,0.000000,0.000000,0,0,0,0,0,0,0,0,0,0,0,50,0,1300.0,1369.1218887201103,628.633758999058,2104.1982940005255,1622.0
1789883942,50,POST,POST /api/v1/auth/refresh,0.000000,0.000000,0,0,0,0,0,0,0,0,0,0,0,50,0,29,31.13284232051228,20.492110001214314,55.65531500178622,1622.0
1789883942,50,,Aggregated,25.100000,0.000000,6,7,8,8,13,24,57,100,110,110,110,37125,0,6,9.151342343477069,3.0284199965535663,2104.1982940005255,6810.855057239057
1789883943,50,GET,GET /api/v1/reservas,19.000000,0.000000,7,9,11,13,28,48,110,250,290,290,290,27750,0,7,7.868892126056462,4.633864002244081,311.9985780067509,8965.0
1789883943,50,GET,GET /api/v1/reservas/{id},6.200000,0.000000,5,6,7,8,30,63,120,240,240,240,240,9304,0,5,5.699964915786051,3.0284199965535663,284.6892960005789,442.0
1789883943,50,POST,POST /api/v1/auth/login,0.000000,0.000000,0,0,0,0,0,0,0,0,0,0,0,50,0,1300.0,1369.1218887201103,628.633758999058,2104.1982940005255,1622.0
1789883943,50,POST,POST /api/v1/auth/refresh,0.000000,0.000000,0,0,0,0,0,0,0,0,0,0,0,50,0,29,31.13284232051228,20.492110001214314,55.65531500178622,1622.0
1789883943,50,,Aggregated,25.200000,0.000000,7,8,10,12,28,54,120,240,290,290,290,37154,0,6,9.188969333761408,3.0284199965535663,2104.1982940005255,6810.93066695376
1789883944,50,GET,GET /api/v1/reservas,18.700000,0.000000,7,9,12,13,27,48,110,250,290,290,290,27765,0,7,7.8698717980576225,4.633864002244081,311.9985780067509,8965.0
1789883944,50,GET,GET /api/v1/reservas/{id},5.800000,0.000000,5,7,8,9,30,63,120,240,240,240,240,9311,0,5,5.701129037103752,3.0284199965535663,284.6892960005789,442.0
1789883944,50,POST,POST /api/v1/auth/login,0.000000,0.000000,0,0,0,0,0,0,0,0,0,0,0,50,0,1300.0,1369.1218887201103,628.633758999058,2104.1982940005255,1622.0
1789883944,50,POST,POST /api/v1/auth/refresh,0.000000,0.000000,0,0,0,0,0,0,0,0,0,0,0,50,0,29,31.13284232051228,20.492110001214314,55.65531500178622,1622.0
1789883944,50,,Aggregated,24.500000,0.000000,7,9,11,13,28,54,120,240,290,290,290,37176,0,6,9.188802977447118,3.0284199965535663,2104.1982940005255,6810.600575640198
1789883945,50,GET,GET /api/v1/reservas,19.300000,0.000000,8,10,12,14,28,48,110,250,290,290,290,27782,0,7,7.870508587361678,4.633864002244081,311.9985780067509,8965.0
1789883945,50,GET,GET /api/v1/reservas/{id},5.700000,0.000000,5,7,8,9,30,63,120,240,240,240,240,9319,0,5,5.699787196208537,3.0284199965535663,284.6892960005789,442.0
1789883945,50,POST,POST /api/v1/auth/login,0.000000,0.000000,0,0,0,0,0,0,0,0,0,0,0,50,0,1300.0,1369.1218887201103,628.633758999058,2104.1982940005255,1622.0
1789883945,50,POST,POST /api/v1/auth/refresh,0.000000,0.000000,0,0,0,0,0,0,0,0,0,0,0,50,0,29,31.13284232051228,20.492110001214314,55.65531500178622,1622.0
1789883945,50,,Aggregated,25.000000,0.000000,7,9,11,13,29,57,120,240,290,290,290,37201,0,6,9.187589661772012,3.0284199965535663,2104.1982940005255,6810.215531840542
1789883946,50,GET,GET /api/v1/reservas,19.300000,0.000000,8,9,12,13,28,48,110,250,290,290,290,27802,0,7,7.87054698446388,4.633864002244081,311.9985780067509,8965.0
1789883946,50,GET,GET /api/v1/reservas/{id},5.400000,0.000000,5,7,8,9,30,63,120,240,240,240,240,9325,0,5,5.699406141926623,3.0284199965535663,284.6892960005789,442.0
1789883946,50,POST,POST /api/v1/auth/login,0.000000,0.000000,0,0,0,0,0,0,0,0,0,0,0,50,0,1300.0,1369.1218887201103,628.633758999058,2104.1982940005255,1622.0
1789883946,50,POST,POST /api/v1/auth/refresh,0.000000,0.000000,0,0,0,0,0,0,0,0,0,0,0,50,0,29,31.13284232051228,20.492110001214314,55.65531500178622,1622.0
1789883946,50,,Aggregated,24.700000,0.000000,7,9,11,13,28,54,120,240,290,290,290,37227,0,6,9.186253151947826,3.0284199965535663,2104.1982940005255,6810.346791307385
1789883947,50,GET,GET /api/v1/reservas,20.100000,0.000000,8,9,12,13,28,48,110,250,290,290,290,27820,0,7,7.869541556795978,4.633864002244081,311.9985780067509,8965.0
1789883947,50,GET,GET /api/v1/reservas/{id},5.200000,0.000000,5,6,8,9,30,63,120,240,240,240,240,9330,0,5,5.698617755569915,3.0284199965535663,284.6892960005789,442.0
1789883947,50,POST,POST /api/v1/auth/login,0.000000,0.000000,0,0,0,0,0,0,0,0,0,0,0,50,0,1300.0,1369.1218887201103,628.633758999058,2104.1982940005255,1622.0
1789883947,50,POST,POST /api/v1/auth/refresh,0.000000,0.000000,0,0,0,0,0,0,0,0,0,0,0,50,0,29,31.13284232051228,20.492110001214314,55.65531500178622,1622.0
1789883947,50,,Aggregated,25.300000,0.000000,7,9,11,13,28,54,120,240,290,290,290,37250,0,6,9.184200975075505,3.0284199965535663,2104.1982940005255,6810.533154362416
1789883948,50,GET,GET /api/v1/reservas,19.100000,0.000000,8,9,12,13,28,48,110,250,290,290,290,27842,0,7,7.868690384780647,4.633864002244081,311.9985780067509,8965.0
1789883948,50,GET,GET /api/v1/reservas/{id},5.500000,0.000000,5,6,7,8,30,63,120,240,240,240,240,9336,0,5,5.697929675929134,3.0284199965535663,284.6892960005789,442.0
1789883948,50,POST,POST /api/v1/auth/login,0.000000,0.000000,0,0,0,0,0,0,0,0,0,0,0,50,0,1300.0,1369.1218887201103,628.633758999058,2104.1982940005255,1622.0
1789883948,50,POST,POST /api/v1/auth/refresh,0.000000,0.000000,0,0,0,0,0,0,0,0,0,0,0,50,0,29,31.13284232051228,20.492110001214314,55.65531500178622,1622.0
1789883948,50,,Aggregated,24.600000,0.000000,7,9,11,13,28,54,120,240,290,290,290,37278,0,6,9.18205605718033,3.0284199965535663,2104.1982940005255,6810.779601909973
1789883949,50,GET,GET /api/v1/reservas,19.600000,0.000000,8,9,12,13,28,48,110,250,290,290,290,27866,0,7,7.866949694289099,4.633864002244081,311.9985780067509,8965.0
1789883949,50,GET,GET /api/v1/reservas/{id},5.300000,0.000000,5,6,7,8,30,63,120,240,240,240,240,9342,0,5,5.697194396431931,3.0284199965535663,284.6892960005789,442.0
1789883949,50,POST,POST /api/v1/auth/login,0.000000,0.000000,0,0,0,0,0,0,0,0,0,0,0,50,0,1300.0,1369.1218887201103,628.633758999058,2104.1982940005255,1622.0
1789883949,50,POST,POST /api/v1/auth/refresh,0.000000,0.000000,0,0,0,0,0,0,0,0,0,0,0,50,0,29,31.13284232051228,20.492110001214314,55.65531500178622,1622.0
1789883949,50,,Aggregated,24.900000,0.000000,7,9,11,13,28,54,120,240,290,290,290,37308,0,6,9.17916658048028,3.0284199965535663,2104.1982940005255,6811.141149351345
1789883950,50,GET,GET /api/v1/reservas,19.400000,0.000000,7,9,12,13,28,48,110,250,290,290,290,27883,0,7,7.866031594485811,4.633864002244081,311.9985780067509,8965.0
1789883950,50,GET,GET /api/v1/reservas/{id},5.700000,0.000000,5,6,8,8,30,63,120,240,240,240,240,9345,0,5,5.6969410870479305,3.0284199965535663,284.6892960005789,442.0
1789883950,50,POST,POST /api/v1/auth/login,0.000000,0.000000,0,0,0,0,0,0,0,0,0,0,0,50,0,1300.0,1369.1218887201103,628.633758999058,2104.1982940005255,1622.0
1789883950,50,POST,POST /api/v1/auth/refresh,0.000000,0.000000,0,0,0,0,0,0,0,0,0,0,0,50,0,29,31.13284232051228,20.492110001214314,55.65531500178622,1622.0
1789883950,50,,Aggregated,25.100000,0.000000,7,9,11,13,28,54,120,240,290,290,290,37328,0,6,9.177539915332778,3.0284199965535663,2104.1982940005255,6811.610185383626
1789883951,50,GET,GET /api/v1/reservas,19.400000,0.000000,7,9,11,12,26,48,110,250,290,290,290,27904,0,7,7.866194919331947,4.633864002244081,311.9985780067509,8965.0
1789883951,50,GET,GET /api/v1/reservas/{id},5.700000,0.000000,5,6,7,8,19,63,120,240,240,240,240,9349,0,5,5.697846040374658,3.0284199965535663,284.6892960005789,442.0
1789883951,50,POST,POST /api/v1/auth/login,0.000000,0.000000,0,0,0,0,0,0,0,0,0,0,0,50,0,1300.0,1369.1218887201103,628.633758999058,2104.1982940005255,1622.0
1789883951,50,POST,POST /api/v1/auth/refresh,0.000000,0.000000,0,0,0,0,0,0,0,0,0,0,0,50,0,29,31.13284232051228,20.492110001214314,55.65531500178622,1622.0
1789883951,50,,Aggregated,25.100000,0.000000,7,8,10,11,26,48,120,240,290,290,290,37353,0,6,9.176778363519194,3.0284199965535663,2104.1982940005255,6812.138730490188
1789883952,50,GET,GET /api/v1/reservas,19.900000,0.000000,7,7,9,9,12,15,40,44,110,110,110,27924,0,7,7.864923969525376,4.633864002244081,311.9985780067509,8965.0
1789883952,50,GET,GET /api/v1/reservas/{id},5.300000,0.000000,5,5,6,7,9,30,34,120,120,120,120,9355,0,5,5.696899129284459,3.0284199965535663,284.6892960005789,442.0
1789883952,50,POST,POST /api/v1/auth/login,0.000000,0.000000,0,0,0,0,0,0,0,0,0,0,0,50,0,1300.0,1369.1218887201103,628.633758999058,2104.1982940005255,1622.0
1789883952,50,POST,POST /api/v1/auth/refresh,0.000000,0.000000,0,0,0,0,0,0,0,0,0,0,0,50,0,29,31.13284232051228,20.492110001214314,55.65531500178622,1622.0
1789883952,50,,Aggregated,25.200000,0.000000,6,7,8,9,12,16,40,44,120,120,120,37379,0,6,9.174332240870912,3.0284199965535663,2104.1982940005255,6812.268118462238
1789883953,50,GET,GET /api/v1/reservas,19.700000,0.000000,6,7,7,8,9,11,15,25,34,34,34,27940,0,7,7.8640336348608235,4.633864002244081,311.9985780067509,8965.0
1789883953,50,GET,GET /api/v1/reservas/{id},5.200000,0.000000,5,5,5,6,7,9,9,16,16,16,16,9363,0,5,5.696030703777959,3.0284199965535663,284.6892960005789,442.0
1789883953,50,POST,POST /api/v1/auth/login,0.000000,0.000000,0,0,0,0,0,0,0,0,0,0,0,50,0,1300.0,1369.1218887201103,628.633758999058,2104.1982940005255,1622.0
1789883953,50,POST,POST /api/v1/auth/refresh,0.000000,0.000000,0,0,0,0,0,0,0,0,0,0,0,50,0,29,31.13284232051228,20.492110001214314,55.65531500178622,1622.0
1789883953,50,,Aggregated,24.900000,0.000000,6,7,7,8,9,10,15,16,34,34,34,37403,0,6,9.172145865024612,3.0284199965535663,2104.1982940005255,6811.8264845065905
1789883954,50,GET,GET /api/v1/reservas,19.500000,0.000000,6,7,7,8,9,10,13,15,16,16,16,27961,0,7,7.863349662280692,4.633864002244081,311.9985780067509,8965.0
1789883954,50,GET,GET /api/v1/reservas/{id},5.400000,0.000000,4,5,5,5,6,7,9,16,16,16,16,9369,0,5,5.695413635338025,3.0284199965535663,284.6892960005789,442.0
1789883954,50,POST,POST /api/v1/auth/login,0.000000,0.000000,0,0,0,0,0,0,0,0,0,0,0,50,0,1300.0,1369.1218887201103,628.633758999058,2104.1982940005255,1622.0
1789883954,50,POST,POST /api/v1/auth/refresh,0.000000,0.000000,0,0,0,0,0,0,0,0,0,0,0,50,0,29,31.13284232051228,20.492110001214314,55.65531500178622,1622.0
1789883954,50,,Aggregated,24.900000,0.000000,6,7,7,7,8,9,13,15,16,16,16,37430,0,6,9.170189334986468,3.0284199965535663,2104.1982940005255,6812.013438418381
1789883955,50,GET,GET /api/v1/reservas,19.500000,0.000000,6,7,7,8,9,10,13,15,16,16,16,27985,0,7,7.86235555319083,4.633864002244081,311.9985780067509,8965.0
1789883955,50,GET,GET /api/v1/reservas/{id},5.700000,0.000000,5,5,5,6,6,7,9,16,16,16,16,9377,0,5,5.694479723096655,3.0284199965535663,284.6892960005789,442.0
1789883955,50,POST,POST /api/v1/auth/login,0.000000,0.000000,0,0,0,0,0,0,0,0,0,0,0,50,0,1300.0,1369.1218887201103,628.633758999058,2104.1982940005255,1622.0
1789883955,50,POST,POST /api/v1/auth/refresh,0.000000,0.000000,0,0,0,0,0,0,0,0,0,0,0,50,0,29,31.13284232051228,20.492110001214314,55.65531500178622,1622.0
1789883955,50,,Aggregated,25.200000,0.000000,6,7,7,7,9,10,11,15,16,16,16,37462,0,6,9.167633684041265,3.0284199965535663,2104.1982940005255,6812.032432865303
1789883956,50,GET,GET /api/v1/reservas,19.200000,0.000000,6,7,7,8,9,10,11,15,16,16,16,28002,0,7,7.862441007108307,4.633864002244081,311.9985780067509,8965.0
1789883956,50,GET,GET /api/v1/reservas/{id},6.000000,0.000000,5,5,5,5,6,6,9,16,16,16,16,9381,0,5,5.694273992375029,3.0284199965535663,284.6892960005789,442.0
1789883956,50,POST,POST /api/v1/auth/login,0.000000,0.000000,0,0,0,0,0,0,0,0,0,0,0,50,0,1300.0,1369.1218887201103,628.633758999058,2104.1982940005255,1622.0
1789883956,50,POST,POST /api/v1/auth/refresh,0.000000,0.000000,0,0,0,0,0,0,0,0,0,0,0,50,0,29,31.13284232051228,20.492110001214314,55.65531500178622,1622.0
1789883956,50,,Aggregated,25.200000,0.000000,6,7,7,7,9,10,11,15,16,16,16,37483,0,6,9.166683401956837,3.0284199965535663,2104.1982940005255,6812.329109196169
1789883957,50,GET,GET /api/v1/reservas,19.100000,0.000000,7,7,8,8,10,10,13,15,16,16,16,28019,0,7,7.862985475643181,4.633864002244081,311.9985780067509,8965.0
1789883957,50,GET,GET /api/v1/reservas/{id},5.900000,0.000000,5,5,5,6,6,9,11,16,16,16,16,9389,0,5,5.694542358128165,3.0284199965535663,284.6892960005789,442.0
1789883957,50,POST,POST /api/v1/auth/login,0.000000,0.000000,0,0,0,0,0,0,0,0,0,0,0,50,0,1300.0,1369.1218887201103,628.633758999058,2104.1982940005255,1622.0
1789883957,50,POST,POST /api/v1/auth/refresh,0.000000,0.000000,0,0,0,0,0,0,0,0,0,0,0,50,0,29,31.13284232051228,20.492110001214314,55.65531500178622,1622.0
1789883957,50,,Aggregated,25.000000,0.000000,6,7,7,8,9,10,11,15,16,16,16,37508,0,6,9.16582555173677,3.0284199965535663,2104.1982940005255,6811.946064839501
1789883958,50,GET,GET /api/v1/reservas,20.000000,0.000000,7,7,8,8,9,10,11,15,16,16,16,28036,0,7,7.862184846841898,4.633864002244081,311.9985780067509,8965.0
1789883958,50,GET,GET /api/v1/reservas/{id},5.500000,0.000000,5,5,5,6,6,9,11,16,16,16,16,9395,0,5,5.6941968503938725,3.0284199965535663,284.6892960005789,442.0
1789883958,50,POST,POST /api/v1/auth/login,0.000000,0.000000,0,0,0,0,0,0,0,0,0,0,0,50,0,1300.0,1369.1218887201103,628.633758999058,2104.1982940005255,1622.0
1789883958,50,POST,POST /api/v1/auth/refresh,0.000000,0.000000,0,0,0,0,0,0,0,0,0,0,0,50,0,29,31.13284232051228,20.492110001214314,55.65531500178622,1622.0
1789883958,50,,Aggregated,25.500000,0.000000,6,7,7,8,9,10,11,15,16,16,16,37531,0,6,9.163995905452586,3.0284199965535663,2104.1982940005255,6811.9029602195515
1789883959,50,GET,GET /api/v1/reservas,20.000000,0.000000,7,7,8,8,10,10,11,15,16,16,16,28058,0,7,7.861042874120378,4.633864002244081,311.9985780067509,8965.0
1789883959,50,GET,GET /api/v1/reservas/{id},5.500000,0.000000,5,5,5,6,6,9,11,16,16,16,16,9403,0,5,5.693438042479064,3.0284199965535663,284.6892960005789,442.0
1789883959,50,POST,POST /api/v1/auth/login,0.000000,0.000000,0,0,0,0,0,0,0,0,0,0,0,50,0,1300.0,1369.1218887201103,628.633758999058,2104.1982940005255,1622.0
1789883959,50,POST,POST /api/v1/auth/refresh,0.000000,0.000000,0,0,0,0,0,0,0,0,0,0,0,50,0,29,31.13284232051228,20.492110001214314,55.65531500178622,1622.0
1789883959,50,,Aggregated,25.500000,0.000000,6,7,7,8,9,10,11,15,16,16,16,37561,0,6,9.161451383816495,3.0284199965535663,2104.1982940005255,6811.807353371849
1789883960,50,GET,GET /api/v1/reservas,20.100000,0.000000,7,7,8,8,10,11,13,16,16,16,16,28079,0,7,7.860949422845079,4.633864002244081,311.9985780067509,8965.0
1789883960,50,GET,GET /api/v1/reservas/{id},5.800000,0.000000,5,5,6,6,7,9,11,16,16,16,16,9406,0,5,5.693540350991056,3.0284199965535663,284.6892960005789,442.0
1789883960,50,POST,POST /api/v1/auth/login,0.000000,0.000000,0,0,0,0,0,0,0,0,0,0,0,50,0,1300.0,1369.1218887201103,628.633758999058,2104.1982940005255,1622.0
1789883960,50,POST,POST /api/v1/auth/refresh,0.000000,0.000000,0,0,0,0,0,0,0,0,0,0,0,50,0,29,31.13284232051228,20.492110001214314,55.65531500178622,1622.0
1789883960,50,,Aggregated,25.900000,0.000000,6,7,7,8,9,10,13,16,16,16,16,37585,0,6,9.160403776440601,3.0284199965535663,2104.1982940005255,6812.50198217374
1789883961,50,GET,GET /api/v1/reservas,19.400000,0.000000,7,8,8,9,10,11,16,16,29,29,29,28097,0,7,7.862978674487272,4.633864002244081,311.9985780067509,8965.0
1789883961,50,GET,GET /api/v1/reservas/{id},5.900000,0.000000,5,5,6,6,7,9,10,11,11,11,11,9409,0,5,5.6940925992577505,3.0284199965535663,284.6892960005789,442.0
1789883961,50,POST,POST /api/v1/auth/login,0.000000,0.000000,0,0,0,0,0,0,0,0,0,0,0,50,0,1300.0,1369.1218887201103,628.633758999058,2104.1982940005255,1622.0
1789883961,50,POST,POST /api/v1/auth/refresh,0.000000,0.000000,0,0,0,0,0,0,0,0,0,0,0,50,0,29,31.13284232051228,20.492110001214314,55.65531500178622,1622.0
1789883961,50,,Aggregated,25.300000,0.000000,6,7,8,8,10,11,15,16,29,29,29,37606,0,6,9.161159539315966,3.0284199965535663,2104.1982940005255,6813.024065308728
1789883962,50,GET,GET /api/v1/reservas,19.100000,0.000000,7,8,8,9,10,11,16,16,29,29,29,28121,0,7,7.86177608307248,4.633864002244081,311.9985780067509,8965.0
1789883962,50,GET,GET /api/v1/reservas/{id},6.200000,0.000000,5,5,6,6,7,9,10,11,11,11,11,9415,0,5,5.693737798875,3.0284199965535663,284.6892960005789,442.0
1789883962,50,POST,POST /api/v1/auth/login,0.000000,0.000000,0,0,0,0,0,0,0,0,0,0,0,50,0,1300.0,1369.1218887201103,628.633758999058,2104.1982940005255,1622.0
1789883962,50,POST,POST /api/v1/auth/refresh,0.000000,0.000000,0,0,0,0,0,0,0,0,0,0,0,50,0,29,31.13284232051228,20.492110001214314,55.65531500178622,1622.0
1789883962,50,,Aggregated,25.300000,0.000000,6,7,8,8,9,11,13,16,29,29,29,37636,0,6,9.15879166650336,3.0284199965535663,2104.1982940005255,6813.380672760123
1789883963,50,GET,GET /api/v1/reservas,19.400000,0.000000,7,8,8,9,10,11,16,16,29,29,29,28137,0,7,7.8612287038086945,4.633864002244081,311.9985780067509,8965.0
1789883963,50,GET,GET /api/v1/reservas/{id},6.100000,0.000000,5,5,6,6,6,9,10,11,11,11,11,9421,0,5,5.69324807360283,3.0284199965535663,284.6892960005789,442.0
1789883963,50,POST,POST /api/v1/auth/login,0.000000,0.000000,0,0,0,0,0,0,0,0,0,0,0,50,0,1300.0,1369.1218887201103,628.633758999058,2104.1982940005255,1622.0
1789883963,50,POST,POST /api/v1/auth/refresh,0.000000,0.000000,0,0,0,0,0,0,0,0,0,0,0,50,0,29,31.13284232051228,20.492110001214314,55.65531500178622,1622.0
1789883963,50,,Aggregated,25.500000,0.000000,7,7,8,8,10,11,15,16,29,29,29,37658,0,6,9.157157010263653,3.0284199965535663,2104.1982940005255,6813.279701524245
1789883964,50,GET,GET /api/v1/reservas,19.700000,0.000000,7,8,8,8,10,11,16,16,29,29,29,28154,0,7,7.860756069654948,4.633864002244081,311.9985780067509,8965.0
1789883964,50,GET,GET /api/v1/reservas/{id},6.100000,0.000000,5,5,6,6,6,9,10,11,11,11,11,9426,0,5,5.692719063167426,3.0284199965535663,284.6892960005789,442.0
1789883964,50,POST,POST /api/v1/auth/login,0.000000,0.000000,0,0,0,0,0,0,0,0,0,0,0,50,0,1300.0,1369.1218887201103,628.633758999058,2104.1982940005255,1622.0
1789883964,50,POST,POST /api/v1/auth/refresh,0.000000,0.000000,0,0,0,0,0,0,0,0,0,0,0,50,0,29,31.13284232051228,20.492110001214314,55.65531500178622,1622.0
1789883964,50,,Aggregated,25.800000,0.000000,7,7,8,8,9,11,15,16,29,29,29,37680,0,6,9.155627198155857,3.0284199965535663,2104.1982940005255,6813.405042462845
1789883965,50,GET,GET /api/v1/reservas,19.700000,0.000000,7,8,8,9,10,11,16,16,29,29,29,28172,0,7,7.860199592754521,4.633864002244081,311.9985780067509,8965.0
1789883965,50,GET,GET /api/v1/reservas/{id},6.000000,0.000000,5,5,6,6,6,9,10,11,11,11,11,9431,0,5,5.692091542934261,3.0284199965535663,284.6892960005789,442.0
1789883965,50,POST,POST /api/v1/auth/login,0.000000,0.000000,0,0,0,0,0,0,0,0,0,0,0,50,0,1300.0,1369.1218887201103,628.633758999058,2104.1982940005255,1622.0
1789883965,50,POST,POST /api/v1/auth/refresh,0.000000,0.000000,0,0,0,0,0,0,0,0,0,0,0,50,0,29,31.13284232051228,20.492110001214314,55.65531500178622,1622.0
1789883965,50,,Aggregated,25.700000,0.000000,7,7,8,8,9,11,15,16,29,29,29,37703,0,6,9.153976999722158,3.0284199965535663,2104.1982940005255,6813.587300745299
1789883966,50,GET,GET /api/v1/reservas,19.500000,0.000000,7,8,8,8,9,11,16,16,29,29,29,28192,0,7,7.859444496207144,4.633864002244081,311.9985780067509,8965.0
1789883966,50,GET,GET /api/v1/reservas/{id},5.700000,0.000000,5,5,6,6,6,9,10,11,11,11,11,9436,0,5,5.691574425012429,3.0284199965535663,284.6892960005789,442.0
1789883966,50,POST,POST /api/v1/auth/login,0.000000,0.000000,0,0,0,0,0,0,0,0,0,0,0,50,0,1300.0,1369.1218887201103,628.633758999058,2104.1982940005255,1622.0
1789883966,50,POST,POST /api/v1/auth/refresh,0.000000,0.000000,0,0,0,0,0,0,0,0,0,0,0,50,0,29,31.13284232051228,20.492110001214314,55.65531500178622,1622.0
1789883966,50,,Aggregated,25.200000,0.000000,6,7,8,8,9,11,15,16,29,29,29,37728,0,6,9.152138784550472,3.0284199965535663,2104.1982940005255,6813.883375742154
1789883967,50,GET,GET /api/v1/reservas,19.700000,0.000000,7,8,8,8,10,12,16,16,29,29,29,28209,0,7,7.8604051975635825,4.633864002244081,311.9985780067509,8965.0
1789883967,50,GET,GET /api/v1/reservas/{id},5.600000,0.000000,5,5,6,6,8,9,10,11,11,11,11,9443,0,5,5.692586900500721,3.0284199965535663,284.6892960005789,442.0
1789883967,50,POST,POST /api/v1/auth/login,0.000000,0.000000,0,0,0,0,0,0,0,0,0,0,0,50,0,1300.0,1369.1218887201103,628.633758999058,2104.1982940005255,1622.0
1789883967,50,POST,POST /api/v1/auth/refresh,0.000000,0.000000,0,0,0,0,0,0,0,0,0,0,0,50,0,29,31.13284232051228,20.492110001214314,55.65531500178622,1622.0
1789883967,50,,Aggregated,25.300000,0.000000,7,7,8,8,9,11,15,16,29,29,29,37752,0,6,9.151886121835414,3.0284199965535663,2104.1982940005255,6813.670560500106
1789883968,50,GET,GET /api/v1/reservas,18.900000,0.000000,7,8,8,8,10,12,16,16,29,29,29,28227,0,7,7.8596692274095314,4.633864002244081,311.9985780067509,8965.0
1789883968,50,GET,GET /api/v1/reservas/{id},5.500000,0.000000,5,5,6,6,7,8,10,11,11,11,11,9452,0,5,5.691836759673978,3.0284199965535663,284.6892960005789,442.0
1789883968,50,POST,POST /api/v1/auth/login,0.000000,0.000000,0,0,0,0,0,0,0,0,0,0,0,50,0,1300.0,1369.1218887201103,628.633758999058,2104.1982940005255,1622.0
1789883968,50,POST,POST /api/v1/auth/refresh,0.000000,0.000000,0,0,0,0,0,0,0,0,0,0,0,50,0,29,31.13284232051228,20.492110001214314,55.65531500178622,1622.0
1789883968,50,,Aggregated,24.400000,0.000000,7,7,8,8,9,11,15,16,29,29,29,37779,0,6,9.149709121113805,3.0284199965535663,2104.1982940005255,6813.177664840256
1789883969,50,GET,GET /api/v1/reservas,19.200000,0.000000,7,8,8,8,10,12,16,16,29,29,29,28248,0,7,7.859524866012251,4.633864002244081,311.9985780067509,8965.0
1789883969,50,GET,GET /api/v1/reservas/{id},5.600000,0.000000,5,5,6,6,7,8,10,11,11,11,11,9456,0,5,5.691676623987459,3.0284199965535663,284.6892960005789,442.0
1789883969,50,POST,POST /api/v1/auth/login,0.000000,0.000000,0,0,0,0,0,0,0,0,0,0,0,50,0,1300.0,1369.1218887201103,628.633758999058,2104.1982940005255,1622.0
1789883969,50,POST,POST /api/v1/auth/refresh,0.000000,0.000000,0,0,0,0,0,0,0,0,0,0,0,50,0,29,31.13284232051228,20.492110001214314,55.65531500178622,1622.0
1789883969,50,,Aggregated,24.800000,0.000000,7,8,8,8,9,11,15,16,29,29,29,37804,0,6,9.14847870922576,3.0284199965535663,2104.1982940005255,6813.698867844672
1789883970,50,GET,GET /api/v1/reservas,18.600000,0.000000,7,8,8,8,9,12,15,16,29,29,29,28263,0,7,7.85907600538255,4.633864002244081,311.9985780067509,8965.0
1789883970,50,GET,GET /api/v1/reservas/{id},5.500000,0.000000,5,5,6,6,6,8,10,11,11,11,11,9467,0,5,5.690164123844672,3.0284199965535663,284.6892960005789,442.0
1789883970,50,POST,POST /api/v1/auth/login,0.000000,0.000000,0,0,0,0,0,0,0,0,0,0,0,50,0,1300.0,1369.1218887201103,628.633758999058,2104.1982940005255,1622.0
1789883970,50,POST,POST /api/v1/auth/refresh,0.000000,0.000000,0,0,0,0,0,0,0,0,0,0,0,50,0,29,31.13284232051228,20.492110001214314,55.65531500178622,1622.0
1789883970,50,,Aggregated,24.100000,0.000000,7,7,8,8,9,11,15,16,29,29,29,37830,0,6,9.146248624176465,3.0284199965535663,2104.1982940005255,6812.699154110494
1789883971,50,GET,GET /api/v1/reservas,18.900000,0.000000,7,8,8,8,9,12,15,21,21,21,21,28281,0,7,7.860552324852034,4.633864002244081,311.9985780067509,8965.0
1789883971,50,GET,GET /api/v1/reservas/{id},5.600000,0.000000,5,5,5,6,6,7,8,11,11,11,11,9472,0,5,5.690039891199014,3.0284199965535663,284.6892960005789,442.0
1789883971,50,POST,POST /api/v1/auth/login,0.000000,0.000000,0,0,0,0,0,0,0,0,0,0,0,50,0,1300.0,1369.1218887201103,628.633758999058,2104.1982940005255,1622.0
1789883971,50,POST,POST /api/v1/auth/refresh,0.000000,0.000000,0,0,0,0,0,0,0,0,0,0,0,50,0,29,31.13284232051228,20.492110001214314,55.65531500178622,1622.0
1789883971,50,,Aggregated,24.500000,0.000000,7,7,8,8,9,11,14,16,21,21,21,37853,0,6,9.146251940417102,3.0284199965535663,2104.1982940005255,6812.88111906586
1789883972,50,GET,GET /api/v1/reservas,18.800000,0.000000,7,8,8,9,10,12,15,21,21,21,21,28304,0,7,7.860731717571382,4.633864002244081,311.9985780067509,8965.0
1789883972,50,GET,GET /api/v1/reservas/{id},5.400000,0.000000,5,5,6,6,6,7,8,11,11,11,11,9478,0,5,5.690009353073601,3.0284199965535663,284.6892960005789,442.0
1789883972,50,POST,POST /api/v1/auth/login,0.000000,0.000000,0,0,0,0,0,0,0,0,0,0,0,50,0,1300.0,1369.1218887201103,628.633758999058,2104.1982940005255,1622.0
1789883972,50,POST,POST /api/v1/auth/refresh,0.000000,0.000000,0,0,0,0,0,0,0,0,0,0,0,50,0,29,31.13284232051228,20.492110001214314,55.65531500178622,1622.0
1789883972,50,,Aggregated,24.200000,0.000000,7,8,8,8,9,11,14,16,21,21,21,37882,0,6,9.145050307127478,3.0284199965535663,2104.1982940005255,6813.178712845151
1789883973,50,GET,GET /api/v1/reservas,18.500000,0.000000,8,8,8,8,10,11,15,21,21,21,21,28322,0,7,7.8608742736791575,4.633864002244081,311.9985780067509,8965.0
1789883973,50,GET,GET /api/v1/reservas/{id},6.200000,0.000000,5,6,6,6,6,7,8,11,11,11,11,9485,0,5,5.689767657715303,3.0284199965535663,284.6892960005789,442.0
1789883973,50,POST,POST /api/v1/auth/login,0.000000,0.000000,0,0,0,0,0,0,0,0,0,0,0,50,0,1300.0,1369.1218887201103,628.633758999058,2104.1982940005255,1622.0
1789883973,50,POST,POST /api/v1/auth/refresh,0.000000,0.000000,0,0,0,0,0,0,0,0,0,0,0,50,0,29,31.13284232051228,20.492110001214314,55.65531500178622,1622.0
1789883973,50,,Aggregated,24.700000,0.000000,7,8,8,8,9,11,14,16,21,21,21,37907,0,6,9.143848470324793,3.0284199965535663,2104.1982940005255,6813.02397973989
1789883974,50,GET,GET /api/v1/reservas,18.600000,0.000000,8,8,8,9,11,12,15,21,21,21,21,28339,0,7,7.8612137355989535,4.633864002244081,311.9985780067509,8965.0
1789883974,50,GET,GET /api/v1/reservas/{id},6.100000,0.000000,5,6,6,6,7,8,11,11,11,11,11,9495,0,5,5.690596435538165,3.0284199965535663,284.6892960005789,442.0
1789883974,50,POST,POST /api/v1/auth/login,0.000000,0.000000,0,0,0,0,0,0,0,0,0,0,0,50,0,1300.0,1369.1218887201103,628.633758999058,2104.1982940005255,1622.0
1789883974,50,POST,POST /api/v1/auth/refresh,0.000000,0.000000,0,0,0,0,0,0,0,0,0,0,0,50,0,29,31.13284232051228,20.492110001214314,55.65531500178622,1622.0
1789883974,50,,Aggregated,24.700000,0.000000,7,8,8,8,10,11,15,16,21,21,21,37934,0,6,9.14282400381201,3.0284199965535663,2104.1982940005255,6812.308878578584
1789883975,50,GET,GET /api/v1/reservas,18.500000,0.000000,8,8,8,9,11,12,15,21,21,21,21,28360,0,7,7.861010713298402,4.633864002244081,311.9985780067509,8965.0
1789883975,50,GET,GET /api/v1/reservas/{id},6.300000,0.000000,5,6,6,6,7,8,11,11,11,11,11,9501,0,5,5.690418580616259,3.0284199965535663,284.6892960005789,442.0
1789883975,50,POST,POST /api/v1/auth/login,0.000000,0.000000,0,0,0,0,0,0,0,0,0,0,0,50,0,1300.0,1369.1218887201103,628.633758999058,2104.1982940005255,1622.0
1789883975,50,POST,POST /api/v1/auth/refresh,0.000000,0.000000,0,0,0,0,0,0,0,0,0,0,0,50,0,29,31.13284232051228,20.492110001214314,55.65531500178622,1622.0
1789883975,50,,Aggregated,24.800000,0.000000,7,8,8,8,10,11,14,16,21,21,21,37961,0,6,9.141373180780509,3.0284199965535663,2104.1982940005255,6812.492874265694
1789883976,50,GET,GET /api/v1/reservas,18.600000,0.000000,8,8,8,9,11,12,15,21,21,21,21,28377,0,7,7.860682978016278,4.633864002244081,311.9985780067509,8965.0
1789883976,50,GET,GET /api/v1/reservas/{id},6.600000,0.000000,5,6,6,6,7,8,11,11,11,11,11,9507,0,5,5.690001499466609,3.0284199965535663,284.6892960005789,442.0
1789883976,50,POST,POST /api/v1/auth/login,0.000000,0.000000,0,0,0,0,0,0,0,0,0,0,0,50,0,1300.0,1369.1218887201103,628.633758999058,2104.1982940005255,1622.0
1789883976,50,POST,POST /api/v1/auth/refresh,0.000000,0.000000,0,0,0,0,0,0,0,0,0,0,0,50,0,29,31.13284232051228,20.492110001214314,55.65531500178622,1622.0
1789883976,50,,Aggregated,25.200000,0.000000,7,8,8,8,10,11,15,16,21,21,21,37984,0,6,9.139905793877109,3.0284199965535663,2104.1982940005255,6812.449952611626
1789883977,50,GET,GET /api/v1/reservas,18.400000,0.000000,8,8,8,9,10,12,15,21,21,21,21,28397,0,7,7.860680303945822,4.633864002244081,311.9985780067509,8965.0
1789883977,50,GET,GET /api/v1/reservas/{id},6.900000,0.000000,5,6,6,6,7,8,10,11,11,11,11,9511,0,5,5.690375311893704,3.0284199965535663,284.6892960005789,442.0
1789883977,50,POST,POST /api/v1/auth/login,0.000000,0.000000,0,0,0,0,0,0,0,0,0,0,0,50,0,1300.0,1369.1218887201103,628.633758999058,2104.1982940005255,1622.0
1789883977,50,POST,POST /api/v1/auth/refresh,0.000000,0.000000,0,0,0,0,0,0,0,0,0,0,0,50,0,29,31.13284232051228,20.492110001214314,55.65531500178622,1622.0
1789883977,50,,Aggregated,25.300000,0.000000,7,8,8,8,10,11,13,16,21,21,21,38008,0,6,9.138961132777354,3.0284199965535663,2104.1982940005255,6812.9122026941695
1789883978,50,GET,GET /api/v1/reservas,18.900000,0.000000,8,8,8,8,11,12,16,21,23,23,23,28418,0,7,7.861500879554513,4.633864002244081,311.9985780067509,8965.0
1789883978,50,GET,GET /api/v1/reservas/{id},7.100000,0.000000,6,6,6,6,7,8,10,11,11,11,11,9521,0,5,5.690691973786128,3.0284199965535663,284.6892960005789,442.0
1789883978,50,POST,POST /api/v1/auth/login,0.000000,0.000000,0,0,0,0,0,0,0,0,0,0,0,50,0,1300.0,1369.1218887201103,628.633758999058,2104.1982940005255,1622.0
1789883978,50,POST,POST /api/v1/auth/refresh,0.000000,0.000000,0,0,0,0,0,0,0,0,0,0,0,50,0,29,31.13284232051228,20.492110001214314,55.65531500178622,1622.0
1789883978,50,,Aggregated,26.000000,0.000000,7,8,8,8,10,12,15,21,23,23,23,38039,0,6,9.138041137507006,3.0284199965535663,2104.1982940005255,6812.4254580824945
1789883979,50,GET,GET /api/v1/reservas,18.300000,0.000000,8,8,8,9,11,13,16,21,23,23,23,28436,0,7,7.8616262541560475,4.633864002244081,311.9985780067509,8965.0
1789883979,50,GET,GET /api/v1/reservas/{id},7.000000,0.000000,6,6,6,6,7,8,10,11,11,11,11,9523,0,5,5.690549324101133,3.0284199965535663,284.6892960005789,442.0
1789883979,50,POST,POST /api/v1/auth/login,0.000000,0.000000,0,0,0,0,0,0,0,0,0,0,0,50,0,1300.0,1369.1218887201103,628.633758999058,2104.1982940005255,1622.0
1789883979,50,POST,POST /api/v1/auth/refresh,0.000000,0.000000,0,0,0,0,0,0,0,0,0,0,0,50,0,29,31.13284232051228,20.492110001214314,55.65531500178622,1622.0
1789883979,50,,Aggregated,25.300000,0.000000,7,8,8,8,10,12,15,21,23,23,23,38059,0,6,9.13731422077899,3.0284199965535663,2104.1982940005255,6813.108752200531
1789883980,50,GET,GET /api/v1/reservas,18.900000,0.000000,8,8,8,9,11,13,16,21,23,23,23,28452,0,7,7.861483560670352,4.633864002244081,311.9985780067509,8965.0
1789883980,50,GET,GET /api/v1/reservas/{id},6.900000,0.000000,6,6,6,6,7,9,10,11,11,11,11,9529,0,5,5.690189234276644,3.0284199965535663,284.6892960005789,442.0
1789883980,50,POST,POST /api/v1/auth/login,0.000000,0.000000,0,0,0,0,0,0,0,0,0,0,0,50,0,1300.0,1369.1218887201103,628.633758999058,2104.1982940005255,1622.0
1789883980,50,POST,POST /api/v1/auth/refresh,0.000000,0.000000,0,0,0,0,0,0,0,0,0,0,0,50,0,29,31.13284232051228,20.492110001214314,55.65531500178622,1622.0
1789883980,50,,Aggregated,25.800000,0.000000,7,8,8,8,10,12,16,21,23,23,23,38081,0,6,9.136038445252122,3.0284199965535663,2104.1982940005255,6813.009059636039
1789883981,50,GET,GET /api/v1/reservas,19.300000,0.000000,8,8,8,8,10,11,15,16,23,23,23,28473,0,7,7.860771749348681,4.633864002244081,311.9985780067509,8965.0
1789883981,50,GET,GET /api/v1/reservas/{id},6.800000,0.000000,6,6,6,6,7,8,10,11,11,11,11,9534,0,5,5.6898799264125755,3.0284199965535663,284.6892960005789,442.0
1789883981,50,POST,POST /api/v1/auth/login,0.000000,0.000000,0,0,0,0,0,0,0,0,0,0,0,50,0,1300.0,1369.1218887201103,628.633758999058,2104.1982940005255,1622.0
1789883981,50,POST,POST /api/v1/auth/refresh,0.000000,0.000000,0,0,0,0,0,0,0,0,0,0,0,50,0,29,31.13284232051228,20.492110001214314,55.65531500178622,1622.0
1789883981,50,,Aggregated,26.100000,0.000000,7,8,8,8,9,11,14,15,23,23,23,38107,0,6,9.134274694666429,3.0284199965535663,2104.1982940005255,6813.359041645892
1789883982,50,GET,GET /api/v1/reservas,19.000000,0.000000,7,8,8,8,9,11,15,16,23,23,23,28486,0,7,7.860292885775935,4.633864002244081,311.9985780067509,8965.0
1789883982,50,GET,GET /api/v1/reservas/{id},6.600000,0.000000,6,6,6,6,7,10,12,12,12,12,12,9541,0,5,5.690835374219231,3.0284199965535663,284.6892960005789,442.0
1789883982,50,POST,POST /api/v1/auth/login,0.000000,0.000000,0,0,0,0,0,0,0,0,0,0,0,50,0,1300.0,1369.1218887201103,628.633758999058,2104.1982940005255,1622.0
1789883982,50,POST,POST /api/v1/auth/refresh,0.000000,0.000000,0,0,0,0,0,0,0,0,0,0,0,50,0,29,31.13284232051228,20.492110001214314,55.65531500178622,1622.0
1789883982,50,,Aggregated,25.600000,0.000000,7,8,8,8,9,11,14,15,23,23,23,38127,0,6,9.133089411746795,3.0284199965535663,2104.1982940005255,6812.922915519186
1789883983,50,GET,GET /api/v1/reservas,18.800000,0.000000,7,8,8,8,9,11,15,16,23,23,23,28511,0,7,7.858864697352436,4.633864002244081,311.9985780067509,8965.0
1789883983,50,GET,GET /api/v1/reservas/{id},6.000000,0.000000,5,6,6,6,8,11,12,12,12,12,12,9544,0,5,5.690529904906088,3.0284199965535663,284.6892960005789,442.0
1789883983,50,POST,POST /api/v1/auth/login,0.000000,0.000000,0,0,0,0,0,0,0,0,0,0,0,50,0,1300.0,1369.1218887201103,628.633758999058,2104.1982940005255,1622.0
1789883983,50,POST,POST /api/v1/auth/refresh,0.000000,0.000000,0,0,0,0,0,0,0,0,0,0,0,50,0,29,31.13284232051228,20.492110001214314,55.65531500178622,1622.0
1789883983,50,,Aggregated,24.800000,0.000000,7,8,8,8,9,11,14,15,23,23,23,38155,0,6,9.130841183348712,3.0284199965535663,2104.1982940005255,6813.8320796750095
1789883984,50,GET,GET /api/v1/reservas,18.500000,0.000000,7,8,8,8,9,10,14,16,23,23,23,28531,0,7,7.85868451712898,4.633864002244081,311.9985780067509,8965.0
1789883984,50,GET,GET /api/v1/reservas/{id},6.300000,0.000000,5,6,6,6,7,9,12,12,12,12,12,9551,0,5,5.689920333413135,3.0284199965535663,284.6892960005789,442.0
1789883984,50,POST,POST /api/v1/auth/login,0.000000,0.000000,0,0,0,0,0,0,0,0,0,0,0,50,0,1300.0,1369.1218887201103,628.633758999058,2104.1982940005255,1622.0
1789883984,50,POST,POST /api/v1/auth/refresh,0.000000,0.000000,0,0,0,0,0,0,0,0,0,0,0,50,0,29,31.13284232051228,20.492110001214314,55.65531500178622,1622.0
1789883984,50,,Aggregated,24.800000,0.000000,7,7,8,8,9,10,13,15,23,23,23,38182,0,6,9.129257074398065,3.0284199965535663,2104.1982940005255,6813.790712901367
1789883985,50,GET,GET /api/v1/reservas,18.400000,0.000000,7,8,8,8,9,11,16,22,23,23,23,28548,0,7,7.859638610732278,4.633864002244081,311.9985780067509,8965.0
1789883985,50,GET,GET /api/v1/reservas/{id},6.200000,0.000000,5,6,6,6,7,9,12,12,12,12,12,9552,0,5,5.689914366878837,3.0284199965535663,284.6892960005789,442.0
1789883985,50,POST,POST /api/v1/auth/login,0.000000,0.000000,0,0,0,0,0,0,0,0,0,0,0,50,0,1300.0,1369.1218887201103,628.633758999058,2104.1982940005255,1622.0
1789883985,50,POST,POST /api/v1/auth/refresh,0.000000,0.000000,0,0,0,0,0,0,0,0,0,0,0,50,0,29,31.13284232051228,20.492110001214314,55.65531500178622,1622.0
1789883985,50,,Aggregated,24.600000,0.000000,7,8,8,8,9,11,15,19,23,23,23,38200,0,6,9.129313132032536,3.0284199965535663,2104.1982940005255,6814.581256544503
1789883986,50,GET,GET /api/v1/reservas,19.200000,0.000000,7,8,8,8,9,11,16,22,23,23,23,28573,0,7,7.85916795688897,4.633864002244081,311.9985780067509,8965.0
1789883986,50,GET,GET /api/v1/reservas/{id},5.800000,0.000000,5,6,6,6,7,9,12,12,12,12,12,9558,0,5,5.689996291737338,3.0284199965535663,284.6892960005789,442.0
1789883986,50,POST,POST /api/v1/auth/login,0.000000,0.000000,0,0,0,0,0,0,0,0,0,0,0,50,0,1300.0,1369.1218887201103,628.633758999058,2104.1982940005255,1622.0
1789883986,50,POST,POST /api/v1/auth/refresh,0.000000,0.000000,0,0,0,0,0,0,0,0,0,0,0,50,0,29,31.13284232051228,20.492110001214314,55.65531500178622,1622.0
1789883986,50,,Aggregated,25.000000,0.000000,7,8,8,8,9,11,15,19,23,23,23,38231,0,6,9.127611810851015,3.0284199965535663,2104.1982940005255,6814.98734011666
1789883987,50,GET,GET /api/v1/reservas,19.000000,0.000000,7,8,8,8,9,10,13,19,22,22,22,28586,0,7,7.858909160749228,4.633864002244081,311.9985780067509,8965.0
1789883987,50,GET,GET /api/v1/reservas/{id},5.500000,0.000000,5,6,6,6,6,9,12,12,12,12,12,9563,0,5,5.68970934554228,3.0284199965535663,284.6892960005789,442.0
1789883987,50,POST,POST /api/v1/auth/login,0.000000,0.000000,0,0,0,0,0,0,0,0,0,0,0,50,0,1300.0,1369.1218887201103,628.633758999058,2104.1982940005255,1622.0
1789883987,50,POST,POST /api/v1/auth/refresh,0.000000,0.000000,0,0,0,0,0,0,0,0,0,0,0,50,0,29,31.13284232051228,20.492110001214314,55.65531500178622,1622.0
1789883987,50,,Aggregated,24.500000,0.000000,7,7,8,8,9,10,12,13,22,22,22,38249,0,6,9.126466163628576,3.0284199965535663,2104.1982940005255,6814.884990457267
1789883988,50,GET,GET /api/v1/reservas,18.800000,0.000000,7,8,8,9,10,11,13,19,22,22,22,28605,0,7,7.859622721033958,4.633864002244081,311.9985780067509,8965.0
1789883988,50,GET,GET /api/v1/reservas/{id},5.000000,0.000000,5,6,6,6,7,10,12,12,12,12,12,9572,0,5,5.689663668556473,3.0284199965535663,284.6892960005789,442.0
1789883988,50,POST,POST /api/v1/auth/login,0.000000,0.000000,0,0,0,0,0,0,0,0,0,0,0,50,0,1300.0,1369.1218887201103,628.633758999058,2104.1982940005255,1622.0
1789883988,50,POST,POST /api/v1/auth/refresh,0.000000,0.000000,0,0,0,0,0,0,0,0,0,0,0,50,0,29,31.13284232051228,20.492110001214314,55.65531500178622,1622.0
1789883988,50,,Aggregated,23.800000,0.000000,7,7,8,8,9,11,13,14,22,22,22,38277,0,6,9.125550725569665,3.0284199965535663,2104.1982940005255,6814.453823444888
1789883989,50,GET,GET /api/v1/reservas,19.500000,0.000000,7,8,8,8,10,10,13,19,22,22,22,28623,0,7,7.858995356921951,4.633864002244081,311.9985780067509,8965.0
1789883989,50,GET,GET /api/v1/reservas/{id},5.200000,0.000000,5,6,6,6,9,12,12,12,12,12,12,9582,0,5,5.69104732722025,3.0284199965535663,284.6892960005789,442.0
1789883989,50,POST,POST /api/v1/auth/login,0.000000,0.000000,0,0,0,0,0,0,0,0,0,0,0,50,0,1300.0,1369.1218887201103,628.633758999058,2104.1982940005255,1622.0
1789883989,50,POST,POST /api/v1/auth/refresh,0.000000,0.000000,0,0,0,0,0,0,0,0,0,0,0,50,0,29,31.13284232051228,20.492110001214314,55.65531500178622,1622.0
1789883989,50,,Aggregated,24.700000,0.000000,7,7,8,8,9,10,12,14,22,22,22,38305,0,6,9.12393620004262,3.0284199965535663,2104.1982940005255,6813.800783187574
1789883990,50,GET,GET /api/v1/reservas,19.200000,0.000000,7,8,8,8,10,10,13,19,22,22,22,28637,0,7,7.858409200970525,4.633864002244081,311.9985780067509,8965.0
1789883990,50,GET,GET /api/v1/reservas/{id},5.000000,0.000000,5,6,6,6,8,10,12,12,12,12,12,9591,0,5,5.6900774256519115,3.0284199965535663,284.6892960005789,442.0
1789883990,50,POST,POST /api/v1/auth/login,0.000000,0.000000,0,0,0,0,0,0,0,0,0,0,0,50,0,1300.0,1369.1218887201103,628.633758999058,2104.1982940005255,1622.0
1789883990,50,POST,POST /api/v1/auth/refresh,0.000000,0.000000,0,0,0,0,0,0,0,0,0,0,0,50,0,29,31.13284232051228,20.492110001214314,55.65531500178622,1622.0
1789883990,50,,Aggregated,24.200000,0.000000,7,7,8,8,9,10,12,14,22,22,22,38328,0,6,9.121987409456572,3.0284199965535663,2104.1982940005255,6813.090351701107
1789883991,50,GET,GET /api/v1/reservas,18.400000,0.000000,7,8,8,8,10,11,14,20,22,22,22,28658,0,7,7.858255518116549,4.633864002244081,311.9985780067509,8965.0
1789883991,50,GET,GET /api/v1/reservas/{id},5.200000,0.000000,5,6,6,6,9,12,12,12,12,12,12,9595,0,5,5.689706864766534,3.0284199965535663,284.6892960005789,442.0
1789883991,50,POST,POST /api/v1/auth/login,0.000000,0.000000,0,0,0,0,0,0,0,0,0,0,0,50,0,1300.0,1369.1218887201103,628.633758999058,2104.1982940005255,1622.0
1789883991,50,POST,POST /api/v1/auth/refresh,0.000000,0.000000,0,0,0,0,0,0,0,0,0,0,0,50,0,29,31.13284232051228,20.492110001214314,55.65531500178622,1622.0
1789883991,50,,Aggregated,23.600000,0.000000,7,7,8,8,10,11,13,19,22,22,22,38353,0,6,9.120730074769904,3.0284199965535663,2104.1982940005255,6813.604150913879
1789883992,50,GET,GET /api/v1/reservas,18.400000,0.000000,7,8,8,9,10,11,14,20,22,22,22,28682,0,7,7.858934897118874,4.633864002244081,311.9985780067509,8965.0
1789883992,50,GET,GET /api/v1/reservas/{id},6.000000,0.000000,5,6,6,6,8,10,11,12,12,12,12,9599,0,5,5.690287826381801,3.0284199965535663,284.6892960005789,442.0
1789883992,50,POST,POST /api/v1/auth/login,0.000000,0.000000,0,0,0,0,0,0,0,0,0,0,0,50,0,1300.0,1369.1218887201103,628.633758999058,2104.1982940005255,1622.0
1789883992,50,POST,POST /api/v1/auth/refresh,0.000000,0.000000,0,0,0,0,0,0,0,0,0,0,0,50,0,29,31.13284232051228,20.492110001214314,55.65531500178622,1622.0
1789883992,50,,Aggregated,24.400000,0.000000,7,8,8,8,10,11,13,19,22,22,22,38381,0,6,9.120236057336536,3.0284199965535663,2104.1982940005255,6814.285401631016
1789883993,50,GET,GET /api/v1/reservas,18.700000,0.000000,7,8,8,9,10,12,14,20,22,22,22,28695,0,7,7.858890647122152,4.633864002244081,311.9985780067509,8965.0
1789883993,50,GET,GET /api/v1/reservas/{id},6.400000,0.000000,5,6,6,6,8,10,11,12,12,12,12,9606,0,5,5.690351865858561,3.0284199965535663,284.6892960005789,442.0
1789883993,50,POST,POST /api/v1/auth/login,0.000000,0.000000,0,0,0,0,0,0,0,0,0,0,0,50,0,1300.0,1369.1218887201103,628.633758999058,2104.1982940005255,1622.0
1789883993,50,POST,POST /api/v1/auth/refresh,0.000000,0.000000,0,0,0,0,0,0,0,0,0,0,0,50,0,29,31.13284232051228,20.492110001214314,55.65531500178622,1622.0
1789883993,50,,Aggregated,25.100000,0.000000,7,8,8,8,10,11,13,19,22,22,22,38401,0,6,9.119166784579532,3.0284199965535663,2104.1982940005255,6813.85190489831
1789883994,50,GET,GET /api/v1/reservas,18.400000,0.000000,7,8,8,9,10,11,14,20,22,22,22,28718,0,7,7.858587242570887,4.633864002244081,311.9985780067509,8965.0
1789883994,50,GET,GET /api/v1/reservas/{id},6.000000,0.000000,5,6,6,6,8,10,11,12,12,12,12,9613,0,5,5.690266412507106,3.0284199965535663,284.6892960005789,442.0
1789883994,50,POST,POST /api/v1/auth/login,0.000000,0.000000,0,0,0,0,0,0,0,0,0,0,0,50,0,1300.0,1369.1218887201103,628.633758999058,2104.1982940005255,1622.0
1789883994,50,POST,POST /api/v1/auth/refresh,0.000000,0.000000,0,0,0,0,0,0,0,0,0,0,0,50,0,29,31.13284232051228,20.492110001214314,55.65531500178622,1622.0
1789883994,50,,Aggregated,24.400000,0.000000,7,8,8,8,10,11,13,19,22,22,22,38431,0,6,9.117539902880816,3.0284199965535663,2104.1982940005255,6813.978715099789
1789883995,50,GET,GET /api/v1/reservas,19.100000,0.000000,7,8,8,8,10,11,12,14,20,20,20,28732,0,7,7.858060841818993,4.633864002244081,311.9985780067509,8965.0
1789883995,50,GET,GET /api/v1/reservas/{id},5.900000,0.000000,5,6,6,6,8,10,11,12,12,12,12,9619,0,5,5.689673115025463,3.0284199965535663,284.6892960005789,442.0
1789883995,50,POST,POST /api/v1/auth/login,0.000000,0.000000,0,0,0,0,0,0,0,0,0,0,0,50,0,1300.0,1369.1218887201103,628.633758999058,2104.1982940005255,1622.0
1789883995,50,POST,POST /api/v1/auth/refresh,0.000000,0.000000,0,0,0,0,0,0,0,0,0,0,0,50,0,29,31.13284232051228,20.492110001214314,55.65531500178622,1622.0
1789883995,50,,Aggregated,25.000000,0.000000,7,8,8,8,10,10,12,13,20,20,20,38451,0,6,9.116004950524157,3.0284199965535663,2104.1982940005255,6813.767600322489
1789883996,50,GET,GET /api/v1/reservas,17.800000,0.000000,7,8,8,9,10,11,12,14,20,20,20,28753,0,7,7.857617266585811,4.633864002244081,311.9985780067509,8965.0
1789883996,50,GET,GET /api/v1/reservas/{id},6.000000,0.000000,5,6,6,6,8,10,11,12,12,12,12,9625,0,5,5.689058331161883,3.0284199965535663,284.6892960005789,442.0
1789883996,50,POST,POST /api/v1/auth/login,0.000000,0.000000,0,0,0,0,0,0,0,0,0,0,0,50,0,1300.0,1369.1218887201103,628.633758999058,2104.1982940005255,1622.0
1789883996,50,POST,POST /api/v1/auth/refresh,0.000000,0.000000,0,0,0,0,0,0,0,0,0,0,0,50,0,29,31.13284232051228,20.492110001214314,55.65531500178622,1622.0
1789883996,50,,Aggregated,23.800000,0.000000,7,8,8,8,10,11,12,13,20,20,20,38478,0,6,9.114298878725663,3.0284199965535663,2104.1982940005255,6813.948100213109
1789883997,50,GET,GET /api/v1/reservas,18.800000,0.000000,7,8,8,8,9,11,12,13,20,20,20,28773,0,7,7.856601297193313,4.633864002244081,311.9985780067509,8965.0
1789883997,50,GET,GET /api/v1/reservas/{id},6.400000,0.000000,5,6,6,6,7,9,11,12,12,12,12,9632,0,5,5.688248336215425,3.0284199965535663,284.6892960005789,442.0
1789883997,50,POST,POST /api/v1/auth/login,0.000000,0.000000,0,0,0,0,0,0,0,0,0,0,0,50,0,1300.0,1369.1218887201103,628.633758999058,2104.1982940005255,1622.0
1789883997,50,POST,POST /api/v1/auth/refresh,0.000000,0.000000,0,0,0,0,0,0,0,0,0,0,0,50,0,29,31.13284232051228,20.492110001214314,55.65531500178622,1622.0
1789883997,50,,Aggregated,25.200000,0.000000,7,7,8,8,9,10,12,12,20,20,20,38505,0,6,9.112061645256494,3.0284199965535663,2104.1982940005255,6813.9069990910275
1789883998,50,GET,GET /api/v1/reservas,18.300000,0.000000,7,8,8,8,9,10,12,14,20,20,20,28792,0,7,7.8568160825630695,4.633864002244081,311.9985780067509,8965.0
1789883998,50,GET,GET /api/v1/reservas/{id},6.600000,0.000000,5,6,6,6,7,9,11,12,12,12,12,9638,0,5,5.6885241508012765,3.0284199965535663,284.6892960005789,442.0
1789883998,50,POST,POST /api/v1/auth/login,0.000000,0.000000,0,0,0,0,0,0,0,0,0,0,0,50,0,1300.0,1369.1218887201103,628.633758999058,2104.1982940005255,1622.0
1789883998,50,POST,POST /api/v1/auth/refresh,0.000000,0.000000,0,0,0,0,0,0,0,0,0,0,0,50,0,29,31.13284232051228,20.492110001214314,55.65531500178622,1622.0
1789883998,50,,Aggregated,24.900000,0.000000,7,7,8,8,9,10,12,13,20,20,20,38530,0,6,9.11113887792914,3.0284199965535663,2104.1982940005255,6813.975499610693
1789883999,50,GET,GET /api/v1/reservas,18.100000,0.000000,7,8,8,8,9,10,12,14,20,20,20,28819,0,7,7.855639857461335,4.633864002244081,311.9985780067509,8965.0
1789883999,50,GET,GET /api/v1/reservas/{id},6.700000,0.000000,5,6,6,6,6,7,9,11,11,11,11,9641,0,5,5.688202628713264,3.0284199965535663,284.6892960005789,442.0
1789883999,50,POST,POST /api/v1/auth/login,0.000000,0.000000,0,0,0,0,0,0,0,0,0,0,0,50,0,1300.0,1369.1218887201103,628.633758999058,2104.1982940005255,1622.0
1789883999,50,POST,POST /api/v1/auth/refresh,0.000000,0.000000,0,0,0,0,0,0,0,0,0,0,0,50,0,29,31.13284232051228,20.492110001214314,55.65531500178622,1622.0
1789883999,50,,Aggregated,24.800000,0.000000,7,7,8,8,9,10,11,13,20,20,20,38560,0,6,9.109034832666856,3.0284199965535663,2104.1982940005255,6814.985918049792
1789884000,50,GET,GET /api/v1/reservas,18.500000,0.000000,7,8,8,8,9,10,12,14,20,20,20,28834,0,7,7.855434332218112,4.633864002244081,311.9985780067509,8965.0
1789884000,50,GET,GET /api/v1/reservas/{id},6.800000,0.000000,5,6,6,6,6,7,9,11,11,11,11,9645,0,5,5.6880247196910245,3.0284199965535663,284.6892960005789,442.0
1789884000,50,POST,POST /api/v1/auth/login,0.000000,0.000000,0,0,0,0,0,0,0,0,0,0,0,50,0,1300.0,1369.1218887201103,628.633758999058,2104.1982940005255,1622.0
1789884000,50,POST,POST /api/v1/auth/refresh,0.000000,0.000000,0,0,0,0,0,0,0,0,0,0,0,50,0,29,31.13284232051228,20.492110001214314,55.65531500178622,1622.0
1789884000,50,,Aggregated,25.300000,0.000000,7,7,8,8,9,10,12,13,20,20,20,38579,0,6,9.107994725333164,3.0284199965535663,2104.1982940005255,6815.161098006688
1789884001,50,GET,GET /api/v1/reservas,18.600000,0.000000,7,8,8,8,9,11,12,14,17,17,17,28850,0,7,7.855276123091102,4.633864002244081,311.9985780067509,8965.0
1789884001,50,GET,GET /api/v1/reservas/{id},6.600000,0.000000,5,6,6,6,7,9,11,12,12,12,12,9654,0,5,5.687388282619986,3.0284199965535663,284.6892960005789,442.0
1789884001,50,POST,POST /api/v1/auth/login,0.000000,0.000000,0,0,0,0,0,0,0,0,0,0,0,50,0,1300.0,1369.1218887201103,628.633758999058,2104.1982940005255,1622.0
1789884001,50,POST,POST /api/v1/auth/refresh,0.000000,0.000000,0,0,0,0,0,0,0,0,0,0,0,50,0,29,31.13284232051228,20.492110001214314,55.65531500178622,1622.0
1789884001,50,,Aggregated,25.200000,0.000000,7,7,8,8,9,10,12,13,17,17,17,38604,0,6,9.10640086995189,3.0284199965535663,2104.1982940005255,6814.566314371567
1789884002,50,GET,GET /api/v1/reservas,19.700000,0.000000,7,7,8,8,9,10,12,14,17,17,17,28874,0,7,7.854676534708696,4.633864002244081,311.9985780067509,8965.0
1789884002,50,GET,GET /api/v1/reservas/{id},5.800000,0.000000,5,6,6,6,6,7,9,12,12,12,12,9659,0,5,5.687102668227506,3.0284199965535663,284.6892960005789,442.0
1789884002,50,POST,POST /api/v1/auth/login,0.000000,0.000000,0,0,0,0,0,0,0,0,0,0,0,50,0,1300.0,1369.1218887201103,628.633758999058,2104.1982940005255,1622.0
1789884002,50,POST,POST /api/v1/auth/refresh,0.000000,0.000000,0,0,0,0,0,0,0,0,0,0,0,50,0,29,31.13284232051228,20.492110001214314,55.65531500178622,1622.0
1789884002,50,,Aggregated,25.500000,0.000000,7,7,7,8,9,10,12,12,17,17,17,38633,0,6,9.104661597277444,3.0284199965535663,2104.1982940005255,6815.077472627028
1789884003,50,GET,GET /api/v1/reservas,19.400000,0.000000,7,7,8,8,9,10,12,14,17,17,17,28893,0,7,7.853609006132742,4.633864002244081,311.9985780067509,8965.0
1789884003,50,GET,GET /api/v1/reservas/{id},5.300000,0.000000,5,5,6,6,6,7,9,12,12,12,12,9664,0,5,5.686436121627082,3.0284199965535663,284.6892960005789,442.0
1789884003,50,POST,POST /api/v1/auth/login,0.000000,0.000000,0,0,0,0,0,0,0,0,0,0,0,50,0,1300.0,1369.1218887201103,628.633758999058,2104.1982940005255,1622.0
1789884003,50,POST,POST /api/v1/auth/refresh,0.000000,0.000000,0,0,0,0,0,0,0,0,0,0,0,50,0,29,31.13284232051228,20.492110001214314,55.65531500178622,1622.0
1789884003,50,,Aggregated,24.700000,0.000000,6,7,7,8,9,10,11,12,17,17,17,38657,0,6,9.102640666519093,3.0284199965535663,2104.1982940005255,6815.309853325401
1789884004,50,GET,GET /api/v1/reservas,19.300000,0.000000,7,7,7,8,8,10,12,14,17,17,17,28915,0,7,7.8525244262551475,4.633864002244081,311.9985780067509,8965.0
1789884004,50,GET,GET /api/v1/reservas/{id},6.000000,0.000000,5,5,6,6,6,7,7,12,12,12,12,9667,0,5,5.686078261654384,3.0284199965535663,284.6892960005789,442.0
1789884004,50,POST,POST /api/v1/auth/login,0.000000,0.000000,0,0,0,0,0,0,0,0,0,0,0,50,0,1300.0,1369.1218887201103,628.633758999058,2104.1982940005255,1622.0
1789884004,50,POST,POST /api/v1/auth/refresh,0.000000,0.000000,0,0,0,0,0,0,0,0,0,0,0,50,0,29,31.13284232051228,20.492110001214314,55.65531500178622,1622.0
1789884004,50,,Aggregated,25.300000,0.000000,6,7,7,7,8,9,12,12,17,17,17,38682,0,6,9.100765185166528,3.0284199965535663,2104.1982940005255,6816.038183134275
1789884005,50,GET,GET /api/v1/reservas,19.100000,0.000000,7,7,7,8,8,10,12,14,17,17,17,28934,0,7,7.851987134105138,4.633864002244081,311.9985780067509,8965.0
1789884005,50,GET,GET /api/v1/reservas/{id},5.900000,0.000000,5,5,6,6,6,7,7,12,12,12,12,9675,0,5,5.685788100094713,3.0284199965535663,284.6892960005789,442.0
1789884005,50,POST,POST /api/v1/auth/login,0.000000,0.000000,0,0,0,0,0,0,0,0,0,0,0,50,0,1300.0,1369.1218887201103,628.633758999058,2104.1982940005255,1622.0
1789884005,50,POST,POST /api/v1/auth/refresh,0.000000,0.000000,0,0,0,0,0,0,0,0,0,0,0,50,0,29,31.13284232051228,20.492110001214314,55.65531500178622,1622.0
1789884005,50,,Aggregated,25.000000,0.000000,6,7,7,7,8,10,11,12,17,17,17,38709,0,6,9.09897264611965,3.0284199965535663,2104.1982940005255,6815.775659407373
1789884006,50,GET,GET /api/v1/reservas,20.100000,0.000000,7,7,7,8,8,10,11,14,17,17,17,28951,0,7,7.851296611177478,4.633864002244081,311.9985780067509,8965.0
1789884006,50,GET,GET /api/v1/reservas/{id},5.800000,0.000000,5,5,6,6,6,7,8,12,12,12,12,9680,0,5,5.68559811905093,3.0284199965535663,284.6892960005789,442.0
1789884006,50,POST,POST /api/v1/auth/login,0.000000,0.000000,0,0,0,0,0,0,0,0,0,0,0,50,0,1300.0,1369.1218887201103,628.633758999058,2104.1982940005255,1622.0
1789884006,50,POST,POST /api/v1/auth/refresh,0.000000,0.000000,0,0,0,0,0,0,0,0,0,0,0,50,0,29,31.13284232051228,20.492110001214314,55.65531500178622,1622.0
1789884006,50,,Aggregated,25.900000,0.000000,6,7,7,7,8,10,11,12,17,17,17,38731,0,6,9.097421046052084,3.0284199965535663,2104.1982940005255,6815.896181353438
1789884007,50,GET,GET /api/v1/reservas,19.600000,0.000000,7,7,7,8,8,10,11,14,17,17,17,28972,0,7,7.85021887823432,4.633864002244081,311.9985780067509,8965.0
1789884007,50,GET,GET /api/v1/reservas/{id},5.300000,0.000000,5,5,6,6,6,7,8,12,12,12,12,9685,0,5,5.685097935921774,3.0284199965535663,284.6892960005789,442.0
1789884007,50,POST,POST /api/v1/auth/login,0.000000,0.000000,0,0,0,0,0,0,0,0,0,0,0,50,0,1300.0,1369.1218887201103,628.633758999058,2104.1982940005255,1622.0
1789884007,50,POST,POST /api/v1/auth/refresh,0.000000,0.000000,0,0,0,0,0,0,0,0,0,0,0,50,0,29,31.13284232051228,20.492110001214314,55.65531500178622,1622.0
1789884007,50,,Aggregated,24.900000,0.000000,6,7,7,7,8,10,11,12,17,17,17,38757,0,6,9.09537506519179,3.0284199965535663,2104.1982940005255,6816.238356941972
1789884008,50,GET,GET /api/v1/reservas,20.100000,0.000000,7,7,7,7,8,10,12,16,17,17,17,28992,0,7,7.850230978760166,4.633864002244081,311.9985780067509,8965.0
1789884008,50,GET,GET /api/v1/reservas/{id},5.600000,0.000000,5,5,5,5,6,7,8,12,12,12,12,9690,0,5,5.684842108091689,3.0284199965535663,284.6892960005789,442.0
1789884008,50,POST,POST /api/v1/auth/login,0.000000,0.000000,0,0,0,0,0,0,0,0,0,0,0,50,0,1300.0,1369.1218887201103,628.633758999058,2104.1982940005255,1622.0
1789884008,50,POST,POST /api/v1/auth/refresh,0.000000,0.000000,0,0,0,0,0,0,0,0,0,0,0,50,0,29,31.13284232051228,20.492110001214314,55.65531500178622,1622.0
1789884008,50,,Aggregated,25.700000,0.000000,6,7,7,7,8,10,12,12,17,17,17,38782,0,6,9.094238386768458,3.0284199965535663,2104.1982940005255,6816.524676396266
1789884009,50,GET,GET /api/v1/reservas,19.500000,0.000000,7,7,7,7,9,11,16,16,17,17,17,29009,0,7,7.8501869982141725,4.633864002244081,311.9985780067509,8965.0
1789884009,50,GET,GET /api/v1/reservas/{id},5.400000,0.000000,5,5,5,5,6,7,8,12,12,12,12,9698,0,5,5.683900728232067,3.0284199965535663,284.6892960005789,442.0
1789884009,50,POST,POST /api/v1/auth/login,0.000000,0.000000,0,0,0,0,0,0,0,0,0,0,0,50,0,1300.0,1369.1218887201103,628.633758999058,2104.1982940005255,1622.0
1789884009,50,POST,POST /api/v1/auth/refresh,0.000000,0.000000,0,0,0,0,0,0,0,0,0,0,0,50,0,29,31.13284232051228,20.492110001214314,55.65531500178622,1622.0
1789884009,50,,Aggregated,24.900000,0.000000,6,7,7,7,8,10,12,16,17,17,17,38807,0,6,9.09272245846421,3.0284199965535663,2104.1982940005255,6816.151750972763
1789884010,50,GET,GET /api/v1/reservas,19.500000,0.000000,7,7,7,8,9,11,16,16,17,17,17,29030,0,7,7.849926570210049,4.633864002244081,311.9985780067509,8965.0
1789884010,50,GET,GET /api/v1/reservas/{id},5.400000,0.000000,5,5,5,5,7,8,12,12,12,12,12,9704,0,5,5.684358455626424,3.0284199965535663,284.6892960005789,442.0
1789884010,50,POST,POST /api/v1/auth/login,0.000000,0.000000,0,0,0,0,0,0,0,0,0,0,0,50,0,1300.0,1369.1218887201103,628.633758999058,2104.1982940005255,1622.0
1789884010,50,POST,POST /api/v1/auth/refresh,0.000000,0.000000,0,0,0,0,0,0,0,0,0,0,0,50,0,29,31.13284232051228,20.492110001214314,55.65531500178622,1622.0
1789884010,50,,Aggregated,24.900000,0.000000,6,7,7,7,9,11,12,16,17,17,17,38834,0,6,9.091443563336965,3.0284199965535663,2104.1982940005255,6816.328938558995
1789884011,50,GET,GET /api/v1/reservas,20.300000,0.000000,7,7,7,7,9,11,16,16,16,16,16,29046,0,7,7.849598551097844,4.633864002244081,311.9985780067509,8965.0
1789884011,50,GET,GET /api/v1/reservas/{id},5.300000,0.000000,5,5,5,5,6,7,8,12,12,12,12,9714,0,5,5.683048782933037,3.0284199965535663,284.6892960005789,442.0
1789884011,50,POST,POST /api/v1/auth/login,0.000000,0.000000,0,0,0,0,0,0,0,0,0,0,0,50,0,1300.0,1369.1218887201103,628.633758999058,2104.1982940005255,1622.0
1789884011,50,POST,POST /api/v1/auth/refresh,0.000000,0.000000,0,0,0,0,0,0,0,0,0,0,0,50,0,29,31.13284232051228,20.492110001214314,55.65531500178622,1622.0
1789884011,50,,Aggregated,25.600000,0.000000,6,7,7,7,8,10,12,16,16,16,16,38860,0,6,9.08948306599667,3.0284199965535663,2104.1982940005255,6815.5732887287695
1789884012,50,GET,GET /api/v1/reservas,19.100000,0.000000,7,7,7,7,9,11,16,16,16,16,16,29066,0,7,7.8489188868500035,4.633864002244081,311.9985780067509,8965.0
1789884012,50,GET,GET /api/v1/reservas/{id},5.800000,0.000000,5,5,5,5,6,7,8,12,12,12,12,9722,0,5,5.6820552414535035,3.0284199965535663,284.6892960005789,442.0
1789884012,50,POST,POST /api/v1/auth/login,0.000000,0.000000,0,0,0,0,0,0,0,0,0,0,0,50,0,1300.0,1369.1218887201103,628.633758999058,2104.1982940005255,1622.0
1789884012,50,POST,POST /api/v1/auth/refresh,0.000000,0.000000,0,0,0,0,0,0,0,0,0,0,0,50,0,29,31.13284232051228,20.492110001214314,55.65531500178622,1622.0
1789884012,50,,Aggregated,24.900000,0.000000,6,7,7,7,8,10,12,16,16,16,16,38888,0,6,9.087388242507311,3.0284199965535663,2104.1982940005255,6815.367568401563
1789884013,50,GET,GET /api/v1/reservas,19.800000,0.000000,7,7,7,8,9,11,16,16,16,16,16,29086,0,7,7.848225536827505,4.633864002244081,311.9985780067509,8965.0
1789884013,50,GET,GET /api/v1/reservas/{id},5.800000,0.000000,5,5,5,5,6,7,8,12,12,12,12,9725,0,5,5.681612349966281,3.0284199965535663,284.6892960005789,442.0
1789884013,50,POST,POST /api/v1/auth/login,0.000000,0.000000,0,0,0,0,0,0,0,0,0,0,0,50,0,1300.0,1369.1218887201103,628.633758999058,2104.1982940005255,1622.0
1789884013,50,POST,POST /api/v1/auth/refresh,0.000000,0.000000,0,0,0,0,0,0,0,0,0,0,0,50,0,29,31.13284232051228,20.492110001214314,55.65531500178622,1622.0
1789884013,50,,Aggregated,25.600000,0.000000,6,7,7,7,8,10,12,16,16,16,16,38911,0,6,9.085860158300173,3.0284199965535663,2104.1982940005255,6815.98108504022
1789884014,50,GET,GET /api/v1/reservas,19.800000,0.000000,7,7,7,8,9,11,16,16,16,16,16,29104,0,7,7.84724228838536,4.633864002244081,311.9985780067509,8965.0
1789884014,50,GET,GET /api/v1/reservas/{id},5.900000,0.000000,5,5,5,5,6,7,8,12,12,12,12,9732,0,5,5.680920627046724,3.0284199965535663,284.6892960005789,442.0
1789884014,50,POST,POST /api/v1/auth/login,0.000000,0.000000,0,0,0,0,0,0,0,0,0,0,0,50,0,1300.0,1369.1218887201103,628.633758999058,2104.1982940005255,1622.0
1789884014,50,POST,POST /api/v1/auth/refresh,0.000000,0.000000,0,0,0,0,0,0,0,0,0,0,0,50,0,29,31.13284232051228,20.492110001214314,55.65531500178622,1622.0
1789884014,50,,Aggregated,25.700000,0.000000,6,7,7,7,8,10,12,16,16,16,16,38936,0,6,9.083768123474865,3.0284199965535663,2104.1982940005255,6815.828641873844
1789884015,50,GET,GET /api/v1/reservas,19.600000,0.000000,7,7,7,8,9,11,16,16,28,28,28,29125,0,7,7.847458097275572,4.633864002244081,311.9985780067509,8965.0
1789884015,50,GET,GET /api/v1/reservas/{id},6.300000,0.000000,5,5,5,5,6,7,8,12,12,12,12,9737,0,5,5.680735850819184,3.0284199965535663,284.6892960005789,442.0
1789884015,50,POST,POST /api/v1/auth/login,0.000000,0.000000,0,0,0,0,0,0,0,0,0,0,0,50,0,1300.0,1369.1218887201103,628.633758999058,2104.1982940005255,1622.0
1789884015,50,POST,POST /api/v1/auth/refresh,0.000000,0.000000,0,0,0,0,0,0,0,0,0,0,0,50,0,29,31.13284232051228,20.492110001214314,55.65531500178622,1622.0
1789884015,50,,Aggregated,25.900000,0.000000,6,7,7,7,8,10,16,16,28,28,28,38962,0,6,9.082780109198927,3.0284199965535663,2104.1982940005255,6816.169062163133
1789884016,50,GET,GET /api/v1/reservas,19.400000,0.000000,7,7,8,8,9,12,16,16,28,28,28,29142,0,7,7.84757461897434,4.633864002244081,311.9985780067509,8965.0
1789884016,50,GET,GET /api/v1/reservas/{id},6.200000,0.000000,5,5,5,5,6,7,7,12,12,12,12,9743,0,5,5.680537337516217,3.0284199965535663,284.6892960005789,442.0
1789884016,50,POST,POST /api/v1/auth/login,0.000000,0.000000,0,0,0,0,0,0,0,0,0,0,0,50,0,1300.0,1369.1218887201103,628.633758999058,2104.1982940005255,1622.0
1789884016,50,POST,POST /api/v1/auth/refresh,0.000000,0.000000,0,0,0,0,0,0,0,0,0,0,0,50,0,29,31.13284232051228,20.492110001214314,55.65531500178622,1622.0
1789884016,50,,Aggregated,25.600000,0.000000,6,7,7,7,9,10,12,16,28,28,28,38985,0,6,9.08175532583306,3.0284199965535663,2104.1982940005255,6816.125073746312
1789884017,50,GET,GET /api/v1/reservas,18.500000,0.000000,7,7,8,8,9,12,16,16,28,28,28,29160,0,7,7.846736756452138,4.633864002244081,311.9985780067509,8965.0
1789884017,50,GET,GET /api/v1/reservas/{id},6.400000,0.000000,5,5,5,5,6,7,7,12,12,12,12,9750,0,5,5.679798196452723,3.0284199965535663,284.6892960005789,442.0
1789884017,50,POST,POST /api/v1/auth/login,0.000000,0.000000,0,0,0,0,0,0,0,0,0,0,0,50,0,1300.0,1369.1218887201103,628.633758999058,2104.1982940005255,1622.0
1789884017,50,POST,POST /api/v1/auth/refresh,0.000000,0.000000,0,0,0,0,0,0,0,0,0,0,0,50,0,29,31.13284232051228,20.492110001214314,55.65531500178622,1622.0
1789884017,50,,Aggregated,24.900000,0.000000,6,7,7,8,9,10,12,16,28,28,28,39010,0,6,9.07976449078671,3.0284199965535663,2104.1982940005255,6815.972827480134
1789884018,50,GET,GET /api/v1/reservas,18.800000,0.000000,7,7,7,8,9,10,12,16,28,28,28,29178,0,7,7.8462562961182565,4.633864002244081,311.9985780067509,8965.0
1789884018,50,GET,GET /api/v1/reservas/{id},6.500000,0.000000,5,5,5,5,6,7,12,13,13,13,13,9756,0,5,5.680045220419125,3.0284199965535663,284.6892960005789,442.0
1789884018,50,POST,POST /api/v1/auth/login,0.000000,0.000000,0,0,0,0,0,0,0,0,0,0,0,50,0,1300.0,1369.1218887201103,628.633758999058,2104.1982940005255,1622.0
1789884018,50,POST,POST /api/v1/auth/refresh,0.000000,0.000000,0,0,0,0,0,0,0,0,0,0,0,50,0,29,31.13284232051228,20.492110001214314,55.65531500178622,1622.0
1789884018,50,,Aggregated,25.300000,0.000000,6,7,7,7,8,10,12,13,28,28,28,39034,0,6,9.078375875661695,3.0284199965535663,2104.1982940005255,6815.9840651739505
1789884019,50,GET,GET /api/v1/reservas,18.900000,0.000000,7,7,8,8,9,10,12,16,28,28,28,29196,0,7,7.846067265110047,4.633864002244081,311.9985780067509,8965.0
1789884019,50,GET,GET /api/v1/reservas/{id},6.600000,0.000000,5,5,6,6,7,8,12,13,13,13,13,9763,0,5,5.680539197624106,3.0284199965535663,284.6892960005789,442.0
1789884019,50,POST,POST /api/v1/auth/login,0.000000,0.000000,0,0,0,0,0,0,0,0,0,0,0,50,0,1300.0,1369.1218887201103,628.633758999058,2104.1982940005255,1622.0
1789884019,50,POST,POST /api/v1/auth/refresh,0.000000,0.000000,0,0,0,0,0,0,0,0,0,0,0,50,0,29,31.13284232051228,20.492110001214314,55.65531500178622,1622.0
1789884019,50,,Aggregated,25.500000,0.000000,6,7,7,8,9,10,12,13,28,28,28,39059,0,6,9.077181203066853,3.0284199965535663,2104.1982940005255,6815.832100156174
1789884020,50,GET,GET /api/v1/reservas,18.800000,0.000000,7,7,8,8,9,11,12,16,28,28,28,29215,0,7,7.846196182411118,4.633864002244081,311.9985780067509,8965.0
1789884020,50,GET,GET /api/v1/reservas/{id},6.600000,0.000000,5,5,6,6,7,7,11,13,13,13,13,9772,0,5,5.68075060063416,3.0284199965535663,284.6892960005789,442.0
1789884020,50,POST,POST /api/v1/auth/login,0.000000,0.000000,0,0,0,0,0,0,0,0,0,0,0,50,0,1300.0,1369.1218887201103,628.633758999058,2104.1982940005255,1622.0
1789884020,50,POST,POST /api/v1/auth/refresh,0.000000,0.000000,0,0,0,0,0,0,0,0,0,0,0,50,0,29,31.13284232051228,20.492110001214314,55.65531500178622,1622.0
1789884020,50,,Aggregated,25.400000,0.000000,6,7,7,8,9,10,12,13,28,28,28,39087,0,6,9.075949878234937,3.0284199965535663,2104.1982940005255,6815.409189756185
1789884021,50,GET,GET /api/v1/reservas,18.600000,0.000000,7,7,8,8,9,11,12,28,30,30,30,29231,0,7,7.846969395509836,4.633864002244081,311.9985780067509,8965.0
1789884021,50,GET,GET /api/v1/reservas/{id},6.500000,0.000000,5,5,6,6,7,7,11,13,13,13,13,9775,0,5,5.680453365360794,3.0284199965535663,284.6892960005789,442.0
1789884021,50,POST,POST /api/v1/auth/login,0.000000,0.000000,0,0,0,0,0,0,0,0,0,0,0,50,0,1300.0,1369.1218887201103,628.633758999058,2104.1982940005255,1622.0
1789884021,50,POST,POST /api/v1/auth/refresh,0.000000,0.000000,0,0,0,0,0,0,0,0,0,0,0,50,0,29,31.13284232051228,20.492110001214314,55.65531500178622,1622.0
1789884021,50,,Aggregated,25.100000,0.000000,7,7,8,8,9,11,12,16,30,30,30,39106,0,6,9.075689935012042,3.0284199965535663,2104.1982940005255,6815.799749399069
1789884022,50,GET,GET /api/v1/reservas,18.500000,0.000000,7,7,8,8,9,11,12,28,30,30,30,29256,0,7,7.846025092293047,4.633864002244081,311.9985780067509,8965.0
1789884022,50,GET,GET /api/v1/reservas/{id},6.500000,0.000000,5,5,6,6,7,8,11,13,13,13,13,9780,0,5,5.680062691656536,3.0284199965535663,284.6892960005789,442.0
1789884022,50,POST,POST /api/v1/auth/login,0.000000,0.000000,0,0,0,0,0,0,0,0,0,0,0,50,0,1300.0,1369.1218887201103,628.633758999058,2104.1982940005255,1622.0
1789884022,50,POST,POST /api/v1/auth/refresh,0.000000,0.000000,0,0,0,0,0,0,0,0,0,0,0,50,0,29,31.13284232051228,20.492110001214314,55.65531500178622,1622.0
1789884022,50,,Aggregated,25.000000,0.000000,7,7,8,8,9,10,12,16,30,30,30,39136,0,6,9.073667717103369,3.0284199965535663,2104.1982940005255,6816.358340147179
1789884023,50,GET,GET /api/v1/reservas,18.300000,0.000000,7,8,8,8,9,11,13,28,30,30,30,29267,0,7,7.8461560633172205,4.633864002244081,311.9985780067509,8965.0
1789884023,50,GET,GET /api/v1/reservas/{id},6.900000,0.000000,5,6,6,6,7,8,11,13,13,13,13,9789,0,5,5.680439457287954,3.0284199965535663,284.6892960005789,442.0
1789884023,50,POST,POST /api/v1/auth/login,0.000000,0.000000,0,0,0,0,0,0,0,0,0,0,0,50,0,1300.0,1369.1218887201103,628.633758999058,2104.1982940005255,1622.0
1789884023,50,POST,POST /api/v1/auth/refresh,0.000000,0.000000,0,0,0,0,0,0,0,0,0,0,0,50,0,29,31.13284232051228,20.492110001214314,55.65531500178622,1622.0
1789884023,50,,Aggregated,25.200000,0.000000,7,7,8,8,9,11,13,16,30,30,30,39156,0,6,9.072734904089488,3.0284199965535663,2104.1982940005255,6815.49680764123
1789884024,50,GET,GET /api/v1/reservas,18.300000,0.000000,7,8,8,8,9,11,13,28,30,30,30,29287,0,7,7.845419340154439,4.633864002244081,311.9985780067509,8965.0
1789884024,50,GET,GET /api/v1/reservas/{id},6.200000,0.000000,5,6,6,6,7,8,11,13,13,13,13,9793,0,5,5.680075931828012,3.0284199965535663,284.6892960005789,442.0
1789884024,50,POST,POST /api/v1/auth/login,0.000000,0.000000,0,0,0,0,0,0,0,0,0,0,0,50,0,1300.0,1369.1218887201103,628.633758999058,2104.1982940005255,1622.0
1789884024,50,POST,POST /api/v1/auth/refresh,0.000000,0.000000,0,0,0,0,0,0,0,0,0,0,0,50,0,29,31.13284232051228,20.492110001214314,55.65531500178622,1622.0
1789884024,50,,Aggregated,24.500000,0.000000,7,7,8,8,9,11,13,16,30,30,30,39180,0,6,9.071120887379426,3.0284199965535663,2104.1982940005255,6815.943363961204
1789884025,50,GET,GET /api/v1/reservas,18.500000,0.000000,7,8,8,8,10,12,13,16,30,30,30,29305,0,7,7.845532400037536,4.633864002244081,311.9985780067509,8965.0
1789884025,50,GET,GET /api/v1/reservas/{id},6.100000,0.000000,5,6,6,6,7,9,11,13,13,13,13,9799,0,5,5.6796073197658306,3.0284199965535663,284.6892960005789,442.0
1789884025,50,POST,POST /api/v1/auth/login,0.000000,0.000000,0,0,0,0,0,0,0,0,0,0,0,50,0,1300.0,1369.1218887201103,628.633758999058,2104.1982940005255,1622.0
1789884025,50,POST,POST /api/v1/auth/refresh,0.000000,0.000000,0,0,0,0,0,0,0,0,0,0,0,50,0,29,31.13284232051228,20.492110001214314,55.65531500178622,1622.0
1789884025,50,,Aggregated,24.600000,0.000000,7,7,8,8,9,11,13,16,30,30,30,39204,0,6,9.07000652131202,3.0284199965535663,2104.1982940005255,6815.954570962147
1789884026,50,GET,GET /api/v1/reservas,17.800000,0.000000,7,7,8,8,9,11,13,16,30,30,30,29320,0,7,7.844776595842976,4.633864002244081,311.9985780067509,8965.0
1789884026,50,GET,GET /api/v1/reservas/{id},6.300000,0.000000,5,6,6,6,7,9,11,13,13,13,13,9806,0,5,5.679411361041949,3.0284199965535663,284.6892960005789,442.0
1789884026,50,POST,POST /api/v1/auth/login,0.000000,0.000000,0,0,0,0,0,0,0,0,0,0,0,50,0,1300.0,1369.1218887201103,628.633758999058,2104.1982940005255,1622.0
1789884026,50,POST,POST /api/v1/auth/refresh,0.000000,0.000000,0,0,0,0,0,0,0,0,0,0,0,50,0,29,31.13284232051228,20.492110001214314,55.65531500178622,1622.0
1789884026,50,,Aggregated,24.100000,0.000000,7,7,8,8,9,11,13,16,30,30,30,39226,0,6,9.068319332802849,3.0284199965535663,2104.1982940005255,6815.63891296589
1789884027,50,GET,GET /api/v1/reservas,18.400000,0.000000,7,7,8,8,9,11,13,16,30,30,30,29346,0,7,7.843922154062481,4.633864002244081,311.9985780067509,8965.0
1789884027,50,GET,GET /api/v1/reservas/{id},6.200000,0.000000,5,6,6,6,7,9,11,13,13,13,13,9809,0,5,5.679003973430724,3.0284199965535663,284.6892960005789,442.0
1789884027,50,POST,POST /api/v1/auth/login,0.000000,0.000000,0,0,0,0,0,0,0,0,0,0,0,50,0,1300.0,1369.1218887201103,628.633758999058,2104.1982940005255,1622.0
1789884027,50,POST,POST /api/v1/auth/refresh,0.000000,0.000000,0,0,0,0,0,0,0,0,0,0,0,50,0,29,31.13284232051228,20.492110001214314,55.65531500178622,1622.0
1789884027,50,,Aggregated,24.600000,0.000000,7,7,8,8,9,11,13,16,30,30,30,39255,0,6,9.066509388881178,3.0284199965535663,2104.1982940005255,6816.575417144313
1789884028,50,GET,GET /api/v1/reservas,18.000000,0.000000,7,7,8,8,9,11,13,16,30,30,30,29359,0,7,7.843475128312353,4.633864002244081,311.9985780067509,8965.0
1789884028,50,GET,GET /api/v1/reservas/{id},6.000000,0.000000,5,6,6,6,7,7,8,9,9,9,9,9821,0,5,5.6782323626312925,3.0284199965535663,284.6892960005789,442.0
1789884028,50,POST,POST /api/v1/auth/login,0.000000,0.000000,0,0,0,0,0,0,0,0,0,0,0,50,0,1300.0,1369.1218887201103,628.633758999058,2104.1982940005255,1622.0
1789884028,50,POST,POST /api/v1/auth/refresh,0.000000,0.000000,0,0,0,0,0,0,0,0,0,0,0,50,0,29,31.13284232051228,20.492110001214314,55.65531500178622,1622.0
1789884028,50,,Aggregated,24.000000,0.000000,7,7,7,8,9,10,13,16,30,30,30,39280,0,6,9.064542843114955,3.0284199965535663,2104.1982940005255,6815.339027494908
1789884029,50,GET,GET /api/v1/reservas,18.300000,0.000000,7,7,8,8,9,11,13,16,30,30,30,29374,0,7,7.8432624334822805,4.633864002244081,311.9985780067509,8965.0
1789884029,50,GET,GET /api/v1/reservas/{id},6.000000,0.000000,5,5,6,6,7,7,8,9,9,9,9,9825,0,5,5.677809301821832,3.0284199965535663,284.6892960005789,442.0
1789884029,50,POST,POST /api/v1/auth/login,0.000000,0.000000,0,0,0,0,0,0,0,0,0,0,0,50,0,1300.0,1369.1218887201103,628.633758999058,2104.1982940005255,1622.0
1789884029,50,POST,POST /api/v1/auth/refresh,0.000000,0.000000,0,0,0,0,0,0,0,0,0,0,0,50,0,29,31.13284232051228,20.492110001214314,55.65531500178622,1622.0
1789884029,50,,Aggregated,24.300000,0.000000,7,7,7,8,9,11,13,16,30,30,30,39299,0,6,9.063467357020258,3.0284199965535663,2104.1982940005255,6815.510827247513
1789884030,50,GET,GET /api/v1/reservas,18.600000,0.000000,7,7,8,8,9,11,13,16,30,30,30,29393,0,7,7.842466202568904,4.633864002244081,311.9985780067509,8965.0
1789884030,50,GET,GET /api/v1/reservas/{id},5.800000,0.000000,5,5,6,6,6,7,8,9,9,9,9,9833,0,5,5.677212544838934,3.0284199965535663,284.6892960005789,442.0
1789884030,50,POST,POST /api/v1/auth/login,0.000000,0.000000,0,0,0,0,0,0,0,0,0,0,0,50,0,1300.0,1369.1218887201103,628.633758999058,2104.1982940005255,1622.0
1789884030,50,POST,POST /api/v1/auth/refresh,0.000000,0.000000,0,0,0,0,0,0,0,0,0,0,0,50,0,29,31.13284232051228,20.492110001214314,55.65531500178622,1622.0
1789884030,50,,Aggregated,24.400000,0.000000,6,7,7,8,9,9,13,16,30,30,30,39326,0,6,9.061444759129841,3.0284199965535663,2104.1982940005255,6815.252784417434
1789884031,50,GET,GET /api/v1/reservas,18.100000,0.000000,7,7,8,8,9,11,16,20,23,23,23,29411,0,7,7.84369448478736,4.633864002244081,311.9985780067509,8965.0
1789884031,50,GET,GET /api/v1/reservas/{id},6.500000,0.000000,5,5,6,6,7,7,8,9,9,9,9,9836,0,5,5.677015877836219,3.0284199965535663,284.6892960005789,442.0
1789884031,50,POST,POST /api/v1/auth/login,0.000000,0.000000,0,0,0,0,0,0,0,0,0,0,0,50,0,1300.0,1369.1218887201103,628.633758999058,2104.1982940005255,1622.0
1789884031,50,POST,POST /api/v1/auth/refresh,0.000000,0.000000,0,0,0,0,0,0,0,0,0,0,0,50,0,29,31.13284232051228,20.492110001214314,55.65531500178622,1622.0
1789884031,50,,Aggregated,24.600000,0.000000,6,7,7,8,9,11,13,19,23,23,23,39347,0,6,9.061498035898778,3.0284199965535663,2104.1982940005255,6815.750298625054
1789884032,50,GET,GET /api/v1/reservas,18.000000,0.000000,7,7,8,8,9,12,16,20,23,23,23,29429,0,7,7.843294465258182,4.633864002244081,311.9985780067509,8965.0
1789884032,50,GET,GET /api/v1/reservas/{id},6.000000,0.000000,5,5,6,6,6,7,8,9,9,9,9,9844,0,5,5.676456601827793,3.0284199965535663,284.6892960005789,442.0
1789884032,50,POST,POST /api/v1/auth/login,0.000000,0.000000,0,0,0,0,0,0,0,0,0,0,0,50,0,1300.0,1369.1218887201103,628.633758999058,2104.1982940005255,1622.0
1789884032,50,POST,POST /api/v1/auth/refresh,0.000000,0.000000,0,0,0,0,0,0,0,0,0,0,0,50,0,29,31.13284232051228,20.492110001214314,55.65531500178622,1622.0
1789884032,50,,Aggregated,24.000000,0.000000,6,7,7,8,9,11,13,19,23,23,23,39373,0,6,9.059814800967844,3.0284199965535663,2104.1982940005255,6815.437812714296
1789884033,50,GET,GET /api/v1/reservas,17.600000,0.000000,7,7,8,8,9,12,16,20,23,23,23,29444,0,7,7.843197298671223,4.633864002244081,311.9985780067509,8965.0
1789884033,50,GET,GET /api/v1/reservas/{id},6.100000,0.000000,5,5,6,6,6,7,7,8,8,8,8,9848,0,5,5.676495684239482,3.0284199965535663,284.6892960005789,442.0
1789884033,50,POST,POST /api/v1/auth/login,0.000000,0.000000,0,0,0,0,0,0,0,0,0,0,0,50,0,1300.0,1369.1218887201103,628.633758999058,2104.1982940005255,1622.0
1789884033,50,POST,POST /api/v1/auth/refresh,0.000000,0.000000,0,0,0,0,0,0,0,0,0,0,0,50,0,29,31.13284232051228,20.492110001214314,55.65531500178622,1622.0
1789884033,50,,Aggregated,23.700000,0.000000,6,7,7,8,9,11,13,19,23,23,23,39392,0,6,9.058945149078419,3.0284199965535663,2104.1982940005255,6815.6091592201465
1789884034,50,GET,GET /api/v1/reservas,17.900000,0.000000,7,7,8,8,9,12,16,20,23,23,23,29465,0,7,7.842221658988555,4.633864002244081,311.9985780067509,8965.0
1789884034,50,GET,GET /api/v1/reservas/{id},6.200000,0.000000,5,5,6,6,6,7,7,8,8,8,8,9858,0,5,5.675274605639478,3.0284199965535663,284.6892960005789,442.0
1789884034,50,POST,POST /api/v1/auth/login,0.000000,0.000000,0,0,0,0,0,0,0,0,0,0,0,50,0,1300.0,1369.1218887201103,628.633758999058,2104.1982940005255,1622.0
1789884034,50,POST,POST /api/v1/auth/refresh,0.000000,0.000000,0,0,0,0,0,0,0,0,0,0,0,50,0,29,31.13284232051228,20.492110001214314,55.65531500178622,1622.0
1789884034,50,,Aggregated,24.100000,0.000000,6,7,7,8,9,11,13,19,23,23,23,39423,0,6,9.056405012214263,3.0284199965535663,2104.1982940005255,6815.137381731476
1789884035,50,GET,GET /api/v1/reservas,17.300000,0.000000,7,7,7,8,9,11,13,20,23,23,23,29482,0,7,7.84146000403938,4.633864002244081,311.9985780067509,8965.0
1789884035,50,GET,GET /api/v1/reservas/{id},6.200000,0.000000,5,5,6,6,6,7,7,8,8,8,8,9860,0,5,5.675085097606011,3.0284199965535663,284.6892960005789,442.0
1789884035,50,POST,POST /api/v1/auth/login,0.000000,0.000000,0,0,0,0,0,0,0,0,0,0,0,50,0,1300.0,1369.1218887201103,628.633758999058,2104.1982940005255,1622.0
1789884035,50,POST,POST /api/v1/auth/refresh,0.000000,0.000000,0,0,0,0,0,0,0,0,0,0,0,50,0,29,31.13284232051228,20.492110001214314,55.65531500178622,1622.0
1789884035,50,,Aggregated,23.500000,0.000000,6,7,7,7,8,10,13,19,23,23,23,39442,0,6,9.055093541238158,3.0284199965535663,2104.1982940005255,6815.740834643274
1789884036,50,GET,GET /api/v1/reservas,17.700000,0.000000,7,7,8,8,9,11,13,20,23,23,23,29499,0,7,7.840848157940555,4.633864002244081,311.9985780067509,8965.0
1789884036,50,GET,GET /api/v1/reservas/{id},5.900000,0.000000,5,5,6,6,6,7,7,8,8,8,8,9872,0,5,5.675025454660635,3.0284199965535663,284.6892960005789,442.0
1789884036,50,POST,POST /api/v1/auth/login,0.000000,0.000000,0,0,0,0,0,0,0,0,0,0,0,50,0,1300.0,1369.1218887201103,628.633758999058,2104.1982940005255,1622.0
1789884036,50,POST,POST /api/v1/auth/refresh,0.000000,0.000000,0,0,0,0,0,0,0,0,0,0,0,50,0,29,31.13284232051228,20.492110001214314,55.65531500178622,1622.0
1789884036,50,,Aggregated,23.600000,0.000000,6,7,7,7,8,10,13,19,23,23,23,39471,0,6,9.053071056003885,3.0284199965535663,2104.1982940005255,6814.72876288921
1789884037,50,GET,GET /api/v1/reservas,17.900000,0.000000,7,7,8,8,9,11,13,20,23,23,23,29515,0,7,7.840811855296724,4.633864002244081,311.9985780067509,8965.0
1789884037,50,GET,GET /api/v1/reservas/{id},6.500000,0.000000,5,5,6,6,6,7,7,8,8,8,8,9877,0,5,5.675020315826376,3.0284199965535663,284.6892960005789,442.0
1789884037,50,POST,POST /api/v1/auth/login,0.000000,0.000000,0,0,0,0,0,0,0,0,0,0,0,50,0,1300.0,1369.1218887201103,628.633758999058,2104.1982940005255,1622.0
1789884037,50,POST,POST /api/v1/auth/refresh,0.000000,0.000000,0,0,0,0,0,0,0,0,0,0,0,50,0,29,31.13284232051228,20.492110001214314,55.65531500178622,1622.0
1789884037,50,,Aggregated,24.400000,0.000000,6,7,7,8,8,10,13,19,23,23,23,39492,0,6,9.052123825598375,3.0284199965535663,2104.1982940005255,6814.793097336169
1789884038,50,GET,GET /api/v1/reservas,17.600000,0.000000,7,7,8,8,9,11,13,20,23,23,23,29536,0,7,7.839626828280823,4.633864002244081,311.9985780067509,8965.0
1789884038,50,GET,GET /api/v1/reservas/{id},6.100000,0.000000,5,5,6,6,6,7,7,8,8,8,8,9886,0,5,5.674159531399693,3.0284199965535663,284.6892960005789,442.0
1789884038,50,POST,POST /api/v1/auth/login,0.000000,0.000000,0,0,0,0,0,0,0,0,0,0,0,50,0,1300.0,1369.1218887201103,628.633758999058,2104.1982940005255,1622.0
1789884038,50,POST,POST /api/v1/auth/refresh,0.000000,0.000000,0,0,0,0,0,0,0,0,0,0,0,50,0,29,31.13284232051228,20.492110001214314,55.65531500178622,1622.0
1789884038,50,,Aggregated,23.700000,0.000000,6,7,7,7,8,10,13,19,23,23,23,39522,0,6,9.04961023428852,3.0284199965535663,2104.1982940005255,6814.484388441881
1789884039,50,GET,GET /api/v1/reservas,17.500000,0.000000,7,7,8,8,9,11,13,20,23,23,23,29550,0,7,7.839830536179618,4.633864002244081,311.9985780067509,8965.0
1789884039,50,GET,GET /api/v1/reservas/{id},6.700000,0.000000,5,5,6,6,7,7,8,10,10,10,10,9890,0,5,5.6742249981207,3.0284199965535663,284.6892960005789,442.0
1789884039,50,POST,POST /api/v1/auth/login,0.000000,0.000000,0,0,0,0,0,0,0,0,0,0,0,50,0,1300.0,1369.1218887201103,628.633758999058,2104.1982940005255,1622.0
1789884039,50,POST,POST /api/v1/auth/refresh,0.000000,0.000000,0,0,0,0,0,0,0,0,0,0,0,50,0,29,31.13284232051228,20.492110001214314,55.65531500178622,1622.0
1789884039,50,,Aggregated,24.200000,0.000000,6,7,7,8,9,10,13,19,23,23,23,39540,0,6,9.04900895618494,3.0284199965535663,2104.1982940005255,6814.601163378857
1789884040,50,GET,GET /api/v1/reservas,16.800000,0.000000,6,7,8,8,9,10,13,20,23,23,23,29575,0,7,7.838548436285204,4.633864002244081,311.9985780067509,8965.0
1789884040,50,GET,GET /api/v1/reservas/{id},6.800000,0.000000,5,5,6,6,7,7,8,10,10,10,10,9893,0,5,5.673906394967635,3.0284199965535663,284.6892960005789,442.0
1789884040,50,POST,POST /api/v1/auth/login,0.000000,0.000000,0,0,0,0,0,0,0,0,0,0,0,50,0,1300.0,1369.1218887201103,628.633758999058,2104.1982940005255,1622.0
1789884040,50,POST,POST /api/v1/auth/refresh,0.000000,0.000000,0,0,0,0,0,0,0,0,0,0,0,50,0,29,31.13284232051228,20.492110001214314,55.65531500178622,1622.0
1789884040,50,,Aggregated,23.600000,0.000000,6,7,7,8,8,10,13,19,23,23,23,39568,0,6,9.046951135275496,3.0284199965535663,2104.1982940005255,6815.476673069147
1789884041,50,GET,GET /api/v1/reservas,17.400000,0.000000,6,7,8,8,9,10,13,18,24,24,24,29592,0,7,7.839162147341804,4.633864002244081,311.9985780067509,8965.0
1789884041,50,GET,GET /api/v1/reservas/{id},6.400000,0.000000,5,6,6,6,7,8,10,10,10,10,10,9902,0,5,5.674536729691748,3.0284199965535663,284.6892960005789,442.0
1789884041,50,POST,POST /api/v1/auth/login,0.000000,0.000000,0,0,0,0,0,0,0,0,0,0,0,50,0,1300.0,1369.1218887201103,628.633758999058,2104.1982940005255,1622.0
1789884041,50,POST,POST /api/v1/auth/refresh,0.000000,0.000000,0,0,0,0,0,0,0,0,0,0,0,50,0,29,31.13284232051228,20.492110001214314,55.65531500178622,1622.0
1789884041,50,,Aggregated,23.800000,0.000000,6,7,7,8,8,10,12,13,24,24,24,39594,0,6,9.046281899115458,3.0284199965535663,2104.1982940005255,6814.950851139061
1789884042,50,GET,GET /api/v1/reservas,17.500000,0.000000,6,7,7,8,9,10,12,18,24,24,24,29611,0,7,7.8383071893937215,4.633864002244081,311.9985780067509,8965.0
1789884042,50,GET,GET /api/v1/reservas/{id},6.500000,0.000000,5,5,6,6,7,8,10,10,10,10,10,9912,0,5,5.673641050586901,3.0284199965535663,284.6892960005789,442.0
1789884042,50,POST,POST /api/v1/auth/login,0.000000,0.000000,0,0,0,0,0,0,0,0,0,0,0,50,0,1300.0,1369.1218887201103,628.633758999058,2104.1982940005255,1622.0
1789884042,50,POST,POST /api/v1/auth/refresh,0.000000,0.000000,0,0,0,0,0,0,0,0,0,0,0,50,0,29,31.13284232051228,20.492110001214314,55.65531500178622,1622.0
1789884042,50,,Aggregated,24.000000,0.000000,6,7,7,7,8,10,12,13,24,24,24,39623,0,6,9.04398911820372,3.0284199965535663,2104.1982940005255,6814.3734447164525
1789884043,50,GET,GET /api/v1/reservas,18.100000,0.000000,6,7,7,8,9,10,12,18,24,24,24,29626,0,7,7.837855191255896,4.633864002244081,311.9985780067509,8965.0
1789884043,50,GET,GET /api/v1/reservas/{id},5.900000,0.000000,5,5,6,6,7,8,10,10,10,10,10,9920,0,5,5.672748693590649,3.0284199965535663,284.6892960005789,442.0
1789884043,50,POST,POST /api/v1/auth/login,0.000000,0.000000,0,0,0,0,0,0,0,0,0,0,0,50,0,1300.0,1369.1218887201103,628.633758999058,2104.1982940005255,1622.0
1789884043,50,POST,POST /api/v1/auth/refresh,0.000000,0.000000,0,0,0,0,0,0,0,0,0,0,0,50,0,29,31.13284232051228,20.492110001214314,55.65531500178622,1622.0
1789884043,50,,Aggregated,24.000000,0.000000,6,7,7,7,8,9,10,13,24,24,24,39646,0,6,9.042291819820349,3.0284199965535663,2104.1982940005255,6813.9012762952125
1789884044,50,GET,GET /api/v1/reservas,18.000000,0.000000,6,7,7,8,9,10,12,18,24,24,24,29643,0,7,7.83754110751764,4.633864002244081,311.9985780067509,8965.0
1789884044,50,GET,GET /api/v1/reservas/{id},6.400000,0.000000,5,6,6,6,7,8,10,10,10,10,10,9925,0,5,5.67280725676784,3.0284199965535663,284.6892960005789,442.0
1789884044,50,POST,POST /api/v1/auth/login,0.000000,0.000000,0,0,0,0,0,0,0,0,0,0,0,50,0,1300.0,1369.1218887201103,628.633758999058,2104.1982940005255,1622.0
1789884044,50,POST,POST /api/v1/auth/refresh,0.000000,0.000000,0,0,0,0,0,0,0,0,0,0,0,50,0,29,31.13284232051228,20.492110001214314,55.65531500178622,1622.0
1789884044,50,,Aggregated,24.400000,0.000000,6,7,7,7,8,10,11,13,24,24,24,39668,0,6,9.041130876918356,3.0284199965535663,2104.1982940005255,6814.019990924675
1789884045,50,GET,GET /api/v1/reservas,18.400000,0.000000,6,7,8,8,9,10,12,18,24,24,24,29661,0,7,7.836790480028959,4.633864002244081,311.9985780067509,8965.0
1789884045,50,GET,GET /api/v1/reservas/{id},6.800000,0.000000,5,6,6,6,7,8,10,10,10,10,10,9933,0,5,5.672805011318578,3.0284199965535663,284.6892960005789,442.0
1789884045,50,POST,POST /api/v1/auth/login,0.000000,0.000000,0,0,0,0,0,0,0,0,0,0,0,50,0,1300.0,1369.1218887201103,628.633758999058,2104.1982940005255,1622.0
1789884045,50,POST,POST /api/v1/auth/refresh,0.000000,0.000000,0,0,0,0,0,0,0,0,0,0,0,50,0,29,31.13284232051228,20.492110001214314,55.65531500178622,1622.0
1789884045,50,,Aggregated,25.200000,0.000000,6,7,7,8,8,10,10,13,24,24,24,39694,0,6,9.03934476640292,3.0284199965535663,2104.1982940005255,6813.711165415428
1789884046,50,GET,GET /api/v1/reservas,18.100000,0.000000,7,7,8,8,9,10,13,18,24,24,24,29681,0,7,7.836746111456598,4.633864002244081,311.9985780067509,8965.0
1789884046,50,GET,GET /api/v1/reservas/{id},7.400000,0.000000,5,6,6,6,9,10,10,17,17,17,17,9938,0,5,5.674730317913089,3.0284199965535663,284.6892960005789,442.0
1789884046,50,POST,POST /api/v1/auth/login,0.000000,0.000000,0,0,0,0,0,0,0,0,0,0,0,50,0,1300.0,1369.1218887201103,628.633758999058,2104.1982940005255,1622.0
1789884046,50,POST,POST /api/v1/auth/refresh,0.000000,0.000000,0,0,0,0,0,0,0,0,0,0,0,50,0,29,31.13284232051228,20.492110001214314,55.65531500178622,1622.0
1789884046,50,,Aggregated,25.500000,0.000000,6,7,7,8,9,10,13,17,24,24,24,39719,0,6,9.038764011822924,3.0284199965535663,2104.1982940005255,6813.992321055414
1789884047,50,GET,GET /api/v1/reservas,17.700000,0.000000,7,7,7,8,9,10,13,18,24,24,24,29700,0,7,7.836074227749055,4.633864002244081,311.9985780067509,8965.0
1789884047,50,GET,GET /api/v1/reservas/{id},6.600000,0.000000,5,6,6,6,9,10,10,17,17,17,17,9948,0,5,5.673685989788496,3.0284199965535663,284.6892960005789,442.0
1789884047,50,POST,POST /api/v1/auth/login,0.000000,0.000000,0,0,0,0,0,0,0,0,0,0,0,50,0,1300.0,1369.1218887201103,628.633758999058,2104.1982940005255,1622.0
1789884047,50,POST,POST /api/v1/auth/refresh,0.000000,0.000000,0,0,0,0,0,0,0,0,0,0,0,50,0,29,31.13284232051228,20.492110001214314,55.65531500178622,1622.0
1789884047,50,,Aggregated,24.300000,0.000000,6,7,7,8,9,10,12,17,24,24,24,39748,0,6,9.03657968558403,3.0284199965535663,2104.1982940005255,6813.417429807789
1789884048,50,GET,GET /api/v1/reservas,18.100000,0.000000,7,7,8,8,9,10,13,18,24,24,24,29715,0,7,7.835607870844484,4.633864002244081,311.9985780067509,8965.0
1789884048,50,GET,GET /api/v1/reservas/{id},7.200000,0.000000,5,6,6,6,8,10,10,17,17,17,17,9958,0,5,5.672329505565516,3.0284199965535663,284.6892960005789,442.0
1789884048,50,POST,POST /api/v1/auth/login,0.000000,0.000000,0,0,0,0,0,0,0,0,0,0,0,50,0,1300.0,1369.1218887201103,628.633758999058,2104.1982940005255,1622.0
1789884048,50,POST,POST /api/v1/auth/refresh,0.000000,0.000000,0,0,0,0,0,0,0,0,0,0,0,50,0,29,31.13284232051228,20.492110001214314,55.65531500178622,1622.0
1789884048,50,,Aggregated,25.300000,0.000000,6,7,7,8,9,10,13,17,24,24,24,39773,0,6,9.034593358574822,3.0284199965535663,2104.1982940005255,6812.626932843889
1789884049,50,GET,GET /api/v1/reservas,18.200000,0.000000,7,7,7,8,9,10,13,18,24,24,24,29730,0,7,7.835239108145501,4.633864002244081,311.9985780067509,8965.0
1789884049,50,GET,GET /api/v1/reservas/{id},6.600000,0.000000,5,6,6,6,8,9,10,17,17,17,17,9967,0,5,5.673113049704868,3.0284199965535663,284.6892960005789,442.0
1789884049,50,POST,POST /api/v1/auth/login,0.000000,0.000000,0,0,0,0,0,0,0,0,0,0,0,50,0,1300.0,1369.1218887201103,628.633758999058,2104.1982940005255,1622.0
1789884049,50,POST,POST /api/v1/auth/refresh,0.000000,0.000000,0,0,0,0,0,0,0,0,0,0,0,50,0,29,31.13284232051228,20.492110001214314,55.65531500178622,1622.0
1789884049,50,,Aggregated,24.800000,0.000000,6,7,7,7,9,10,11,17,24,24,24,39797,0,6,9.03330183188696,3.0284199965535663,2104.1982940005255,6811.997487247782
1789884050,50,GET,GET /api/v1/reservas,18.600000,0.000000,7,7,8,8,9,11,13,21,24,24,24,29759,0,7,7.835502216276253,4.633864002244081,311.9985780067509,8965.0
1789884050,50,GET,GET /api/v1/reservas/{id},7.000000,0.000000,5,6,6,6,8,9,10,17,17,17,17,9971,0,5,5.673006019899217,3.0284199965535663,284.6892960005789,442.0
1789884050,50,POST,POST /api/v1/auth/login,0.000000,0.000000,0,0,0,0,0,0,0,0,0,0,0,50,0,1300.0,1369.1218887201103,628.633758999058,2104.1982940005255,1622.0
1789884050,50,POST,POST /api/v1/auth/refresh,0.000000,0.000000,0,0,0,0,0,0,0,0,0,0,0,50,0,29,31.13284232051228,20.492110001214314,55.65531500178622,1622.0
1789884050,50,,Aggregated,25.600000,0.000000,6,7,7,8,9,10,13,18,24,24,24,39830,0,6,9.032261863685946,3.0284199965535663,2104.1982940005255,6812.925357770525
1789884051,50,GET,GET /api/v1/reservas,18.100000,0.000000,7,7,8,8,9,10,12,13,21,21,21,29776,0,7,7.835512237578799,4.633864002244081,311.9985780067509,8965.0
1789884051,50,GET,GET /api/v1/reservas/{id},7.300000,0.000000,5,6,6,6,8,9,14,17,17,17,17,9975,0,5,5.673859503098593,3.0284199965535663,284.6892960005789,442.0
1789884051,50,POST,POST /api/v1/auth/login,0.000000,0.000000,0,0,0,0,0,0,0,0,0,0,0,50,0,1300.0,1369.1218887201103,628.633758999058,2104.1982940005255,1622.0
1789884051,50,POST,POST /api/v1/auth/refresh,0.000000,0.000000,0,0,0,0,0,0,0,0,0,0,0,50,0,29,31.13284232051228,20.492110001214314,55.65531500178622,1622.0
1789884051,50,,Aggregated,25.400000,0.000000,7,7,7,8,9,10,12,14,21,21,21,39851,0,6,9.03163527845188,3.0284199965535663,2104.1982940005255,6813.203934656596
1789884052,50,GET,GET /api/v1/reservas,18.000000,0.000000,7,7,8,8,9,10,12,13,21,21,21,29801,0,7,7.8351557162572325,4.633864002244081,311.9985780067509,8965.0
1789884052,50,GET,GET /api/v1/reservas/{id},7.700000,0.000000,5,6,6,7,9,9,14,17,17,17,17,9977,0,5,5.673621701654077,3.0284199965535663,284.6892960005789,442.0
1789884052,50,POST,POST /api/v1/auth/login,0.000000,0.000000,0,0,0,0,0,0,0,0,0,0,0,50,0,1300.0,1369.1218887201103,628.633758999058,2104.1982940005255,1622.0
1789884052,50,POST,POST /api/v1/auth/refresh,0.000000,0.000000,0,0,0,0,0,0,0,0,0,0,0,50,0,29,31.13284232051228,20.492110001214314,55.65531500178622,1622.0
1789884052,50,,Aggregated,25.700000,0.000000,7,7,8,8,9,10,12,14,21,21,21,39878,0,6,9.03039108705591,3.0284199965535663,2104.1982940005255,6814.233386829831
1789884053,50,GET,GET /api/v1/reservas,18.600000,0.000000,7,7,8,8,9,11,13,13,21,21,21,29823,0,7,7.8344682590686405,4.633864002244081,311.9985780067509,8965.0
1789884053,50,GET,GET /api/v1/reservas/{id},7.800000,0.000000,5,6,6,7,9,10,14,17,17,17,17,9981,0,5,5.673326707083616,3.0284199965535663,284.6892960005789,442.0
1789884053,50,POST,POST /api/v1/auth/login,0.000000,0.000000,0,0,0,0,0,0,0,0,0,0,0,50,0,1300.0,1369.1218887201103,628.633758999058,2104.1982940005255,1622.0
1789884053,50,POST,POST /api/v1/auth/refresh,0.000000,0.000000,0,0,0,0,0,0,0,0,0,0,0,50,0,29,31.13284232051228,20.492110001214314,55.65531500178622,1622.0
1789884053,50,,Aggregated,26.400000,0.000000,7,7,8,8,9,10,13,14,21,21,21,39904,0,6,9.028808072013751,3.0284199965535663,2104.1982940005255,6814.780397955093
1789884054,50,GET,GET /api/v1/reservas,18.600000,0.000000,7,8,8,8,9,11,13,13,21,21,21,29839,0,7,7.8342549070073115,4.633864002244081,311.9985780067509,8965.0
1789884054,50,GET,GET /api/v1/reservas/{id},7.300000,0.000000,5,6,6,7,9,9,14,17,17,17,17,9989,0,5,5.673063429812836,3.0284199965535663,284.6892960005789,442.0
1789884054,50,POST,POST /api/v1/auth/login,0.000000,0.000000,0,0,0,0,0,0,0,0,0,0,0,50,0,1300.0,1369.1218887201103,628.633758999058,2104.1982940005255,1622.0
1789884054,50,POST,POST /api/v1/auth/refresh,0.000000,0.000000,0,0,0,0,0,0,0,0,0,0,0,50,0,29,31.13284232051228,20.492110001214314,55.65531500178622,1622.0
1789884054,50,,Aggregated,25.900000,0.000000,7,7,8,8,9,11,13,14,21,21,21,39928,0,6,9.027431860414314,3.0284199965535663,2104.1982940005255,6814.365182328191
1789884055,50,GET,GET /api/v1/reservas,19.100000,0.000000,7,7,8,8,9,11,13,13,21,21,21,29859,0,7,7.83311357500834,4.633864002244081,311.9985780067509,8965.0
1789884055,50,GET,GET /api/v1/reservas/{id},6.400000,0.000000,5,6,6,7,8,9,14,17,17,17,17,9995,0,5,5.672616308893858,3.0284199965535663,284.6892960005789,442.0
1789884055,50,POST,POST /api/v1/auth/login,0.000000,0.000000,0,0,0,0,0,0,0,0,0,0,0,50,0,1300.0,1369.1218887201103,628.633758999058,2104.1982940005255,1622.0
1789884055,50,POST,POST /api/v1/auth/refresh,0.000000,0.000000,0,0,0,0,0,0,0,0,0,0,0,50,0,29,31.13284232051228,20.492110001214314,55.65531500178622,1622.0
1789884055,50,,Aggregated,25.500000,0.000000,7,7,8,8,9,11,13,14,21,21,21,39954,0,6,9.025366040836943,3.0284199965535663,2104.1982940005255,6814.484782499875
1789884056,50,GET,GET /api/v1/reservas,19.900000,0.000000,7,7,8,8,9,11,13,13,21,21,21,29877,0,7,7.832932927675847,4.633864002244081,311.9985780067509,8965.0
1789884056,50,GET,GET /api/v1/reservas/{id},5.900000,0.000000,5,6,6,6,7,8,10,14,14,14,14,10002,0,5,5.672346709396559,3.0284199965535663,284.6892960005789,442.0
1789884056,50,POST,POST /api/v1/auth/login,0.000000,0.000000,0,0,0,0,0,0,0,0,0,0,0,50,0,1300.0,1369.1218887201103,628.633758999058,2104.1982940005255,1622.0
1789884056,50,POST,POST /api/v1/auth/refresh,0.000000,0.000000,0,0,0,0,0,0,0,0,0,0,0,50,0,29,31.13284232051228,20.492110001214314,55.65531500178622,1622.0
1789884056,50,,Aggregated,25.800000,0.000000,7,7,8,8,9,10,12,13,21,21,21,39979,0,6,9.02403975636176,3.0284199965535663,2104.1982940005255,6814.33725205733
1789884057,50,GET,GET /api/v1/reservas,19.500000,0.000000,7,8,8,8,9,11,12,13,21,21,21,29899,0,7,7.8328970765299815,4.633864002244081,311.9985780067509,8965.0
1789884057,50,GET,GET /api/v1/reservas/{id},6.400000,0.000000,5,6,6,6,7,9,10,14,14,14,14,10008,0,5,5.671974069982105,3.0284199965535663,284.6892960005789,442.0
1789884057,50,POST,POST /api/v1/auth/login,0.000000,0.000000,0,0,0,0,0,0,0,0,0,0,0,50,0,1300.0,1369.1218887201103,628.633758999058,2104.1982940005255,1622.0
1789884057,50,POST,POST /api/v1/auth/refresh,0.000000,0.000000,0,0,0,0,0,0,0,0,0,0,0,50,0,29,31.13284232051228,20.492110001214314,55.65531500178622,1622.0
1789884057,50,,Aggregated,25.900000,0.000000,7,7,8,8,9,10,12,13,21,21,21,40007,0,6,9.02276208502467,3.0284199965535663,2104.1982940005255,6814.564226260404
1789884058,50,GET,GET /api/v1/reservas,19.600000,0.000000,7,8,8,8,9,11,13,13,21,21,21,29914,0,7,7.832663806518167,4.633864002244081,311.9985780067509,8965.0
1789884058,50,GET,GET /api/v1/reservas/{id},6.300000,0.000000,5,6,6,7,7,9,10,14,14,14,14,10014,0,5,5.671884455199823,3.0284199965535663,284.6892960005789,442.0
1789884058,50,POST,POST /api/v1/auth/login,0.000000,0.000000,0,0,0,0,0,0,0,0,0,0,0,50,0,1300.0,1369.1218887201103,628.633758999058,2104.1982940005255,1622.0
1789884058,50,POST,POST /api/v1/auth/refresh,0.000000,0.000000,0,0,0,0,0,0,0,0,0,0,0,50,0,29,31.13284232051228,20.492110001214314,55.65531500178622,1622.0
1789884058,50,,Aggregated,25.900000,0.000000,7,7,8,8,9,11,12,13,21,21,21,40028,0,6,9.02161718283668,3.0284199965535663,2104.1982940005255,6814.4148595982815
1789884059,50,GET,GET /api/v1/reservas,19.700000,0.000000,7,8,8,8,9,11,12,13,13,13,13,29936,0,7,7.831729969941423,4.633864002244081,311.9985780067509,8965.0
1789884059,50,GET,GET /api/v1/reservas/{id},6.300000,0.000000,5,5,6,6,7,7,10,14,14,14,14,10020,0,5,5.671520390954859,3.0284199965535663,284.6892960005789,442.0
1789884059,50,POST,POST /api/v1/auth/login,0.000000,0.000000,0,0,0,0,0,0,0,0,0,0,0,50,0,1300.0,1369.1218887201103,628.633758999058,2104.1982940005255,1622.0
1789884059,50,POST,POST /api/v1/auth/refresh,0.000000,0.000000,0,0,0,0,0,0,0,0,0,0,0,50,0,29,31.13284232051228,20.492110001214314,55.65531500178622,1622.0
1789884059,50,,Aggregated,26.000000,0.000000,7,7,8,8,9,10,12,13,14,14,14,40056,0,6,9.019673438425336,3.0284199965535663,2104.1982940005255,6814.641501897344
1789884060,50,GET,GET /api/v1/reservas,19.800000,0.000000,7,8,8,8,10,10,12,13,13,13,13,29955,0,7,7.832324420702827,4.633864002244081,311.9985780067509,8965.0
1789884060,50,GET,GET /api/v1/reservas/{id},6.100000,0.000000,5,5,6,6,7,7,10,14,14,14,14,10025,0,5,5.671493016895223,3.0284199965535663,284.6892960005789,442.0
1789884060,50,POST,POST /api/v1/auth/login,0.000000,0.000000,0,0,0,0,0,0,0,0,0,0,0,50,0,1300.0,1369.1218887201103,628.633758999058,2104.1982940005255,1622.0
1789884060,50,POST,POST /api/v1/auth/refresh,0.000000,0.000000,0,0,0,0,0,0,0,0,0,0,0,50,0,29,31.13284232051228,20.492110001214314,55.65531500178622,1622.0
1789884060,50,,Aggregated,25.900000,0.000000,7,7,8,8,9,10,12,13,14,14,14,40080,0,6,9.019130041630712,3.0284199965535663,2104.1982940005255,6814.865893213573
1789884061,50,GET,GET /api/v1/reservas,19.600000,0.000000,7,7,8,8,10,11,13,13,14,14,14,29970,0,7,7.832104635173465,4.633864002244081,311.9985780067509,8965.0
1789884061,50,GET,GET /api/v1/reservas/{id},5.700000,0.000000,5,6,6,6,7,7,8,10,10,10,10,10034,0,5,5.671663802208569,3.0284199965535663,284.6892960005789,442.0
1789884061,50,POST,POST /api/v1/auth/login,0.000000,0.000000,0,0,0,0,0,0,0,0,0,0,0,50,0,1300.0,1369.1218887201103,628.633758999058,2104.1982940005255,1622.0
1789884061,50,POST,POST /api/v1/auth/refresh,0.000000,0.000000,0,0,0,0,0,0,0,0,0,0,0,50,0,29,31.13284232051228,20.492110001214314,55.65531500178622,1622.0
1789884061,50,,Aggregated,25.300000,0.000000,7,7,8,8,9,10,12,13,14,14,14,40104,0,6,9.017813361747972,3.0284199965535663,2104.1982940005255,6814.239926191901
1789884062,50,GET,GET /api/v1/reservas,20.600000,0.000000,7,8,8,8,10,11,13,13,14,14,14,29990,0,7,7.832281630382393,4.633864002244081,311.9985780067509,8965.0
1789884062,50,GET,GET /api/v1/reservas/{id},5.300000,0.000000,5,6,6,6,7,7,8,10,10,10,10,10038,0,5,5.671531529524473,3.0284199965535663,284.6892960005789,442.0
1789884062,50,POST,POST /api/v1/auth/login,0.000000,0.000000,0,0,0,0,0,0,0,0,0,0,0,50,0,1300.0,1369.1218887201103,628.633758999058,2104.1982940005255,1622.0
1789884062,50,POST,POST /api/v1/auth/refresh,0.000000,0.000000,0,0,0,0,0,0,0,0,0,0,0,50,0,29,31.13284232051228,20.492110001214314,55.65531500178622,1622.0
1789884062,50,,Aggregated,25.900000,0.000000,7,7,8,8,10,10,12,13,14,14,14,40128,0,6,9.016988041780445,3.0284199965535663,2104.1982940005255,6814.6766846092505
1789884063,50,GET,GET /api/v1/reservas,19.800000,0.000000,7,8,8,8,10,11,12,13,14,14,14,30009,0,7,7.831498389355752,4.633864002244081,311.9985780067509,8965.0
1789884063,50,GET,GET /api/v1/reservas/{id},5.400000,0.000000,5,6,6,6,7,7,8,10,10,10,10,10047,0,5,5.670815463758065,3.0284199965535663,284.6892960005789,442.0
1789884063,50,POST,POST /api/v1/auth/login,0.000000,0.000000,0,0,0,0,0,0,0,0,0,0,0,50,0,1300.0,1369.1218887201103,628.633758999058,2104.1982940005255,1622.0
1789884063,50,POST,POST /api/v1/auth/refresh,0.000000,0.000000,0,0,0,0,0,0,0,0,0,0,0,50,0,29,31.13284232051228,20.492110001214314,55.65531500178622,1622.0
1789884063,50,,Aggregated,25.200000,0.000000,7,7,8,8,9,10,12,13,14,14,14,40156,0,6,9.014913205562934,3.0284199965535663,2104.1982940005255,6814.265838230899
1789884064,50,GET,GET /api/v1/reservas,19.600000,0.000000,7,7,8,8,10,10,12,13,14,14,14,30029,0,7,7.830950150760098,4.633864002244081,311.9985780067509,8965.0
1789884064,50,GET,GET /api/v1/reservas/{id},5.900000,0.000000,5,6,6,6,7,7,8,10,10,10,10,10054,0,5,5.670588178673085,3.0284199965535663,284.6892960005789,442.0
1789884064,50,POST,POST /api/v1/auth/login,0.000000,0.000000,0,0,0,0,0,0,0,0,0,0,0,50,0,1300.0,1369.1218887201103,628.633758999058,2104.1982940005255,1622.0
1789884064,50,POST,POST /api/v1/auth/refresh,0.000000,0.000000,0,0,0,0,0,0,0,0,0,0,0,50,0,29,31.13284232051228,20.492110001214314,55.65531500178622,1622.0
1789884064,50,,Aggregated,25.500000,0.000000,7,7,8,8,9,10,11,13,14,14,14,40183,0,6,9.013275070989854,3.0284199965535663,2104.1982940005255,6814.226239952219
1789884065,50,GET,GET /api/v1/reservas,18.600000,0.000000,7,8,8,8,10,11,12,13,14,14,14,30046,0,7,7.830457806603051,4.633864002244081,311.9985780067509,8965.0
1789884065,50,GET,GET /api/v1/reservas/{id},6.300000,0.000000,5,6,6,6,7,7,8,10,10,10,10,10059,0,5,5.670076757667915,3.0284199965535663,284.6892960005789,442.0
1789884065,50,POST,POST /api/v1/auth/login,0.000000,0.000000,0,0,0,0,0,0,0,0,0,0,0,50,0,1300.0,1369.1218887201103,628.633758999058,2104.1982940005255,1622.0
1789884065,50,POST,POST /api/v1/auth/refresh,0.000000,0.000000,0,0,0,0,0,0,0,0,0,0,0,50,0,29,31.13284232051228,20.492110001214314,55.65531500178622,1622.0
1789884065,50,,Aggregated,24.900000,0.000000,7,7,8,8,10,10,11,13,14,14,14,40205,0,6,9.011863547185872,3.0284199965535663,2104.1982940005255,6814.34319114538
1789884066,50,GET,GET /api/v1/reservas,18.400000,0.000000,7,7,8,8,10,10,11,13,14,14,14,30068,0,7,7.829431445896644,4.633864002244081,311.9985780067509,8965.0
1789884066,50,GET,GET /api/v1/reservas/{id},6.600000,0.000000,5,6,6,6,7,7,7,8,8,8,8,10066,0,5,5.669270848041869,3.0284199965535663,284.6892960005789,442.0
1789884066,50,POST,POST /api/v1/auth/login,0.000000,0.000000,0,0,0,0,0,0,0,0,0,0,0,50,0,1300.0,1369.1218887201103,628.633758999058,2104.1982940005255,1622.0
1789884066,50,POST,POST /api/v1/auth/refresh,0.000000,0.000000,0,0,0,0,0,0,0,0,0,0,0,50,0,29,31.13284232051228,20.492110001214314,55.65531500178622,1622.0
1789884066,50,,Aggregated,25.000000,0.000000,7,7,7,8,9,10,11,12,14,14,14,40234,0,6,9.009667485799097,3.0284199965535663,2104.1982940005255,6814.410498583287
1789884067,50,GET,GET /api/v1/reservas,19.000000,0.000000,7,7,8,8,9,10,11,13,14,14,14,30090,0,7,7.828720089073837,4.633864002244081,311.9985780067509,8965.0
1789884067,50,GET,GET /api/v1/reservas/{id},6.500000,0.000000,5,5,6,6,7,7,7,8,8,8,8,10068,0,5,5.668979492290329,3.0284199965535663,284.6892960005789,442.0
1789884067,50,POST,POST /api/v1/auth/login,0.000000,0.000000,0,0,0,0,0,0,0,0,0,0,0,50,0,1300.0,1369.1218887201103,628.633758999058,2104.1982940005255,1622.0
1789884067,50,POST,POST /api/v1/auth/refresh,0.000000,0.000000,0,0,0,0,0,0,0,0,0,0,0,50,0,29,31.13284232051228,20.492110001214314,55.65531500178622,1622.0
1789884067,50,,Aggregated,25.500000,0.000000,7,7,7,8,9,10,11,12,14,14,14,40258,0,6,9.008252013528788,3.0284199965535663,2104.1982940005255,6815.269163892891
1789884068,50,GET,GET /api/v1/reservas,18.800000,0.000000,7,7,8,8,10,10,11,14,14,14,14,30112,0,7,7.828139116506582,4.633864002244081,311.9985780067509,8965.0
1789884068,50,GET,GET /api/v1/reservas/{id},6.400000,0.000000,5,5,6,6,7,7,7,8,8,8,8,10071,0,5,5.668762439914391,3.0284199965535663,284.6892960005789,442.0
1789884068,50,POST,POST /api/v1/auth/login,0.000000,0.000000,0,0,0,0,0,0,0,0,0,0,0,50,0,1300.0,1369.1218887201103,628.633758999058,2104.1982940005255,1622.0
1789884068,50,POST,POST /api/v1/auth/refresh,0.000000,0.000000,0,0,0,0,0,0,0,0,0,0,0,50,0,29,31.13284232051228,20.492110001214314,55.65531500178622,1622.0
1789884068,50,,Aggregated,25.200000,0.000000,6,7,7,8,9,10,11,12,14,14,14,40283,0,6,9.006870594559867,3.0284199965535663,2104.1982940005255,6815.968572350619
1789884069,50,GET,GET /api/v1/reservas,18.900000,0.000000,7,7,8,8,10,10,11,14,14,14,14,30134,0,7,7.827161885718742,4.633864002244081,311.9985780067509,8965.0
1789884069,50,GET,GET /api/v1/reservas/{id},6.400000,0.000000,5,5,6,6,6,7,7,8,8,8,8,10075,0,5,5.66842245046054,3.0284199965535663,284.6892960005789,442.0
1789884069,50,POST,POST /api/v1/auth/login,0.000000,0.000000,0,0,0,0,0,0,0,0,0,0,0,50,0,1300.0,1369.1218887201103,628.633758999058,2104.1982940005255,1622.0
1789884069,50,POST,POST /api/v1/auth/refresh,0.000000,0.000000,0,0,0,0,0,0,0,0,0,0,0,50,0,29,31.13284232051228,20.492110001214314,55.65531500178622,1622.0
1789884069,50,,Aggregated,25.300000,0.000000,6,7,7,8,9,10,11,12,14,14,14,40309,0,6,9.00508047842094,3.0284199965535663,2104.1982940005255,6816.508968220497
1789884070,50,GET,GET /api/v1/reservas,19.300000,0.000000,7,7,8,8,10,11,14,17,17,17,17,30152,0,7,7.828886296771117,4.633864002244081,311.9985780067509,8965.0
1789884070,50,GET,GET /api/v1/reservas/{id},5.900000,0.000000,5,6,6,6,7,8,11,11,11,11,11,10084,0,5,5.670009958982826,3.0284199965535663,284.6892960005789,442.0
1789884070,50,POST,POST /api/v1/auth/login,0.000000,0.000000,0,0,0,0,0,0,0,0,0,0,0,50,0,1300.0,1369.1218887201103,628.633758999058,2104.1982940005255,1622.0
1789884070,50,POST,POST /api/v1/auth/refresh,0.000000,0.000000,0,0,0,0,0,0,0,0,0,0,0,50,0,29,31.13284232051228,20.492110001214314,55.65531500178622,1622.0
1789884070,50,,Aggregated,25.200000,0.000000,7,7,7,8,9,11,14,16,17,17,17,40336,0,6,9.00549624649585,3.0284199965535663,2104.1982940005255,6816.0454184847285
1789884071,50,GET,GET /api/v1/reservas,19.900000,0.000000,7,8,8,9,11,12,17,18,19,19,19,30170,0,7,7.831003602791912,4.633864002244081,311.9985780067509,8965.0
1789884071,50,GET,GET /api/v1/reservas/{id},5.500000,0.000000,5,6,7,7,9,11,16,21,21,21,21,10091,0,5,5.6735868698228265,3.0284199965535663,284.6892960005789,442.0
1789884071,50,POST,POST /api/v1/auth/login,0.000000,0.000000,0,0,0,0,0,0,0,0,0,0,0,50,0,1300.0,1369.1218887201103,628.633758999058,2104.1982940005255,1622.0
1789884071,50,POST,POST /api/v1/auth/refresh,0.000000,0.000000,0,0,0,0,0,0,0,0,0,0,0,50,0,29,31.13284232051228,20.492110001214314,55.65531500178622,1622.0
1789884071,50,,Aggregated,25.400000,0.000000,7,7,8,8,11,12,16,18,21,21,21,40361,0,6,9.006870006978154,3.0284199965535663,2104.1982940005255,6815.8983176829115
1789884072,50,GET,GET /api/v1/reservas,19.600000,0.000000,7,8,9,10,14,19,42,140,140,140,140,30186,0,7,7.8473804954364645,4.633864002244081,311.9985780067509,8965.0
1789884072,50,GET,GET /api/v1/reservas/{id},5.500000,0.000000,5,7,8,9,14,22,44,55,55,55,55,10099,0,5,5.68671216658886,3.0284199965535663,284.6892960005789,442.0
1789884072,50,POST,POST /api/v1/auth/login,0.000000,0.000000,0,0,0,0,0,0,0,0,0,0,0,50,0,1300.0,1369.1218887201103,628.633758999058,2104.1982940005255,1622.0
1789884072,50,POST,POST /api/v1/auth/refresh,0.000000,0.000000,0,0,0,0,0,0,0,0,0,0,0,50,0,29,31.13284232051228,20.492110001214314,55.65531500178622,1622.0
1789884072,50,,Aggregated,25.100000,0.000000,7,8,9,10,14,19,42,57,140,140,140,40385,0,6,9.021267063455667,3.0284199965535663,2104.1982940005255,6815.487136312988
1789884073,50,GET,GET /api/v1/reservas,19.300000,0.000000,7,9,11,12,15,19,42,140,140,140,140,30203,0,7,7.849655400795879,4.633864002244081,311.9985780067509,8965.0
1789884073,50,GET,GET /api/v1/reservas/{id},5.900000,0.000000,6,7,9,11,16,24,44,55,55,55,55,10104,0,5,5.6892969491678755,3.0284199965535663,284.6892960005789,442.0
1789884073,50,POST,POST /api/v1/auth/login,0.000000,0.000000,0,0,0,0,0,0,0,0,0,0,0,50,0,1300.0,1369.1218887201103,628.633758999058,2104.1982940005255,1622.0
1789884073,50,POST,POST /api/v1/auth/refresh,0.000000,0.000000,0,0,0,0,0,0,0,0,0,0,0,50,0,29,31.13284232051228,20.492110001214314,55.65531500178622,1622.0
1789884073,50,,Aggregated,25.200000,0.000000,7,8,10,12,15,21,44,57,140,140,140,40407,0,6,9.022707327855601,3.0284199965535663,2104.1982940005255,6815.602816343703
1789884074,50,GET,GET /api/v1/reservas,19.600000,0.000000,7,9,11,11,14,18,35,57,140,140,140,30233,0,7,7.849159067285553,4.633864002244081,311.9985780067509,8965.0
1789884074,50,GET,GET /api/v1/reservas/{id},5.800000,0.000000,5,7,9,11,16,24,44,55,55,55,55,10110,0,5,5.688517838417408,3.0284199965535663,284.6892960005789,442.0
1789884074,50,POST,POST /api/v1/auth/login,0.000000,0.000000,0,0,0,0,0,0,0,0,0,0,0,50,0,1300.0,1369.1218887201103,628.633758999058,2104.1982940005255,1622.0
1789884074,50,POST,POST /api/v1/auth/refresh,0.000000,0.000000,0,0,0,0,0,0,0,0,0,0,0,50,0,29,31.13284232051228,20.492110001214314,55.65531500178622,1622.0
1789884074,50,,Aggregated,25.400000,0.000000,7,8,10,11,15,21,42,57,140,140,140,40443,0,6,9.020776845923281,3.0284199965535663,2104.1982940005255,6816.251638107954
1789884075,50,GET,GET /api/v1/reservas,19.600000,0.000000,7,9,11,12,14,18,35,57,140,140,140,30249,0,7,7.84865541479844,4.633864002244081,311.9985780067509,8965.0
1789884075,50,GET,GET /api/v1/reservas/{id},5.900000,0.000000,6,7,9,11,16,24,44,55,55,55,55,10114,0,5,5.688320810103676,3.0284199965535663,284.6892960005789,442.0
1789884075,50,POST,POST /api/v1/auth/login,0.000000,0.000000,0,0,0,0,0,0,0,0,0,0,0,50,0,1300.0,1369.1218887201103,628.633758999058,2104.1982940005255,1622.0
1789884075,50,POST,POST /api/v1/auth/refresh,0.000000,0.000000,0,0,0,0,0,0,0,0,0,0,0,50,0,29,31.13284232051228,20.492110001214314,55.65531500178622,1622.0
1789884075,50,,Aggregated,25.500000,0.000000,7,9,10,11,15,21,42,57,140,140,140,40463,0,6,9.019558383403547,3.0284199965535663,2104.1982940005255,6816.471171193436
1789884076,50,GET,GET /api/v1/reservas,19.500000,0.000000,7,9,11,12,15,19,42,140,140,140,140,30267,0,7,7.847822199103124,4.633864002244081,311.9985780067509,8965.0
1789884076,50,GET,GET /api/v1/reservas/{id},5.700000,0.000000,6,7,9,11,16,24,44,55,55,55,55,10120,0,5,5.687434291145548,3.0284199965535663,284.6892960005789,442.0
1789884076,50,POST,POST /api/v1/auth/login,0.000000,0.000000,0,0,0,0,0,0,0,0,0,0,0,50,0,1300.0,1369.1218887201103,628.633758999058,2104.1982940005255,1622.0
1789884076,50,POST,POST /api/v1/auth/refresh,0.000000,0.000000,0,0,0,0,0,0,0,0,0,0,0,50,0,29,31.13284232051228,20.492110001214314,55.65531500178622,1622.0
1789884076,50,,Aggregated,25.200000,0.000000,7,9,10,12,15,21,42,57,140,140,140,40487,0,6,9.01769965862322,3.0284199965535663,2104.1982940005255,6816.481710178576
1789884077,50,GET,GET /api/v1/reservas,20.300000,0.000000,8,9,11,12,16,19,42,140,140,140,140,30288,0,7,7.848216782859001,4.633864002244081,311.9985780067509,8965.0
1789884077,50,GET,GET /api/v1/reservas/{id},5.600000,0.000000,5,7,9,11,16,24,44,55,55,55,55,10125,0,5,5.686952511248909,3.0284199965535663,284.6892960005789,442.0
1789884077,50,POST,POST /api/v1/auth/login,0.000000,0.000000,0,0,0,0,0,0,0,0,0,0,0,50,0,1300.0,1369.1218887201103,628.633758999058,2104.1982940005255,1622.0
1789884077,50,POST,POST /api/v1/auth/refresh,0.000000,0.000000,0,0,0,0,0,0,0,0,0,0,0,50,0,29,31.13284232051228,20.492110001214314,55.65531500178622,1622.0
1789884077,50,,Aggregated,25.900000,0.000000,7,9,11,12,16,22,42,57,140,140,140,40513,0,6,9.016856827380341,3.0284199965535663,2104.1982940005255,6816.808678695727
1789884078,50,GET,GET /api/v1/reservas,20.200000,0.000000,8,9,11,12,16,19,42,140,140,140,140,30306,0,7,7.847781993738674,4.633864002244081,311.9985780067509,8965.0
1789884078,50,GET,GET /api/v1/reservas/{id},5.400000,0.000000,5,7,8,9,14,22,44,55,55,55,55,10132,0,5,5.686275200788786,3.0284199965535663,284.6892960005789,442.0
1789884078,50,POST,POST /api/v1/auth/login,0.000000,0.000000,0,0,0,0,0,0,0,0,0,0,0,50,0,1300.0,1369.1218887201103,628.633758999058,2104.1982940005255,1622.0
1789884078,50,POST,POST /api/v1/auth/refresh,0.000000,0.000000,0,0,0,0,0,0,0,0,0,0,0,50,0,29,31.13284232051228,20.492110001214314,55.65531500178622,1622.0
1789884078,50,,Aggregated,25.600000,0.000000,7,9,10,12,16,22,42,57,140,140,140,40538,0,6,9.015268587218594,3.0284199965535663,2104.1982940005255,6816.661749469634
1789884079,50,GET,GET /api/v1/reservas,19.900000,0.000000,8,9,11,12,16,19,42,140,140,140,140,30321,0,7,7.8470850765889395,4.633864002244081,311.9985780067509,8965.0
1789884079,50,GET,GET /api/v1/reservas/{id},5.400000,0.000000,5,7,8,9,14,22,44,55,55,55,55,10143,0,5,5.685064235767027,3.0284199965535663,284.6892960005789,442.0
1789884079,50,POST,POST /api/v1/auth/login,0.000000,0.000000,0,0,0,0,0,0,0,0,0,0,0,50,0,1300.0,1369.1218887201103,628.633758999058,2104.1982940005255,1622.0
1789884079,50,POST,POST /api/v1/auth/refresh,0.000000,0.000000,0,0,0,0,0,0,0,0,0,0,0,50,0,29,31.13284232051228,20.492110001214314,55.65531500178622,1622.0
1789884079,50,,Aggregated,25.300000,0.000000,7,9,10,12,16,22,42,57,140,140,140,40564,0,6,9.013110386122408,3.0284199965535663,2104.1982940005255,6815.727517010157
1789884080,50,GET,GET /api/v1/reservas,19.600000,0.000000,7,9,10,11,15,19,42,140,140,140,140,30334,0,7,7.84667442266914,4.633864002244081,311.9985780067509,8965.0
1789884080,50,GET,GET /api/v1/reservas/{id},5.700000,0.000000,5,6,7,8,14,22,44,55,55,55,55,10151,0,5,5.684839484719229,3.0284199965535663,284.6892960005789,442.0
1789884080,50,POST,POST /api/v1/auth/login,0.000000,0.000000,0,0,0,0,0,0,0,0,0,0,0,50,0,1300.0,1369.1218887201103,628.633758999058,2104.1982940005255,1622.0
1789884080,50,POST,POST /api/v1/auth/refresh,0.000000,0.000000,0,0,0,0,0,0,0,0,0,0,0,50,0,29,31.13284232051228,20.492110001214314,55.65531500178622,1622.0
1789884080,50,,Aggregated,25.300000,0.000000,7,8,9,11,15,22,44,57,140,140,140,40585,0,6,9.011717730655702,3.0284199965535663,2104.1982940005255,6815.15959098189
1789884081,50,GET,GET /api/v1/reservas,19.500000,0.000000,7,8,9,10,15,23,42,140,140,140,140,30360,0,7,7.846920001753935,4.633864002244081,311.9985780067509,8965.0
1789884081,50,GET,GET /api/v1/reservas/{id},6.200000,0.000000,5,5,6,7,12,22,44,55,55,55,55,10156,0,5,5.684990432786752,3.0284199965535663,284.6892960005789,442.0
1789884081,50,POST,POST /api/v1/auth/login,0.000000,0.000000,0,0,0,0,0,0,0,0,0,0,0,50,0,1300.0,1369.1218887201103,628.633758999058,2104.1982940005255,1622.0
1789884081,50,POST,POST /api/v1/auth/refresh,0.000000,0.000000,0,0,0,0,0,0,0,0,0,0,0,50,0,29,31.13284232051228,20.492110001214314,55.65531500178622,1622.0
1789884081,50,,Aggregated,25.700000,0.000000,7,8,9,9,13,23,42,57,140,140,140,40616,0,6,9.010783697081516,3.0284199965535663,2104.1982940005255,6815.751231041954
1789884082,50,GET,GET /api/v1/reservas,18.800000,0.000000,7,8,8,9,11,12,17,23,29,29,29,30378,0,7,7.846845761051845,4.633864002244081,311.9985780067509,8965.0
1789884082,50,GET,GET /api/v1/reservas/{id},6.800000,0.000000,5,5,5,6,7,9,12,24,24,24,24,10163,0,5,5.684927425206695,3.0284199965535663,284.6892960005789,442.0
1789884082,50,POST,POST /api/v1/auth/login,0.000000,0.000000,0,0,0,0,0,0,0,0,0,0,0,50,0,1300.0,1369.1218887201103,628.633758999058,2104.1982940005255,1622.0
1789884082,50,POST,POST /api/v1/auth/refresh,0.000000,0.000000,0,0,0,0,0,0,0,0,0,0,0,50,0,29,31.13284232051228,20.492110001214314,55.65531500178622,1622.0
1789884082,50,,Aggregated,25.600000,0.000000,6,7,8,8,10,12,16,23,29,29,29,40641,0,6,9.009624135814564,3.0284199965535663,2104.1982940005255,6815.605324672129
1789884083,50,GET,GET /api/v1/reservas,18.300000,0.000000,7,7,8,8,9,11,15,23,29,29,29,30399,0,7,7.84587363196927,4.633864002244081,311.9985780067509,8965.0
1789884083,50,GET,GET /api/v1/reservas/{id},6.700000,0.000000,5,5,5,6,6,7,9,9,9,9,9,10167,0,5,5.68459213370311,3.0284199965535663,284.6892960005789,442.0
1789884083,50,POST,POST /api/v1/auth/login,0.000000,0.000000,0,0,0,0,0,0,0,0,0,0,0,50,0,1300.0,1369.1218887201103,628.633758999058,2104.1982940005255,1622.0
1789884083,50,POST,POST /api/v1/auth/refresh,0.000000,0.000000,0,0,0,0,0,0,0,0,0,0,0,50,0,29,31.13284232051228,20.492110001214314,55.65531500178622,1622.0
1789884083,50,,Aggregated,25.000000,0.000000,6,7,7,8,9,10,12,16,29,29,29,40666,0,6,9.007886128796157,3.0284199965535663,2104.1982940005255,6816.088353907441
1789884084,50,GET,GET /api/v1/reservas,19.000000,0.000000,7,7,7,8,9,10,15,23,29,29,29,30422,0,7,7.844636616074912,4.633864002244081,311.9985780067509,8965.0
1789884084,50,GET,GET /api/v1/reservas/{id},6.500000,0.000000,5,5,5,6,7,9,9,9,9,9,9,10168,0,5,5.684409129657446,3.0284199965535663,284.6892960005789,442.0
1789884084,50,POST,POST /api/v1/auth/login,0.000000,0.000000,0,0,0,0,0,0,0,0,0,0,0,50,0,1300.0,1369.1218887201103,628.633758999058,2104.1982940005255,1622.0
1789884084,50,POST,POST /api/v1/auth/refresh,0.000000,0.000000,0,0,0,0,0,0,0,0,0,0,0,50,0,29,31.13284232051228,20.492110001214314,55.65531500178622,1622.0
1789884084,50,,Aggregated,25.500000,0.000000,6,7,7,8,9,10,12,16,29,29,29,40690,0,6,9.006177038992849,3.0284199965535663,2104.1982940005255,6817.14637503072
1789884085,50,GET,GET /api/v1/reservas,19.200000,0.000000,7,7,7,8,9,10,15,23,29,29,29,30448,0,7,7.843624284525491,4.633864002244081,311.9985780067509,8965.0
1789884085,50,GET,GET /api/v1/reservas/{id},6.400000,0.000000,5,5,5,6,6,9,9,9,9,9,9,10170,0,5,5.684282218913586,3.0284199965535663,284.6892960005789,442.0
1789884085,50,POST,POST /api/v1/auth/login,0.000000,0.000000,0,0,0,0,0,0,0,0,0,0,0,50,0,1300.0,1369.1218887201103,628.633758999058,2104.1982940005255,1622.0
1789884085,50,POST,POST /api/v1/auth/refresh,0.000000,0.000000,0,0,0,0,0,0,0,0,0,0,0,50,0,29,31.13284232051228,20.492110001214314,55.65531500178622,1622.0
1789884085,50,,Aggregated,25.600000,0.000000,6,7,7,8,9,10,12,16,29,29,29,40718,0,6,9.004483494612074,3.0284199965535663,2104.1982940005255,6818.204725182965
1789884086,50,GET,GET /api/v1/reservas,19.400000,0.000000,6,7,7,8,9,10,15,23,29,29,29,30466,0,7,7.842715575075301,4.633864002244081,311.9985780067509,8965.0
1789884086,50,GET,GET /api/v1/reservas/{id},6.300000,0.000000,5,5,5,6,6,9,9,9,9,9,9,10176,0,5,5.683556222813605,3.0284199965535663,284.6892960005789,442.0
1789884086,50,POST,POST /api/v1/auth/login,0.000000,0.000000,0,0,0,0,0,0,0,0,0,0,0,50,0,1300.0,1369.1218887201103,628.633758999058,2104.1982940005255,1622.0
1789884086,50,POST,POST /api/v1/auth/refresh,0.000000,0.000000,0,0,0,0,0,0,0,0,0,0,0,50,0,29,31.13284232051228,20.492110001214314,55.65531500178622,1622.0
1789884086,50,,Aggregated,25.700000,0.000000,6,7,7,7,9,10,12,16,29,29,29,40742,0,6,9.002620818458261,3.0284199965535663,2104.1982940005255,6818.214177016347
1789884087,50,GET,GET /api/v1/reservas,18.900000,0.000000,6,7,7,8,9,10,12,13,29,29,29,30489,0,7,7.842768946743176,4.633864002244081,311.9985780067509,8965.0
1789884087,50,GET,GET /api/v1/reservas/{id},5.800000,0.000000,5,5,5,6,6,9,9,9,9,9,9,10181,0,5,5.683132983435577,3.0284199965535663,284.6892960005789,442.0
1789884087,50,POST,POST /api/v1/auth/login,0.000000,0.000000,0,0,0,0,0,0,0,0,0,0,0,50,0,1300.0,1369.1218887201103,628.633758999058,2104.1982940005255,1622.0
1789884087,50,POST,POST /api/v1/auth/refresh,0.000000,0.000000,0,0,0,0,0,0,0,0,0,0,0,50,0,29,31.13284232051228,20.492110001214314,55.65531500178622,1622.0
1789884087,50,,Aggregated,24.700000,0.000000,6,7,7,7,9,10,12,13,29,29,29,40770,0,6,9.00149364419037,3.0284199965535663,2104.1982940005255,6818.643291636007
1789884088,50,GET,GET /api/v1/reservas,19.900000,0.000000,6,7,7,8,9,11,13,16,29,29,29,30504,0,7,7.842524346520492,4.633864002244081,311.9985780067509,8965.0
1789884088,50,GET,GET /api/v1/reservas/{id},5.600000,0.000000,5,5,6,6,7,9,9,9,9,9,9,10184,0,5,5.683271247285666,3.0284199965535663,284.6892960005789,442.0
1789884088,50,POST,POST /api/v1/auth/login,0.000000,0.000000,0,0,0,0,0,0,0,0,0,0,0,50,0,1300.0,1369.1218887201103,628.633758999058,2104.1982940005255,1622.0
1789884088,50,POST,POST /api/v1/auth/refresh,0.000000,0.000000,0,0,0,0,0,0,0,0,0,0,0,50,0,29,31.13284232051228,20.492110001214314,55.65531500178622,1622.0
1789884088,50,,Aggregated,25.500000,0.000000,6,7,7,8,9,11,12,14,29,29,29,40788,0,6,9.000675041694848,3.0284199965535663,2104.1982940005255,6818.963616750025
1789884089,50,GET,GET /api/v1/reservas,19.900000,0.000000,6,7,7,8,9,11,12,14,29,29,29,30527,0,7,7.841268531603677,4.633864002244081,311.9985780067509,8965.0
1789884089,50,GET,GET /api/v1/reservas/{id},5.600000,0.000000,5,5,6,6,7,9,9,9,9,9,9,10190,0,5,5.682566194243756,3.0284199965535663,284.6892960005789,442.0
1789884089,50,POST,POST /api/v1/auth/login,0.000000,0.000000,0,0,0,0,0,0,0,0,0,0,0,50,0,1300.0,1369.1218887201103,628.633758999058,2104.1982940005255,1622.0
1789884089,50,POST,POST /api/v1/auth/refresh,0.000000,0.000000,0,0,0,0,0,0,0,0,0,0,0,50,0,29,31.13284232051228,20.492110001214314,55.65531500178622,1622.0
1789884089,50,,Aggregated,25.500000,0.000000,6,7,7,7,9,11,12,14,29,29,29,40817,0,6,8.998419544200711,3.0284199965535663,2104.1982940005255,6819.235490114414
1789884090,50,GET,GET /api/v1/reservas,20.200000,0.000000,6,7,7,7,9,11,12,14,29,29,29,30544,0,7,7.840396946381476,4.633864002244081,311.9985780067509,8965.0
1789884090,50,GET,GET /api/v1/reservas/{id},5.600000,0.000000,4,5,5,6,7,9,9,9,9,9,9,10198,0,5,5.681669005427188,3.0284199965535663,284.6892960005789,442.0
1789884090,50,POST,POST /api/v1/auth/login,0.000000,0.000000,0,0,0,0,0,0,0,0,0,0,0,50,0,1300.0,1369.1218887201103,628.633758999058,2104.1982940005255,1622.0
1789884090,50,POST,POST /api/v1/auth/refresh,0.000000,0.000000,0,0,0,0,0,0,0,0,0,0,0,50,0,29,31.13284232051228,20.492110001214314,55.65531500178622,1622.0
1789884090,50,,Aggregated,25.800000,0.000000,6,7,7,7,9,10,12,14,29,29,29,40842,0,6,8.996412550797057,3.0284199965535663,2104.1982940005255,6818.879486802801
1789884091,50,GET,GET /api/v1/reservas,19.600000,0.000000,6,7,7,7,9,11,14,22,29,29,29,30555,0,7,7.841489918483667,4.633864002244081,311.9985780067509,8965.0
1789884091,50,GET,GET /api/v1/reservas/{id},5.100000,0.000000,5,5,5,5,8,9,24,24,24,24,24,10204,0,5,5.68359976747875,3.0284199965535663,284.6892960005789,442.0
1789884091,50,POST,POST /api/v1/auth/login,0.000000,0.000000,0,0,0,0,0,0,0,0,0,0,0,50,0,1300.0,1369.1218887201103,628.633758999058,2104.1982940005255,1622.0
1789884091,50,POST,POST /api/v1/auth/refresh,0.000000,0.000000,0,0,0,0,0,0,0,0,0,0,0,50,0,29,31.13284232051228,20.492110001214314,55.65531500178622,1622.0
1789884091,50,,Aggregated,24.700000,0.000000,6,7,7,7,9,11,14,22,29,29,29,40859,0,6,8.996914095759875,3.0284199965535663,2104.1982940005255,6818.52083996182
1789884092,50,GET,GET /api/v1/reservas,20.500000,0.000000,6,7,7,7,9,11,13,16,29,29,29,30580,0,7,7.840397038923386,4.633864002244081,311.9985780067509,8965.0
1789884092,50,GET,GET /api/v1/reservas/{id},4.700000,0.000000,5,5,5,5,6,8,24,24,24,24,24,10211,0,5,5.682753987891049,3.0284199965535663,284.6892960005789,442.0
1789884092,50,POST,POST /api/v1/auth/login,0.000000,0.000000,0,0,0,0,0,0,0,0,0,0,0,50,0,1300.0,1369.1218887201103,628.633758999058,2104.1982940005255,1622.0
1789884092,50,POST,POST /api/v1/auth/refresh,0.000000,0.000000,0,0,0,0,0,0,0,0,0,0,0,50,0,29,31.13284232051228,20.492110001214314,55.65531500178622,1622.0
1789884092,50,,Aggregated,25.200000,0.000000,6,7,7,7,9,11,14,22,29,29,29,40891,0,6,8.99461199219055,3.0284199965535663,2104.1982940005255,6818.741581277053
1789884093,50,GET,GET /api/v1/reservas,20.900000,0.000000,6,7,7,7,9,11,14,22,29,29,29,30598,0,7,7.840035079099421,4.633864002244081,311.9985780067509,8965.0
1789884093,50,GET,GET /api/v1/reservas/{id},4.700000,0.000000,5,5,5,5,7,9,11,24,24,24,24,10218,0,5,5.682702462845055,3.0284199965535663,284.6892960005789,442.0
1789884093,50,POST,POST /api/v1/auth/login,0.000000,0.000000,0,0,0,0,0,0,0,0,0,0,0,50,0,1300.0,1369.1218887201103,628.633758999058,2104.1982940005255,1622.0
1789884093,50,POST,POST /api/v1/auth/refresh,0.000000,0.000000,0,0,0,0,0,0,0,0,0,0,0,50,0,29,31.13284232051228,20.492110001214314,55.65531500178622,1622.0
1789884093,50,,Aggregated,25.600000,0.000000,6,7,7,7,9,11,14,22,29,29,29,40916,0,6,8.993254073410547,3.0284199965535663,2104.1982940005255,6818.594828428976
1789884094,50,GET,GET /api/v1/reservas,19.600000,0.000000,6,7,7,7,9,11,14,22,29,29,29,30614,0,7,7.839278779031086,4.633864002244081,311.9985780067509,8965.0
1789884094,50,GET,GET /api/v1/reservas/{id},4.700000,0.000000,4,5,5,5,7,9,11,24,24,24,24,10225,0,5,5.68178095133058,3.0284199965535663,284.6892960005789,442.0
1789884094,50,POST,POST /api/v1/auth/login,0.000000,0.000000,0,0,0,0,0,0,0,0,0,0,0,50,0,1300.0,1369.1218887201103,628.633758999058,2104.1982940005255,1622.0
1789884094,50,POST,POST /api/v1/auth/refresh,0.000000,0.000000,0,0,0,0,0,0,0,0,0,0,0,50,0,29,31.13284232051228,20.492110001214314,55.65531500178622,1622.0
1789884094,50,,Aggregated,24.300000,0.000000,6,7,7,7,9,11,14,22,29,29,29,40939,0,6,8.991441591652068,3.0284199965535663,2104.1982940005255,6818.343388944527
1789884095,50,GET,GET /api/v1/reservas,20.200000,0.000000,6,7,7,7,9,11,14,22,29,29,29,30634,0,7,7.838594452838023,4.633864002244081,311.9985780067509,8965.0
1789884095,50,GET,GET /api/v1/reservas/{id},4.800000,0.000000,5,5,5,6,7,8,11,24,24,24,24,10231,0,5,5.681754272735282,3.0284199965535663,284.6892960005789,442.0
1789884095,50,POST,POST /api/v1/auth/login,0.000000,0.000000,0,0,0,0,0,0,0,0,0,0,0,50,0,1300.0,1369.1218887201103,628.633758999058,2104.1982940005255,1622.0
1789884095,50,POST,POST /api/v1/auth/refresh,0.000000,0.000000,0,0,0,0,0,0,0,0,0,0,0,50,0,29,31.13284232051228,20.492110001214314,55.65531500178622,1622.0
1789884095,50,,Aggregated,25.000000,0.000000,6,7,7,7,9,11,14,22,29,29,29,40965,0,6,8.989875918091682,3.0284199965535663,2104.1982940005255,6818.457512510679
1789884096,50,GET,GET /api/v1/reservas,19.900000,0.000000,6,7,7,8,9,11,14,22,29,29,29,30655,0,7,7.837490867827255,4.633864002244081,311.9985780067509,8965.0
1789884096,50,GET,GET /api/v1/reservas/{id},5.100000,0.000000,5,5,5,6,7,9,11,24,24,24,24,10236,0,5,5.681260865313875,3.0284199965535663,284.6892960005789,442.0
1789884096,50,POST,POST /api/v1/auth/login,0.000000,0.000000,0,0,0,0,0,0,0,0,0,0,0,50,0,1300.0,1369.1218887201103,628.633758999058,2104.1982940005255,1622.0
1789884096,50,POST,POST /api/v1/auth/refresh,0.000000,0.000000,0,0,0,0,0,0,0,0,0,0,0,50,0,29,31.13284232051228,20.492110001214314,55.65531500178622,1622.0
1789884096,50,,Aggregated,25.000000,0.000000,6,7,7,7,9,11,14,22,29,29,29,40991,0,6,8.987934066566526,3.0284199965535663,2104.1982940005255,6818.779414993535
1789884097,50,GET,GET /api/v1/reservas,19.200000,0.000000,6,7,7,7,9,10,13,22,29,29,29,30676,0,7,7.836546136890644,4.633864002244081,311.9985780067509,8965.0
1789884097,50,GET,GET /api/v1/reservas/{id},5.700000,0.000000,4,5,6,6,7,9,11,24,24,24,24,10240,0,5,5.680668346128215,3.0284199965535663,284.6892960005789,442.0
1789884097,50,POST,POST /api/v1/auth/login,0.000000,0.000000,0,0,0,0,0,0,0,0,0,0,0,50,0,1300.0,1369.1218887201103,628.633758999058,2104.1982940005255,1622.0
1789884097,50,POST,POST /api/v1/auth/refresh,0.000000,0.000000,0,0,0,0,0,0,0,0,0,0,0,50,0,29,31.13284232051228,20.492110001214314,55.65531500178622,1622.0
1789884097,50,,Aggregated,24.900000,0.000000,6,7,7,7,8,9,11,22,29,29,29,41016,0,6,8.986168073718584,3.0284199965535663,2104.1982940005255,6819.256387751121
1789884099,50,GET,GET /api/v1/reservas,18.700000,0.000000,6,7,7,8,9,10,11,22,29,29,29,30692,0,7,7.835982497792031,4.633864002244081,311.9985780067509,8965.0
1789884099,50,GET,GET /api/v1/reservas/{id},6.100000,0.000000,5,5,6,6,7,9,11,24,24,24,24,10246,0,5,5.680653543369213,3.0284199965535663,284.6892960005789,442.0
1789884099,50,POST,POST /api/v1/auth/login,0.000000,0.000000,0,0,0,0,0,0,0,0,0,0,0,50,0,1300.0,1369.1218887201103,628.633758999058,2104.1982940005255,1622.0
1789884099,50,POST,POST /api/v1/auth/refresh,0.000000,0.000000,0,0,0,0,0,0,0,0,0,0,0,50,0,29,31.13284232051228,20.492110001214314,55.65531500178622,1622.0
1789884099,50,,Aggregated,24.800000,0.000000,6,7,7,7,9,10,11,22,29,29,29,41038,0,6,8.984811335338591,3.0284199965535663,2104.1982940005255,6819.160582874409
1789884100,50,GET,GET /api/v1/reservas,19.000000,0.000000,6,7,7,8,9,10,12,22,29,29,29,30714,0,7,7.835028235991375,4.633864002244081,311.9985780067509,8965.0
1789884100,50,GET,GET /api/v1/reservas/{id},6.000000,0.000000,5,5,6,6,7,9,11,24,24,24,24,10253,0,5,5.679911550410619,3.0284199965535663,284.6892960005789,442.0
1789884100,50,POST,POST /api/v1/auth/login,0.000000,0.000000,0,0,0,0,0,0,0,0,0,0,0,50,0,1300.0,1369.1218887201103,628.633758999058,2104.1982940005255,1622.0
1789884100,50,POST,POST /api/v1/auth/refresh,0.000000,0.000000,0,0,0,0,0,0,0,0,0,0,0,50,0,29,31.13284232051228,20.492110001214314,55.65531500178622,1622.0
1789884100,50,,Aggregated,25.000000,0.000000,6,7,7,7,9,10,12,22,29,29,29,41067,0,6,8.982733750179714,3.0284199965535663,2104.1982940005255,6819.2231231889355
1789884101,50,GET,GET /api/v1/reservas,18.600000,0.000000,6,7,7,8,8,9,10,11,12,12,12,30729,0,7,7.834511114557579,4.633864002244081,311.9985780067509,8965.0
1789884101,50,GET,GET /api/v1/reservas/{id},5.900000,0.000000,5,5,6,6,6,8,8,9,9,9,9,10258,0,5,5.679618830215387,3.0284199965535663,284.6892960005789,442.0
1789884101,50,POST,POST /api/v1/auth/login,0.000000,0.000000,0,0,0,0,0,0,0,0,0,0,0,50,0,1300.0,1369.1218887201103,628.633758999058,2104.1982940005255,1622.0
1789884101,50,POST,POST /api/v1/auth/refresh,0.000000,0.000000,0,0,0,0,0,0,0,0,0,0,0,50,0,29,31.13284232051228,20.492110001214314,55.65531500178622,1622.0
1789884101,50,,Aggregated,24.500000,0.000000,6,7,7,7,8,9,10,10,12,12,12,41087,0,6,8.981452979083905,3.0284199965535663,2104.1982940005255,6819.230437851388
1789884102,50,GET,GET /api/v1/reservas,18.800000,0.000000,6,7,7,8,9,10,14,19,21,21,21,30753,0,7,7.835122901838916,4.633864002244081,311.9985780067509,8965.0
1789884102,50,GET,GET /api/v1/reservas/{id},6.200000,0.000000,5,5,6,6,8,9,15,15,15,15,15,10261,0,5,5.68117676799025,3.0284199965535663,284.6892960005789,442.0
1789884102,50,POST,POST /api/v1/auth/login,0.000000,0.000000,0,0,0,0,0,0,0,0,0,0,0,50,0,1300.0,1369.1218887201103,628.633758999058,2104.1982940005255,1622.0
1789884102,50,POST,POST /api/v1/auth/refresh,0.000000,0.000000,0,0,0,0,0,0,0,0,0,0,0,50,0,29,31.13284232051228,20.492110001214314,55.65531500178622,1622.0
1789884102,50,,Aggregated,25.000000,0.000000,6,7,7,7,9,10,14,15,21,21,21,41114,0,6,8.98138896649879,3.0284199965535663,2104.1982940005255,6820.017682541227
1789884103,50,GET,GET /api/v1/reservas,18.700000,0.000000,6,7,7,8,9,10,14,19,21,21,21,30776,0,7,7.8340998473896795,4.633864002244081,311.9985780067509,8965.0
1789884103,50,GET,GET /api/v1/reservas/{id},6.300000,0.000000,4,5,6,6,7,8,15,15,15,15,15,10263,0,5,5.680798877458057,3.0284199965535663,284.6892960005789,442.0
1789884103,50,POST,POST /api/v1/auth/login,0.000000,0.000000,0,0,0,0,0,0,0,0,0,0,0,50,0,1300.0,1369.1218887201103,628.633758999058,2104.1982940005255,1622.0
1789884103,50,POST,POST /api/v1/auth/refresh,0.000000,0.000000,0,0,0,0,0,0,0,0,0,0,0,50,0,29,31.13284232051228,20.492110001214314,55.65531500178622,1622.0
1789884103,50,,Aggregated,25.000000,0.000000,6,7,7,7,8,10,14,15,21,21,21,41139,0,6,8.979728052083132,3.0284199965535663,2104.1982940005255,6820.906828070687
1789884104,50,GET,GET /api/v1/reservas,18.500000,0.000000,6,7,8,8,9,11,14,19,21,21,21,30796,0,7,7.83443185271668,4.633864002244081,311.9985780067509,8965.0
1789884104,50,GET,GET /api/v1/reservas/{id},6.000000,0.000000,5,5,6,6,7,8,15,15,15,15,15,10268,0,5,5.680700571810485,3.0284199965535663,284.6892960005789,442.0
1789884104,50,POST,POST /api/v1/auth/login,0.000000,0.000000,0,0,0,0,0,0,0,0,0,0,0,50,0,1300.0,1369.1218887201103,628.633758999058,2104.1982940005255,1622.0
1789884104,50,POST,POST /api/v1/auth/refresh,0.000000,0.000000,0,0,0,0,0,0,0,0,0,0,0,50,0,29,31.13284232051228,20.492110001214314,55.65531500178622,1622.0
1789884104,50,,Aggregated,24.500000,0.000000,6,7,7,8,9,11,14,15,21,21,21,41164,0,6,8.978994591381888,3.0284199965535663,2104.1982940005255,6821.1737440481975
1789884105,50,GET,GET /api/v1/reservas,19.600000,0.000000,6,7,7,8,9,11,14,19,21,21,21,30814,0,7,7.833357069619927,4.633864002244081,311.9985780067509,8965.0
1789884105,50,GET,GET /api/v1/reservas/{id},5.200000,0.000000,4,5,5,6,7,8,15,15,15,15,15,10276,0,5,5.679905131895901,3.0284199965535663,284.6892960005789,442.0
1789884105,50,POST,POST /api/v1/auth/login,0.000000,0.000000,0,0,0,0,0,0,0,0,0,0,0,50,0,1300.0,1369.1218887201103,628.633758999058,2104.1982940005255,1622.0
1789884105,50,POST,POST /api/v1/auth/refresh,0.000000,0.000000,0,0,0,0,0,0,0,0,0,0,0,50,0,29,31.13284232051228,20.492110001214314,55.65531500178622,1622.0
1789884105,50,,Aggregated,24.800000,0.000000,6,7,7,8,9,11,14,15,21,21,21,41190,0,6,8.976851333592178,3.0284199965535663,2104.1982940005255,6820.871619325079
1789884106,50,GET,GET /api/v1/reservas,19.600000,0.000000,7,7,8,8,9,11,14,19,21,21,21,30834,0,7,7.832846265948752,4.633864002244081,311.9985780067509,8965.0
1789884106,50,GET,GET /api/v1/reservas/{id},5.200000,0.000000,5,5,6,6,7,8,15,15,15,15,15,10279,0,5,5.6798194599041905,3.0284199965535663,284.6892960005789,442.0
1789884106,50,POST,POST /api/v1/auth/login,0.000000,0.000000,0,0,0,0,0,0,0,0,0,0,0,50,0,1300.0,1369.1218887201103,628.633758999058,2104.1982940005255,1622.0
1789884106,50,POST,POST /api/v1/auth/refresh,0.000000,0.000000,0,0,0,0,0,0,0,0,0,0,0,50,0,29,31.13284232051228,20.492110001214314,55.65531500178622,1622.0
1789884106,50,,Aggregated,24.800000,0.000000,6,7,7,8,9,11,14,15,21,21,21,41213,0,6,8.975652889735038,3.0284199965535663,2104.1982940005255,6821.447795598477
1789884107,50,GET,GET /api/v1/reservas,20.000000,0.000000,7,7,8,8,9,11,14,19,21,21,21,30850,0,7,7.832099175535563,4.633864002244081,311.9985780067509,8965.0
1789884107,50,GET,GET /api/v1/reservas/{id},5.000000,0.000000,5,5,6,6,7,8,15,15,15,15,15,10287,0,5,5.679198579794876,3.0284199965535663,284.6892960005789,442.0
1789884107,50,POST,POST /api/v1/auth/login,0.000000,0.000000,0,0,0,0,0,0,0,0,0,0,0,50,0,1300.0,1369.1218887201103,628.633758999058,2104.1982940005255,1622.0
1789884107,50,POST,POST /api/v1/auth/refresh,0.000000,0.000000,0,0,0,0,0,0,0,0,0,0,0,50,0,29,31.13284232051228,20.492110001214314,55.65531500178622,1622.0
1789884107,50,,Aggregated,25.000000,0.000000,6,7,7,8,9,11,14,15,21,21,21,41237,0,6,8.973856291865392,3.0284199965535663,2104.1982940005255,6821.04187986517
1789884108,50,GET,GET /api/v1/reservas,20.000000,0.000000,6,7,8,8,10,12,14,19,21,21,21,30869,0,7,7.831540711077835,4.633864002244081,311.9985780067509,8965.0
1789884108,50,GET,GET /api/v1/reservas/{id},5.000000,0.000000,5,5,6,6,7,7,15,15,15,15,15,10291,0,5,5.67896346655834,3.0284199965535663,284.6892960005789,442.0
1789884108,50,POST,POST /api/v1/auth/login,0.000000,0.000000,0,0,0,0,0,0,0,0,0,0,0,50,0,1300.0,1369.1218887201103,628.633758999058,2104.1982940005255,1622.0
1789884108,50,POST,POST /api/v1/auth/refresh,0.000000,0.000000,0,0,0,0,0,0,0,0,0,0,0,50,0,29,31.13284232051228,20.492110001214314,55.65531500178622,1622.0
1789884108,50,,Aggregated,25.000000,0.000000,6,7,7,8,9,11,14,15,21,21,21,41260,0,6,8.972534653336032,3.0284199965535663,2104.1982940005255,6821.410736791081
1789884109,50,GET,GET /api/v1/reservas,19.400000,0.000000,7,7,8,8,10,12,14,19,21,21,21,30884,0,7,7.831175662358129,4.633864002244081,311.9985780067509,8965.0
1789884109,50,GET,GET /api/v1/reservas/{id},5.000000,0.000000,5,5,6,6,7,7,15,15,15,15,15,10298,0,5,5.678399665697459,3.0284199965535663,284.6892960005789,442.0
1789884109,50,POST,POST /api/v1/auth/login,0.000000,0.000000,0,0,0,0,0,0,0,0,0,0,0,50,0,1300.0,1369.1218887201103,628.633758999058,2104.1982940005255,1622.0
1789884109,50,POST,POST /api/v1/auth/refresh,0.000000,0.000000,0,0,0,0,0,0,0,0,0,0,0,50,0,29,31.13284232051228,20.492110001214314,55.65531500178622,1622.0
1789884109,50,,Aggregated,24.400000,0.000000,6,7,7,8,9,12,14,15,21,21,21,41282,0,6,8.971147848109394,3.0284199965535663,2104.1982940005255,6821.107892059494
1789884110,50,GET,GET /api/v1/reservas,19.300000,0.000000,6,7,8,8,10,12,14,19,21,21,21,30908,0,7,7.830657378939789,4.633864002244081,311.9985780067509,8965.0
1789884110,50,GET,GET /api/v1/reservas/{id},5.100000,0.000000,5,5,6,6,7,7,15,15,15,15,15,10302,0,5,5.677813981688882,3.0284199965535663,284.6892960005789,442.0
1789884110,50,POST,POST /api/v1/auth/login,0.000000,0.000000,0,0,0,0,0,0,0,0,0,0,0,50,0,1300.0,1369.1218887201103,628.633758999058,2104.1982940005255,1622.0
1789884110,50,POST,POST /api/v1/auth/refresh,0.000000,0.000000,0,0,0,0,0,0,0,0,0,0,0,50,0,29,31.13284232051228,20.492110001214314,55.65531500178622,1622.0
1789884110,50,,Aggregated,24.400000,0.000000,6,7,7,8,10,12,14,15,21,21,21,41310,0,6,8.969632884523383,3.0284199965535663,2104.1982940005255,6821.735754054708
1789884111,50,GET,GET /api/v1/reservas,19.300000,0.000000,6,7,7,8,9,11,12,14,15,15,15,30930,0,7,7.829625668000429,4.633864002244081,311.9985780067509,8965.0
1789884111,50,GET,GET /api/v1/reservas/{id},5.100000,0.000000,5,5,5,5,6,7,7,7,7,7,7,10307,0,5,5.677275015655753,3.0284199965535663,284.6892960005789,442.0
1789884111,50,POST,POST /api/v1/auth/login,0.000000,0.000000,0,0,0,0,0,0,0,0,0,0,0,50,0,1300.0,1369.1218887201103,628.633758999058,2104.1982940005255,1622.0
1789884111,50,POST,POST /api/v1/auth/refresh,0.000000,0.000000,0,0,0,0,0,0,0,0,0,0,0,50,0,29,31.13284232051228,20.492110001214314,55.65531500178622,1622.0
1789884111,50,,Aggregated,24.400000,0.000000,6,7,7,7,9,10,12,13,15,15,15,41337,0,6,8.967722187136179,3.0284199965535663,2104.1982940005255,6822.104748772286
1789884112,50,GET,GET /api/v1/reservas,19.300000,0.000000,6,7,8,8,9,12,13,15,16,16,16,30943,0,7,7.829821372144364,4.633864002244081,311.9985780067509,8965.0
1789884112,50,GET,GET /api/v1/reservas/{id},4.900000,0.000000,5,5,5,6,7,7,7,7,7,7,7,10314,0,5,5.677002602517307,3.0284199965535663,284.6892960005789,442.0
1789884112,50,POST,POST /api/v1/auth/login,0.000000,0.000000,0,0,0,0,0,0,0,0,0,0,0,50,0,1300.0,1369.1218887201103,628.633758999058,2104.1982940005255,1622.0
1789884112,50,POST,POST /api/v1/auth/refresh,0.000000,0.000000,0,0,0,0,0,0,0,0,0,0,0,50,0,29,31.13284232051228,20.492110001214314,55.65531500178622,1622.0
1789884112,50,,Aggregated,24.200000,0.000000,6,7,7,7,9,11,13,14,16,16,16,41357,0,6,8.966885995421759,3.0284199965535663,2104.1982940005255,6821.698454916943
1789884113,50,GET,GET /api/v1/reservas,19.300000,0.000000,6,7,7,8,9,10,13,15,16,16,16,30960,0,7,7.829123436442871,4.633864002244081,311.9985780067509,8965.0
1789884113,50,GET,GET /api/v1/reservas/{id},4.900000,0.000000,5,5,5,6,7,7,7,9,9,9,9,10319,0,5,5.6770423762341276,3.0284199965535663,284.6892960005789,442.0
1789884113,50,POST,POST /api/v1/auth/login,0.000000,0.000000,0,0,0,0,0,0,0,0,0,0,0,50,0,1300.0,1369.1218887201103,628.633758999058,2104.1982940005255,1622.0
1789884113,50,POST,POST /api/v1/auth/refresh,0.000000,0.000000,0,0,0,0,0,0,0,0,0,0,0,50,0,29,31.13284232051228,20.492110001214314,55.65531500178622,1622.0
1789884113,50,,Aggregated,24.200000,0.000000,6,7,7,7,8,10,12,14,16,16,16,41379,0,6,8.965509036580448,3.0284199965535663,2104.1982940005255,6821.808115227531
1789884114,50,GET,GET /api/v1/reservas,20.100000,0.000000,6,7,7,8,9,10,13,15,16,16,16,30975,0,7,7.828548493923539,4.633864002244081,311.9985780067509,8965.0
1789884114,50,GET,GET /api/v1/reservas/{id},4.900000,0.000000,5,5,5,6,7,7,7,9,9,9,9,10328,0,5,5.676174839500079,3.0284199965535663,284.6892960005789,442.0
1789884114,50,POST,POST /api/v1/auth/login,0.000000,0.000000,0,0,0,0,0,0,0,0,0,0,0,50,0,1300.0,1369.1218887201103,628.633758999058,2104.1982940005255,1622.0
1789884114,50,POST,POST /api/v1/auth/refresh,0.000000,0.000000,0,0,0,0,0,0,0,0,0,0,0,50,0,29,31.13284232051228,20.492110001214314,55.65531500178622,1622.0
1789884114,50,,Aggregated,25.000000,0.000000,6,7,7,7,8,10,12,14,16,16,16,41403,0,6,8.963735958594052,3.0284199965535663,2104.1982940005255,6821.197763447093
1789884115,50,GET,GET /api/v1/reservas,18.900000,0.000000,6,7,7,7,9,12,13,15,16,16,16,30996,0,7,7.8278602829170705,4.633864002244081,311.9985780067509,8965.0
1789884115,50,GET,GET /api/v1/reservas/{id},5.300000,0.000000,5,5,5,6,6,7,7,9,9,9,9,10334,0,5,5.675759940522293,3.0284199965535663,284.6892960005789,442.0
1789884115,50,POST,POST /api/v1/auth/login,0.000000,0.000000,0,0,0,0,0,0,0,0,0,0,0,50,0,1300.0,1369.1218887201103,628.633758999058,2104.1982940005255,1622.0
1789884115,50,POST,POST /api/v1/auth/refresh,0.000000,0.000000,0,0,0,0,0,0,0,0,0,0,0,50,0,29,31.13284232051228,20.492110001214314,55.65531500178622,1622.0
1789884115,50,,Aggregated,24.200000,0.000000,6,7,7,7,8,10,13,14,16,16,16,41430,0,6,8.96206606581429,3.0284199965535663,2104.1982940005255,6821.360559980691
1789884116,50,GET,GET /api/v1/reservas,17.900000,0.000000,6,7,7,7,9,12,13,15,16,16,16,31010,0,7,7.827161290883585,4.633864002244081,311.9985780067509,8965.0
1789884116,50,GET,GET /api/v1/reservas/{id},6.000000,0.000000,5,5,5,5,6,7,7,9,9,9,9,10337,0,5,5.675548449293683,3.0284199965535663,284.6892960005789,442.0
1789884116,50,POST,POST /api/v1/auth/login,0.000000,0.000000,0,0,0,0,0,0,0,0,0,0,0,50,0,1300.0,1369.1218887201103,628.633758999058,2104.1982940005255,1622.0
1789884116,50,POST,POST /api/v1/auth/refresh,0.000000,0.000000,0,0,0,0,0,0,0,0,0,0,0,50,0,29,31.13284232051228,20.492110001214314,55.65531500178622,1622.0
1789884116,50,,Aggregated,23.900000,0.000000,6,7,7,7,8,10,13,14,16,16,16,41447,0,6,8.960869363347888,3.0284199965535663,2104.1982940005255,6821.622891886023
1789884117,50,GET,GET /api/v1/reservas,17.900000,0.000000,6,7,7,8,9,12,13,15,16,16,16,31032,0,7,7.826648492887883,4.633864002244081,311.9985780067509,8965.0
1789884117,50,GET,GET /api/v1/reservas/{id},6.000000,0.000000,5,5,5,6,6,7,7,9,9,9,9,10344,0,5,5.675280952856597,3.0284199965535663,284.6892960005789,442.0
1789884117,50,POST,POST /api/v1/auth/login,0.000000,0.000000,0,0,0,0,0,0,0,0,0,0,0,50,0,1300.0,1369.1218887201103,628.633758999058,2104.1982940005255,1622.0
1789884117,50,POST,POST /api/v1/auth/refresh,0.000000,0.000000,0,0,0,0,0,0,0,0,0,0,0,50,0,29,31.13284232051228,20.492110001214314,55.65531500178622,1622.0
1789884117,50,,Aggregated,23.900000,0.000000,6,7,7,7,8,10,13,14,16,16,16,41476,0,6,8.959263158445284,3.0284199965535663,2104.1982940005255,6821.6830938374
1789884118,50,GET,GET /api/v1/reservas,18.200000,0.000000,6,7,7,7,9,10,13,15,16,16,16,31050,0,7,7.825681020364847,4.633864002244081,311.9985780067509,8965.0
1789884118,50,GET,GET /api/v1/reservas/{id},5.900000,0.000000,5,5,5,5,6,7,7,9,9,9,9,10350,0,5,5.674490352981056,3.0284199965535663,284.6892960005789,442.0
1789884118,50,POST,POST /api/v1/auth/login,0.000000,0.000000,0,0,0,0,0,0,0,0,0,0,0,50,0,1300.0,1369.1218887201103,628.633758999058,2104.1982940005255,1622.0
1789884118,50,POST,POST /api/v1/auth/refresh,0.000000,0.000000,0,0,0,0,0,0,0,0,0,0,0,50,0,29,31.13284232051228,20.492110001214314,55.65531500178622,1622.0
1789884118,50,,Aggregated,24.100000,0.000000,6,7,7,7,8,10,13,14,16,16,16,41500,0,6,8.957376081631653,3.0284199965535663,2104.1982940005255,6821.690361445783
1789884119,50,GET,GET /api/v1/reservas,18.200000,0.000000,6,7,7,7,9,12,13,15,16,16,16,31068,0,7,7.82586654813084,4.633864002244081,311.9985780067509,8965.0
1789884119,50,GET,GET /api/v1/reservas/{id},5.800000,0.000000,5,5,5,6,7,7,9,9,9,9,9,10357,0,5,5.674355276756212,3.0284199965535663,284.6892960005789,442.0
1789884119,50,POST,POST /api/v1/auth/login,0.000000,0.000000,0,0,0,0,0,0,0,0,0,0,0,50,0,1300.0,1369.1218887201103,628.633758999058,2104.1982940005255,1622.0
1789884119,50,POST,POST /api/v1/auth/refresh,0.000000,0.000000,0,0,0,0,0,0,0,0,0,0,0,50,0,29,31.13284232051228,20.492110001214314,55.65531500178622,1622.0
1789884119,50,,Aggregated,24.000000,0.000000,6,7,7,7,8,10,13,14,16,16,16,41525,0,6,8.956437232287156,3.0284199965535663,2104.1982940005255,6821.543985550873
1789884120,50,GET,GET /api/v1/reservas,18.100000,0.000000,6,7,7,8,9,12,13,15,16,16,16,31088,0,7,7.825210235020784,4.633864002244081,311.9985780067509,8965.0
1789884120,50,GET,GET /api/v1/reservas/{id},5.900000,0.000000,5,5,5,5,7,7,9,9,9,9,9,10368,0,5,5.672904600439807,3.0284199965535663,284.6892960005789,442.0
1789884120,50,POST,POST /api/v1/auth/login,0.000000,0.000000,0,0,0,0,0,0,0,0,0,0,0,50,0,1300.0,1369.1218887201103,628.633758999058,2104.1982940005255,1622.0
1789884120,50,POST,POST /api/v1/auth/refresh,0.000000,0.000000,0,0,0,0,0,0,0,0,0,0,0,50,0,29,31.13284232051228,20.492110001214314,55.65531500178622,1622.0
1789884120,50,,Aggregated,24.000000,0.000000,6,7,7,7,9,10,13,14,16,16,16,41556,0,6,8.954171412929954,3.0284199965535663,2104.1982940005255,6820.886899605352
1789884121,50,GET,GET /api/v1/reservas,18.100000,0.000000,6,7,7,7,9,10,13,14,15,15,15,31097,0,7,7.8248278045248085,4.633864002244081,311.9985780067509,8965.0
1789884121,50,GET,GET /api/v1/reservas/{id},5.900000,0.000000,5,5,5,5,6,7,9,9,9,9,9,10377,0,5,5.671916936625269,3.0284199965535663,284.6892960005789,442.0
1789884121,50,POST,POST /api/v1/auth/login,0.000000,0.000000,0,0,0,0,0,0,0,0,0,0,0,50,0,1300.0,1369.1218887201103,628.633758999058,2104.1982940005255,1622.0
1789884121,50,POST,POST /api/v1/auth/refresh,0.000000,0.000000,0,0,0,0,0,0,0,0,0,0,0,50,0,29,31.13284232051228,20.492110001214314,55.65531500178622,1622.0
1789884121,50,,Aggregated,24.000000,0.000000,6,7,7,7,8,10,12,13,15,15,15,41574,0,6,8.952684101618788,3.0284199965535663,2104.1982940005255,6819.970149612739
1789884122,50,GET,GET /api/v1/reservas,18.400000,0.000000,6,7,7,7,9,10,13,14,15,15,15,31119,0,7,7.82363408237076,4.633864002244081,311.9985780067509,8965.0
1789884122,50,GET,GET /api/v1/reservas/{id},5.800000,0.000000,5,5,5,5,6,7,7,9,9,9,9,10384,0,5,5.670974305986561,3.0284199965535663,284.6892960005789,442.0
1789884122,50,POST,POST /api/v1/auth/login,0.000000,0.000000,0,0,0,0,0,0,0,0,0,0,0,50,0,1300.0,1369.1218887201103,628.633758999058,2104.1982940005255,1622.0
1789884122,50,POST,POST /api/v1/auth/refresh,0.000000,0.000000,0,0,0,0,0,0,0,0,0,0,0,50,0,29,31.13284232051228,20.492110001214314,55.65531500178622,1622.0
1789884122,50,,Aggregated,24.200000,0.000000,6,7,7,7,8,9,12,13,15,15,15,41603,0,6,8.95040748875541,3.0284199965535663,2104.1982940005255,6820.031319856741
1789884123,50,GET,GET /api/v1/reservas,16.700000,0.000000,7,7,7,8,10,13,15,17,29,29,29,31141,0,7,7.825204859198116,4.633864002244081,311.9985780067509,8965.0
1789884123,50,GET,GET /api/v1/reservas/{id},7.000000,0.000000,5,5,5,5,6,9,15,22,22,22,22,10390,0,5,5.6736675871373,3.0284199965535663,284.6892960005789,442.0
1789884123,50,POST,POST /api/v1/auth/login,0.000000,0.000000,0,0,0,0,0,0,0,0,0,0,0,50,0,1300.0,1369.1218887201103,628.633758999058,2104.1982940005255,1622.0
1789884123,50,POST,POST /api/v1/auth/refresh,0.000000,0.000000,0,0,0,0,0,0,0,0,0,0,0,50,0,29,31.13284232051228,20.492110001214314,55.65531500178622,1622.0
1789884123,50,,Aggregated,23.700000,0.000000,6,7,7,7,9,13,15,17,29,29,29,41631,0,6,8.951186550951842,3.0284199965535663,2104.1982940005255,6820.245610242368
1789884124,50,GET,GET /api/v1/reservas,17.700000,0.000000,6,7,7,8,9,13,15,17,29,29,29,31160,0,7,7.824175881748589,4.633864002244081,311.9985780067509,8965.0
1789884124,50,GET,GET /api/v1/reservas/{id},7.000000,0.000000,5,5,5,5,6,9,15,22,22,22,22,10398,0,5,5.672832276625561,3.0284199965535663,284.6892960005789,442.0
1789884124,50,POST,POST /api/v1/auth/login,0.000000,0.000000,0,0,0,0,0,0,0,0,0,0,0,50,0,1300.0,1369.1218887201103,628.633758999058,2104.1982940005255,1622.0
1789884124,50,POST,POST /api/v1/auth/refresh,0.000000,0.000000,0,0,0,0,0,0,0,0,0,0,0,50,0,29,31.13284232051228,20.492110001214314,55.65531500178622,1622.0
1789884124,50,,Aggregated,24.700000,0.000000,6,7,7,7,9,12,15,17,29,29,29,41658,0,6,8.949065414558302,3.0284199965535663,2104.1982940005255,6819.998943780306
1789884125,50,GET,GET /api/v1/reservas,17.900000,0.000000,7,7,7,8,9,13,15,17,29,29,29,31174,0,7,7.823733356748815,4.633864002244081,311.9985780067509,8965.0
1789884125,50,GET,GET /api/v1/reservas/{id},7.100000,0.000000,5,5,5,5,6,9,15,22,22,22,22,10401,0,5,5.672470412781993,3.0284199965535663,284.6892960005789,442.0
1789884125,50,POST,POST /api/v1/auth/login,0.000000,0.000000,0,0,0,0,0,0,0,0,0,0,0,50,0,1300.0,1369.1218887201103,628.633758999058,2104.1982940005255,1622.0
1789884125,50,POST,POST /api/v1/auth/refresh,0.000000,0.000000,0,0,0,0,0,0,0,0,0,0,0,50,0,29,31.13284232051228,20.492110001214314,55.65531500178622,1622.0
1789884125,50,,Aggregated,25.000000,0.000000,6,7,7,7,9,12,15,17,29,29,29,41675,0,6,8.948030353417257,3.0284199965535663,2104.1982940005255,6820.260395920815
1789884126,50,GET,GET /api/v1/reservas,18.300000,0.000000,6,7,7,8,9,13,15,17,29,29,29,31200,0,7,7.822262383983914,4.633864002244081,311.9985780067509,8965.0
1789884126,50,GET,GET /api/v1/reservas/{id},7.000000,0.000000,4,5,5,5,5,9,15,22,22,22,22,10408,0,5,5.6713243341036765,3.0284199965535663,284.6892960005789,442.0
1789884126,50,POST,POST /api/v1/auth/login,0.000000,0.000000,0,0,0,0,0,0,0,0,0,0,0,50,0,1300.0,1369.1218887201103,628.633758999058,2104.1982940005255,1622.0
1789884126,50,POST,POST /api/v1/auth/refresh,0.000000,0.000000,0,0,0,0,0,0,0,0,0,0,0,50,0,29,31.13284232051228,20.492110001214314,55.65531500178622,1622.0
1789884126,50,,Aggregated,25.300000,0.000000,6,7,7,7,8,12,15,17,29,29,29,41708,0,6,8.945393368219055,3.0284199965535663,2104.1982940005255,6820.526901313897
1789884127,50,GET,GET /api/v1/reservas,17.700000,0.000000,6,7,7,8,9,13,15,17,29,29,29,31217,0,7,7.821716816039798,4.633864002244081,311.9985780067509,8965.0
1789884127,50,GET,GET /api/v1/reservas/{id},6.700000,0.000000,4,5,5,5,6,9,15,22,22,22,22,10411,0,5,5.671394970738464,3.0284199965535663,284.6892960005789,442.0
1789884127,50,POST,POST /api/v1/auth/login,0.000000,0.000000,0,0,0,0,0,0,0,0,0,0,0,50,0,1300.0,1369.1218887201103,628.633758999058,2104.1982940005255,1622.0
1789884127,50,POST,POST /api/v1/auth/refresh,0.000000,0.000000,0,0,0,0,0,0,0,0,0,0,0,50,0,29,31.13284232051228,20.492110001214314,55.65531500178622,1622.0
1789884127,50,,Aggregated,24.400000,0.000000,6,7,7,7,9,12,15,17,29,29,29,41728,0,6,8.944309898358503,3.0284199965535663,2104.1982940005255,6820.9419814033745
1789884128,50,GET,GET /api/v1/reservas,18.900000,0.000000,6,7,7,7,9,11,15,17,29,29,29,31234,0,7,7.820807185929746,4.633864002244081,311.9985780067509,8965.0
1789884128,50,GET,GET /api/v1/reservas/{id},7.200000,0.000000,4,5,5,5,5,9,15,22,22,22,22,10419,0,5,5.670207592510528,3.0284199965535663,284.6892960005789,442.0
1789884128,50,POST,POST /api/v1/auth/login,0.000000,0.000000,0,0,0,0,0,0,0,0,0,0,0,50,0,1300.0,1369.1218887201103,628.633758999058,2104.1982940005255,1622.0
1789884128,50,POST,POST /api/v1/auth/refresh,0.000000,0.000000,0,0,0,0,0,0,0,0,0,0,0,50,0,29,31.13284232051228,20.492110001214314,55.65531500178622,1622.0
1789884128,50,,Aggregated,26.100000,0.000000,6,6,7,7,8,10,15,17,29,29,29,41753,0,6,8.942248966630613,3.0284199965535663,2104.1982940005255,6820.592723876129
1789884129,50,GET,GET /api/v1/reservas,18.900000,0.000000,6,7,7,7,8,10,15,17,29,29,29,31255,0,7,7.8196245813581555,4.633864002244081,311.9985780067509,8965.0
1789884129,50,GET,GET /api/v1/reservas/{id},7.200000,0.000000,4,5,5,5,6,10,15,22,22,22,22,10422,0,5,5.669910024886808,3.0284199965535663,284.6892960005789,442.0
1789884129,50,POST,POST /api/v1/auth/login,0.000000,0.000000,0,0,0,0,0,0,0,0,0,0,0,50,0,1300.0,1369.1218887201103,628.633758999058,2104.1982940005255,1622.0
1789884129,50,POST,POST /api/v1/auth/refresh,0.000000,0.000000,0,0,0,0,0,0,0,0,0,0,0,50,0,29,31.13284232051228,20.492110001214314,55.65531500178622,1622.0
1789884129,50,,Aggregated,26.100000,0.000000,6,6,7,7,8,10,15,17,29,29,29,41777,0,6,8.94049130195444,3.0284199965535663,2104.1982940005255,6821.212605021902
1789884130,50,GET,GET /api/v1/reservas,18.300000,0.000000,6,7,7,7,9,10,15,17,29,29,29,31268,0,7,7.81933059144646,4.633864002244081,311.9985780067509,8965.0
1789884130,50,GET,GET /api/v1/reservas/{id},6.700000,0.000000,4,5,5,5,7,10,15,22,22,22,22,10433,0,5,5.669895862779555,3.0284199965535663,284.6892960005789,442.0
1789884130,50,POST,POST /api/v1/auth/login,0.000000,0.000000,0,0,0,0,0,0,0,0,0,0,0,50,0,1300.0,1369.1218887201103,628.633758999058,2104.1982940005255,1622.0
1789884130,50,POST,POST /api/v1/auth/refresh,0.000000,0.000000,0,0,0,0,0,0,0,0,0,0,0,50,0,29,31.13284232051228,20.492110001214314,55.65531500178622,1622.0
1789884130,50,,Aggregated,25.000000,0.000000,6,6,7,7,9,10,15,17,29,29,29,41801,0,6,8.93905861155853,3.0284199965535663,2104.1982940005255,6820.200617210115
1789884131,50,GET,GET /api/v1/reservas,18.800000,0.000000,6,7,7,7,9,10,15,17,29,29,29,31286,0,7,7.818529420933474,4.633864002244081,311.9985780067509,8965.0
1789884131,50,GET,GET /api/v1/reservas/{id},6.700000,0.000000,5,5,5,6,9,10,15,22,22,22,22,10440,0,5,5.669612103963442,3.0284199965535663,284.6892960005789,442.0
1789884131,50,POST,POST /api/v1/auth/login,0.000000,0.000000,0,0,0,0,0,0,0,0,0,0,0,50,0,1300.0,1369.1218887201103,628.633758999058,2104.1982940005255,1622.0
1789884131,50,POST,POST /api/v1/auth/refresh,0.000000,0.000000,0,0,0,0,0,0,0,0,0,0,0,50,0,29,31.13284232051228,20.492110001214314,55.65531500178622,1622.0
1789884131,50,,Aggregated,25.500000,0.000000,6,7,7,7,9,10,15,17,29,29,29,41826,0,6,8.937359498415677,3.0284199965535663,2104.1982940005255,6820.056185147994
1789884132,50,GET,GET /api/v1/reservas,18.100000,0.000000,6,7,7,7,8,9,12,15,18,18,18,31309,0,7,7.818201308099948,4.633864002244081,311.9985780067509,8965.0
1789884132,50,GET,GET /api/v1/reservas/{id},6.500000,0.000000,4,5,5,5,6,9,9,9,9,9,9,10441,0,5,5.669517331517844,3.0284199965535663,284.6892960005789,442.0
1789884132,50,POST,POST /api/v1/auth/login,0.000000,0.000000,0,0,0,0,0,0,0,0,0,0,0,50,0,1300.0,1369.1218887201103,628.633758999058,2104.1982940005255,1622.0
1789884132,50,POST,POST /api/v1/auth/refresh,0.000000,0.000000,0,0,0,0,0,0,0,0,0,0,0,50,0,29,31.13284232051228,20.492110001214314,55.65531500178622,1622.0
1789884132,50,,Aggregated,24.600000,0.000000,6,6,7,7,8,9,10,14,18,18,18,41850,0,6,8.936397413756517,3.0284199965535663,2104.1982940005255,6821.082604540024
1789884133,50,GET,GET /api/v1/reservas,18.500000,0.000000,6,7,7,8,9,10,13,15,18,18,18,31332,0,7,7.818324767052705,4.633864002244081,311.9985780067509,8965.0
1789884133,50,GET,GET /api/v1/reservas/{id},6.300000,0.000000,5,5,6,6,9,9,11,11,11,11,11,10446,0,5,5.670286685467129,3.0284199965535663,284.6892960005789,442.0
1789884133,50,POST,POST /api/v1/auth/login,0.000000,0.000000,0,0,0,0,0,0,0,0,0,0,0,50,0,1300.0,1369.1218887201103,628.633758999058,2104.1982940005255,1622.0
1789884133,50,POST,POST /api/v1/auth/refresh,0.000000,0.000000,0,0,0,0,0,0,0,0,0,0,0,50,0,29,31.13284232051228,20.492110001214314,55.65531500178622,1622.0
1789884133,50,,Aggregated,24.800000,0.000000,6,7,7,7,9,9,13,14,18,18,18,41878,0,6,8.935677512529637,3.0284199965535663,2104.1982940005255,6821.498447872391
1789884134,50,GET,GET /api/v1/reservas,18.500000,0.000000,6,7,7,7,9,10,13,15,18,18,18,31349,0,7,7.817420699553355,4.633864002244081,311.9985780067509,8965.0
1789884134,50,GET,GET /api/v1/reservas/{id},6.300000,0.000000,4,5,6,6,7,9,9,11,11,11,11,10456,0,5,5.669131680124456,3.0284199965535663,284.6892960005789,442.0
1789884134,50,POST,POST /api/v1/auth/login,0.000000,0.000000,0,0,0,0,0,0,0,0,0,0,0,50,0,1300.0,1369.1218887201103,628.633758999058,2104.1982940005255,1622.0
1789884134,50,POST,POST /api/v1/auth/refresh,0.000000,0.000000,0,0,0,0,0,0,0,0,0,0,0,50,0,29,31.13284232051228,20.492110001214314,55.65531500178622,1622.0
1789884134,50,,Aggregated,24.800000,0.000000,6,7,7,7,8,9,13,14,18,18,18,41905,0,6,8.933480465569993,3.0284199965535663,2104.1982940005255,6820.845650876983
1789884135,50,GET,GET /api/v1/reservas,19.300000,0.000000,6,7,7,8,9,10,13,15,18,18,18,31363,0,7,7.817014412278728,4.633864002244081,311.9985780067509,8965.0
1789884135,50,GET,GET /api/v1/reservas/{id},5.500000,0.000000,5,5,6,6,7,9,9,11,11,11,11,10461,0,5,5.668764865250251,3.0284199965535663,284.6892960005789,442.0
1789884135,50,POST,POST /api/v1/auth/login,0.000000,0.000000,0,0,0,0,0,0,0,0,0,0,0,50,0,1300.0,1369.1218887201103,628.633758999058,2104.1982940005255,1622.0
1789884135,50,POST,POST /api/v1/auth/refresh,0.000000,0.000000,0,0,0,0,0,0,0,0,0,0,0,50,0,29,31.13284232051228,20.492110001214314,55.65531500178622,1622.0
1789884135,50,,Aggregated,24.800000,0.000000,6,7,7,7,9,10,13,14,18,18,18,41924,0,6,8.932322984918228,3.0284199965535663,2104.1982940005255,6820.800901631524
1789884136,50,GET,GET /api/v1/reservas,19.100000,0.000000,6,7,7,7,8,10,13,15,18,18,18,31386,0,7,7.815727690571374,4.633864002244081,311.9985780067509,8965.0
1789884136,50,GET,GET /api/v1/reservas/{id},5.800000,0.000000,5,5,6,6,7,9,9,11,11,11,11,10471,0,5,5.667578820016206,3.0284199965535663,284.6892960005789,442.0
1789884136,50,POST,POST /api/v1/auth/login,0.000000,0.000000,0,0,0,0,0,0,0,0,0,0,0,50,0,1300.0,1369.1218887201103,628.633758999058,2104.1982940005255,1622.0
1789884136,50,POST,POST /api/v1/auth/refresh,0.000000,0.000000,0,0,0,0,0,0,0,0,0,0,0,50,0,29,31.13284232051228,20.492110001214314,55.65531500178622,1622.0
1789884136,50,,Aggregated,24.900000,0.000000,6,7,7,7,8,9,13,14,18,18,18,41957,0,6,8.929675231134112,3.0284199965535663,2104.1982940005255,6820.455990657101
1789884137,50,GET,GET /api/v1/reservas,19.000000,0.000000,6,7,7,8,9,10,13,15,18,18,18,31400,0,7,7.815267294402932,4.633864002244081,311.9985780067509,8965.0
1789884137,50,GET,GET /api/v1/reservas/{id},5.900000,0.000000,5,5,6,6,7,9,9,11,11,11,11,10477,0,5,5.6668415241383405,3.0284199965535663,284.6892960005789,442.0
1789884137,50,POST,POST /api/v1/auth/login,0.000000,0.000000,0,0,0,0,0,0,0,0,0,0,0,50,0,1300.0,1369.1218887201103,628.633758999058,2104.1982940005255,1622.0
1789884137,50,POST,POST /api/v1/auth/refresh,0.000000,0.000000,0,0,0,0,0,0,0,0,0,0,0,50,0,29,31.13284232051228,20.492110001214314,55.65531500178622,1622.0
1789884137,50,,Aggregated,24.900000,0.000000,6,7,7,7,8,9,13,14,18,18,18,41977,0,6,8.928309032200504,3.0284199965535663,2104.1982940005255,6820.259523072158
1789884138,50,GET,GET /api/v1/reservas,18.500000,0.000000,6,7,7,8,9,10,13,15,18,18,18,31420,0,7,7.814302816653437,4.633864002244081,311.9985780067509,8965.0
1789884138,50,GET,GET /api/v1/reservas/{id},6.300000,0.000000,5,5,6,6,7,9,9,11,11,11,11,10481,0,5,5.666535457914806,3.0284199965535663,284.6892960005789,442.0
1789884138,50,POST,POST /api/v1/auth/login,0.000000,0.000000,0,0,0,0,0,0,0,0,0,0,0,50,0,1300.0,1369.1218887201103,628.633758999058,2104.1982940005255,1622.0
1789884138,50,POST,POST /api/v1/auth/refresh,0.000000,0.000000,0,0,0,0,0,0,0,0,0,0,0,50,0,29,31.13284232051228,20.492110001214314,55.65531500178622,1622.0
1789884138,50,,Aggregated,24.800000,0.000000,6,7,7,7,8,9,13,14,18,18,18,42001,0,6,8.926670536075026,3.0284199965535663,2104.1982940005255,6820.673364919883
1789884139,50,GET,GET /api/v1/reservas,18.400000,0.000000,6,7,7,7,8,10,13,15,18,18,18,31440,0,7,7.813585772304387,4.633864002244081,311.9985780067509,8965.0
1789884139,50,GET,GET /api/v1/reservas/{id},6.600000,0.000000,5,5,5,5,6,9,9,11,11,11,11,10487,0,5,5.665966457843824,3.0284199965535663,284.6892960005789,442.0
1789884139,50,POST,POST /api/v1/auth/login,0.000000,0.000000,0,0,0,0,0,0,0,0,0,0,0,50,0,1300.0,1369.1218887201103,628.633758999058,2104.1982940005255,1622.0
1789884139,50,POST,POST /api/v1/auth/refresh,0.000000,0.000000,0,0,0,0,0,0,0,0,0,0,0,50,0,29,31.13284232051228,20.492110001214314,55.65531500178622,1622.0
1789884139,50,,Aggregated,25.000000,0.000000,6,7,7,7,8,9,13,14,18,18,18,42027,0,6,8.92499734638897,3.0284199965535663,2104.1982940005255,6820.783163204606
1789884140,50,GET,GET /api/v1/reservas,18.300000,0.000000,7,7,7,8,8,10,13,15,18,18,18,31454,0,7,7.813257649050446,4.633864002244081,311.9985780067509,8965.0
1789884140,50,GET,GET /api/v1/reservas/{id},6.300000,0.000000,5,5,5,5,6,7,9,11,11,11,11,10493,0,5,5.665683804098718,3.0284199965535663,284.6892960005789,442.0
1789884140,50,POST,POST /api/v1/auth/login,0.000000,0.000000,0,0,0,0,0,0,0,0,0,0,0,50,0,1300.0,1369.1218887201103,628.633758999058,2104.1982940005255,1622.0
1789884140,50,POST,POST /api/v1/auth/refresh,0.000000,0.000000,0,0,0,0,0,0,0,0,0,0,0,50,0,29,31.13284232051228,20.492110001214314,55.65531500178622,1622.0
1789884140,50,,Aggregated,24.600000,0.000000,6,7,7,7,8,9,13,14,18,18,18,42047,0,6,8.923846238772605,3.0284199965535663,2104.1982940005255,6820.586867077318
1789884141,50,GET,GET /api/v1/reservas,18.400000,0.000000,6,7,7,8,9,9,10,13,13,13,13,31477,0,7,7.812240686000037,4.633864002244081,311.9985780067509,8965.0
1789884141,50,GET,GET /api/v1/reservas/{id},6.500000,0.000000,5,5,5,5,6,7,9,11,11,11,11,10498,0,5,5.664879342199249,3.0284199965535663,284.6892960005789,442.0
1789884141,50,POST,POST /api/v1/auth/login,0.000000,0.000000,0,0,0,0,0,0,0,0,0,0,0,50,0,1300.0,1369.1218887201103,628.633758999058,2104.1982940005255,1622.0
1789884141,50,POST,POST /api/v1/auth/refresh,0.000000,0.000000,0,0,0,0,0,0,0,0,0,0,0,50,0,29,31.13284232051228,20.492110001214314,55.65531500178622,1622.0
1789884141,50,,Aggregated,24.900000,0.000000,6,7,7,7,8,9,10,11,13,13,13,42075,0,6,8.92189043279054,3.0284199965535663,2104.1982940005255,6821.0010932857995
1789884142,50,GET,GET /api/v1/reservas,18.400000,0.000000,6,7,7,7,8,9,10,10,19,19,19,31493,0,7,7.812119649802276,4.633864002244081,311.9985780067509,8965.0
1789884142,50,GET,GET /api/v1/reservas/{id},6.500000,0.000000,5,5,5,5,6,6,7,7,7,7,7,10502,0,5,5.664813795029819,3.0284199965535663,284.6892960005789,442.0
1789884142,50,POST,POST /api/v1/auth/login,0.000000,0.000000,0,0,0,0,0,0,0,0,0,0,0,50,0,1300.0,1369.1218887201103,628.633758999058,2104.1982940005255,1622.0
1789884142,50,POST,POST /api/v1/auth/refresh,0.000000,0.000000,0,0,0,0,0,0,0,0,0,0,0,50,0,29,31.13284232051228,20.492110001214314,55.65531500178622,1622.0
1789884142,50,,Aggregated,24.900000,0.000000,6,6,7,7,8,9,10,10,19,19,19,42095,0,6,8.921052266508074,3.0284199965535663,2104.1982940005255,6821.2098586530465
1789884143,50,GET,GET /api/v1/reservas,19.200000,0.000000,6,7,7,7,8,9,10,11,19,19,19,31508,0,7,7.811992496547474,4.633864002244081,311.9985780067509,8965.0
1789884143,50,GET,GET /api/v1/reservas/{id},5.800000,0.000000,5,5,5,5,6,7,7,7,7,7,7,10512,0,5,5.664681982247842,3.0284199965535663,284.6892960005789,442.0
1789884143,50,POST,POST /api/v1/auth/login,0.000000,0.000000,0,0,0,0,0,0,0,0,0,0,0,50,0,1300.0,1369.1218887201103,628.633758999058,2104.1982940005255,1622.0
1789884143,50,POST,POST /api/v1/auth/refresh,0.000000,0.000000,0,0,0,0,0,0,0,0,0,0,0,50,0,29,31.13284232051228,20.492110001214314,55.65531500178622,1622.0
1789884143,50,,Aggregated,25.000000,0.000000,6,7,7,7,8,9,10,10,19,19,19,42120,0,6,8.91975624716615,3.0284199965535663,2104.1982940005255,6820.458784425451
1789884144,50,GET,GET /api/v1/reservas,18.600000,0.000000,6,7,7,8,8,9,10,11,19,19,19,31526,0,7,7.811280733369615,4.633864002244081,311.9985780067509,8965.0
1789884144,50,GET,GET /api/v1/reservas/{id},6.100000,0.000000,5,5,5,5,7,7,8,10,10,10,10,10519,0,5,5.6647743106169575,3.0284199965535663,284.6892960005789,442.0
1789884144,50,POST,POST /api/v1/auth/login,0.000000,0.000000,0,0,0,0,0,0,0,0,0,0,0,50,0,1300.0,1369.1218887201103,628.633758999058,2104.1982940005255,1622.0
1789884144,50,POST,POST /api/v1/auth/refresh,0.000000,0.000000,0,0,0,0,0,0,0,0,0,0,0,50,0,29,31.13284232051228,20.492110001214314,55.65531500178622,1622.0
1789884144,50,,Aggregated,24.700000,0.000000,6,7,7,7,8,9,10,10,19,19,19,42145,0,6,8.918233098247038,3.0284199965535663,2104.1982940005255,6820.315292442757
1789884145,50,GET,GET /api/v1/reservas,17.500000,0.000000,7,7,8,8,9,10,10,11,19,19,19,31545,0,7,7.81120320419137,4.633864002244081,311.9985780067509,8965.0
1789884145,50,GET,GET /api/v1/reservas/{id},6.700000,0.000000,5,5,5,6,7,7,8,10,10,10,10,10525,0,5,5.664466526308163,3.0284199965535663,284.6892960005789,442.0
1789884145,50,POST,POST /api/v1/auth/login,0.000000,0.000000,0,0,0,0,0,0,0,0,0,0,0,50,0,1300.0,1369.1218887201103,628.633758999058,2104.1982940005255,1622.0
1789884145,50,POST,POST /api/v1/auth/refresh,0.000000,0.000000,0,0,0,0,0,0,0,0,0,0,0,50,0,29,31.13284232051228,20.492110001214314,55.65531500178622,1622.0
1789884145,50,,Aggregated,24.200000,0.000000,6,7,7,8,8,10,10,11,19,19,19,42170,0,6,8.917136633095597,3.0284199965535663,2104.1982940005255,6820.374081100308
1789884146,50,GET,GET /api/v1/reservas,17.500000,0.000000,6,7,8,8,9,10,11,12,19,19,19,31563,0,7,7.810449916110902,4.633864002244081,311.9985780067509,8965.0
1789884146,50,GET,GET /api/v1/reservas/{id},6.700000,0.000000,5,5,6,6,7,7,8,10,10,10,10,10529,0,5,5.663934187233513,3.0284199965535663,284.6892960005789,442.0
1789884146,50,POST,POST /api/v1/auth/login,0.000000,0.000000,0,0,0,0,0,0,0,0,0,0,0,50,0,1300.0,1369.1218887201103,628.633758999058,2104.1982940005255,1622.0
1789884146,50,POST,POST /api/v1/auth/refresh,0.000000,0.000000,0,0,0,0,0,0,0,0,0,0,0,50,0,29,31.13284232051228,20.492110001214314,55.65531500178622,1622.0
1789884146,50,,Aggregated,24.200000,0.000000,6,7,7,7,8,10,10,11,19,19,19,42192,0,6,8.915660085125644,3.0284199965535663,2104.1982940005255,6820.684324042472
1789884147,50,GET,GET /api/v1/reservas,17.900000,0.000000,7,7,8,8,9,10,11,12,19,19,19,31581,0,7,7.810436599734171,4.633864002244081,311.9985780067509,8965.0
1789884147,50,GET,GET /api/v1/reservas/{id},6.500000,0.000000,5,5,6,6,7,7,10,10,10,10,10,10531,0,5,5.663903990729537,3.0284199965535663,284.6892960005789,442.0
1789884147,50,POST,POST /api/v1/auth/login,0.000000,0.000000,0,0,0,0,0,0,0,0,0,0,0,50,0,1300.0,1369.1218887201103,628.633758999058,2104.1982940005255,1622.0
1789884147,50,POST,POST /api/v1/auth/refresh,0.000000,0.000000,0,0,0,0,0,0,0,0,0,0,0,50,0,29,31.13284232051228,20.492110001214314,55.65531500178622,1622.0
1789884147,50,,Aggregated,24.400000,0.000000,6,7,7,8,9,10,11,11,19,19,19,42212,0,6,8.915017239993574,3.0284199965535663,2104.1982940005255,6821.296479674026
1789884148,50,GET,GET /api/v1/reservas,17.900000,0.000000,7,7,8,8,10,11,14,15,19,19,19,31608,0,7,7.811045130795548,4.633864002244081,311.9985780067509,8965.0
1789884148,50,GET,GET /api/v1/reservas/{id},5.800000,0.000000,5,6,6,6,7,8,9,10,10,10,10,10538,0,5,5.66426867777372,3.0284199965535663,284.6892960005789,442.0
1789884148,50,POST,POST /api/v1/auth/login,0.000000,0.000000,0,0,0,0,0,0,0,0,0,0,0,50,0,1300.0,1369.1218887201103,628.633758999058,2104.1982940005255,1622.0
1789884148,50,POST,POST /api/v1/auth/refresh,0.000000,0.000000,0,0,0,0,0,0,0,0,0,0,0,50,0,29,31.13284232051228,20.492110001214314,55.65531500178622,1622.0
1789884148,50,,Aggregated,23.700000,0.000000,6,7,8,8,9,11,13,14,19,19,19,42246,0,6,8.914318855574404,3.0284199965535663,2104.1982940005255,6821.6095251621455
1789884149,50,GET,GET /api/v1/reservas,18.100000,0.000000,7,7,8,8,10,11,14,15,19,19,19,31621,0,7,7.810621095892018,4.633864002244081,311.9985780067509,8965.0
1789884149,50,GET,GET /api/v1/reservas/{id},5.400000,0.000000,5,5,6,6,7,8,10,10,10,10,10,10542,0,5,5.664010618892729,3.0284199965535663,284.6892960005789,442.0
1789884149,50,POST,POST /api/v1/auth/login,0.000000,0.000000,0,0,0,0,0,0,0,0,0,0,0,50,0,1300.0,1369.1218887201103,628.633758999058,2104.1982940005255,1622.0
1789884149,50,POST,POST /api/v1/auth/refresh,0.000000,0.000000,0,0,0,0,0,0,0,0,0,0,0,50,0,29,31.13284232051228,20.492110001214314,55.65531500178622,1622.0
1789884149,50,,Aggregated,23.500000,0.000000,6,7,8,8,9,11,13,14,19,19,19,42263,0,6,8.91329025789934,3.0284199965535663,2104.1982940005255,6821.665026145802
1789884150,50,GET,GET /api/v1/reservas,18.600000,0.000000,7,7,8,8,10,11,14,15,19,19,19,31641,0,7,7.8098068393915065,4.633864002244081,311.9985780067509,8965.0
1789884150,50,GET,GET /api/v1/reservas/{id},5.500000,0.000000,5,6,6,6,7,8,10,10,10,10,10,10548,0,5,5.663617237899246,3.0284199965535663,284.6892960005789,442.0
1789884150,50,POST,POST /api/v1/auth/login,0.000000,0.000000,0,0,0,0,0,0,0,0,0,0,0,50,0,1300.0,1369.1218887201103,628.633758999058,2104.1982940005255,1622.0
1789884150,50,POST,POST /api/v1/auth/refresh,0.000000,0.000000,0,0,0,0,0,0,0,0,0,0,0,50,0,29,31.13284232051228,20.492110001214314,55.65531500178622,1622.0
1789884150,50,,Aggregated,24.100000,0.000000,6,7,8,8,9,11,13,14,19,19,19,42289,0,6,8.91160040158384,3.0284199965535663,2104.1982940005255,6821.773534488874
1789884151,50,GET,GET /api/v1/reservas,17.900000,0.000000,7,7,8,8,10,11,14,15,15,15,15,31661,0,7,7.809660530185155,4.633864002244081,311.9985780067509,8965.0
1789884151,50,GET,GET /api/v1/reservas/{id},5.400000,0.000000,5,6,6,6,7,8,9,10,10,10,10,10556,0,5,5.663203129724241,3.0284199965535663,284.6892960005789,442.0
1789884151,50,POST,POST /api/v1/auth/login,0.000000,0.000000,0,0,0,0,0,0,0,0,0,0,0,50,0,1300.0,1369.1218887201103,628.633758999058,2104.1982940005255,1622.0
1789884151,50,POST,POST /api/v1/auth/refresh,0.000000,0.000000,0,0,0,0,0,0,0,0,0,0,0,50,0,29,31.13284232051228,20.492110001214314,55.65531500178622,1622.0
1789884151,50,,Aggregated,23.300000,0.000000,6,7,8,8,9,11,13,14,15,15,15,42317,0,6,8.91025287320917,3.0284199965535663,2104.1982940005255,6821.580381407
1789884152,50,GET,GET /api/v1/reservas,18.600000,0.000000,7,7,8,8,10,11,14,15,15,15,15,31675,0,7,7.809145720069622,4.633864002244081,311.9985780067509,8965.0
1789884152,50,GET,GET /api/v1/reservas/{id},5.500000,0.000000,5,6,6,6,7,8,10,10,10,10,10,10561,0,5,5.662782337976288,3.0284199965535663,284.6892960005789,442.0
1789884152,50,POST,POST /api/v1/auth/login,0.000000,0.000000,0,0,0,0,0,0,0,0,0,0,0,50,0,1300.0,1369.1218887201103,628.633758999058,2104.1982940005255,1622.0
1789884152,50,POST,POST /api/v1/auth/refresh,0.000000,0.000000,0,0,0,0,0,0,0,0,0,0,0,50,0,29,31.13284232051228,20.492110001214314,55.65531500178622,1622.0
1789884152,50,,Aggregated,24.100000,0.000000,6,7,8,8,9,11,13,14,15,15,15,42336,0,6,8.909015294468158,3.0284199965535663,2104.1982940005255,6821.535737906273
1789884153,50,GET,GET /api/v1/reservas,18.600000,0.000000,7,7,8,8,10,11,14,15,15,15,15,31695,0,7,7.808660540659855,4.633864002244081,311.9985780067509,8965.0
1789884153,50,GET,GET /api/v1/reservas/{id},5.800000,0.000000,5,5,6,6,6,7,9,9,9,9,9,10567,0,5,5.662036379612291,3.0284199965535663,284.6892960005789,442.0
1789884153,50,POST,POST /api/v1/auth/login,0.000000,0.000000,0,0,0,0,0,0,0,0,0,0,0,50,0,1300.0,1369.1218887201103,628.633758999058,2104.1982940005255,1622.0
1789884153,50,POST,POST /api/v1/auth/refresh,0.000000,0.000000,0,0,0,0,0,0,0,0,0,0,0,50,0,29,31.13284232051228,20.492110001214314,55.65531500178622,1622.0
1789884153,50,,Aggregated,24.400000,0.000000,6,7,8,8,9,11,13,14,15,15,15,42362,0,6,8.907487153855065,3.0284199965535663,2104.1982940005255,6821.644138614796
1789884154,50,GET,GET /api/v1/reservas,17.900000,0.000000,7,7,8,8,9,12,14,15,15,15,15,31716,0,7,7.808538776080819,4.633864002244081,311.9985780067509,8965.0
1789884154,50,GET,GET /api/v1/reservas/{id},5.900000,0.000000,5,6,6,6,7,8,11,11,11,11,11,10572,0,5,5.662749040518423,3.0284199965535663,284.6892960005789,442.0
1789884154,50,POST,POST /api/v1/auth/login,0.000000,0.000000,0,0,0,0,0,0,0,0,0,0,0,50,0,1300.0,1369.1218887201103,628.633758999058,2104.1982940005255,1622.0
1789884154,50,POST,POST /api/v1/auth/refresh,0.000000,0.000000,0,0,0,0,0,0,0,0,0,0,0,50,0,29,31.13284232051228,20.492110001214314,55.65531500178622,1622.0
1789884154,50,,Aggregated,23.800000,0.000000,7,7,8,8,9,11,14,14,15,15,15,42388,0,6,8.906646579941755,3.0284199965535663,2104.1982940005255,6821.953477399264
1789884155,50,GET,GET /api/v1/reservas,18.600000,0.000000,7,7,8,8,9,11,14,15,15,15,15,31736,0,7,7.807694033154079,4.633864002244081,311.9985780067509,8965.0
1789884155,50,GET,GET /api/v1/reservas/{id},5.500000,0.000000,5,6,6,6,7,8,11,11,11,11,11,10577,0,5,5.662048441937005,3.0284199965535663,284.6892960005789,442.0
1789884155,50,POST,POST /api/v1/auth/login,0.000000,0.000000,0,0,0,0,0,0,0,0,0,0,0,50,0,1300.0,1369.1218887201103,628.633758999058,2104.1982940005255,1622.0
1789884155,50,POST,POST /api/v1/auth/refresh,0.000000,0.000000,0,0,0,0,0,0,0,0,0,0,0,50,0,29,31.13284232051228,20.492110001214314,55.65531500178622,1622.0
1789884155,50,,Aggregated,24.100000,0.000000,7,7,8,8,9,11,14,14,15,15,15,42413,0,6,8.904939541144854,3.0284199965535663,2104.1982940005255,6822.211916157782
1789884156,50,GET,GET /api/v1/reservas,18.900000,0.000000,7,7,8,8,10,11,14,15,15,15,15,31749,0,7,7.8076271983418675,4.633864002244081,311.9985780067509,8965.0
1789884156,50,GET,GET /api/v1/reservas/{id},5.300000,0.000000,5,6,6,6,7,8,9,11,11,11,11,10585,0,5,5.662101939004148,3.0284199965535663,284.6892960005789,442.0
1789884156,50,POST,POST /api/v1/auth/login,0.000000,0.000000,0,0,0,0,0,0,0,0,0,0,0,50,0,1300.0,1369.1218887201103,628.633758999058,2104.1982940005255,1622.0
1789884156,50,POST,POST /api/v1/auth/refresh,0.000000,0.000000,0,0,0,0,0,0,0,0,0,0,0,50,0,29,31.13284232051228,20.492110001214314,55.65531500178622,1622.0
1789884156,50,,Aggregated,24.200000,0.000000,6,7,8,8,9,11,14,14,15,15,15,42434,0,6,8.903955354115709,3.0284199965535663,2104.1982940005255,6821.665527642928
1789884157,50,GET,GET /api/v1/reservas,19.300000,0.000000,7,7,8,8,9,11,12,14,15,15,15,31772,0,7,7.806335892111634,4.633864002244081,311.9985780067509,8965.0
1789884157,50,GET,GET /api/v1/reservas/{id},5.200000,0.000000,5,5,6,6,7,8,8,11,11,11,11,10591,0,5,5.661359864731003,3.0284199965535663,284.6892960005789,442.0
1789884157,50,POST,POST /api/v1/auth/login,0.000000,0.000000,0,0,0,0,0,0,0,0,0,0,0,50,0,1300.0,1369.1218887201103,628.633758999058,2104.1982940005255,1622.0
1789884157,50,POST,POST /api/v1/auth/refresh,0.000000,0.000000,0,0,0,0,0,0,0,0,0,0,0,50,0,29,31.13284232051228,20.492110001214314,55.65531500178622,1622.0
1789884157,50,,Aggregated,24.500000,0.000000,6,7,7,8,8,10,11,13,15,15,15,42463,0,6,8.901752180570568,3.0284199965535663,2104.1982940005255,6821.925017073688
1789884158,50,GET,GET /api/v1/reservas,18.600000,0.000000,7,7,7,8,9,10,11,14,15,15,15,31787,0,7,7.805743394411448,4.633864002244081,311.9985780067509,8965.0
1789884158,50,GET,GET /api/v1/reservas/{id},5.400000,0.000000,5,5,6,6,7,8,8,11,11,11,11,10599,0,5,5.660893027963422,3.0284199965535663,284.6892960005789,442.0
1789884158,50,POST,POST /api/v1/auth/login,0.000000,0.000000,0,0,0,0,0,0,0,0,0,0,0,50,0,1300.0,1369.1218887201103,628.633758999058,2104.1982940005255,1622.0
1789884158,50,POST,POST /api/v1/auth/refresh,0.000000,0.000000,0,0,0,0,0,0,0,0,0,0,0,50,0,29,31.13284232051228,20.492110001214314,55.65531500178622,1622.0
1789884158,50,,Aggregated,24.000000,0.000000,6,7,7,7,8,9,11,13,15,15,15,42486,0,6,8.900195524021376,3.0284199965535663,2104.1982940005255,6821.480322929906
1789884159,50,GET,GET /api/v1/reservas,19.000000,0.000000,6,7,7,8,9,9,11,14,15,15,15,31805,0,7,7.804616768909213,4.633864002244081,311.9985780067509,8965.0
1789884159,50,GET,GET /api/v1/reservas/{id},5.900000,0.000000,5,5,6,6,7,8,8,11,11,11,11,10606,0,5,5.660065915556979,3.0284199965535663,284.6892960005789,442.0
1789884159,50,POST,POST /api/v1/auth/login,0.000000,0.000000,0,0,0,0,0,0,0,0,0,0,0,50,0,1300.0,1369.1218887201103,628.633758999058,2104.1982940005255,1622.0
1789884159,50,POST,POST /api/v1/auth/refresh,0.000000,0.000000,0,0,0,0,0,0,0,0,0,0,0,50,0,29,31.13284232051228,20.492110001214314,55.65531500178622,1622.0
1789884159,50,,Aggregated,24.900000,0.000000,6,7,7,7,8,9,11,13,15,15,15,42511,0,6,8.898149466904705,3.0284199965535663,2104.1982940005255,6821.337465597139
1789884160,50,GET,GET /api/v1/reservas,18.400000,0.000000,6,7,7,7,8,9,11,11,14,14,14,31827,0,7,7.803885243759805,4.633864002244081,311.9985780067509,8965.0
1789884160,50,GET,GET /api/v1/reservas/{id},6.300000,0.000000,5,5,5,6,7,8,8,11,11,11,11,10610,0,5,5.659839059226078,3.0284199965535663,284.6892960005789,442.0
1789884160,50,POST,POST /api/v1/auth/login,0.000000,0.000000,0,0,0,0,0,0,0,0,0,0,0,50,0,1300.0,1369.1218887201103,628.633758999058,2104.1982940005255,1622.0
1789884160,50,POST,POST /api/v1/auth/refresh,0.000000,0.000000,0,0,0,0,0,0,0,0,0,0,0,50,0,29,31.13284232051228,20.492110001214314,55.65531500178622,1622.0
1789884160,50,,Aggregated,24.700000,0.000000,6,7,7,7,8,9,11,11,14,14,14,42537,0,6,8.896675473671467,3.0284199965535663,2104.1982940005255,6821.8462750076405
1789884161,50,GET,GET /api/v1/reservas,18.400000,0.000000,7,7,8,8,9,10,11,12,14,14,14,31850,0,7,7.803977176080933,4.633864002244081,311.9985780067509,8965.0
1789884161,50,GET,GET /api/v1/reservas/{id},6.400000,0.000000,5,5,5,6,7,8,8,11,11,11,11,10618,0,5,5.6594281309455265,3.0284199965535663,284.6892960005789,442.0
1789884161,50,POST,POST /api/v1/auth/login,0.000000,0.000000,0,0,0,0,0,0,0,0,0,0,0,50,0,1300.0,1369.1218887201103,628.633758999058,2104.1982940005255,1622.0
1789884161,50,POST,POST /api/v1/auth/refresh,0.000000,0.000000,0,0,0,0,0,0,0,0,0,0,0,50,0,29,31.13284232051228,20.492110001214314,55.65531500178622,1622.0
1789884161,50,,Aggregated,24.800000,0.000000,6,7,7,8,9,10,11,11,14,14,14,42568,0,6,8.895442997194804,3.0284199965535663,2104.1982940005255,6821.805252772036
1789884162,50,GET,GET /api/v1/reservas,18.600000,0.000000,7,7,7,8,9,11,11,12,14,14,14,31866,0,7,7.803406229121434,4.633864002244081,311.9985780067509,8965.0
1789884162,50,GET,GET /api/v1/reservas/{id},6.000000,0.000000,5,5,5,6,7,8,8,11,11,11,11,10619,0,5,5.659264743702522,3.0284199965535663,284.6892960005789,442.0
1789884162,50,POST,POST /api/v1/auth/login,0.000000,0.000000,0,0,0,0,0,0,0,0,0,0,0,50,0,1300.0,1369.1218887201103,628.633758999058,2104.1982940005255,1622.0
1789884162,50,POST,POST /api/v1/auth/refresh,0.000000,0.000000,0,0,0,0,0,0,0,0,0,0,0,50,0,29,31.13284232051228,20.492110001214314,55.65531500178622,1622.0
1789884162,50,,Aggregated,24.600000,0.000000,6,7,7,8,9,10,11,11,14,14,14,42585,0,6,8.894488945933823,3.0284199965535663,2104.1982940005255,6822.460678642715
1789884163,50,GET,GET /api/v1/reservas,18.700000,0.000000,6,7,7,8,8,10,11,11,12,12,12,31888,0,7,7.802499716545036,4.633864002244081,311.9985780067509,8965.0
1789884163,50,GET,GET /api/v1/reservas/{id},6.200000,0.000000,5,5,5,5,6,8,8,10,10,10,10,10626,0,5,5.659038033539109,3.0284199965535663,284.6892960005789,442.0
1789884163,50,POST,POST /api/v1/auth/login,0.000000,0.000000,0,0,0,0,0,0,0,0,0,0,0,50,0,1300.0,1369.1218887201103,628.633758999058,2104.1982940005255,1622.0
1789884163,50,POST,POST /api/v1/auth/refresh,0.000000,0.000000,0,0,0,0,0,0,0,0,0,0,0,50,0,29,31.13284232051228,20.492110001214314,55.65531500178622,1622.0
1789884163,50,,Aggregated,24.900000,0.000000,6,7,7,7,8,9,11,11,12,12,12,42614,0,6,8.892659352738672,3.0284199965535663,2104.1982940005255,6822.518702773737
1789884164,50,GET,GET /api/v1/reservas,19.200000,0.000000,6,7,7,8,9,11,12,14,17,17,17,31902,0,7,7.802915642693115,4.633864002244081,311.9985780067509,8965.0
1789884164,50,GET,GET /api/v1/reservas/{id},5.700000,0.000000,5,5,5,6,7,8,9,10,10,10,10,10632,0,5,5.659085959687532,3.0284199965535663,284.6892960005789,442.0
1789884164,50,POST,POST /api/v1/auth/login,0.000000,0.000000,0,0,0,0,0,0,0,0,0,0,0,50,0,1300.0,1369.1218887201103,628.633758999058,2104.1982940005255,1622.0
1789884164,50,POST,POST /api/v1/auth/refresh,0.000000,0.000000,0,0,0,0,0,0,0,0,0,0,0,50,0,29,31.13284232051228,20.492110001214314,55.65531500178622,1622.0
1789884164,50,,Aggregated,24.900000,0.000000,6,7,7,7,9,10,12,13,17,17,17,42634,0,6,8.8921694729236,3.0284199965535663,2104.1982940005255,6822.324295163485
1789884165,50,GET,GET /api/v1/reservas,19.400000,0.000000,6,7,7,7,9,11,12,14,17,17,17,31926,0,7,7.801687139296707,4.633864002244081,311.9985780067509,8965.0
1789884165,50,GET,GET /api/v1/reservas/{id},5.800000,0.000000,5,5,5,6,7,8,9,10,10,10,10,10636,0,5,5.658547571869196,3.0284199965535663,284.6892960005789,442.0
1789884165,50,POST,POST /api/v1/auth/login,0.000000,0.000000,0,0,0,0,0,0,0,0,0,0,0,50,0,1300.0,1369.1218887201103,628.633758999058,2104.1982940005255,1622.0
1789884165,50,POST,POST /api/v1/auth/refresh,0.000000,0.000000,0,0,0,0,0,0,0,0,0,0,0,50,0,29,31.13284232051228,20.492110001214314,55.65531500178622,1622.0
1789884165,50,,Aggregated,25.200000,0.000000,6,7,7,7,8,10,12,13,17,17,17,42662,0,6,8.890199993802883,3.0284199965535663,2104.1982940005255,6822.9314612535745
1789884166,50,GET,GET /api/v1/reservas,18.500000,0.000000,6,7,7,8,9,11,12,14,17,17,17,31951,0,7,7.801073612193176,4.633864002244081,311.9985780067509,8965.0
1789884166,50,GET,GET /api/v1/reservas/{id},6.100000,0.000000,5,5,5,6,7,8,10,10,10,10,10,10640,0,5,5.65838671676747,3.0284199965535663,284.6892960005789,442.0
1789884166,50,POST,POST /api/v1/auth/login,0.000000,0.000000,0,0,0,0,0,0,0,0,0,0,0,50,0,1300.0,1369.1218887201103,628.633758999058,2104.1982940005255,1622.0
1789884166,50,POST,POST /api/v1/auth/refresh,0.000000,0.000000,0,0,0,0,0,0,0,0,0,0,0,50,0,29,31.13284232051228,20.492110001214314,55.65531500178622,1622.0
1789884166,50,,Aggregated,24.600000,0.000000,6,7,7,7,9,10,12,13,17,17,17,42691,0,6,8.8887604928819,3.0284199965535663,2104.1982940005255,6823.587992785365
1789884167,50,GET,GET /api/v1/reservas,18.900000,0.000000,6,7,7,8,9,11,12,14,17,17,17,31970,0,7,7.799951524809573,4.633864002244081,311.9985780067509,8965.0
1789884167,50,GET,GET /api/v1/reservas/{id},5.900000,0.000000,5,5,5,6,7,8,10,10,10,10,10,10646,0,5,5.6577799657518435,3.0284199965535663,284.6892960005789,442.0
1789884167,50,POST,POST /api/v1/auth/login,0.000000,0.000000,0,0,0,0,0,0,0,0,0,0,0,50,0,1300.0,1369.1218887201103,628.633758999058,2104.1982940005255,1622.0
1789884167,50,POST,POST /api/v1/auth/refresh,0.000000,0.000000,0,0,0,0,0,0,0,0,0,0,0,50,0,29,31.13284232051228,20.492110001214314,55.65531500178622,1622.0
1789884167,50,,Aggregated,24.800000,0.000000,6,7,7,7,8,10,12,13,17,17,17,42716,0,6,8.886831920488513,3.0284199965535663,2104.1982940005255,6823.644114617474
1789884168,50,GET,GET /api/v1/reservas,19.500000,0.000000,6,7,7,8,9,11,12,14,17,17,17,31990,0,7,7.7995263460511035,4.633864002244081,311.9985780067509,8965.0
1789884168,50,GET,GET /api/v1/reservas/{id},5.600000,0.000000,4,5,5,6,7,8,10,10,10,10,10,10653,0,5,5.656980725278216,3.0284199965535663,284.6892960005789,442.0
1789884168,50,POST,POST /api/v1/auth/login,0.000000,0.000000,0,0,0,0,0,0,0,0,0,0,0,50,0,1300.0,1369.1218887201103,628.633758999058,2104.1982940005255,1622.0
1789884168,50,POST,POST /api/v1/auth/refresh,0.000000,0.000000,0,0,0,0,0,0,0,0,0,0,0,50,0,29,31.13284232051228,20.492110001214314,55.65531500178622,1622.0
1789884168,50,,Aggregated,25.100000,0.000000,6,7,7,8,9,10,12,13,17,17,17,42743,0,6,8.885277122068988,3.0284199965535663,2104.1982940005255,6823.6009639005215
1789884169,50,GET,GET /api/v1/reservas,19.800000,0.000000,7,7,7,8,9,11,12,14,17,17,17,32009,0,7,7.79874627455267,4.633864002244081,311.9985780067509,8965.0
1789884169,50,GET,GET /api/v1/reservas/{id},5.500000,0.000000,5,5,5,6,7,8,9,10,10,10,10,10660,0,5,5.6562340771475,3.0284199965535663,284.6892960005789,442.0
1789884169,50,POST,POST /api/v1/auth/login,0.000000,0.000000,0,0,0,0,0,0,0,0,0,0,0,50,0,1300.0,1369.1218887201103,628.633758999058,2104.1982940005255,1622.0
1789884169,50,POST,POST /api/v1/auth/refresh,0.000000,0.000000,0,0,0,0,0,0,0,0,0,0,0,50,0,29,31.13284232051228,20.492110001214314,55.65531500178622,1622.0
1789884169,50,,Aggregated,25.300000,0.000000,6,7,7,7,9,10,12,13,17,17,17,42769,0,6,8.883496488498208,3.0284199965535663,2104.1982940005255,6823.507797703945
1789884170,50,GET,GET /api/v1/reservas,20.300000,0.000000,6,7,7,7,8,10,12,14,17,17,17,32030,0,7,7.797525548552828,4.633864002244081,311.9985780067509,8965.0
1789884170,50,GET,GET /api/v1/reservas/{id},5.400000,0.000000,5,5,5,5,7,8,9,10,10,10,10,10664,0,5,5.655698429894497,3.0284199965535663,284.6892960005789,442.0
1789884170,50,POST,POST /api/v1/auth/login,0.000000,0.000000,0,0,0,0,0,0,0,0,0,0,0,50,0,1300.0,1369.1218887201103,628.633758999058,2104.1982940005255,1622.0
1789884170,50,POST,POST /api/v1/auth/refresh,0.000000,0.000000,0,0,0,0,0,0,0,0,0,0,0,50,0,29,31.13284232051228,20.492110001214314,55.65531500178622,1622.0
1789884170,50,,Aggregated,25.700000,0.000000,6,7,7,7,8,10,11,13,17,17,17,42794,0,6,8.881615364971097,3.0284199965535663,2104.1982940005255,6823.96219096135
1789884171,50,GET,GET /api/v1/reservas,20.600000,0.000000,6,7,7,7,8,10,13,17,20,20,20,32052,0,7,7.797419209258134,4.633864002244081,311.9985780067509,8965.0
1789884171,50,GET,GET /api/v1/reservas/{id},5.500000,0.000000,4,5,5,6,6,7,9,10,10,10,10,10669,0,5,5.65539617962309,3.0284199965535663,284.6892960005789,442.0
1789884171,50,POST,POST /api/v1/auth/login,0.000000,0.000000,0,0,0,0,0,0,0,0,0,0,0,50,0,1300.0,1369.1218887201103,628.633758999058,2104.1982940005255,1622.0
1789884171,50,POST,POST /api/v1/auth/refresh,0.000000,0.000000,0,0,0,0,0,0,0,0,0,0,0,50,0,29,31.13284232051228,20.492110001214314,55.65531500178622,1622.0
1789884171,50,,Aggregated,26.100000,0.000000,6,7,7,7,8,10,13,14,20,20,20,42821,0,6,8.880526818326793,3.0284199965535663,2104.1982940005255,6824.316993998272
1789884172,50,GET,GET /api/v1/reservas,20.300000,0.000000,6,7,7,8,9,11,17,21,22,22,22,32070,0,7,7.798075544594411,4.633864002244081,311.9985780067509,8965.0
1789884172,50,GET,GET /api/v1/reservas/{id},5.600000,0.000000,4,5,5,6,6,7,7,9,9,9,9,10677,0,5,5.654978586532246,3.0284199965535663,284.6892960005789,442.0
1789884172,50,POST,POST /api/v1/auth/login,0.000000,0.000000,0,0,0,0,0,0,0,0,0,0,0,50,0,1300.0,1369.1218887201103,628.633758999058,2104.1982940005255,1622.0
1789884172,50,POST,POST /api/v1/auth/refresh,0.000000,0.000000,0,0,0,0,0,0,0,0,0,0,0,50,0,29,31.13284232051228,20.492110001214314,55.65531500178622,1622.0
1789884172,50,,Aggregated,25.900000,0.000000,6,7,7,7,8,10,14,20,22,22,22,42847,0,6,8.879856830946826,3.0284199965535663,2104.1982940005255,6824.024645832847
1789884173,50,GET,GET /api/v1/reservas,20.300000,0.000000,6,7,7,7,8,9,13,21,22,22,22,32089,0,7,7.7971793573540635,4.633864002244081,311.9985780067509,8965.0
1789884173,50,GET,GET /api/v1/reservas/{id},5.000000,0.000000,4,5,5,5,6,7,7,7,7,7,7,10683,0,5,5.654067564861463,3.0284199965535663,284.6892960005789,442.0
1789884173,50,POST,POST /api/v1/auth/login,0.000000,0.000000,0,0,0,0,0,0,0,0,0,0,0,50,0,1300.0,1369.1218887201103,628.633758999058,2104.1982940005255,1622.0
1789884173,50,POST,POST /api/v1/auth/refresh,0.000000,0.000000,0,0,0,0,0,0,0,0,0,0,0,50,0,29,31.13284232051228,20.492110001214314,55.65531500178622,1622.0
1789884173,50,,Aggregated,25.300000,0.000000,6,7,7,7,8,9,12,20,22,22,22,42872,0,6,8.878028287590517,3.0284199965535663,2104.1982940005255,6824.080308826274
1789884174,50,GET,GET /api/v1/reservas,20.400000,0.000000,6,7,7,8,9,10,13,21,22,22,22,32107,0,7,7.796432881680449,4.633864002244081,311.9985780067509,8965.0
1789884174,50,GET,GET /api/v1/reservas/{id},5.700000,0.000000,5,5,5,6,7,7,8,13,13,13,13,10691,0,5,5.654722699412183,3.0284199965535663,284.6892960005789,442.0
1789884174,50,POST,POST /api/v1/auth/login,0.000000,0.000000,0,0,0,0,0,0,0,0,0,0,0,50,0,1300.0,1369.1218887201103,628.633758999058,2104.1982940005255,1622.0
1789884174,50,POST,POST /api/v1/auth/refresh,0.000000,0.000000,0,0,0,0,0,0,0,0,0,0,0,50,0,29,31.13284232051228,20.492110001214314,55.65531500178622,1622.0
1789884174,50,,Aggregated,26.100000,0.000000,6,7,7,7,8,9,13,20,22,22,22,42898,0,6,8.876578103024872,3.0284199965535663,2104.1982940005255,6823.788451676069
1789884175,50,GET,GET /api/v1/reservas,19.900000,0.000000,6,7,7,8,9,10,13,21,22,22,22,32124,0,7,7.79599692498177,4.633864002244081,311.9985780067509,8965.0
1789884175,50,GET,GET /api/v1/reservas/{id},5.600000,0.000000,5,5,5,5,7,8,8,13,13,13,13,10697,0,5,5.6543105247661085,3.0284199965535663,284.6892960005789,442.0
1789884175,50,POST,POST /api/v1/auth/login,0.000000,0.000000,0,0,0,0,0,0,0,0,0,0,0,50,0,1300.0,1369.1218887201103,628.633758999058,2104.1982940005255,1622.0
1789884175,50,POST,POST /api/v1/auth/refresh,0.000000,0.000000,0,0,0,0,0,0,0,0,0,0,0,50,0,29,31.13284232051228,20.492110001214314,55.65531500178622,1622.0
1789884175,50,,Aggregated,25.500000,0.000000,6,7,7,7,8,9,13,20,22,22,22,42921,0,6,8.875270880304946,3.0284199965535663,2104.1982940005255,6823.744414156241
1789884176,50,GET,GET /api/v1/reservas,20.600000,0.000000,7,7,8,8,9,11,20,22,22,22,22,32145,0,7,7.796358337848062,4.633864002244081,311.9985780067509,8965.0
1789884176,50,GET,GET /api/v1/reservas/{id},5.700000,0.000000,5,5,5,6,7,8,8,13,13,13,13,10703,0,5,5.65416599919925,3.0284199965535663,284.6892960005789,442.0
1789884176,50,POST,POST /api/v1/auth/login,0.000000,0.000000,0,0,0,0,0,0,0,0,0,0,0,50,0,1300.0,1369.1218887201103,628.633758999058,2104.1982940005255,1622.0
1789884176,50,POST,POST /api/v1/auth/refresh,0.000000,0.000000,0,0,0,0,0,0,0,0,0,0,0,50,0,29,31.13284232051228,20.492110001214314,55.65531500178622,1622.0
1789884176,50,,Aggregated,26.300000,0.000000,6,7,7,8,9,10,13,21,22,22,22,42948,0,6,8.874527661627704,3.0284199965535663,2104.1982940005255,6823.899855639378
1789884177,50,GET,GET /api/v1/reservas,19.700000,0.000000,6,7,7,8,9,11,20,22,22,22,22,32166,0,7,7.795289781605167,4.633864002244081,311.9985780067509,8965.0
1789884177,50,GET,GET /api/v1/reservas/{id},5.900000,0.000000,5,5,5,6,7,8,8,13,13,13,13,10708,0,5,5.653488686629325,3.0284199965535663,284.6892960005789,442.0
1789884177,50,POST,POST /api/v1/auth/login,0.000000,0.000000,0,0,0,0,0,0,0,0,0,0,0,50,0,1300.0,1369.1218887201103,628.633758999058,2104.1982940005255,1622.0
1789884177,50,POST,POST /api/v1/auth/refresh,0.000000,0.000000,0,0,0,0,0,0,0,0,0,0,0,50,0,29,31.13284232051228,20.492110001214314,55.65531500178622,1622.0
1789884177,50,,Aggregated,25.600000,0.000000,6,7,7,7,8,10,13,21,22,22,22,42974,0,6,8.872657526028988,3.0284199965535663,2104.1982940005255,6824.203611486015
1789884178,50,GET,GET /api/v1/reservas,20.100000,0.000000,6,7,7,8,9,11,20,22,22,22,22,32186,0,7,7.794034489098253,4.633864002244081,311.9985780067509,8965.0
1789884178,50,GET,GET /api/v1/reservas/{id},6.300000,0.000000,4,5,5,6,7,8,8,13,13,13,13,10714,0,5,5.652739775941019,3.0284199965535663,284.6892960005789,442.0
1789884178,50,POST,POST /api/v1/auth/login,0.000000,0.000000,0,0,0,0,0,0,0,0,0,0,0,50,0,1300.0,1369.1218887201103,628.633758999058,2104.1982940005255,1622.0
1789884178,50,POST,POST /api/v1/auth/refresh,0.000000,0.000000,0,0,0,0,0,0,0,0,0,0,0,50,0,29,31.13284232051228,20.492110001214314,55.65531500178622,1622.0
1789884178,50,,Aggregated,26.400000,0.000000,6,7,7,7,8,10,13,21,22,22,22,43000,0,6,8.870581036687897,3.0284199965535663,2104.1982940005255,6824.308790697674
1789884179,50,GET,GET /api/v1/reservas,19.000000,0.000000,6,7,7,8,9,11,20,22,22,22,22,32204,0,7,7.793395890110904,4.633864002244081,311.9985780067509,8965.0
1789884179,50,GET,GET /api/v1/reservas/{id},6.300000,0.000000,4,5,5,6,7,8,8,13,13,13,13,10719,0,5,5.652236621366993,3.0284199965535663,284.6892960005789,442.0
1789884179,50,POST,POST /api/v1/auth/login,0.000000,0.000000,0,0,0,0,0,0,0,0,0,0,0,50,0,1300.0,1369.1218887201103,628.633758999058,2104.1982940005255,1622.0
1789884179,50,POST,POST /api/v1/auth/refresh,0.000000,0.000000,0,0,0,0,0,0,0,0,0,0,0,50,0,29,31.13284232051228,20.492110001214314,55.65531500178622,1622.0
1789884179,50,,Aggregated,25.300000,0.000000,6,7,7,8,9,10,13,21,22,22,22,43023,0,6,8.869153293391802,3.0284199965535663,2104.1982940005255,6824.4626827510865
1789884180,50,GET,GET /api/v1/reservas,19.400000,0.000000,6,7,7,8,9,10,13,22,22,22,22,32225,0,7,7.792463650275735,4.633864002244081,311.9985780067509,8965.0
1789884180,50,GET,GET /api/v1/reservas/{id},6.100000,0.000000,4,5,5,6,7,8,8,13,13,13,13,10721,0,5,5.652076681226654,3.0284199965535663,284.6892960005789,442.0
1789884180,50,POST,POST /api/v1/auth/login,0.000000,0.000000,0,0,0,0,0,0,0,0,0,0,0,50,0,1300.0,1369.1218887201103,628.633758999058,2104.1982940005255,1622.0
1789884180,50,POST,POST /api/v1/auth/refresh,0.000000,0.000000,0,0,0,0,0,0,0,0,0,0,0,50,0,29,31.13284232051228,20.492110001214314,55.65531500178622,1622.0
1789884180,50,,Aggregated,25.500000,0.000000,6,7,7,7,8,10,13,21,22,22,22,43046,0,6,8.86774129493095,3.0284199965535663,2104.1982940005255,6825.210402824885
1789884181,50,GET,GET /api/v1/reservas,19.300000,0.000000,6,7,7,8,9,10,13,22,23,23,23,32244,0,7,7.793027868352172,4.633864002244081,311.9985780067509,8965.0
1789884181,50,GET,GET /api/v1/reservas/{id},5.900000,0.000000,4,5,5,5,7,8,8,13,13,13,13,10731,0,5,5.651442171412381,3.0284199965535663,284.6892960005789,442.0
1789884181,50,POST,POST /api/v1/auth/login,0.000000,0.000000,0,0,0,0,0,0,0,0,0,0,0,50,0,1300.0,1369.1218887201103,628.633758999058,2104.1982940005255,1622.0
1789884181,50,POST,POST /api/v1/auth/refresh,0.000000,0.000000,0,0,0,0,0,0,0,0,0,0,0,50,0,29,31.13284232051228,20.492110001214314,55.65531500178622,1622.0
1789884181,50,,Aggregated,25.200000,0.000000,6,7,7,7,8,10,13,19,23,23,23,43075,0,6,8.866784749404639,3.0284199965535663,2104.1982940005255,6824.672362159025
1789884182,50,GET,GET /api/v1/reservas,19.400000,0.000000,6,7,7,8,9,10,13,22,23,23,23,32262,0,7,7.792374678450099,4.633864002244081,311.9985780067509,8965.0
1789884182,50,GET,GET /api/v1/reservas/{id},5.700000,0.000000,5,5,5,7,7,8,13,17,17,17,17,10736,0,5,5.652587569897552,3.0284199965535663,284.6892960005789,442.0
1789884182,50,POST,POST /api/v1/auth/login,0.000000,0.000000,0,0,0,0,0,0,0,0,0,0,0,50,0,1300.0,1369.1218887201103,628.633758999058,2104.1982940005255,1622.0
1789884182,50,POST,POST /api/v1/auth/refresh,0.000000,0.000000,0,0,0,0,0,0,0,0,0,0,0,50,0,29,31.13284232051228,20.492110001214314,55.65531500178622,1622.0
1789884182,50,,Aggregated,25.100000,0.000000,6,7,7,7,8,10,13,19,23,23,23,43098,0,6,8.865759631041078,3.0284199965535663,2104.1982940005255,6824.825792380157
1789884183,50,GET,GET /api/v1/reservas,19.400000,0.000000,6,7,7,8,9,10,13,22,23,23,23,32276,0,7,7.791866824394474,4.633864002244081,311.9985780067509,8965.0
1789884183,50,GET,GET /api/v1/reservas/{id},6.000000,0.000000,5,5,5,6,7,8,13,17,17,17,17,10746,0,5,5.651952557640983,3.0284199965535663,284.6892960005789,442.0
1789884183,50,POST,POST /api/v1/auth/login,0.000000,0.000000,0,0,0,0,0,0,0,0,0,0,0,50,0,1300.0,1369.1218887201103,628.633758999058,2104.1982940005255,1622.0
1789884183,50,POST,POST /api/v1/auth/refresh,0.000000,0.000000,0,0,0,0,0,0,0,0,0,0,0,50,0,29,31.13284232051228,20.492110001214314,55.65531500178622,1622.0
1789884183,50,,Aggregated,25.400000,0.000000,6,7,7,8,8,10,13,19,23,23,23,43122,0,6,8.864127646226919,3.0284199965535663,2104.1982940005255,6824.0404433931635
1789884184,50,GET,GET /api/v1/reservas,19.000000,0.000000,6,7,7,8,9,10,13,22,23,23,23,32295,0,7,7.791139727702733,4.633864002244081,311.9985780067509,8965.0
1789884184,50,GET,GET /api/v1/reservas/{id},6.100000,0.000000,5,5,5,6,7,7,8,17,17,17,17,10747,0,5,5.651779718657381,3.0284199965535663,284.6892960005789,442.0
1789884184,50,POST,POST /api/v1/auth/login,0.000000,0.000000,0,0,0,0,0,0,0,0,0,0,0,50,0,1300.0,1369.1218887201103,628.633758999058,2104.1982940005255,1622.0
1789884184,50,POST,POST /api/v1/auth/refresh,0.000000,0.000000,0,0,0,0,0,0,0,0,0,0,0,50,0,29,31.13284232051228,20.492110001214314,55.65531500178622,1622.0
1789884184,50,,Aggregated,25.100000,0.000000,6,7,7,7,8,10,13,19,23,23,23,43142,0,6,8.862993618622266,3.0284199965535663,2104.1982940005255,6824.83540401465
1789884185,50,GET,GET /api/v1/reservas,19.000000,0.000000,6,7,7,8,8,10,11,19,23,23,23,32320,0,7,7.790596851149494,4.633864002244081,311.9985780067509,8965.0
1789884185,50,GET,GET /api/v1/reservas/{id},6.200000,0.000000,5,5,5,6,7,9,10,17,17,17,17,10754,0,5,5.6517894344812625,3.0284199965535663,284.6892960005789,442.0
1789884185,50,POST,POST /api/v1/auth/login,0.000000,0.000000,0,0,0,0,0,0,0,0,0,0,0,50,0,1300.0,1369.1218887201103,628.633758999058,2104.1982940005255,1622.0
1789884185,50,POST,POST /api/v1/auth/refresh,0.000000,0.000000,0,0,0,0,0,0,0,0,0,0,0,50,0,29,31.13284232051228,20.492110001214314,55.65531500178622,1622.0
1789884185,50,,Aggregated,25.200000,0.000000,6,7,7,7,8,10,11,17,23,23,23,43174,0,6,8.861448333709971,3.0284199965535663,2104.1982940005255,6825.039792467689
1789884186,50,GET,GET /api/v1/reservas,19.000000,0.000000,6,7,7,8,9,10,11,19,23,23,23,32334,0,7,7.79015395280944,4.633864002244081,311.9985780067509,8965.0
1789884186,50,GET,GET /api/v1/reservas/{id},5.800000,0.000000,5,5,5,6,7,9,10,17,17,17,17,10763,0,5,5.650985663421252,3.0284199965535663,284.6892960005789,442.0
1789884186,50,POST,POST /api/v1/auth/login,0.000000,0.000000,0,0,0,0,0,0,0,0,0,0,0,50,0,1300.0,1369.1218887201103,628.633758999058,2104.1982940005255,1622.0
1789884186,50,POST,POST /api/v1/auth/refresh,0.000000,0.000000,0,0,0,0,0,0,0,0,0,0,0,50,0,29,31.13284232051228,20.492110001214314,55.65531500178622,1622.0
1789884186,50,,Aggregated,24.800000,0.000000,6,7,7,7,8,10,11,17,23,23,23,43197,0,6,8.859900760644825,3.0284199965535663,2104.1982940005255,6824.403453943561
1789884187,50,GET,GET /api/v1/reservas,19.500000,0.000000,6,7,8,8,9,10,11,19,23,23,23,32354,0,7,7.7897005612021255,4.633864002244081,311.9985780067509,8965.0
1789884187,50,GET,GET /api/v1/reservas/{id},5.800000,0.000000,5,5,5,6,7,9,10,17,17,17,17,10767,0,5,5.650535934558795,3.0284199965535663,284.6892960005789,442.0
1789884187,50,POST,POST /api/v1/auth/login,0.000000,0.000000,0,0,0,0,0,0,0,0,0,0,0,50,0,1300.0,1369.1218887201103,628.633758999058,2104.1982940005255,1622.0
1789884187,50,POST,POST /api/v1/auth/refresh,0.000000,0.000000,0,0,0,0,0,0,0,0,0,0,0,50,0,29,31.13284232051228,20.492110001214314,55.65531500178622,1622.0
1789884187,50,,Aggregated,25.300000,0.000000,6,7,7,8,9,10,11,17,23,23,23,43221,0,6,8.858657340564985,3.0284199965535663,2104.1982940005255,6824.803313204229
1789884188,50,GET,GET /api/v1/reservas,18.700000,0.000000,7,7,8,8,9,10,11,19,23,23,23,32371,0,7,7.7890301753768325,4.633864002244081,311.9985780067509,8965.0
1789884188,50,GET,GET /api/v1/reservas/{id},5.800000,0.000000,5,5,5,5,7,9,10,17,17,17,17,10771,0,5,5.649922359148617,3.0284199965535663,284.6892960005789,442.0
1789884188,50,POST,POST /api/v1/auth/login,0.000000,0.000000,0,0,0,0,0,0,0,0,0,0,0,50,0,1300.0,1369.1218887201103,628.633758999058,2104.1982940005255,1622.0
1789884188,50,POST,POST /api/v1/auth/refresh,0.000000,0.000000,0,0,0,0,0,0,0,0,0,0,0,50,0,29,31.13284232051228,20.492110001214314,55.65531500178622,1622.0
1789884188,50,,Aggregated,24.500000,0.000000,6,7,7,8,9,10,11,17,23,23,23,43242,0,6,8.857285650283158,3.0284199965535663,2104.1982940005255,6825.054275935433
1789884189,50,GET,GET /api/v1/reservas,19.100000,0.000000,6,7,8,8,9,10,11,19,23,23,23,32400,0,7,7.788041210713143,4.633864002244081,311.9985780067509,8965.0
1789884189,50,GET,GET /api/v1/reservas/{id},5.900000,0.000000,5,5,5,5,7,9,10,17,17,17,17,10774,0,5,5.64968025593063,3.0284199965535663,284.6892960005789,442.0
1789884189,50,POST,POST /api/v1/auth/login,0.000000,0.000000,0,0,0,0,0,0,0,0,0,0,0,50,0,1300.0,1369.1218887201103,628.633758999058,2104.1982940005255,1622.0
1789884189,50,POST,POST /api/v1/auth/refresh,0.000000,0.000000,0,0,0,0,0,0,0,0,0,0,0,50,0,29,31.13284232051228,20.492110001214314,55.65531500178622,1622.0
1789884189,50,,Aggregated,25.000000,0.000000,6,7,7,8,9,10,11,17,23,23,23,43274,0,6,8.855546675984044,3.0284199965535663,2104.1982940005255,6826.045847391043
1789884190,50,GET,GET /api/v1/reservas,18.600000,0.000000,6,7,8,8,8,10,10,11,11,11,11,32420,0,7,7.787185756264784,4.633864002244081,311.9985780067509,8965.0
1789884190,50,GET,GET /api/v1/reservas/{id},5.700000,0.000000,4,5,5,5,7,9,17,17,17,17,17,10777,0,5,5.649301933691459,3.0284199965535663,284.6892960005789,442.0
1789884190,50,POST,POST /api/v1/auth/login,0.000000,0.000000,0,0,0,0,0,0,0,0,0,0,0,50,0,1300.0,1369.1218887201103,628.633758999058,2104.1982940005255,1622.0
1789884190,50,POST,POST /api/v1/auth/refresh,0.000000,0.000000,0,0,0,0,0,0,0,0,0,0,0,50,0,29,31.13284232051228,20.492110001214314,55.65531500178622,1622.0
1789884190,50,,Aggregated,24.300000,0.000000,6,7,7,8,8,10,10,11,17,17,17,43297,0,6,8.854096720547112,3.0284199965535663,2104.1982940005255,6826.591542139178
1789884191,50,GET,GET /api/v1/reservas,19.500000,0.000000,6,7,8,8,9,10,11,12,13,13,13,32438,0,7,7.787247757386548,4.633864002244081,311.9985780067509,8965.0
1789884191,50,GET,GET /api/v1/reservas/{id},5.400000,0.000000,4,5,5,5,6,7,10,10,10,10,10,10783,0,5,5.648512528368028,3.0284199965535663,284.6892960005789,442.0
1789884191,50,POST,POST /api/v1/auth/login,0.000000,0.000000,0,0,0,0,0,0,0,0,0,0,0,50,0,1300.0,1369.1218887201103,628.633758999058,2104.1982940005255,1622.0
1789884191,50,POST,POST /api/v1/auth/refresh,0.000000,0.000000,0,0,0,0,0,0,0,0,0,0,0,50,0,29,31.13284232051228,20.492110001214314,55.65531500178622,1622.0
1789884191,50,,Aggregated,24.900000,0.000000,6,7,7,8,9,10,10,11,13,13,13,43321,0,6,8.85305948384221,3.0284199965535663,2104.1982940005255,6826.595784954179
1789884192,50,GET,GET /api/v1/reservas,19.300000,0.000000,7,7,8,8,10,11,20,25,32,32,32,32460,0,7,7.789426264729178,4.633864002244081,311.9985780067509,8965.0
1789884192,50,GET,GET /api/v1/reservas/{id},5.400000,0.000000,4,5,5,5,7,10,23,23,23,23,23,10788,0,5,5.650666471208324,3.0284199965535663,284.6892960005789,442.0
1789884192,50,POST,POST /api/v1/auth/login,0.000000,0.000000,0,0,0,0,0,0,0,0,0,0,0,50,0,1300.0,1369.1218887201103,628.633758999058,2104.1982940005255,1622.0
1789884192,50,POST,POST /api/v1/auth/refresh,0.000000,0.000000,65,65,76,76,76,76,76,76,76,76,76,54,0,30,32.993258704125225,20.492110001214314,75.96593200287316,1622.0
1789884192,50,,Aggregated,24.700000,0.000000,6,7,8,8,10,14,25,60,76,76,76,43352,0,6,8.858689261176712,3.0284199965535663,2104.1982940005255,6826.4643845728
1789884193,50,GET,GET /api/v1/reservas,18.900000,0.000000,7,7,8,8,10,11,20,25,32,32,32,32479,0,7,7.788606884420552,4.633864002244081,311.9985780067509,8965.0
1789884193,50,GET,GET /api/v1/reservas/{id},5.500000,0.000000,4,5,5,5,7,10,23,23,23,23,23,10790,0,5,5.650610988358848,3.0284199965535663,284.6892960005789,442.0
1789884193,50,POST,POST /api/v1/auth/login,0.000000,0.000000,0,0,0,0,0,0,0,0,0,0,0,50,0,1300.0,1369.1218887201103,628.633758999058,2104.1982940005255,1622.0
1789884193,50,POST,POST /api/v1/auth/refresh,0.000000,0.000000,24,25,60,60,65,76,76,76,76,76,76,61,0,28,31.90032585278787,20.492110001214314,75.96593200287316,1622.0
1789884193,50,,Aggregated,24.400000,0.000000,6,7,8,8,11,23,25,60,76,76,76,43380,0,6,8.859803362759628,3.0284199965535663,2104.1982940005255,6826.2668741355465
1789884194,50,GET,GET /api/v1/reservas,20.000000,0.000000,7,7,8,8,10,11,20,25,32,32,32,32500,0,7,7.78816653991033,4.633864002244081,311.9985780067509,8965.0
1789884194,50,GET,GET /api/v1/reservas/{id},5.200000,0.000000,5,5,5,5,10,16,23,23,23,23,23,10796,0,5,5.653113715857966,3.0284199965535663,284.6892960005789,442.0
1789884194,50,POST,POST /api/v1/auth/login,0.000000,0.000000,0,0,0,0,0,0,0,0,0,0,0,50,0,1300.0,1369.1218887201103,628.633758999058,2104.1982940005255,1622.0
1789884194,50,POST,POST /api/v1/auth/refresh,0.300000,0.000000,24,24,25,26,65,76,76,76,76,76,76,68,0,28,30.960796456223335,19.499415000609588,75.96593200287316,1622.0
1789884194,50,,Aggregated,25.500000,0.000000,6,7,8,8,16,24,26,60,76,76,76,43414,0,6,8.861377823248652,3.0284199965535663,2104.1982940005255,6825.579951167826
1789884195,50,GET,GET /api/v1/reservas,20.000000,0.000000,7,7,8,8,10,13,20,25,32,32,32,32515,0,7,7.788975219133011,4.633864002244081,311.9985780067509,8965.0
1789884195,50,GET,GET /api/v1/reservas/{id},5.200000,0.000000,5,6,7,8,11,16,23,23,23,23,23,10806,0,5,5.654956389264635,3.0284199965535663,284.6892960005789,442.0
1789884195,50,POST,POST /api/v1/auth/login,0.000000,0.000000,0,0,0,0,0,0,0,0,0,0,0,50,0,1300.0,1369.1218887201103,628.633758999058,2104.1982940005255,1622.0
1789884195,50,POST,POST /api/v1/auth/refresh,0.300000,0.000000,24,25,28,29,60,65,76,76,76,76,76,74,0,28,30.65795616252266,19.499415000609588,75.96593200287316,1622.0
1789884195,50,,Aggregated,25.500000,0.000000,7,8,8,10,21,24,29,60,76,76,76,43445,0,6,8.863868596720813,3.0284199965535663,2104.1982940005255,6824.13062492807
1789884196,50,GET,GET /api/v1/reservas,20.300000,0.000000,7,7,8,8,11,14,20,25,32,32,32,32534,0,7,7.789522841492177,4.633864002244081,311.9985780067509,8965.0
1789884196,50,GET,GET /api/v1/reservas/{id},4.900000,0.000000,5,6,7,8,11,16,23,23,23,23,23,10814,0,5,5.6549190152933475,3.0284199965535663,284.6892960005789,442.0
1789884196,50,POST,POST /api/v1/auth/login,0.000000,0.000000,0,0,0,0,0,0,0,0,0,0,0,50,0,1300.0,1369.1218887201103,628.633758999058,2104.1982940005255,1622.0
1789884196,50,POST,POST /api/v1/auth/refresh,1.600000,0.000000,24,28,29,31,42,65,76,76,76,76,76,88,0,28,30.225623966130527,19.499415000609588,75.96593200287316,1622.0
1789884196,50,,Aggregated,26.800000,0.000000,7,8,10,13,24,28,34,60,76,76,76,43486,0,6,8.869350588730022,3.0284199965535663,2104.1982940005255,6822.217127351331
1789884197,50,GET,GET /api/v1/reservas,19.900000,0.000000,7,8,8,9,11,14,20,25,32,32,32,32552,0,7,7.789414400009723,4.633864002244081,311.9985780067509,8965.0
1789884197,50,GET,GET /api/v1/reservas/{id},5.300000,0.000000,5,6,7,8,11,16,23,23,23,23,23,10819,0,5,5.654846742802752,3.0284199965535663,284.6892960005789,442.0
1789884197,50,POST,POST /api/v1/auth/login,0.000000,0.000000,0,0,0,0,0,0,0,0,0,0,0,50,0,1300.0,1369.1218887201103,628.633758999058,2104.1982940005255,1622.0
1789884197,50,POST,POST /api/v1/auth/refresh,2.400000,0.000000,24,28,29,30,36,60,76,76,76,76,76,93,0,28,29.873869032520794,19.499415000609588,75.96593200287316,1622.0
1789884197,50,,Aggregated,27.600000,0.000000,7,8,11,14,24,28,34,60,76,76,76,43514,0,6,8.870137627327514,3.0284199965535663,2104.1982940005255,6821.772854713426
1789884198,50,GET,GET /api/v1/reservas,19.600000,0.000000,7,8,8,9,11,14,20,25,32,32,32,32571,0,7,7.788700227936036,4.633864002244081,311.9985780067509,8965.0
1789884198,50,GET,GET /api/v1/reservas/{id},5.200000,0.000000,5,6,7,8,11,16,23,23,23,23,23,10823,0,5,5.654398748256832,3.0284199965535663,284.6892960005789,442.0
1789884198,50,POST,POST /api/v1/auth/login,0.000000,0.000000,0,0,0,0,0,0,0,0,0,0,0,50,0,1300.0,1369.1218887201103,628.633758999058,2104.1982940005255,1622.0
1789884198,50,POST,POST /api/v1/auth/refresh,3.700000,0.000000,24,28,29,29,36,60,76,76,76,76,76,97,0,28,29.4917629075029,19.499415000609588,75.96593200287316,1622.0
1789884198,50,,Aggregated,28.500000,0.000000,7,8,11,18,24,28,34,60,76,76,76,43541,0,6,8.869803362681647,3.0284199965535663,2104.1982940005255,6821.644312257413
1789884199,50,GET,GET /api/v1/reservas,19.600000,0.000000,7,7,8,9,11,14,20,25,32,32,32,32588,0,7,7.7880978368443134,4.633864002244081,311.9985780067509,8965.0
1789884199,50,GET,GET /api/v1/reservas/{id},5.200000,0.000000,5,6,7,8,10,16,23,23,23,23,23,10829,0,5,5.654258314654344,3.0284199965535663,284.6892960005789,442.0
1789884199,50,POST,POST /api/v1/auth/login,0.000000,0.000000,0,0,0,0,0,0,0,0,0,0,0,50,0,1300.0,1369.1218887201103,628.633758999058,2104.1982940005255,1622.0
1789884199,50,POST,POST /api/v1/auth/refresh,3.700000,0.000000,24,28,29,29,36,60,76,76,76,76,76,98,0,28,29.40765356151114,19.499415000609588,75.96593200287316,1622.0
1789884199,50,,Aggregated,28.500000,0.000000,7,8,11,18,24,28,34,60,76,76,76,43565,0,6,8.86873729097918,3.0284199965535663,2104.1982940005255,6821.482704005509
1789884200,50,GET,GET /api/v1/reservas,19.900000,0.000000,7,7,8,8,11,14,20,25,32,32,32,32610,0,7,7.786933556611133,4.633864002244081,311.9985780067509,8965.0
1789884200,50,GET,GET /api/v1/reservas/{id},5.100000,0.000000,5,6,7,8,10,16,23,23,23,23,23,10836,0,5,5.653767645017083,3.0284199965535663,284.6892960005789,442.0
1789884200,50,POST,POST /api/v1/auth/login,0.000000,0.000000,0,0,0,0,0,0,0,0,0,0,0,50,0,1300.0,1369.1218887201103,628.633758999058,2104.1982940005255,1622.0
1789884200,50,POST,POST /api/v1/auth/refresh,4.600000,0.000000,24,28,28,29,36,60,76,76,76,76,76,100,0,27,29.209557120193494,18.447431997628883,75.96593200287316,1622.0
1789884200,50,,Aggregated,29.600000,0.000000,7,8,11,19,24,28,34,60,76,76,76,43596,0,6,8.867170832886481,3.0284199965535663,2104.1982940005255,6821.301541425819
1789884201,50,GET,GET /api/v1/reservas,19.200000,0.000000,7,8,8,9,11,13,18,19,20,20,20,32630,0,7,7.788975025531496,4.633864002244081,311.9985780067509,8965.0
1789884201,50,GET,GET /api/v1/reservas/{id},5.600000,0.000000,5,6,7,8,10,12,14,23,23,23,23,10841,0,5,5.65459033266422,3.0284199965535663,284.6892960005789,442.0
1789884201,50,POST,POST /api/v1/auth/login,0.000000,0.000000,0,0,0,0,0,0,0,0,0,0,0,50,0,1300.0,1369.1218887201103,628.633758999058,2104.1982940005255,1622.0
1789884201,50,POST,POST /api/v1/auth/refresh,4.800000,0.000000,24,25,28,28,31,34,42,42,42,42,42,100,0,27,29.209557120193494,18.447431997628883,75.96593200287316,1622.0
1789884201,50,,Aggregated,29.600000,0.000000,7,8,11,15,23,28,30,34,42,42,42,43621,0,6,8.86803876636323,3.0284199965535663,2104.1982940005255,6821.553196854726
1789884202,50,GET,GET /api/v1/reservas,19.000000,0.000000,7,8,10,11,16,37,140,250,250,250,250,32643,0,7,7.824842400333798,4.633864002244081,311.9985780067509,8965.0
1789884202,50,GET,GET /api/v1/reservas/{id},5.900000,0.000000,6,7,9,10,19,45,65,180,180,180,180,10849,0,5,5.686295113043369,3.0284199965535663,284.6892960005789,442.0
1789884202,50,POST,POST /api/v1/auth/login,0.000000,0.000000,0,0,0,0,0,0,0,0,0,0,0,50,0,1300.0,1369.1218887201103,628.633758999058,2104.1982940005255,1622.0
1789884202,50,POST,POST /api/v1/auth/refresh,5.000000,0.000000,24,28,28,29,33,36,42,42,42,42,42,100,0,27,29.209557120193494,18.447431997628883,75.96593200287316,1622.0
1789884202,50,,Aggregated,29.900000,0.000000,7,10,15,20,28,37,130,220,250,250,250,43642,0,6,8.901837594599893,3.0284199965535663,2104.1982940005255,6821.022249209477
1789884203,50,GET,GET /api/v1/reservas,19.300000,0.000000,8,10,12,15,58,110,180,250,250,250,250,32671,0,7,7.861641080655944,4.633864002244081,311.9985780067509,8965.0
1789884203,50,GET,GET /api/v1/reservas/{id},5.600000,0.000000,6,7,8,10,19,65,120,180,180,180,180,10851,0,5,5.696577052197891,3.0284199965535663,284.6892960005789,442.0
1789884203,50,POST,POST /api/v1/auth/login,0.000000,0.000000,0,0,0,0,0,0,0,0,0,0,0,50,0,1300.0,1369.1218887201103,628.633758999058,2104.1982940005255,1622.0
1789884203,50,POST,POST /api/v1/auth/refresh,5.000000,0.000000,23,28,29,29,33,36,42,42,42,42,42,100,0,27,29.209557120193494,18.447431997628883,75.96593200287316,1622.0
1789884203,50,,Aggregated,29.900000,0.000000,8,12,19,21,42,95,140,220,250,250,250,43672,0,6,8.931083611639826,3.0284199965535663,2104.1982940005255,6822.104712401539
1789884204,50,GET,GET /api/v1/reservas,18.100000,0.000000,8,10,12,15,58,110,180,250,250,250,250,32687,0,7,7.861044656533042,4.633864002244081,311.9985780067509,8965.0
1789884204,50,GET,GET /api/v1/reservas/{id},6.000000,0.000000,5,6,7,10,43,65,180,180,180,180,180,10855,0,5,5.696662462126816,3.0284199965535663,284.6892960005789,442.0
1789884204,50,POST,POST /api/v1/auth/login,0.000000,0.000000,0,0,0,0,0,0,0,0,0,0,0,50,0,1300.0,1369.1218887201103,628.633758999058,2104.1982940005255,1622.0
1789884204,50,POST,POST /api/v1/auth/refresh,4.700000,0.000000,23,28,29,29,33,36,42,42,42,42,42,100,0,27,29.209557120193494,18.447431997628883,75.96593200287316,1622.0
1789884204,50,,Aggregated,28.800000,0.000000,8,11,16,21,43,96,180,220,250,250,250,43692,0,6,8.929970883972054,3.0284199965535663,2104.1982940005255,6822.305341939028
1789884205,50,GET,GET /api/v1/reservas,18.700000,0.000000,8,9,12,13,54,110,180,250,250,250,250,32710,0,7,7.861702332011147,4.633864002244081,311.9985780067509,8965.0
1789884205,50,GET,GET /api/v1/reservas/{id},6.000000,0.000000,5,7,8,10,43,65,180,180,180,180,180,10861,0,5,5.6972352177870995,3.0284199965535663,284.6892960005789,442.0
1789884205,50,POST,POST /api/v1/auth/login,0.000000,0.000000,0,0,0,0,0,0,0,0,0,0,0,50,0,1300.0,1369.1218887201103,628.633758999058,2104.1982940005255,1622.0
1789884205,50,POST,POST /api/v1/auth/refresh,4.000000,0.000000,21,22,23,24,28,29,29,29,29,29,29,100,0,27,29.209557120193494,18.447431997628883,75.96593200287316,1622.0
1789884205,50,,Aggregated,28.700000,0.000000,7,10,12,17,43,96,180,220,250,250,250,43721,0,6,8.929599165812657,3.0284199965535663,2104.1982940005255,6822.556940600627
1789884206,50,GET,GET /api/v1/reservas,18.900000,0.000000,7,9,12,13,58,110,180,250,250,250,250,32726,0,7,7.860825450194761,4.633864002244081,311.9985780067509,8965.0
1789884206,50,GET,GET /api/v1/reservas/{id},5.900000,0.000000,5,7,8,10,43,65,180,180,180,180,180,10867,0,5,5.697056667193898,3.0284199965535663,284.6892960005789,442.0
1789884206,50,POST,POST /api/v1/auth/login,0.000000,0.000000,0,0,0,0,0,0,0,0,0,0,0,50,0,1300.0,1369.1218887201103,628.633758999058,2104.1982940005255,1622.0
1789884206,50,POST,POST /api/v1/auth/refresh,3.400000,0.000000,21,21,22,22,22,22,22,22,22,22,22,100,0,27,29.209557120193494,18.447431997628883,75.96593200287316,1622.0
1789884206,50,,Aggregated,28.200000,0.000000,7,9,12,15,45,110,180,220,250,250,250,43743,0,6,8.928064801991054,3.0284199965535663,2104.1982940005255,6822.465400178315
1789884207,50,GET,GET /api/v1/reservas,18.700000,0.000000,7,9,12,13,54,110,180,250,250,250,250,32749,0,7,7.8599586147688685,4.633864002244081,311.9985780067509,8965.0
1789884207,50,GET,GET /api/v1/reservas/{id},5.400000,0.000000,5,6,8,10,43,65,180,180,180,180,180,10871,0,5,5.696628721496602,3.0284199965535663,284.6892960005789,442.0
1789884207,50,POST,POST /api/v1/auth/login,0.000000,0.000000,0,0,0,0,0,0,0,0,0,0,0,50,0,1300.0,1369.1218887201103,628.633758999058,2104.1982940005255,1622.0
1789884207,50,POST,POST /api/v1/auth/refresh,2.600000,0.000000,21,21,21,21,21,21,21,21,21,21,21,100,0,27,29.209557120193494,18.447431997628883,75.96593200287316,1622.0
1789884207,50,,Aggregated,26.700000,0.000000,7,9,11,13,45,110,180,220,250,250,250,43770,0,6,8.926453864621433,3.0284199965535663,2104.1982940005255,6823.008156271419
1789884208,50,GET,GET /api/v1/reservas,19.500000,0.000000,7,9,12,13,58,110,180,250,250,250,250,32764,0,7,7.859081560892527,4.633864002244081,311.9985780067509,8965.0
1789884208,50,GET,GET /api/v1/reservas/{id},5.500000,0.000000,5,6,7,10,19,65,120,180,180,180,180,10880,0,5,5.695741746452607,3.0284199965535663,284.6892960005789,442.0
1789884208,50,POST,POST /api/v1/auth/login,0.000000,0.000000,0,0,0,0,0,0,0,0,0,0,0,50,0,1300.0,1369.1218887201103,628.633758999058,2104.1982940005255,1622.0
1789884208,50,POST,POST /api/v1/auth/refresh,1.300000,0.000000,21,21,21,21,21,21,21,21,21,21,21,100,0,27,29.209557120193494,18.447431997628883,75.96593200287316,1622.0
1789884208,50,,Aggregated,26.300000,0.000000,7,9,11,13,51,110,180,220,250,250,250,43794,0,6,8.924548308227427,3.0284199965535663,2104.1982940005255,6822.430469927387
1789884209,50,GET,GET /api/v1/reservas,19.500000,0.000000,7,9,12,13,54,110,180,250,250,250,250,32785,0,7,7.858729054081954,4.633864002244081,311.9985780067509,8965.0
1789884209,50,GET,GET /api/v1/reservas/{id},5.400000,0.000000,5,6,7,10,19,65,120,180,180,180,180,10885,0,5,5.695161664345287,3.0284199965535663,284.6892960005789,442.0
1789884209,50,POST,POST /api/v1/auth/login,0.000000,0.000000,0,0,0,0,0,0,0,0,0,0,0,50,0,1300.0,1369.1218887201103,628.633758999058,2104.1982940005255,1622.0
1789884209,50,POST,POST /api/v1/auth/refresh,0.700000,0.000000,21,21,21,21,21,21,21,21,21,21,21,100,0,27,29.209557120193494,18.447431997628883,75.96593200287316,1622.0
1789884209,50,,Aggregated,25.600000,0.000000,7,9,11,12,45,110,180,220,250,250,250,43820,0,6,8.923261453731177,3.0284199965535663,2104.1982940005255,6822.729233226837
1789884210,50,GET,GET /api/v1/reservas,19.500000,0.000000,7,9,10,12,58,110,180,250,250,250,250,32805,0,7,7.858174615517919,4.633864002244081,311.9985780067509,8965.0
1789884210,50,GET,GET /api/v1/reservas/{id},5.700000,0.000000,5,6,7,9,19,65,120,180,180,180,180,10892,0,5,5.694677791442945,3.0284199965535663,284.6892960005789,442.0
1789884210,50,POST,POST /api/v1/auth/login,0.000000,0.000000,0,0,0,0,0,0,0,0,0,0,0,50,0,1300.0,1369.1218887201103,628.633758999058,2104.1982940005255,1622.0
1789884210,50,POST,POST /api/v1/auth/refresh,0.400000,0.000000,21,21,21,21,21,21,21,21,21,21,21,100,0,27,29.209557120193494,18.447431997628883,75.96593200287316,1622.0
1789884210,50,,Aggregated,25.600000,0.000000,7,8,10,12,45,110,180,220,250,250,250,43847,0,6,8.921725520890522,3.0284199965535663,2104.1982940005255,6822.687732342008
1789884211,50,GET,GET /api/v1/reservas,19.500000,0.000000,7,8,9,10,21,61,110,140,180,180,180,32820,0,7,7.857459323279925,4.633864002244081,311.9985780067509,8965.0
1789884211,50,GET,GET /api/v1/reservas/{id},5.700000,0.000000,5,5,5,6,8,11,120,120,120,120,120,10897,0,5,5.694068914875819,3.0284199965535663,284.6892960005789,442.0
1789884211,50,POST,POST /api/v1/auth/login,0.000000,0.000000,0,0,0,0,0,0,0,0,0,0,0,50,0,1300.0,1369.1218887201103,628.633758999058,2104.1982940005255,1622.0
1789884211,50,POST,POST /api/v1/auth/refresh,0.400000,0.000000,21,21,21,21,21,21,21,21,21,21,21,100,0,27,29.209557120193494,18.447431997628883,75.96593200287316,1622.0
1789884211,50,,Aggregated,25.600000,0.000000,6,8,8,9,17,59,110,120,180,180,180,43867,0,6,8.920307614003097,3.0284199965535663,2104.1982940005255,6822.693003852554
1789884212,50,GET,GET /api/v1/reservas,19.700000,0.000000,7,7,8,8,9,11,12,12,17,17,17,32836,0,7,7.85726810372897,4.633864002244081,311.9985780067509,8965.0
1789884212,50,GET,GET /api/v1/reservas/{id},5.800000,0.000000,5,5,6,6,7,8,9,11,11,11,11,10909,0,5,5.693857505399123,3.0284199965535663,284.6892960005789,442.0
1789884212,50,POST,POST /api/v1/auth/login,0.000000,0.000000,0,0,0,0,0,0,0,0,0,0,0,50,0,1300.0,1369.1218887201103,628.633758999058,2104.1982940005255,1622.0
1789884212,50,POST,POST /api/v1/auth/refresh,0.000000,0.000000,21,21,21,21,21,21,21,21,21,21,21,100,0,27,29.209557120193494,18.447431997628883,75.96593200287316,1622.0
1789884212,50,,Aggregated,25.500000,0.000000,6,7,8,8,9,10,12,12,17,17,17,43895,0,6,8.918842627371417,3.0284199965535663,2104.1982940005255,6821.729536393666
1789884213,50,GET,GET /api/v1/reservas,19.400000,0.000000,7,7,8,8,10,11,12,12,17,17,17,32860,0,7,7.856954823251578,4.633864002244081,311.9985780067509,8965.0
1789884213,50,GET,GET /api/v1/reservas/{id},5.800000,0.000000,5,5,6,6,7,8,9,11,11,11,11,10913,0,5,5.69402873915437,3.0284199965535663,284.6892960005789,442.0
1789884213,50,POST,POST /api/v1/auth/login,0.000000,0.000000,0,0,0,0,0,0,0,0,0,0,0,50,0,1300.0,1369.1218887201103,628.633758999058,2104.1982940005255,1622.0
1789884213,50,POST,POST /api/v1/auth/refresh,0.000000,0.000000,21,21,21,21,21,21,21,21,21,21,21,100,0,27,29.209557120193494,18.447431997628883,75.96593200287316,1622.0
1789884213,50,,Aggregated,25.200000,0.000000,6,7,8,8,9,10,12,12,17,17,17,43923,0,6,8.917777047798724,3.0284199965535663,2104.1982940005255,6822.3196502971105
1789884214,50,GET,GET /api/v1/reservas,19.400000,0.000000,6,7,8,8,9,10,12,12,12,12,12,32880,0,7,7.855846521503543,4.633864002244081,311.9985780067509,8965.0
1789884214,50,GET,GET /api/v1/reservas/{id},6.100000,0.000000,5,5,5,6,7,7,8,9,9,9,9,10921,0,5,5.692843770935992,3.0284199965535663,284.6892960005789,442.0
1789884214,50,POST,POST /api/v1/auth/login,0.000000,0.000000,0,0,0,0,0,0,0,0,0,0,0,50,0,1300.0,1369.1218887201103,628.633758999058,2104.1982940005255,1622.0
1789884214,50,POST,POST /api/v1/auth/refresh,0.000000,0.000000,21,21,21,21,21,21,21,21,21,21,21,100,0,27,29.209557120193494,18.447431997628883,75.96593200287316,1622.0
1789884214,50,,Aggregated,25.500000,0.000000,6,7,7,8,9,10,12,12,12,12,12,43951,0,6,8.9155839593514,3.0284199965535663,2104.1982940005255,6822.133330299652
1789884215,50,GET,GET /api/v1/reservas,18.500000,0.000000,6,7,8,8,9,10,11,12,12,12,12,32894,0,7,7.855566372044529,4.633864002244081,311.9985780067509,8965.0
1789884215,50,GET,GET /api/v1/reservas/{id},6.300000,0.000000,5,5,5,6,7,7,8,9,9,9,9,10931,0,5,5.692559587356575,3.0284199965535663,284.6892960005789,442.0
1789884215,50,POST,POST /api/v1/auth/login,0.000000,0.000000,0,0,0,0,0,0,0,0,0,0,0,50,0,1300.0,1369.1218887201103,628.633758999058,2104.1982940005255,1622.0
1789884215,50,POST,POST /api/v1/auth/refresh,0.000000,0.000000,21,21,21,21,21,21,21,21,21,21,21,100,0,27,29.209557120193494,18.447431997628883,75.96593200287316,1622.0
1789884215,50,,Aggregated,24.800000,0.000000,6,7,7,7,9,10,11,12,12,12,12,43975,0,6,8.914233524490104,3.0284199965535663,2104.1982940005255,6821.364684479818
1789884216,50,GET,GET /api/v1/reservas,18.800000,0.000000,6,7,8,8,9,10,12,12,15,15,15,32908,0,7,7.855374537439037,4.633864002244081,311.9985780067509,8965.0
1789884216,50,GET,GET /api/v1/reservas/{id},6.400000,0.000000,5,5,5,6,7,7,8,9,9,9,9,10936,0,5,5.692698901645713,3.0284199965535663,284.6892960005789,442.0
1789884216,50,POST,POST /api/v1/auth/login,0.000000,0.000000,0,0,0,0,0,0,0,0,0,0,0,50,0,1300.0,1369.1218887201103,628.633758999058,2104.1982940005255,1622.0
1789884216,50,POST,POST /api/v1/auth/refresh,0.000000,0.000000,21,21,21,21,21,21,21,21,21,21,21,100,0,27,29.209557120193494,18.447431997628883,75.96593200287316,1622.0
1789884216,50,,Aggregated,25.200000,0.000000,6,7,7,8,9,10,11,12,15,15,15,43994,0,6,8.913421616912903,3.0284199965535663,2104.1982940005255,6821.321816611356
1789884217,50,GET,GET /api/v1/reservas,18.900000,0.000000,6,7,8,8,9,10,12,12,15,15,15,32929,0,7,7.854690914574167,4.633864002244081,311.9985780067509,8965.0
1789884217,50,GET,GET /api/v1/reservas/{id},6.900000,0.000000,5,5,6,6,7,7,8,9,9,9,9,10943,0,5,5.692019286795281,3.0284199965535663,284.6892960005789,442.0
1789884217,50,POST,POST /api/v1/auth/login,0.000000,0.000000,0,0,0,0,0,0,0,0,0,0,0,50,0,1300.0,1369.1218887201103,628.633758999058,2104.1982940005255,1622.0
1789884217,50,POST,POST /api/v1/auth/refresh,0.000000,0.000000,0,0,0,0,0,0,0,0,0,0,0,100,0,27,29.209557120193494,18.447431997628883,75.96593200287316,1622.0
1789884217,50,,Aggregated,25.800000,0.000000,6,7,7,8,9,10,11,12,15,15,15,44022,0,6,8.911724463437336,3.0284199965535663,2104.1982940005255,6821.330039525692
1789884218,50,GET,GET /api/v1/reservas,18.100000,0.000000,6,7,8,8,9,10,12,12,15,15,15,32947,0,7,7.853832295868891,4.633864002244081,311.9985780067509,8965.0
1789884218,50,GET,GET /api/v1/reservas/{id},6.900000,0.000000,5,5,6,6,7,7,8,9,9,9,9,10947,0,5,5.691514920564136,3.0284199965535663,284.6892960005789,442.0
1789884218,50,POST,POST /api/v1/auth/login,0.000000,0.000000,0,0,0,0,0,0,0,0,0,0,0,50,0,1300.0,1369.1218887201103,628.633758999058,2104.1982940005255,1622.0
1789884218,50,POST,POST /api/v1/auth/refresh,0.000000,0.000000,0,0,0,0,0,0,0,0,0,0,0,100,0,27,29.209557120193494,18.447431997628883,75.96593200287316,1622.0
1789884218,50,,Aggregated,25.000000,0.000000,6,7,7,8,9,10,11,12,15,15,15,44044,0,6,8.910232418386904,3.0284199965535663,2104.1982940005255,6821.6267596040325
1789884219,50,GET,GET /api/v1/reservas,17.700000,0.000000,6,7,7,8,9,10,11,12,15,15,15,32966,0,7,7.852908075077328,4.633864002244081,311.9985780067509,8965.0
1789884219,50,GET,GET /api/v1/reservas/{id},6.900000,0.000000,5,5,6,6,7,7,8,8,8,8,8,10950,0,5,5.691116960768665,3.0284199965535663,284.6892960005789,442.0
1789884219,50,POST,POST /api/v1/auth/login,0.000000,0.000000,0,0,0,0,0,0,0,0,0,0,0,50,0,1300.0,1369.1218887201103,628.633758999058,2104.1982940005255,1622.0
1789884219,50,POST,POST /api/v1/auth/refresh,0.000000,0.000000,0,0,0,0,0,0,0,0,0,0,0,100,0,27,29.209557120193494,18.447431997628883,75.96593200287316,1622.0
1789884219,50,,Aggregated,24.600000,0.000000,6,7,7,7,8,9,11,12,15,15,15,44066,0,6,8.908767495834452,3.0284199965535663,2104.1982940005255,6822.116597830527
1789884220,50,GET,GET /api/v1/reservas,18.200000,0.000000,6,7,7,8,9,10,11,12,15,15,15,32986,0,7,7.852178288121987,4.633864002244081,311.9985780067509,8965.0
1789884220,50,GET,GET /api/v1/reservas/{id},6.600000,0.000000,5,5,6,6,7,7,8,8,8,8,8,10957,0,5,5.690193508754033,3.0284199965535663,284.6892960005789,442.0
1789884220,50,POST,POST /api/v1/auth/login,0.000000,0.000000,0,0,0,0,0,0,0,0,0,0,0,50,0,1300.0,1369.1218887201103,628.633758999058,2104.1982940005255,1622.0
1789884220,50,POST,POST /api/v1/auth/refresh,0.000000,0.000000,0,0,0,0,0,0,0,0,0,0,0,100,0,27,29.209557120193494,18.447431997628883,75.96593200287316,1622.0
1789884220,50,,Aggregated,24.800000,0.000000,6,7,7,7,9,9,11,12,15,15,15,44093,0,6,8.90700232316773,3.0284199965535663,2104.1982940005255,6822.075703626426
1789884221,50,GET,GET /api/v1/reservas,17.600000,0.000000,6,7,7,8,9,10,12,12,15,15,15,33001,0,7,7.851657842368199,4.633864002244081,311.9985780067509,8965.0
1789884221,50,GET,GET /api/v1/reservas/{id},6.500000,0.000000,5,5,5,6,6,7,7,8,8,8,8,10962,0,5,5.689542726273107,3.0284199965535663,284.6892960005789,442.0
1789884221,50,POST,POST /api/v1/auth/login,0.000000,0.000000,0,0,0,0,0,0,0,0,0,0,0,50,0,1300.0,1369.1218887201103,628.633758999058,2104.1982940005255,1622.0
1789884221,50,POST,POST /api/v1/auth/refresh,0.000000,0.000000,0,0,0,0,0,0,0,0,0,0,0,100,0,27,29.209557120193494,18.447431997628883,75.96593200287316,1622.0
1789884221,50,,Aggregated,24.100000,0.000000,6,7,7,7,8,9,11,12,15,15,15,44113,0,6,8.905727970653176,3.0284199965535663,2104.1982940005255,6822.08122322218
1789884222,50,GET,GET /api/v1/reservas,18.200000,0.000000,6,7,7,7,9,10,12,15,21,21,21,33020,0,7,7.851222437582869,4.633864002244081,311.9985780067509,8965.0
1789884222,50,GET,GET /api/v1/reservas/{id},6.300000,0.000000,5,5,5,6,6,7,8,8,8,8,8,10973,0,5,5.688649954471475,3.0284199965535663,284.6892960005789,442.0
1789884222,50,POST,POST /api/v1/auth/login,0.000000,0.000000,0,0,0,0,0,0,0,0,0,0,0,50,0,1300.0,1369.1218887201103,628.633758999058,2104.1982940005255,1622.0
1789884222,50,POST,POST /api/v1/auth/refresh,0.000000,0.000000,0,0,0,0,0,0,0,0,0,0,0,100,0,27,29.209557120193494,18.447431997628883,75.96593200287316,1622.0
1789884222,50,,Aggregated,24.500000,0.000000,6,6,7,7,8,9,11,12,21,21,21,44143,0,6,8.903925220021899,3.0284199965535663,2104.1982940005255,6821.413723580183
1789884223,50,GET,GET /api/v1/reservas,17.700000,0.000000,6,7,7,8,9,10,12,15,21,21,21,33038,0,7,7.8508267252851285,4.633864002244081,311.9985780067509,8965.0
1789884223,50,GET,GET /api/v1/reservas/{id},6.300000,0.000000,5,5,5,6,6,7,8,8,8,8,8,10975,0,5,5.688338094525641,3.0284199965535663,284.6892960005789,442.0
1789884223,50,POST,POST /api/v1/auth/login,0.000000,0.000000,0,0,0,0,0,0,0,0,0,0,0,50,0,1300.0,1369.1218887201103,628.633758999058,2104.1982940005255,1622.0
1789884223,50,POST,POST /api/v1/auth/refresh,0.000000,0.000000,0,0,0,0,0,0,0,0,0,0,0,100,0,27,29.209557120193494,18.447431997628883,75.96593200287316,1622.0
1789884223,50,,Aggregated,24.000000,0.000000,6,7,7,7,8,9,11,12,21,21,21,44163,0,6,8.902977018893958,3.0284199965535663,2104.1982940005255,6821.998505536309
1789884224,50,GET,GET /api/v1/reservas,18.200000,0.000000,6,7,7,7,8,9,12,15,21,21,21,33052,0,7,7.85008556901182,4.633864002244081,311.9985780067509,8965.0
1789884224,50,GET,GET /api/v1/reservas/{id},6.200000,0.000000,5,5,5,5,6,7,8,8,8,8,8,10984,0,5,5.687569841077828,3.0284199965535663,284.6892960005789,442.0
1789884224,50,POST,POST /api/v1/auth/login,0.000000,0.000000,0,0,0,0,0,0,0,0,0,0,0,50,0,1300.0,1369.1218887201103,628.633758999058,2104.1982940005255,1622.0
1789884224,50,POST,POST /api/v1/auth/refresh,0.000000,0.000000,0,0,0,0,0,0,0,0,0,0,0,100,0,27,29.209557120193494,18.447431997628883,75.96593200287316,1622.0
1789884224,50,,Aggregated,24.400000,0.000000,6,7,7,7,8,9,11,12,21,21,21,44186,0,6,8.901243504942796,3.0284199965535663,2104.1982940005255,6821.377993029467
1789884225,50,GET,GET /api/v1/reservas,18.300000,0.000000,6,7,7,7,8,9,10,12,21,21,21,33074,0,7,7.849107348430309,4.633864002244081,311.9985780067509,8965.0
1789884225,50,GET,GET /api/v1/reservas/{id},6.200000,0.000000,4,5,5,5,6,6,7,8,8,8,8,10994,0,5,5.686451138749198,3.0284199965535663,284.6892960005789,442.0
1789884225,50,POST,POST /api/v1/auth/login,0.000000,0.000000,0,0,0,0,0,0,0,0,0,0,0,50,0,1300.0,1369.1218887201103,628.633758999058,2104.1982940005255,1622.0
1789884225,50,POST,POST /api/v1/auth/refresh,0.000000,0.000000,0,0,0,0,0,0,0,0,0,0,0,100,0,27,29.209557120193494,18.447431997628883,75.96593200287316,1622.0
1789884225,50,,Aggregated,24.500000,0.000000,6,7,7,7,8,9,9,11,21,21,21,44218,0,6,8.898983907219177,3.0284199965535663,2104.1982940005255,6821.001809217965
1789884226,50,GET,GET /api/v1/reservas,17.600000,0.000000,6,7,7,7,8,9,11,13,21,21,21,33092,0,7,7.8490383734427205,4.633864002244081,311.9985780067509,8965.0
1789884226,50,GET,GET /api/v1/reservas/{id},6.400000,0.000000,4,5,5,5,6,7,7,8,8,8,8,10998,0,5,5.686368347555378,3.0284199965535663,284.6892960005789,442.0
1789884226,50,POST,POST /api/v1/auth/login,0.000000,0.000000,0,0,0,0,0,0,0,0,0,0,0,50,0,1300.0,1369.1218887201103,628.633758999058,2104.1982940005255,1622.0
1789884226,50,POST,POST /api/v1/auth/refresh,0.000000,0.000000,0,0,0,0,0,0,0,0,0,0,0,100,0,27,29.209557120193494,18.447431997628883,75.96593200287316,1622.0
1789884226,50,,Aggregated,24.000000,0.000000,6,7,7,7,8,9,11,12,21,21,21,44240,0,6,8.898194102359977,3.0284199965535663,2104.1982940005255,6821.2973779385175
1789884227,50,GET,GET /api/v1/reservas,17.700000,0.000000,6,7,7,7,8,9,11,13,21,21,21,33111,0,7,7.848072725438493,4.633864002244081,311.9985780067509,8965.0
1789884227,50,GET,GET /api/v1/reservas/{id},6.300000,0.000000,4,5,5,5,6,7,7,8,8,8,8,11002,0,5,5.685924450774889,3.0284199965535663,284.6892960005789,442.0
1789884227,50,POST,POST /api/v1/auth/login,0.000000,0.000000,0,0,0,0,0,0,0,0,0,0,0,50,0,1300.0,1369.1218887201103,628.633758999058,2104.1982940005255,1622.0
1789884227,50,POST,POST /api/v1/auth/refresh,0.000000,0.000000,0,0,0,0,0,0,0,0,0,0,0,100,0,27,29.209557120193494,18.447431997628883,75.96593200287316,1622.0
1789884227,50,,Aggregated,24.000000,0.000000,6,7,7,7,8,9,11,12,21,21,21,44263,0,6,8.896620811229337,3.0284199965535663,2104.1982940005255,6821.64107719766
1789884228,50,GET,GET /api/v1/reservas,18.400000,0.000000,6,7,7,8,9,11,13,16,21,21,21,33129,0,7,7.848361791118742,4.633864002244081,311.9985780067509,8965.0
1789884228,50,GET,GET /api/v1/reservas/{id},6.000000,0.000000,4,5,5,5,6,7,7,8,8,8,8,11006,0,5,5.685322767619673,3.0284199965535663,284.6892960005789,442.0
1789884228,50,POST,POST /api/v1/auth/login,0.000000,0.000000,0,0,0,0,0,0,0,0,0,0,0,50,0,1300.0,1369.1218887201103,628.633758999058,2104.1982940005255,1622.0
1789884228,50,POST,POST /api/v1/auth/refresh,0.000000,0.000000,0,0,0,0,0,0,0,0,0,0,0,100,0,27,29.209557120193494,18.447431997628883,75.96593200287316,1622.0
1789884228,50,,Aggregated,24.400000,0.000000,6,7,7,7,8,9,13,13,21,21,21,44285,0,6,8.895971329037366,3.0284199965535663,2104.1982940005255,6821.936028000451
1789884229,50,GET,GET /api/v1/reservas,18.500000,0.000000,6,7,7,8,8,11,13,16,21,21,21,33149,0,7,7.847445038582014,4.633864002244081,311.9985780067509,8965.0
1789884229,50,GET,GET /api/v1/reservas/{id},6.100000,0.000000,4,5,5,5,5,6,7,8,8,8,8,11017,0,5,5.683878688791884,3.0284199965535663,284.6892960005789,442.0
1789884229,50,POST,POST /api/v1/auth/login,0.000000,0.000000,0,0,0,0,0,0,0,0,0,0,0,50,0,1300.0,1369.1218887201103,628.633758999058,2104.1982940005255,1622.0
1789884229,50,POST,POST /api/v1/auth/refresh,0.000000,0.000000,0,0,0,0,0,0,0,0,0,0,0,100,0,27,29.209557120193494,18.447431997628883,75.96593200287316,1622.0
1789884229,50,,Aggregated,24.600000,0.000000,6,7,7,7,8,9,13,13,21,21,21,44316,0,6,8.893656856358882,3.0284199965535663,2104.1982940005255,6821.319591118332
1789884230,50,GET,GET /api/v1/reservas,17.900000,0.000000,6,7,7,8,8,11,13,16,21,21,21,33165,0,7,7.8469174817714,4.633864002244081,311.9985780067509,8965.0
1789884230,50,GET,GET /api/v1/reservas/{id},5.900000,0.000000,4,5,5,5,6,6,7,8,8,8,8,11024,0,5,5.682900768271043,3.0284199965535663,284.6892960005789,442.0
1789884230,50,POST,POST /api/v1/auth/login,0.000000,0.000000,0,0,0,0,0,0,0,0,0,0,0,50,0,1300.0,1369.1218887201103,628.633758999058,2104.1982940005255,1622.0
1789884230,50,POST,POST /api/v1/auth/refresh,0.000000,0.000000,0,0,0,0,0,0,0,0,0,0,0,100,0,27,29.209557120193494,18.447431997628883,75.96593200287316,1622.0
1789884230,50,,Aggregated,23.800000,0.000000,6,7,7,7,8,9,13,13,21,21,21,44339,0,6,8.892134836157634,3.0284199965535663,2104.1982940005255,6821.086019080268
1789884231,50,GET,GET /api/v1/reservas,18.700000,0.000000,6,7,7,8,8,11,13,16,16,16,16,33188,0,7,7.845921377785875,4.633864002244081,311.9985780067509,8965.0
1789884231,50,GET,GET /api/v1/reservas/{id},6.200000,0.000000,4,5,5,5,6,6,7,7,7,7,7,11031,0,5,5.681879528730256,3.0284199965535663,284.6892960005789,442.0
1789884231,50,POST,POST /api/v1/auth/login,0.000000,0.000000,0,0,0,0,0,0,0,0,0,0,0,50,0,1300.0,1369.1218887201103,628.633758999058,2104.1982940005255,1622.0
1789884231,50,POST,POST /api/v1/auth/refresh,0.000000,0.000000,0,0,0,0,0,0,0,0,0,0,0,100,0,27,29.209557120193494,18.447431997628883,75.96593200287316,1622.0
1789884231,50,,Aggregated,24.900000,0.000000,6,7,7,7,8,9,13,13,16,16,16,44369,0,6,8.890087716996236,3.0284199965535663,2104.1982940005255,6821.190966665916
1789884232,50,GET,GET /api/v1/reservas,17.900000,0.000000,6,7,7,7,8,11,13,16,16,16,16,33204,0,7,7.845368663141979,4.633864002244081,311.9985780067509,8965.0
1789884232,50,GET,GET /api/v1/reservas/{id},6.600000,0.000000,4,5,5,5,5,6,7,7,7,7,7,11034,0,5,5.681617431069652,3.0284199965535663,284.6892960005789,442.0
1789884232,50,POST,POST /api/v1/auth/login,0.000000,0.000000,0,0,0,0,0,0,0,0,0,0,0,50,0,1300.0,1369.1218887201103,628.633758999058,2104.1982940005255,1622.0
1789884232,50,POST,POST /api/v1/auth/refresh,0.000000,0.000000,0,0,0,0,0,0,0,0,0,0,0,100,0,27,29.209557120193494,18.447431997628883,75.96593200287316,1622.0
1789884232,50,,Aggregated,24.500000,0.000000,6,7,7,7,8,9,13,13,16,16,16,44388,0,6,8.889015904600651,3.0284199965535663,2104.1982940005255,6821.532576371992
1789884233,50,GET,GET /api/v1/reservas,18.400000,0.000000,6,7,7,8,8,11,13,16,16,16,16,33220,0,7,7.845084228114647,4.633864002244081,311.9985780067509,8965.0
1789884233,50,GET,GET /api/v1/reservas/{id},6.800000,0.000000,4,5,5,5,6,7,8,9,9,9,9,11045,0,5,5.681585390441164,3.0284199965535663,284.6892960005789,442.0
1789884233,50,POST,POST /api/v1/auth/login,0.000000,0.000000,0,0,0,0,0,0,0,0,0,0,0,50,0,1300.0,1369.1218887201103,628.633758999058,2104.1982940005255,1622.0
1789884233,50,POST,POST /api/v1/auth/refresh,0.000000,0.000000,0,0,0,0,0,0,0,0,0,0,0,100,0,27,29.209557120193494,18.447431997628883,75.96593200287316,1622.0
1789884233,50,,Aggregated,25.200000,0.000000,6,7,7,7,8,10,13,13,16,16,16,44415,0,6,8.887624875456853,3.0284199965535663,2104.1982940005255,6820.724755150287
1789884234,50,GET,GET /api/v1/reservas,18.000000,0.000000,6,7,7,8,9,11,13,16,16,16,16,33241,0,7,7.8448710247276106,4.633864002244081,311.9985780067509,8965.0
1789884234,50,GET,GET /api/v1/reservas/{id},6.300000,0.000000,4,5,5,5,6,7,8,9,9,9,9,11051,0,5,5.681224513746665,3.0284199965535663,284.6892960005789,442.0
1789884234,50,POST,POST /api/v1/auth/login,0.000000,0.000000,0,0,0,0,0,0,0,0,0,0,0,50,0,1300.0,1369.1218887201103,628.633758999058,2104.1982940005255,1622.0
1789884234,50,POST,POST /api/v1/auth/refresh,0.000000,0.000000,0,0,0,0,0,0,0,0,0,0,0,100,0,27,29.209557120193494,18.447431997628883,75.96593200287316,1622.0
1789884234,50,,Aggregated,24.300000,0.000000,6,7,7,7,8,11,13,13,16,16,16,44442,0,6,8.88645020436546,3.0284199965535663,2104.1982940005255,6820.876805724315
1789884235,50,GET,GET /api/v1/reservas,18.300000,0.000000,6,7,7,7,9,11,13,16,16,16,16,33261,0,7,7.84380232843182,4.633864002244081,311.9985780067509,8965.0
1789884235,50,GET,GET /api/v1/reservas/{id},6.700000,0.000000,4,5,5,5,6,7,8,9,9,9,9,11056,0,5,5.680884200742692,3.0284199965535663,284.6892960005789,442.0
1789884235,50,POST,POST /api/v1/auth/login,0.000000,0.000000,0,0,0,0,0,0,0,0,0,0,0,50,0,1300.0,1369.1218887201103,628.633758999058,2104.1982940005255,1622.0
1789884235,50,POST,POST /api/v1/auth/refresh,0.000000,0.000000,0,0,0,0,0,0,0,0,0,0,0,100,0,27,29.209557120193494,18.447431997628883,75.96593200287316,1622.0
1789884235,50,,Aggregated,25.000000,0.000000,6,6,7,7,8,10,12,13,16,16,16,44467,0,6,8.884737335943662,3.0284199965535663,2104.1982940005255,6821.123912114602
1789884236,50,GET,GET /api/v1/reservas,18.600000,0.000000,6,7,7,8,10,12,13,16,16,16,16,33280,0,7,7.843867582781609,4.633864002244081,311.9985780067509,8965.0
1789884236,50,GET,GET /api/v1/reservas/{id},6.600000,0.000000,4,5,5,5,6,8,9,9,9,9,9,11061,0,5,5.680797184378707,3.0284199965535663,284.6892960005789,442.0
1789884236,50,POST,POST /api/v1/auth/login,0.000000,0.000000,0,0,0,0,0,0,0,0,0,0,0,50,0,1300.0,1369.1218887201103,628.633758999058,2104.1982940005255,1622.0
1789884236,50,POST,POST /api/v1/auth/refresh,0.000000,0.000000,0,0,0,0,0,0,0,0,0,0,0,100,0,27,29.209557120193494,18.447431997628883,75.96593200287316,1622.0
1789884236,50,,Aggregated,25.200000,0.000000,6,6,7,7,9,11,13,16,16,16,16,44491,0,6,8.883959923566781,3.0284199965535663,2104.1982940005255,6821.3225596187995
1789884237,50,GET,GET /api/v1/reservas,18.700000,0.000000,6,7,7,8,9,10,12,16,16,16,16,33306,0,7,7.842659766498331,4.633864002244081,311.9985780067509,8965.0
1789884237,50,GET,GET /api/v1/reservas/{id},6.300000,0.000000,5,5,5,5,6,7,9,9,9,9,9,11066,0,5,5.680352431900506,3.0284199965535663,284.6892960005789,442.0
1789884237,50,POST,POST /api/v1/auth/login,0.000000,0.000000,0,0,0,0,0,0,0,0,0,0,0,50,0,1300.0,1369.1218887201103,628.633758999058,2104.1982940005255,1622.0
1789884237,50,POST,POST /api/v1/auth/refresh,0.000000,0.000000,0,0,0,0,0,0,0,0,0,0,0,100,0,27,29.209557120193494,18.447431997628883,75.96593200287316,1622.0
1789884237,50,,Aggregated,25.000000,0.000000,6,6,7,7,8,10,12,12,16,16,16,44522,0,6,8.88197871484725,3.0284199965535663,2104.1982940005255,6821.85800278514
1789884238,50,GET,GET /api/v1/reservas,18.800000,0.000000,6,7,7,8,9,11,12,16,25,25,25,33320,0,7,7.842429696427803,4.633864002244081,311.9985780067509,8965.0
1789884238,50,GET,GET /api/v1/reservas/{id},6.400000,0.000000,5,5,5,6,6,7,9,9,9,9,9,11076,0,5,5.679312897202907,3.0284199965535663,284.6892960005789,442.0
1789884238,50,POST,POST /api/v1/auth/login,0.000000,0.000000,0,0,0,0,0,0,0,0,0,0,0,50,0,1300.0,1369.1218887201103,628.633758999058,2104.1982940005255,1622.0
1789884238,50,POST,POST /api/v1/auth/refresh,0.000000,0.000000,0,0,0,0,0,0,0,0,0,0,0,100,0,27,29.209557120193494,18.447431997628883,75.96593200287316,1622.0
1789884238,50,,Aggregated,25.200000,0.000000,6,6,7,7,8,10,12,16,25,25,25,44546,0,6,8.880502789979317,3.0284199965535663,2104.1982940005255,6821.099357967045
1789884239,50,GET,GET /api/v1/reservas,19.400000,0.000000,6,7,7,8,9,11,12,16,25,25,25,33337,0,7,7.84186483720729,4.633864002244081,311.9985780067509,8965.0
1789884239,50,GET,GET /api/v1/reservas/{id},6.300000,0.000000,4,5,5,6,6,7,9,9,9,9,9,11083,0,5,5.6782744292531495,3.0284199965535663,284.6892960005789,442.0
1789884239,50,POST,POST /api/v1/auth/login,0.000000,0.000000,0,0,0,0,0,0,0,0,0,0,0,50,0,1300.0,1369.1218887201103,628.633758999058,2104.1982940005255,1622.0
1789884239,50,POST,POST /api/v1/auth/refresh,0.000000,0.000000,0,0,0,0,0,0,0,0,0,0,0,100,0,27,29.209557120193494,18.447431997628883,75.96593200287316,1622.0
1789884239,50,,Aggregated,25.700000,0.000000,6,6,7,7,8,10,12,16,25,25,25,44570,0,6,8.878923350357123,3.0284199965535663,2104.1982940005255,6820.915212026027
1789884240,50,GET,GET /api/v1/reservas,19.100000,0.000000,6,7,7,8,10,11,12,16,25,25,25,33356,0,7,7.841381583013427,4.633864002244081,311.9985780067509,8965.0
1789884240,50,GET,GET /api/v1/reservas/{id},7.100000,0.000000,5,5,5,6,6,8,9,9,9,9,9,11089,0,5,5.678029840238451,3.0284199965535663,284.6892960005789,442.0
1789884240,50,POST,POST /api/v1/auth/login,0.000000,0.000000,0,0,0,0,0,0,0,0,0,0,0,50,0,1300.0,1369.1218887201103,628.633758999058,2104.1982940005255,1622.0
1789884240,50,POST,POST /api/v1/auth/refresh,0.000000,0.000000,0,0,0,0,0,0,0,0,0,0,0,100,0,27,29.209557120193494,18.447431997628883,75.96593200287316,1622.0
1789884240,50,,Aggregated,26.200000,0.000000,6,7,7,7,9,10,12,16,25,25,25,44595,0,6,8.877628593551405,3.0284199965535663,2104.1982940005255,6820.970467541204
1789884241,50,GET,GET /api/v1/reservas,19.000000,0.000000,6,7,8,8,10,11,12,16,25,25,25,33380,0,7,7.841042506860313,4.633864002244081,311.9985780067509,8965.0
1789884241,50,GET,GET /api/v1/reservas/{id},6.700000,0.000000,5,5,6,6,7,9,9,9,9,9,9,11092,0,5,5.677705949459433,3.0284199965535663,284.6892960005789,442.0
1789884241,50,POST,POST /api/v1/auth/login,0.000000,0.000000,0,0,0,0,0,0,0,0,0,0,0,50,0,1300.0,1369.1218887201103,628.633758999058,2104.1982940005255,1622.0
1789884241,50,POST,POST /api/v1/auth/refresh,0.000000,0.000000,0,0,0,0,0,0,0,0,0,0,0,100,0,27,29.209557120193494,18.447431997628883,75.96593200287316,1622.0
1789884241,50,,Aggregated,25.700000,0.000000,6,7,7,8,9,10,12,15,25,25,25,44622,0,6,8.876521971637894,3.0284199965535663,2104.1982940005255,6821.694769396262
1789884242,50,GET,GET /api/v1/reservas,19.000000,0.000000,6,7,8,8,10,11,15,19,25,25,25,33392,0,7,7.840950389494726,4.633864002244081,311.9985780067509,8965.0
1789884242,50,GET,GET /api/v1/reservas/{id},6.500000,0.000000,4,5,5,6,6,7,9,9,9,9,9,11099,0,5,5.6768495977478475,3.0284199965535663,284.6892960005789,442.0
1789884242,50,POST,POST /api/v1/auth/login,0.000000,0.000000,0,0,0,0,0,0,0,0,0,0,0,50,0,1300.0,1369.1218887201103,628.633758999058,2104.1982940005255,1622.0
1789884242,50,POST,POST /api/v1/auth/refresh,0.000000,0.000000,0,0,0,0,0,0,0,0,0,0,0,100,0,27,29.209557120193494,18.447431997628883,75.96593200287316,1622.0
1789884242,50,,Aggregated,25.500000,0.000000,6,7,7,7,9,10,12,16,25,25,25,44641,0,6,8.875460210108109,3.0284199965535663,2104.1982940005255,6821.2705360543
1789884243,50,GET,GET /api/v1/reservas,19.300000,0.000000,6,7,7,8,9,12,15,19,25,25,25,33409,0,7,7.840722971714272,4.633864002244081,311.9985780067509,8965.0
1789884243,50,GET,GET /api/v1/reservas/{id},6.300000,0.000000,4,5,6,6,7,9,9,9,9,9,9,11106,0,5,5.6772135293001185,3.0284199965535663,284.6892960005789,442.0
1789884243,50,POST,POST /api/v1/auth/login,0.000000,0.000000,0,0,0,0,0,0,0,0,0,0,0,50,0,1300.0,1369.1218887201103,628.633758999058,2104.1982940005255,1622.0
1789884243,50,POST,POST /api/v1/auth/refresh,0.000000,0.000000,0,0,0,0,0,0,0,0,0,0,0,100,0,27,29.209557120193494,18.447431997628883,75.96593200287316,1622.0
1789884243,50,,Aggregated,25.600000,0.000000,6,7,7,8,9,10,13,16,25,25,25,44665,0,6,8.874485556172262,3.0284199965535663,2104.1982940005255,6821.0866898018585
1789884244,50,GET,GET /api/v1/reservas,19.000000,0.000000,6,7,8,8,9,12,15,19,25,25,25,33426,0,7,7.8398271795309995,4.633864002244081,311.9985780067509,8965.0
1789884244,50,GET,GET /api/v1/reservas/{id},6.400000,0.000000,4,5,6,6,7,9,9,9,9,9,9,11114,0,5,5.676552760969229,3.0284199965535663,284.6892960005789,442.0
1789884244,50,POST,POST /api/v1/auth/login,0.000000,0.000000,0,0,0,0,0,0,0,0,0,0,0,50,0,1300.0,1369.1218887201103,628.633758999058,2104.1982940005255,1622.0
1789884244,50,POST,POST /api/v1/auth/refresh,0.000000,0.000000,0,0,0,0,0,0,0,0,0,0,0,100,0,27,29.209557120193494,18.447431997628883,75.96593200287316,1622.0
1789884244,50,,Aggregated,25.400000,0.000000,6,7,7,8,9,10,13,16,25,25,25,44690,0,6,8.872685630710228,3.0284199965535663,2104.1982940005255,6820.760304318639
1789884245,50,GET,GET /api/v1/reservas,18.500000,0.000000,6,7,7,8,9,11,13,19,25,25,25,33445,0,7,7.839033452653445,4.633864002244081,311.9985780067509,8965.0
1789884245,50,GET,GET /api/v1/reservas/{id},6.400000,0.000000,4,5,5,6,7,8,9,9,9,9,9,11117,0,5,5.676238928524497,3.0284199965535663,284.6892960005789,442.0
1789884245,50,POST,POST /api/v1/auth/login,0.000000,0.000000,0,0,0,0,0,0,0,0,0,0,0,50,0,1300.0,1369.1218887201103,628.633758999058,2104.1982940005255,1622.0
1789884245,50,POST,POST /api/v1/auth/refresh,0.000000,0.000000,0,0,0,0,0,0,0,0,0,0,0,100,0,27,29.209557120193494,18.447431997628883,75.96593200287316,1622.0
1789884245,50,,Aggregated,24.900000,0.000000,6,7,7,7,8,10,12,15,25,25,25,44712,0,6,8.87136053275242,3.0284199965535663,2104.1982940005255,6821.243491680086
1789884246,50,GET,GET /api/v1/reservas,18.700000,0.000000,6,7,7,8,8,10,13,19,25,25,25,33471,0,7,7.838146435928733,4.633864002244081,311.9985780067509,8965.0
1789884246,50,GET,GET /api/v1/reservas/{id},6.400000,0.000000,4,5,6,6,7,8,9,9,9,9,9,11123,0,5,5.675891771592247,3.0284199965535663,284.6892960005789,442.0
1789884246,50,POST,POST /api/v1/auth/login,0.000000,0.000000,0,0,0,0,0,0,0,0,0,0,0,50,0,1300.0,1369.1218887201103,628.633758999058,2104.1982940005255,1622.0
1789884246,50,POST,POST /api/v1/auth/refresh,0.000000,0.000000,0,0,0,0,0,0,0,0,0,0,0,100,0,27,29.209557120193494,18.447431997628883,75.96593200287316,1622.0
1789884246,50,,Aggregated,25.100000,0.000000,6,7,7,7,8,9,12,15,25,25,25,44744,0,6,8.869582372617916,3.0284199965535663,2104.1982940005255,6821.633760951189
1789884247,50,GET,GET /api/v1/reservas,18.700000,0.000000,7,7,7,8,9,10,12,15,19,19,19,33486,0,7,7.837996288089575,4.633864002244081,311.9985780067509,8965.0
1789884247,50,GET,GET /api/v1/reservas/{id},6.200000,0.000000,4,5,6,6,7,8,9,9,9,9,9,11128,0,5,5.675510329656508,3.0284199965535663,284.6892960005789,442.0
1789884247,50,POST,POST /api/v1/auth/login,0.000000,0.000000,0,0,0,0,0,0,0,0,0,0,0,50,0,1300.0,1369.1218887201103,628.633758999058,2104.1982940005255,1622.0
1789884247,50,POST,POST /api/v1/auth/refresh,0.000000,0.000000,0,0,0,0,0,0,0,0,0,0,0,100,0,27,29.209557120193494,18.447431997628883,75.96593200287316,1622.0
1789884247,50,,Aggregated,24.900000,0.000000,6,7,7,8,8,9,12,13,19,19,19,44764,0,6,8.868672879979671,3.0284199965535663,2104.1982940005255,6821.639397730319
1789884248,50,GET,GET /api/v1/reservas,18.800000,0.000000,7,7,8,8,9,10,12,15,19,19,19,33512,0,7,7.837141831193722,4.633864002244081,311.9985780067509,8965.0
1789884248,50,GET,GET /api/v1/reservas/{id},6.100000,0.000000,4,5,6,6,7,8,9,9,9,9,9,11134,0,5,5.674909088056889,3.0284199965535663,284.6892960005789,442.0
1789884248,50,POST,POST /api/v1/auth/login,0.000000,0.000000,0,0,0,0,0,0,0,0,0,0,0,50,0,1300.0,1369.1218887201103,628.633758999058,2104.1982940005255,1622.0
1789884248,50,POST,POST /api/v1/auth/refresh,0.000000,0.000000,0,0,0,0,0,0,0,0,0,0,0,100,0,27,29.209557120193494,18.447431997628883,75.96593200287316,1622.0
1789884248,50,,Aggregated,24.900000,0.000000,6,7,7,8,8,9,12,13,19,19,19,44796,0,6,8.866858312827357,3.0284199965535663,2104.1982940005255,6822.0289311545675
1789884249,50,GET,GET /api/v1/reservas,18.200000,0.000000,7,7,8,8,9,10,12,15,19,19,19,33532,0,7,7.836471270724967,4.633864002244081,311.9985780067509,8965.0
1789884249,50,GET,GET /api/v1/reservas/{id},6.200000,0.000000,5,5,6,6,7,8,9,9,9,9,9,11141,0,5,5.674251796106426,3.0284199965535663,284.6892960005789,442.0
1789884249,50,POST,POST /api/v1/auth/login,0.000000,0.000000,0,0,0,0,0,0,0,0,0,0,0,50,0,1300.0,1369.1218887201103,628.633758999058,2104.1982940005255,1622.0
1789884249,50,POST,POST /api/v1/auth/refresh,0.000000,0.000000,0,0,0,0,0,0,0,0,0,0,0,100,0,27,29.209557120193494,18.447431997628883,75.96593200287316,1622.0
1789884249,50,,Aggregated,24.400000,0.000000,6,7,7,8,8,9,12,13,19,19,19,44823,0,6,8.865235349226873,3.0284199965535663,2104.1982940005255,6821.988755772706
1789884250,50,GET,GET /api/v1/reservas,18.900000,0.000000,6,7,7,7,8,9,12,13,19,19,19,33547,0,7,7.835715109308345,4.633864002244081,311.9985780067509,8965.0
1789884250,50,GET,GET /api/v1/reservas/{id},5.800000,0.000000,4,5,5,6,6,8,8,9,9,9,9,11148,0,5,5.673313403158406,3.0284199965535663,284.6892960005789,442.0
1789884250,50,POST,POST /api/v1/auth/login,0.000000,0.000000,0,0,0,0,0,0,0,0,0,0,0,50,0,1300.0,1369.1218887201103,628.633758999058,2104.1982940005255,1622.0
1789884250,50,POST,POST /api/v1/auth/refresh,0.000000,0.000000,0,0,0,0,0,0,0,0,0,0,0,100,0,27,29.209557120193494,18.447431997628883,75.96593200287316,1622.0
1789884250,50,,Aggregated,24.700000,0.000000,6,7,7,7,8,9,11,12,19,19,19,44845,0,6,8.863594218717846,3.0284199965535663,2104.1982940005255,6821.709688928531
1789884251,50,GET,GET /api/v1/reservas,19.000000,0.000000,6,7,7,8,9,10,13,16,16,16,16,33563,0,7,7.83616605264663,4.633864002244081,311.9985780067509,8965.0
1789884251,50,GET,GET /api/v1/reservas/{id},6.100000,0.000000,5,5,5,6,7,7,8,9,9,9,9,11159,0,5,5.67280157374205,3.0284199965535663,284.6892960005789,442.0
1789884251,50,POST,POST /api/v1/auth/login,0.000000,0.000000,0,0,0,0,0,0,0,0,0,0,0,50,0,1300.0,1369.1218887201103,628.633758999058,2104.1982940005255,1622.0
1789884251,50,POST,POST /api/v1/auth/refresh,0.000000,0.000000,0,0,0,0,0,0,0,0,0,0,0,100,0,27,29.209557120193494,18.447431997628883,75.96593200287316,1622.0
1789884251,50,,Aggregated,25.100000,0.000000,6,7,7,7,8,9,12,15,16,16,16,44872,0,6,8.862655645712053,3.0284199965535663,2104.1982940005255,6820.909988411481
1789884252,50,GET,GET /api/v1/reservas,19.100000,0.000000,6,7,7,7,8,9,12,16,16,16,16,33587,0,7,7.8350172248779,4.633864002244081,311.9985780067509,8965.0
1789884252,50,GET,GET /api/v1/reservas/{id},6.100000,0.000000,4,5,5,5,6,7,7,8,8,8,8,11161,0,5,5.672569084703922,3.0284199965535663,284.6892960005789,442.0
1789884252,50,POST,POST /api/v1/auth/login,0.000000,0.000000,0,0,0,0,0,0,0,0,0,0,0,50,0,1300.0,1369.1218887201103,628.633758999058,2104.1982940005255,1622.0
1789884252,50,POST,POST /api/v1/auth/refresh,0.000000,0.000000,0,0,0,0,0,0,0,0,0,0,0,100,0,27,29.209557120193494,18.447431997628883,75.96593200287316,1622.0
1789884252,50,,Aggregated,25.200000,0.000000,6,7,7,7,8,9,11,15,16,16,16,44898,0,6,8.86104764654059,3.0284199965535663,2104.1982940005255,6821.771949752773
1789884253,50,GET,GET /api/v1/reservas,18.500000,0.000000,6,7,7,7,9,9,12,16,16,16,16,33606,0,7,7.83438265256137,4.633864002244081,311.9985780067509,8965.0
1789884253,50,GET,GET /api/v1/reservas/{id},6.600000,0.000000,5,5,5,5,6,7,7,7,7,7,7,11166,0,5,5.672380938417258,3.0284199965535663,284.6892960005789,442.0
1789884253,50,POST,POST /api/v1/auth/login,0.000000,0.000000,0,0,0,0,0,0,0,0,0,0,0,50,0,1300.0,1369.1218887201103,628.633758999058,2104.1982940005255,1622.0
1789884253,50,POST,POST /api/v1/auth/refresh,0.000000,0.000000,0,0,0,0,0,0,0,0,0,0,0,100,0,27,29.209557120193494,18.447431997628883,75.96593200287316,1622.0
1789884253,50,,Aggregated,25.100000,0.000000,6,7,7,7,8,9,11,15,16,16,16,44922,0,6,8.859737303066858,3.0284199965535663,2104.1982940005255,6821.968345131561
1789884254,50,GET,GET /api/v1/reservas,19.400000,0.000000,6,7,7,8,9,10,12,16,16,16,16,33625,0,7,7.834054102185511,4.633864002244081,311.9985780067509,8965.0
1789884254,50,GET,GET /api/v1/reservas/{id},6.300000,0.000000,5,5,5,6,6,7,7,7,7,7,7,11172,0,5,5.67209961048887,3.0284199965535663,284.6892960005789,442.0
1789884254,50,POST,POST /api/v1/auth/login,0.000000,0.000000,0,0,0,0,0,0,0,0,0,0,0,50,0,1300.0,1369.1218887201103,628.633758999058,2104.1982940005255,1622.0
1789884254,50,POST,POST /api/v1/auth/refresh,0.000000,0.000000,0,0,0,0,0,0,0,0,0,0,0,100,0,27,29.209557120193494,18.447431997628883,75.96593200287316,1622.0
1789884254,50,,Aggregated,25.700000,0.000000,6,7,7,7,8,9,12,15,16,16,16,44947,0,6,8.858562666749602,3.0284199965535663,2104.1982940005255,6822.022582152313
1789884255,50,GET,GET /api/v1/reservas,20.000000,0.000000,6,7,7,8,9,10,12,16,16,16,16,33644,0,7,7.833072703007854,4.633864002244081,311.9985780067509,8965.0
1789884255,50,GET,GET /api/v1/reservas/{id},5.900000,0.000000,4,5,5,5,6,7,7,7,7,7,7,11179,0,5,5.671348111223402,3.0284199965535663,284.6892960005789,442.0
1789884255,50,POST,POST /api/v1/auth/login,0.000000,0.000000,0,0,0,0,0,0,0,0,0,0,0,50,0,1300.0,1369.1218887201103,628.633758999058,2104.1982940005255,1622.0
1789884255,50,POST,POST /api/v1/auth/refresh,0.000000,0.000000,0,0,0,0,0,0,0,0,0,0,0,100,0,27,29.209557120193494,18.447431997628883,75.96593200287316,1622.0
1789884255,50,,Aggregated,25.900000,0.000000,6,7,7,7,8,9,12,15,16,16,16,44973,0,6,8.856712887807962,3.0284199965535663,2104.1982940005255,6821.934894269895
1789884256,50,GET,GET /api/v1/reservas,19.600000,0.000000,6,7,7,7,9,10,12,16,16,16,16,33660,0,7,7.8323791788765185,4.633864002244081,311.9985780067509,8965.0
1789884256,50,GET,GET /api/v1/reservas/{id},5.700000,0.000000,4,5,5,5,6,7,7,8,8,8,8,11187,0,5,5.670729745989025,3.0284199965535663,284.6892960005789,442.0
1789884256,50,POST,POST /api/v1/auth/login,0.000000,0.000000,0,0,0,0,0,0,0,0,0,0,0,50,0,1300.0,1369.1218887201103,628.633758999058,2104.1982940005255,1622.0
1789884256,50,POST,POST /api/v1/auth/refresh,0.000000,0.000000,0,0,0,0,0,0,0,0,0,0,0,100,0,27,29.209557120193494,18.447431997628883,75.96593200287316,1622.0
1789884256,50,,Aggregated,25.300000,0.000000,6,6,7,7,8,9,12,15,16,16,16,44997,0,6,8.8551100512787,3.0284199965535663,2104.1982940005255,6821.562637509167
1789884257,50,GET,GET /api/v1/reservas,19.200000,0.000000,7,7,7,8,9,11,12,16,16,16,16,33678,0,7,7.832759817417687,4.633864002244081,311.9985780067509,8965.0
1789884257,50,GET,GET /api/v1/reservas/{id},5.900000,0.000000,5,5,6,6,7,8,10,13,13,13,13,11191,0,5,5.671841302420278,3.0284199965535663,284.6892960005789,442.0
1789884257,50,POST,POST /api/v1/auth/login,0.000000,0.000000,0,0,0,0,0,0,0,0,0,0,0,50,0,1300.0,1369.1218887201103,628.633758999058,2104.1982940005255,1622.0
1789884257,50,POST,POST /api/v1/auth/refresh,0.000000,0.000000,0,0,0,0,0,0,0,0,0,0,0,100,0,27,29.209557120193494,18.447431997628883,75.96593200287316,1622.0
1789884257,50,,Aggregated,25.100000,0.000000,6,7,7,7,9,10,12,15,16,16,16,45019,0,6,8.85497925974373,3.0284199965535663,2104.1982940005255,6821.852817699194
1789884258,50,GET,GET /api/v1/reservas,18.900000,0.000000,6,7,7,7,9,11,12,16,16,16,16,33694,0,7,7.832196793464657,4.633864002244081,311.9985780067509,8965.0
1789884258,50,GET,GET /api/v1/reservas/{id},6.300000,0.000000,5,5,6,6,7,8,10,13,13,13,13,11198,0,5,5.671445757044657,3.0284199965535663,284.6892960005789,442.0
1789884258,50,POST,POST /api/v1/auth/login,0.000000,0.000000,0,0,0,0,0,0,0,0,0,0,0,50,0,1300.0,1369.1218887201103,628.633758999058,2104.1982940005255,1622.0
1789884258,50,POST,POST /api/v1/auth/refresh,0.000000,0.000000,0,0,0,0,0,0,0,0,0,0,0,100,0,27,29.209557120193494,18.447431997628883,75.96593200287316,1622.0
1789884258,50,,Aggregated,25.200000,0.000000,6,7,7,7,9,10,12,15,16,16,16,45042,0,6,8.853601938066895,3.0284199965535663,2104.1982940005255,6821.622618889037
1789884259,50,GET,GET /api/v1/reservas,19.300000,0.000000,7,7,7,8,9,11,14,16,16,16,16,33717,0,7,7.831707102736665,4.633864002244081,311.9985780067509,8965.0
1789884259,50,GET,GET /api/v1/reservas/{id},6.400000,0.000000,5,5,6,6,7,8,10,13,13,13,13,11202,0,5,5.67106437675321,3.0284199965535663,284.6892960005789,442.0
1789884259,50,POST,POST /api/v1/auth/login,0.000000,0.000000,0,0,0,0,0,0,0,0,0,0,0,50,0,1300.0,1369.1218887201103,628.633758999058,2104.1982940005255,1622.0
1789884259,50,POST,POST /api/v1/auth/refresh,0.000000,0.000000,0,0,0,0,0,0,0,0,0,0,0,100,0,27,29.209557120193494,18.447431997628883,75.96593200287316,1622.0
1789884259,50,,Aggregated,25.700000,0.000000,6,7,7,7,9,11,13,15,16,16,16,45069,0,6,8.85233712040175,3.0284199965535663,2104.1982940005255,6822.150236304334
1789884260,50,GET,GET /api/v1/reservas,18.600000,0.000000,7,7,7,8,9,10,12,12,14,14,14,33737,0,7,7.830986693659233,4.633864002244081,311.9985780067509,8965.0
1789884260,50,GET,GET /api/v1/reservas/{id},6.300000,0.000000,5,5,6,6,7,8,10,13,13,13,13,11208,0,5,5.670293017521244,3.0284199965535663,284.6892960005789,442.0
1789884260,50,POST,POST /api/v1/auth/login,0.000000,0.000000,0,0,0,0,0,0,0,0,0,0,0,50,0,1300.0,1369.1218887201103,628.633758999058,2104.1982940005255,1622.0
1789884260,50,POST,POST /api/v1/auth/refresh,0.000000,0.000000,0,0,0,0,0,0,0,0,0,0,0,100,0,27,29.209557120193494,18.447431997628883,75.96593200287316,1622.0
1789884260,50,,Aggregated,24.900000,0.000000,6,7,7,7,9,10,12,12,14,14,14,45095,0,6,8.850730510530758,3.0284199965535663,2104.1982940005255,6822.251713050227
1789884261,50,GET,GET /api/v1/reservas,18.400000,0.000000,7,7,7,8,9,11,12,12,14,14,14,33750,0,7,7.830709423555096,4.633864002244081,311.9985780067509,8965.0
1789884261,50,GET,GET /api/v1/reservas/{id},6.100000,0.000000,5,5,6,6,8,10,10,13,13,13,13,11220,0,5,5.67030110529124,3.0284199965535663,284.6892960005789,442.0
1789884261,50,POST,POST /api/v1/auth/login,0.000000,0.000000,0,0,0,0,0,0,0,0,0,0,0,50,0,1300.0,1369.1218887201103,628.633758999058,2104.1982940005255,1622.0
1789884261,50,POST,POST /api/v1/auth/refresh,0.000000,0.000000,0,0,0,0,0,0,0,0,0,0,0,100,0,27,29.209557120193494,18.447431997628883,75.96593200287316,1622.0
1789884261,50,,Aggregated,24.500000,0.000000,6,7,7,7,9,10,12,12,14,14,14,45120,0,6,8.849385452003037,3.0284199965535663,2104.1982940005255,6821.172207446809
1789884262,50,GET,GET /api/v1/reservas,19.000000,0.000000,7,7,7,8,10,11,12,12,14,14,14,33768,0,7,7.830040494165257,4.633864002244081,311.9985780067509,8965.0
1789884262,50,GET,GET /api/v1/reservas/{id},5.900000,0.000000,5,5,6,6,7,10,10,13,13,13,13,11229,0,5,5.669436040554296,3.0284199965535663,284.6892960005789,442.0
1789884262,50,POST,POST /api/v1/auth/login,0.000000,0.000000,0,0,0,0,0,0,0,0,0,0,0,50,0,1300.0,1369.1218887201103,628.633758999058,2104.1982940005255,1622.0
1789884262,50,POST,POST /api/v1/auth/refresh,0.000000,0.000000,0,0,0,0,0,0,0,0,0,0,0,100,0,27,29.209557120193494,18.447431997628883,75.96593200287316,1622.0
1789884262,50,,Aggregated,24.900000,0.000000,6,7,7,7,9,10,12,12,14,14,14,45147,0,6,8.847630071862614,3.0284199965535663,2104.1982940005255,6820.75526613064
1789884263,50,GET,GET /api/v1/reservas,18.800000,0.000000,7,7,7,7,9,10,12,12,14,14,14,33780,0,7,7.829550966576454,4.633864002244081,311.9985780067509,8965.0
1789884263,50,GET,GET /api/v1/reservas/{id},6.000000,0.000000,5,5,5,6,6,10,10,13,13,13,13,11236,0,5,5.6688677362396325,3.0284199965535663,284.6892960005789,442.0
1789884263,50,POST,POST /api/v1/auth/login,0.000000,0.000000,0,0,0,0,0,0,0,0,0,0,0,50,0,1300.0,1369.1218887201103,628.633758999058,2104.1982940005255,1622.0
1789884263,50,POST,POST /api/v1/auth/refresh,0.000000,0.000000,0,0,0,0,0,0,0,0,0,0,0,100,0,27,29.209557120193494,18.447431997628883,75.96593200287316,1622.0
1789884263,50,,Aggregated,24.800000,0.000000,6,7,7,7,9,10,12,12,14,14,14,45166,0,6,8.846359644054509,3.0284199965535663,2104.1982940005255,6820.336359208254
1789884264,50,GET,GET /api/v1/reservas,18.100000,0.000000,7,7,7,8,10,10,12,12,14,14,14,33799,0,7,7.829416048816021,4.633864002244081,311.9985780067509,8965.0
1789884264,50,GET,GET /api/v1/reservas/{id},6.600000,0.000000,5,5,6,6,7,10,10,13,13,13,13,11242,0,5,5.668830118873278,3.0284199965535663,284.6892960005789,442.0
1789884264,50,POST,POST /api/v1/auth/login,0.000000,0.000000,0,0,0,0,0,0,0,0,0,0,0,50,0,1300.0,1369.1218887201103,628.633758999058,2104.1982940005255,1622.0
1789884264,50,POST,POST /api/v1/auth/refresh,0.000000,0.000000,0,0,0,0,0,0,0,0,0,0,0,100,0,27,29.209557120193494,18.447431997628883,75.96593200287316,1622.0
1789884264,50,,Aggregated,24.700000,0.000000,6,7,7,8,9,10,12,12,14,14,14,45191,0,6,8.8453999995205,3.0284199965535663,2104.1982940005255,6820.391206213627
1789884265,50,GET,GET /api/v1/reservas,17.700000,0.000000,7,7,8,8,10,11,12,14,15,15,15,33817,0,7,7.829382312473732,4.633864002244081,311.9985780067509,8965.0
1789884265,50,GET,GET /api/v1/reservas/{id},6.700000,0.000000,5,5,6,6,7,10,10,13,13,13,13,11249,0,5,5.668472370197702,3.0284199965535663,284.6892960005789,442.0
1789884265,50,POST,POST /api/v1/auth/login,0.000000,0.000000,0,0,0,0,0,0,0,0,0,0,0,50,0,1300.0,1369.1218887201103,628.633758999058,2104.1982940005255,1622.0
1789884265,50,POST,POST /api/v1/auth/refresh,0.000000,0.000000,0,0,0,0,0,0,0,0,0,0,0,100,0,27,29.209557120193494,18.447431997628883,75.96593200287316,1622.0
1789884265,50,,Aggregated,24.400000,0.000000,6,7,7,8,10,10,12,13,15,15,15,45216,0,6,8.844389541341627,3.0284199965535663,2104.1982940005255,6820.257497346072
1789884266,50,GET,GET /api/v1/reservas,17.800000,0.000000,7,7,7,8,9,10,11,14,15,15,15,33833,0,7,7.8285881904037184,4.633864002244081,311.9985780067509,8965.0
1789884266,50,GET,GET /api/v1/reservas/{id},7.100000,0.000000,5,5,6,6,6,7,10,10,10,10,10,11255,0,5,5.667861573820022,3.0284199965535663,284.6892960005789,442.0
1789884266,50,POST,POST /api/v1/auth/login,0.000000,0.000000,0,0,0,0,0,0,0,0,0,0,0,50,0,1300.0,1369.1218887201103,628.633758999058,2104.1982940005255,1622.0
1789884266,50,POST,POST /api/v1/auth/refresh,0.000000,0.000000,0,0,0,0,0,0,0,0,0,0,0,100,0,27,29.209557120193494,18.447431997628883,75.96593200287316,1622.0
1789884266,50,,Aggregated,24.900000,0.000000,6,7,7,7,8,10,11,11,15,15,15,45238,0,6,8.842863442400155,3.0284199965535663,2104.1982940005255,6820.170100358106
1789884267,50,GET,GET /api/v1/reservas,17.600000,0.000000,7,7,8,8,10,10,11,14,15,15,15,33850,0,7,7.8284692934991025,4.633864002244081,311.9985780067509,8965.0
1789884267,50,GET,GET /api/v1/reservas/{id},7.100000,0.000000,5,5,6,6,6,7,10,10,10,10,10,11264,0,5,5.667303266011846,3.0284199965535663,284.6892960005789,442.0
1789884267,50,POST,POST /api/v1/auth/login,0.000000,0.000000,0,0,0,0,0,0,0,0,0,0,0,50,0,1300.0,1369.1218887201103,628.633758999058,2104.1982940005255,1622.0
1789884267,50,POST,POST /api/v1/auth/refresh,0.000000,0.000000,0,0,0,0,0,0,0,0,0,0,0,100,0,27,29.209557120193494,18.447431997628883,75.96593200287316,1622.0
1789884267,50,,Aggregated,24.700000,0.000000,6,7,7,7,9,10,11,11,15,15,15,45264,0,6,8.841623358990079,3.0284199965535663,2104.1982940005255,6819.707449628844
1789884268,50,GET,GET /api/v1/reservas,17.700000,0.000000,7,7,7,8,9,10,11,11,15,15,15,33868,0,7,7.827685817199962,4.633864002244081,311.9985780067509,8965.0
1789884268,50,GET,GET /api/v1/reservas/{id},6.800000,0.000000,5,5,6,6,6,7,10,10,10,10,10,11268,0,5,5.667105632175467,3.0284199965535663,284.6892960005789,442.0
1789884268,50,POST,POST /api/v1/auth/login,0.000000,0.000000,0,0,0,0,0,0,0,0,0,0,0,50,0,1300.0,1369.1218887201103,628.633758999058,2104.1982940005255,1622.0
1789884268,50,POST,POST /api/v1/auth/refresh,0.000000,0.000000,0,0,0,0,0,0,0,0,0,0,0,100,0,27,29.209557120193494,18.447431997628883,75.96593200287316,1622.0
1789884268,50,,Aggregated,24.500000,0.000000,6,7,7,7,9,10,10,11,15,15,15,45286,0,6,8.840305164251784,3.0284199965535663,2104.1982940005255,6819.996820209336
1789884269,50,GET,GET /api/v1/reservas,16.900000,0.000000,7,7,7,8,9,10,11,11,15,15,15,33892,0,7,7.826861725095586,4.633864002244081,311.9985780067509,8965.0
1789884269,50,GET,GET /api/v1/reservas/{id},7.100000,0.000000,5,5,6,6,6,7,10,10,10,10,10,11270,0,5,5.667106493997731,3.0284199965535663,284.6892960005789,442.0
1789884269,50,POST,POST /api/v1/auth/login,0.000000,0.000000,0,0,0,0,0,0,0,0,0,0,0,50,0,1300.0,1369.1218887201103,628.633758999058,2104.1982940005255,1622.0
1789884269,50,POST,POST /api/v1/auth/refresh,0.000000,0.000000,0,0,0,0,0,0,0,0,0,0,0,100,0,27,29.209557120193494,18.447431997628883,75.96593200287316,1622.0
1789884269,50,,Aggregated,24.000000,0.000000,6,7,7,7,9,10,10,11,15,15,15,45312,0,6,8.839012577734792,3.0284199965535663,2104.1982940005255,6820.8514300847455
1789884270,50,GET,GET /api/v1/reservas,17.400000,0.000000,7,7,7,8,9,10,10,11,15,15,15,33913,0,7,7.825881365640303,4.633864002244081,311.9985780067509,8965.0
1789884270,50,GET,GET /api/v1/reservas/{id},7.000000,0.000000,5,5,6,6,6,7,7,10,10,10,10,11278,0,5,5.666246180117285,3.0284199965535663,284.6892960005789,442.0
1789884270,50,POST,POST /api/v1/auth/login,0.000000,0.000000,0,0,0,0,0,0,0,0,0,0,0,50,0,1300.0,1369.1218887201103,628.633758999058,2104.1982940005255,1622.0
1789884270,50,POST,POST /api/v1/auth/refresh,0.000000,0.000000,0,0,0,0,0,0,0,0,0,0,0,100,0,27,29.209557120193494,18.447431997628883,75.96593200287316,1622.0
1789884270,50,,Aggregated,24.400000,0.000000,6,7,7,7,8,10,10,11,15,15,15,45341,0,6,8.837036883181826,3.0284199965535663,2104.1982940005255,6820.719018107232
1789884271,50,GET,GET /api/v1/reservas,17.600000,0.000000,7,7,7,8,9,10,11,13,15,15,15,33932,0,7,7.825586583105496,4.633864002244081,311.9985780067509,8965.0
1789884271,50,GET,GET /api/v1/reservas/{id},6.900000,0.000000,5,5,6,6,6,7,7,7,7,7,7,11286,0,5,5.665740350378133,3.0284199965535663,284.6892960005789,442.0
1789884271,50,POST,POST /api/v1/auth/login,0.000000,0.000000,0,0,0,0,0,0,0,0,0,0,0,50,0,1300.0,1369.1218887201103,628.633758999058,2104.1982940005255,1622.0
1789884271,50,POST,POST /api/v1/auth/refresh,0.000000,0.000000,0,0,0,0,0,0,0,0,0,0,0,100,0,27,29.209557120193494,18.447431997628883,75.96593200287316,1622.0
1789884271,50,,Aggregated,24.500000,0.000000,6,7,7,7,8,10,11,12,15,15,15,45368,0,6,8.835707980962972,3.0284199965535663,2104.1982940005255,6820.492241227297
1789884272,50,GET,GET /api/v1/reservas,17.500000,0.000000,7,7,7,8,9,10,11,13,15,15,15,33947,0,7,7.825045819717561,4.633864002244081,311.9985780067509,8965.0
1789884272,50,GET,GET /api/v1/reservas/{id},6.900000,0.000000,5,5,6,6,6,6,7,7,7,7,7,11293,0,5,5.665135405416305,3.0284199965535663,284.6892960005789,442.0
1789884272,50,POST,POST /api/v1/auth/login,0.000000,0.000000,0,0,0,0,0,0,0,0,0,0,0,50,0,1300.0,1369.1218887201103,628.633758999058,2104.1982940005255,1622.0
1789884272,50,POST,POST /api/v1/auth/refresh,0.000000,0.000000,0,0,0,0,0,0,0,0,0,0,0,100,0,27,29.209557120193494,18.447431997628883,75.96593200287316,1622.0
1789884272,50,,Aggregated,24.400000,0.000000,6,7,7,7,8,10,11,12,15,15,15,45390,0,6,8.834330353014833,3.0284199965535663,2104.1982940005255,6820.217250495704
1789884273,50,GET,GET /api/v1/reservas,18.000000,0.000000,6,7,7,7,9,10,11,13,15,15,15,33967,0,7,7.824220080370365,4.633864002244081,311.9985780067509,8965.0
1789884273,50,GET,GET /api/v1/reservas/{id},6.800000,0.000000,5,5,6,6,6,6,7,7,7,7,7,11298,0,5,5.664716742464946,3.0284199965535663,284.6892960005789,442.0
1789884273,50,POST,POST /api/v1/auth/login,0.000000,0.000000,0,0,0,0,0,0,0,0,0,0,0,50,0,1300.0,1369.1218887201103,628.633758999058,2104.1982940005255,1622.0
1789884273,50,POST,POST /api/v1/auth/refresh,0.000000,0.000000,0,0,0,0,0,0,0,0,0,0,0,100,0,27,29.209557120193494,18.447431997628883,75.96593200287316,1622.0
1789884273,50,,Aggregated,24.800000,0.000000,6,7,7,7,8,9,10,12,15,15,15,45415,0,6,8.832815223479775,3.0284199965535663,2104.1982940005255,6820.459561818782
1789884274,50,GET,GET /api/v1/reservas,18.300000,0.000000,7,7,7,8,8,9,11,13,15,15,15,33986,0,7,7.8240334141690955,4.633864002244081,311.9985780067509,8965.0
1789884274,50,GET,GET /api/v1/reservas/{id},6.500000,0.000000,5,5,5,6,6,7,7,9,9,9,9,11306,0,5,5.664805591487663,3.0284199965535663,284.6892960005789,442.0
1789884274,50,POST,POST /api/v1/auth/login,0.000000,0.000000,0,0,0,0,0,0,0,0,0,0,0,50,0,1300.0,1369.1218887201103,628.633758999058,2104.1982940005255,1622.0
1789884274,50,POST,POST /api/v1/auth/refresh,0.000000,0.000000,0,0,0,0,0,0,0,0,0,0,0,100,0,27,29.209557120193494,18.447431997628883,75.96593200287316,1622.0
1789884274,50,,Aggregated,24.800000,0.000000,6,7,7,7,8,9,11,12,15,15,15,45442,0,6,8.831718273388832,3.0284199965535663,2104.1982940005255,6820.233308393116
1789884275,50,GET,GET /api/v1/reservas,18.700000,0.000000,7,7,7,8,8,10,11,13,15,15,15,34004,0,7,7.823876793787878,4.633864002244081,311.9985780067509,8965.0
1789884275,50,GET,GET /api/v1/reservas/{id},6.500000,0.000000,5,5,6,6,6,7,9,14,14,14,14,11313,0,5,5.665421646015037,3.0284199965535663,284.6892960005789,442.0
1789884275,50,POST,POST /api/v1/auth/login,0.000000,0.000000,0,0,0,0,0,0,0,0,0,0,0,50,0,1300.0,1369.1218887201103,628.633758999058,2104.1982940005255,1622.0
1789884275,50,POST,POST /api/v1/auth/refresh,0.000000,0.000000,0,0,0,0,0,0,0,0,0,0,0,100,0,27,29.209557120193494,18.447431997628883,75.96593200287316,1622.0
1789884275,50,,Aggregated,25.200000,0.000000,6,7,7,7,8,9,11,13,15,15,15,45467,0,6,8.83086792014771,3.0284199965535663,2104.1982940005255,6820.100424483691
1789884276,50,GET,GET /api/v1/reservas,18.400000,0.000000,7,7,7,8,9,10,12,13,15,15,15,34016,0,7,7.823792124117108,4.633864002244081,311.9985780067509,8965.0
1789884276,50,GET,GET /api/v1/reservas/{id},6.500000,0.000000,5,6,6,6,7,7,9,14,14,14,14,11322,0,5,5.665503157160133,3.0284199965535663,284.6892960005789,442.0
1789884276,50,POST,POST /api/v1/auth/login,0.000000,0.000000,0,0,0,0,0,0,0,0,0,0,0,50,0,1300.0,1369.1218887201103,628.633758999058,2104.1982940005255,1622.0
1789884276,50,POST,POST /api/v1/auth/refresh,0.000000,0.000000,0,0,0,0,0,0,0,0,0,0,0,100,0,27,29.209557120193494,18.447431997628883,75.96593200287316,1622.0
1789884276,50,,Aggregated,24.900000,0.000000,6,7,7,7,8,9,12,13,15,15,15,45488,0,6,8.829932944674628,3.0284199965535663,2104.1982940005255,6819.404326415758
1789884277,50,GET,GET /api/v1/reservas,18.900000,0.000000,7,7,7,8,8,10,12,13,15,15,15,34028,0,7,7.823678778974706,4.633864002244081,311.9985780067509,8965.0
1789884277,50,GET,GET /api/v1/reservas/{id},6.300000,0.000000,5,6,6,6,7,9,9,14,14,14,14,11329,0,5,5.665579308269755,3.0284199965535663,284.6892960005789,442.0
1789884277,50,POST,POST /api/v1/auth/login,0.000000,0.000000,0,0,0,0,0,0,0,0,0,0,0,50,0,1300.0,1369.1218887201103,628.633758999058,2104.1982940005255,1622.0
1789884277,50,POST,POST /api/v1/auth/refresh,0.000000,0.000000,0,0,0,0,0,0,0,0,0,0,0,100,0,27,29.209557120193494,18.447431997628883,75.96593200287316,1622.0
1789884277,50,,Aggregated,25.200000,0.000000,6,7,7,7,8,10,12,13,15,15,15,45507,0,6,8.829115072897888,3.0284199965535663,2104.1982940005255,6818.989122552574
1789884278,50,GET,GET /api/v1/reservas,18.300000,0.000000,7,7,8,8,9,11,12,13,15,15,15,34051,0,7,7.823514636601805,4.633864002244081,311.9985780067509,8965.0
1789884278,50,GET,GET /api/v1/reservas/{id},6.900000,0.000000,5,5,6,6,7,9,11,14,14,14,14,11336,0,5,5.665717729832196,3.0284199965535663,284.6892960005789,442.0
1789884278,50,POST,POST /api/v1/auth/login,0.000000,0.000000,0,0,0,0,0,0,0,0,0,0,0,50,0,1300.0,1369.1218887201103,628.633758999058,2104.1982940005255,1622.0
1789884278,50,POST,POST /api/v1/auth/refresh,0.000000,0.000000,0,0,0,0,0,0,0,0,0,0,0,100,0,27,29.209557120193494,18.447431997628883,75.96593200287316,1622.0
1789884278,50,,Aggregated,25.200000,0.000000,6,7,7,8,9,10,12,13,15,15,15,45537,0,6,8.828032659690598,3.0284199965535663,2104.1982940005255,6819.092759733843
1789884279,50,GET,GET /api/v1/reservas,18.100000,0.000000,7,7,8,8,9,11,12,13,15,15,15,34070,0,7,7.82283735729208,4.633864002244081,311.9985780067509,8965.0
1789884279,50,GET,GET /api/v1/reservas/{id},6.600000,0.000000,5,5,6,6,7,9,11,14,14,14,14,11341,0,5,5.665220177266726,3.0284199965535663,284.6892960005789,442.0
1789884279,50,POST,POST /api/v1/auth/login,0.000000,0.000000,0,0,0,0,0,0,0,0,0,0,0,50,0,1300.0,1369.1218887201103,628.633758999058,2104.1982940005255,1622.0
1789884279,50,POST,POST /api/v1/auth/refresh,0.000000,0.000000,0,0,0,0,0,0,0,0,0,0,0,100,0,27,29.209557120193494,18.447431997628883,75.96593200287316,1622.0
1789884279,50,,Aggregated,24.700000,0.000000,6,7,7,8,9,10,12,13,15,15,15,45561,0,6,8.826636398264919,3.0284199965535663,2104.1982940005255,6819.287811944426
1789884280,50,GET,GET /api/v1/reservas,18.200000,0.000000,7,7,8,8,9,11,12,12,15,15,15,34097,0,7,7.821973544826579,4.633864002244081,311.9985780067509,8965.0
1789884280,50,GET,GET /api/v1/reservas/{id},7.000000,0.000000,5,6,6,6,9,9,11,14,14,14,14,11345,0,5,5.664983100165513,3.0284199965535663,284.6892960005789,442.0
1789884280,50,POST,POST /api/v1/auth/login,0.000000,0.000000,0,0,0,0,0,0,0,0,0,0,0,50,0,1300.0,1369.1218887201103,628.633758999058,2104.1982940005255,1622.0
1789884280,50,POST,POST /api/v1/auth/refresh,0.000000,0.000000,0,0,0,0,0,0,0,0,0,0,0,100,0,27,29.209557120193494,18.447431997628883,75.96593200287316,1622.0
1789884280,50,,Aggregated,25.200000,0.000000,7,7,7,8,9,10,12,12,15,15,15,45592,0,6,8.82505955819781,3.0284199965535663,2104.1982940005255,6819.999012984734
1789884281,50,GET,GET /api/v1/reservas,18.200000,0.000000,7,7,8,8,9,11,12,15,20,20,20,34115,0,7,7.8218871744374985,4.633864002244081,311.9985780067509,8965.0
1789884281,50,GET,GET /api/v1/reservas/{id},7.000000,0.000000,5,6,6,6,9,9,11,14,14,14,14,11348,0,5,5.664807354280176,3.0284199965535663,284.6892960005789,442.0
1789884281,50,POST,POST /api/v1/auth/login,0.000000,0.000000,0,0,0,0,0,0,0,0,0,0,0,50,0,1300.0,1369.1218887201103,628.633758999058,2104.1982940005255,1622.0
1789884281,50,POST,POST /api/v1/auth/refresh,0.000000,0.000000,0,0,0,0,0,0,0,0,0,0,0,100,0,27,29.209557120193494,18.447431997628883,75.96593200287316,1622.0
1789884281,50,,Aggregated,25.200000,0.000000,7,7,7,8,9,11,12,14,20,20,20,45613,0,6,8.824347553555599,3.0284199965535663,2104.1982940005255,6820.425996974547
1789884282,50,GET,GET /api/v1/reservas,18.300000,0.000000,7,7,8,8,10,11,12,15,20,20,20,34135,0,7,7.821642797507834,4.633864002244081,311.9985780067509,8965.0
1789884282,50,GET,GET /api/v1/reservas/{id},6.800000,0.000000,5,6,6,6,9,9,11,14,14,14,14,11353,0,5,5.664428547201252,3.0284199965535663,284.6892960005789,442.0
1789884282,50,POST,POST /api/v1/auth/login,0.000000,0.000000,0,0,0,0,0,0,0,0,0,0,0,50,0,1300.0,1369.1218887201103,628.633758999058,2104.1982940005255,1622.0
1789884282,50,POST,POST /api/v1/auth/refresh,0.000000,0.000000,0,0,0,0,0,0,0,0,0,0,0,100,0,27,29.209557120193494,18.447431997628883,75.96593200287316,1622.0
1789884282,50,,Aggregated,25.100000,0.000000,7,7,8,8,9,11,12,14,20,20,20,45638,0,6,8.823285076851102,3.0284199965535663,2104.1982940005255,6820.667009947851
1789884283,50,GET,GET /api/v1/reservas,18.100000,0.000000,7,7,8,8,9,11,12,15,20,20,20,34157,0,7,7.820801226100345,4.633864002244081,311.9985780067509,8965.0
1789884283,50,GET,GET /api/v1/reservas/{id},6.000000,0.000000,5,5,6,6,9,9,11,14,14,14,14,11359,0,5,5.6640215674240695,3.0284199965535663,284.6892960005789,442.0
1789884283,50,POST,POST /api/v1/auth/login,0.000000,0.000000,0,0,0,0,0,0,0,0,0,0,0,50,0,1300.0,1369.1218887201103,628.633758999058,2104.1982940005255,1622.0
1789884283,50,POST,POST /api/v1/auth/refresh,0.000000,0.000000,0,0,0,0,0,0,0,0,0,0,0,100,0,27,29.209557120193494,18.447431997628883,75.96593200287316,1622.0
1789884283,50,,Aggregated,24.100000,0.000000,7,7,7,8,9,11,12,14,20,20,20,45666,0,6,8.821656782120272,3.0284199965535663,2104.1982940005255,6820.8619760872425
1789884284,50,GET,GET /api/v1/reservas,18.400000,0.000000,7,7,8,8,9,11,12,13,20,20,20,34176,0,7,7.820688618209105,4.633864002244081,311.9985780067509,8965.0
1789884284,50,GET,GET /api/v1/reservas/{id},5.700000,0.000000,5,5,6,6,7,9,9,11,11,11,11,11363,0,5,5.663560976006048,3.0284199965535663,284.6892960005789,442.0
1789884284,50,POST,POST /api/v1/auth/login,0.000000,0.000000,0,0,0,0,0,0,0,0,0,0,0,50,0,1300.0,1369.1218887201103,628.633758999058,2104.1982940005255,1622.0
1789884284,50,POST,POST /api/v1/auth/refresh,0.000000,0.000000,0,0,0,0,0,0,0,0,0,0,0,100,0,27,29.209557120193494,18.447431997628883,75.96593200287316,1622.0
1789884284,50,,Aggregated,24.100000,0.000000,7,7,7,8,9,10,11,12,20,20,20,45689,0,6,8.820765342517804,3.0284199965535663,2104.1982940005255,6821.195167326928
1789884285,50,GET,GET /api/v1/reservas,19.000000,0.000000,7,7,8,8,9,11,11,13,20,20,20,34190,0,7,7.8205184443376865,4.633864002244081,311.9985780067509,8965.0
1789884285,50,GET,GET /api/v1/reservas/{id},5.900000,0.000000,5,5,5,6,7,9,11,11,11,11,11,11370,0,5,5.662917342775079,3.0284199965535663,284.6892960005789,442.0
1789884285,50,POST,POST /api/v1/auth/login,0.000000,0.000000,0,0,0,0,0,0,0,0,0,0,0,50,0,1300.0,1369.1218887201103,628.633758999058,2104.1982940005255,1622.0
1789884285,50,POST,POST /api/v1/auth/refresh,0.000000,0.000000,0,0,0,0,0,0,0,0,0,0,0,100,0,27,29.209557120193494,18.447431997628883,75.96593200287316,1622.0
1789884285,50,,Aggregated,24.900000,0.000000,7,7,7,8,9,10,11,12,20,20,20,45710,0,6,8.81968816336213,3.0284199965535663,2104.1982940005255,6820.874863268431
1789884286,50,GET,GET /api/v1/reservas,18.700000,0.000000,7,7,8,8,9,10,11,13,20,20,20,34210,0,7,7.8198087835106325,4.633864002244081,311.9985780067509,8965.0
1789884286,50,GET,GET /api/v1/reservas/{id},5.700000,0.000000,5,5,5,5,7,9,9,11,11,11,11,11379,0,5,5.662511419927486,3.0284199965535663,284.6892960005789,442.0
1789884286,50,POST,POST /api/v1/auth/login,0.000000,0.000000,0,0,0,0,0,0,0,0,0,0,0,50,0,1300.0,1369.1218887201103,628.633758999058,2104.1982940005255,1622.0
1789884286,50,POST,POST /api/v1/auth/refresh,0.000000,0.000000,0,0,0,0,0,0,0,0,0,0,0,100,0,27,29.209557120193494,18.447431997628883,75.96593200287316,1622.0
1789884286,50,,Aggregated,24.400000,0.000000,7,7,7,8,9,10,11,12,20,20,20,45739,0,6,8.817998340131583,3.0284199965535663,2104.1982940005255,6820.557248737401
1789884287,50,GET,GET /api/v1/reservas,18.900000,0.000000,7,7,7,8,9,9,11,13,20,20,20,34224,0,7,7.819099002451854,4.633864002244081,311.9985780067509,8965.0
1789884287,50,GET,GET /api/v1/reservas/{id},6.000000,0.000000,5,5,5,5,6,7,8,9,9,9,9,11390,0,5,5.661645584842949,3.0284199965535663,284.6892960005789,442.0
1789884287,50,POST,POST /api/v1/auth/login,0.000000,0.000000,0,0,0,0,0,0,0,0,0,0,0,50,0,1300.0,1369.1218887201103,628.633758999058,2104.1982940005255,1622.0
1789884287,50,POST,POST /api/v1/auth/refresh,0.000000,0.000000,0,0,0,0,0,0,0,0,0,0,0,100,0,27,29.209557120193494,18.447431997628883,75.96593200287316,1622.0
1789884287,50,,Aggregated,24.900000,0.000000,6,7,7,7,8,9,11,11,20,20,20,45764,0,6,8.81618821823482,3.0284199965535663,2104.1982940005255,6819.680097893541
1789884288,50,GET,GET /api/v1/reservas,19.300000,0.000000,7,7,8,8,9,10,12,13,20,20,20,34242,0,7,7.818984500435357,4.633864002244081,311.9985780067509,8965.0
1789884288,50,GET,GET /api/v1/reservas/{id},5.500000,0.000000,5,5,5,5,7,8,8,9,9,9,9,11396,0,5,5.6618081614916465,3.0284199965535663,284.6892960005789,442.0
1789884288,50,POST,POST /api/v1/auth/login,0.000000,0.000000,0,0,0,0,0,0,0,0,0,0,0,50,0,1300.0,1369.1218887201103,628.633758999058,2104.1982940005255,1622.0
1789884288,50,POST,POST /api/v1/auth/refresh,0.000000,0.000000,0,0,0,0,0,0,0,0,0,0,0,100,0,27,29.209557120193494,18.447431997628883,75.96593200287316,1622.0
1789884288,50,,Aggregated,24.800000,0.000000,6,7,7,8,9,9,11,13,20,20,20,45788,0,6,8.815337713381043,3.0284199965535663,2104.1982940005255,6819.687734777671
1789884289,50,GET,GET /api/v1/reservas,18.900000,0.000000,7,7,8,8,9,9,12,13,20,20,20,34264,0,7,7.818218593126982,4.633864002244081,311.9985780067509,8965.0
1789884289,50,GET,GET /api/v1/reservas/{id},5.900000,0.000000,5,5,5,5,6,7,8,8,8,8,8,11398,0,5,5.661671137511442,3.0284199965535663,284.6892960005789,442.0
1789884289,50,POST,POST /api/v1/auth/login,0.000000,0.000000,0,0,0,0,0,0,0,0,0,0,0,50,0,1300.0,1369.1218887201103,628.633758999058,2104.1982940005255,1622.0
1789884289,50,POST,POST /api/v1/auth/refresh,0.000000,0.000000,0,0,0,0,0,0,0,0,0,0,0,100,0,27,29.209557120193494,18.447431997628883,75.96593200287316,1622.0
1789884289,50,,Aggregated,24.800000,0.000000,6,7,7,8,9,9,11,13,20,20,20,45812,0,6,8.814114634774365,3.0284199965535663,2104.1982940005255,6820.439535492884
1789884290,50,GET,GET /api/v1/reservas,18.800000,0.000000,7,7,8,8,9,9,12,13,20,20,20,34286,0,7,7.817584541442098,4.633864002244081,311.9985780067509,8965.0
1789884290,50,GET,GET /api/v1/reservas/{id},5.900000,0.000000,5,5,5,5,7,8,8,8,8,8,8,11403,0,5,5.661677256806054,3.0284199965535663,284.6892960005789,442.0
1789884290,50,POST,POST /api/v1/auth/login,0.000000,0.000000,0,0,0,0,0,0,0,0,0,0,0,50,0,1300.0,1369.1218887201103,628.633758999058,2104.1982940005255,1622.0
1789884290,50,POST,POST /api/v1/auth/refresh,0.000000,0.000000,0,0,0,0,0,0,0,0,0,0,0,100,0,27,29.209557120193494,18.447431997628883,75.96593200287316,1622.0
1789884290,50,,Aggregated,24.700000,0.000000,6,7,7,8,9,9,11,13,20,20,20,45839,0,6,8.812820076687277,3.0284199965535663,2104.1982940005255,6820.773053513384
1789884291,50,GET,GET /api/v1/reservas,19.100000,0.000000,7,7,7,8,9,9,10,12,13,13,13,34301,0,7,7.817173194743146,4.633864002244081,311.9985780067509,8965.0
1789884291,50,GET,GET /api/v1/reservas/{id},5.700000,0.000000,5,5,5,5,6,7,8,8,8,8,8,11410,0,5,5.660917478295786,3.0284199965535663,284.6892960005789,442.0
1789884291,50,POST,POST /api/v1/auth/login,0.000000,0.000000,0,0,0,0,0,0,0,0,0,0,0,50,0,1300.0,1369.1218887201103,628.633758999058,2104.1982940005255,1622.0
1789884291,50,POST,POST /api/v1/auth/refresh,0.000000,0.000000,0,0,0,0,0,0,0,0,0,0,0,100,0,27,29.209557120193494,18.447431997628883,75.96593200287316,1622.0
1789884291,50,,Aggregated,24.800000,0.000000,6,7,7,7,8,9,10,11,13,13,13,45861,0,6,8.811516895145427,3.0284199965535663,2104.1982940005255,6820.500752273173
1789884292,50,GET,GET /api/v1/reservas,18.600000,0.000000,7,7,8,8,9,9,10,12,13,13,13,34321,0,7,7.81657830290176,4.633864002244081,311.9985780067509,8965.0
1789884292,50,GET,GET /api/v1/reservas/{id},5.900000,0.000000,5,5,5,5,6,8,8,8,8,8,8,11416,0,5,5.660336694057303,3.0284199965535663,284.6892960005789,442.0
1789884292,50,POST,POST /api/v1/auth/login,0.000000,0.000000,0,0,0,0,0,0,0,0,0,0,0,50,0,1300.0,1369.1218887201103,628.633758999058,2104.1982940005255,1622.0
1789884292,50,POST,POST /api/v1/auth/refresh,0.000000,0.000000,0,0,0,0,0,0,0,0,0,0,0,100,0,27,29.209557120193494,18.447431997628883,75.96593200287316,1622.0
1789884292,50,,Aggregated,24.500000,0.000000,6,7,7,8,9,9,10,11,13,13,13,45887,0,6,8.810082109993557,3.0284199965535663,2104.1982940005255,6820.601412164666
1789884293,50,GET,GET /api/v1/reservas,18.800000,0.000000,7,7,8,8,9,9,10,12,13,13,13,34341,0,7,7.815766431842108,4.633864002244081,311.9985780067509,8965.0
1789884293,50,GET,GET /api/v1/reservas/{id},6.300000,0.000000,5,5,5,5,6,7,8,8,8,8,8,11424,0,5,5.659244000556021,3.0284199965535663,284.6892960005789,442.0
1789884293,50,POST,POST /api/v1/auth/login,0.000000,0.000000,0,0,0,0,0,0,0,0,0,0,0,50,0,1300.0,1369.1218887201103,628.633758999058,2104.1982940005255,1622.0
1789884293,50,POST,POST /api/v1/auth/refresh,0.000000,0.000000,0,0,0,0,0,0,0,0,0,0,0,100,0,27,29.209557120193494,18.447431997628883,75.96593200287316,1622.0
1789884293,50,,Aggregated,25.100000,0.000000,6,7,7,8,8,9,10,11,13,13,13,45915,0,6,8.808221466759592,3.0284199965535663,2104.1982940005255,6820.42410976805
1789884294,50,GET,GET /api/v1/reservas,19.000000,0.000000,6,7,7,8,8,9,10,12,13,13,13,34353,0,7,7.815202978921604,4.633864002244081,311.9985780067509,8965.0
1789884294,50,GET,GET /api/v1/reservas/{id},6.400000,0.000000,5,5,5,5,6,7,8,8,8,8,8,11432,0,5,5.658335465478698,3.0284199965535663,284.6892960005789,442.0
1789884294,50,POST,POST /api/v1/auth/login,0.000000,0.000000,0,0,0,0,0,0,0,0,0,0,0,50,0,1300.0,1369.1218887201103,628.633758999058,2104.1982940005255,1622.0
1789884294,50,POST,POST /api/v1/auth/refresh,0.000000,0.000000,0,0,0,0,0,0,0,0,0,0,0,100,0,27,29.209557120193494,18.447431997628883,75.96593200287316,1622.0
1789884294,50,,Aggregated,25.400000,0.000000,6,7,7,7,8,9,10,10,13,13,13,45935,0,6,8.806766281142293,3.0284199965535663,2104.1982940005255,6819.873495156199
1789884295,50,GET,GET /api/v1/reservas,18.100000,0.000000,7,7,7,8,9,10,15,24,25,25,25,34371,0,7,7.81679816664982,4.633864002244081,311.9985780067509,8965.0
1789884295,50,GET,GET /api/v1/reservas/{id},6.600000,0.000000,5,5,5,5,6,8,9,20,20,20,20,11440,0,5,5.65941761078266,3.0284199965535663,284.6892960005789,442.0
1789884295,50,POST,POST /api/v1/auth/login,0.000000,0.000000,0,0,0,0,0,0,0,0,0,0,0,50,0,1300.0,1369.1218887201103,628.633758999058,2104.1982940005255,1622.0
1789884295,50,POST,POST /api/v1/auth/refresh,0.000000,0.000000,0,0,0,0,0,0,0,0,0,0,0,100,0,27,29.209557120193494,18.447431997628883,75.96593200287316,1622.0
1789884295,50,,Aggregated,24.700000,0.000000,6,7,7,7,8,10,15,22,25,25,25,45961,0,6,8.807292212991436,3.0284199965535663,2104.1982940005255,6819.603468157786
1789884296,50,GET,GET /api/v1/reservas,17.900000,0.000000,7,7,7,8,9,10,15,24,25,25,25,34388,0,7,7.81589743965683,4.633864002244081,311.9985780067509,8965.0
1789884296,50,GET,GET /api/v1/reservas/{id},6.600000,0.000000,5,5,5,5,6,8,9,20,20,20,20,11449,0,5,5.65857291504497,3.0284199965535663,284.6892960005789,442.0
1789884296,50,POST,POST /api/v1/auth/login,0.000000,0.000000,0,0,0,0,0,0,0,0,0,0,0,50,0,1300.0,1369.1218887201103,628.633758999058,2104.1982940005255,1622.0
1789884296,50,POST,POST /api/v1/auth/refresh,0.000000,0.000000,0,0,0,0,0,0,0,0,0,0,0,100,0,27,29.209557120193494,18.447431997628883,75.96593200287316,1622.0
1789884296,50,,Aggregated,24.500000,0.000000,6,7,7,7,8,10,15,22,25,25,25,45987,0,6,8.805426155376384,3.0284199965535663,2104.1982940005255,6819.1484115076
1789884297,50,GET,GET /api/v1/reservas,18.200000,0.000000,6,7,7,7,8,9,15,24,25,25,25,34402,0,7,7.815259216322457,4.633864002244081,311.9985780067509,8965.0
1789884297,50,GET,GET /api/v1/reservas/{id},6.700000,0.000000,4,5,5,5,6,7,9,20,20,20,20,11458,0,5,5.657283872608719,3.0284199965535663,284.6892960005789,442.0
1789884297,50,POST,POST /api/v1/auth/login,0.000000,0.000000,0,0,0,0,0,0,0,0,0,0,0,50,0,1300.0,1369.1218887201103,628.633758999058,2104.1982940005255,1622.0
1789884297,50,POST,POST /api/v1/auth/refresh,0.000000,0.000000,0,0,0,0,0,0,0,0,0,0,0,100,0,27,29.209557120193494,18.447431997628883,75.96593200287316,1622.0
1789884297,50,,Aggregated,24.900000,0.000000,6,7,7,7,8,9,15,22,25,25,25,46010,0,6,8.803711287118034,3.0284199965535663,2104.1982940005255,6818.553923060204
1789884298,50,GET,GET /api/v1/reservas,17.600000,0.000000,7,7,7,8,8,10,15,24,25,25,25,34428,0,7,7.814634374228244,4.633864002244081,311.9985780067509,8965.0
1789884298,50,GET,GET /api/v1/reservas/{id},6.800000,0.000000,4,5,5,5,6,7,9,20,20,20,20,11462,0,5,5.657303453267722,3.0284199965535663,284.6892960005789,442.0
1789884298,50,POST,POST /api/v1/auth/login,0.000000,0.000000,0,0,0,0,0,0,0,0,0,0,0,50,0,1300.0,1369.1218887201103,628.633758999058,2104.1982940005255,1622.0
1789884298,50,POST,POST /api/v1/auth/refresh,0.000000,0.000000,0,0,0,0,0,0,0,0,0,0,0,100,0,27,29.209557120193494,18.447431997628883,75.96593200287316,1622.0
1789884298,50,,Aggregated,24.400000,0.000000,6,7,7,7,8,9,15,22,25,25,25,46040,0,6,8.802417345032786,3.0284199965535663,2104.1982940005255,6819.2120764552565
1789884299,50,GET,GET /api/v1/reservas,18.300000,0.000000,7,7,7,8,8,10,15,24,25,25,25,34450,0,7,7.813831483539106,4.633864002244081,311.9985780067509,8965.0
1789884299,50,GET,GET /api/v1/reservas/{id},6.800000,0.000000,4,5,5,5,6,7,9,20,20,20,20,11463,0,5,5.6572115039128335,3.0284199965535663,284.6892960005789,442.0
1789884299,50,POST,POST /api/v1/auth/login,0.000000,0.000000,0,0,0,0,0,0,0,0,0,0,0,50,0,1300.0,1369.1218887201103,628.633758999058,2104.1982940005255,1622.0
1789884299,50,POST,POST /api/v1/auth/refresh,0.000000,0.000000,0,0,0,0,0,0,0,0,0,0,0,100,0,27,29.209557120193494,18.447431997628883,75.96593200287316,1622.0
1789884299,50,,Aggregated,25.100000,0.000000,6,7,7,7,8,9,15,22,25,25,25,46063,0,6,8.801253939719512,3.0284199965535663,2104.1982940005255,6820.098473829321
1789884300,50,GET,GET /api/v1/reservas,18.600000,0.000000,7,7,7,8,9,10,15,24,25,25,25,34471,0,7,7.813487920278513,4.633864002244081,311.9985780067509,8965.0
1789884300,50,GET,GET /api/v1/reservas/{id},6.500000,0.000000,4,5,5,5,6,7,9,20,20,20,20,11470,0,5,5.65708979122402,3.0284199965535663,284.6892960005789,442.0
1789884300,50,POST,POST /api/v1/auth/login,0.000000,0.000000,0,0,0,0,0,0,0,0,0,0,0,50,0,1300.0,1369.1218887201103,628.633758999058,2104.1982940005255,1622.0
1789884300,50,POST,POST /api/v1/auth/refresh,0.000000,0.000000,0,0,0,0,0,0,0,0,0,0,0,100,0,27,29.209557120193494,18.447431997628883,75.96593200287316,1622.0
1789884300,50,,Aggregated,25.100000,0.000000,6,7,7,7,8,10,15,22,25,25,25,46091,0,6,8.80003931685763,3.0284199965535663,2104.1982940005255,6820.107070794732
1789884301,50,GET,GET /api/v1/reservas,18.600000,0.000000,7,7,7,8,9,11,22,24,25,25,25,34488,0,7,7.813638536909065,4.633864002244081,311.9985780067509,8965.0
1789884301,50,GET,GET /api/v1/reservas/{id},6.600000,0.000000,4,5,5,6,6,7,9,20,20,20,20,11476,0,5,5.656996740617805,3.0284199965535663,284.6892960005789,442.0
1789884301,50,POST,POST /api/v1/auth/login,0.000000,0.000000,0,0,0,0,0,0,0,0,0,0,0,50,0,1300.0,1369.1218887201103,628.633758999058,2104.1982940005255,1622.0
1789884301,50,POST,POST /api/v1/auth/refresh,0.000000,0.000000,0,0,0,0,0,0,0,0,0,0,0,100,0,27,29.209557120193494,18.447431997628883,75.96593200287316,1622.0
1789884301,50,,Aggregated,25.200000,0.000000,6,7,7,7,8,10,20,23,25,25,25,46114,0,6,8.79935617392277,3.0284199965535663,2104.1982940005255,6820.067918636423
1789884302,50,GET,GET /api/v1/reservas,18.700000,0.000000,7,7,7,8,10,15,22,24,25,25,25,34502,0,7,7.814541038052937,4.633864002244081,311.9985780067509,8965.0
1789884302,50,GET,GET /api/v1/reservas/{id},6.600000,0.000000,5,5,6,6,7,9,20,25,25,25,25,11484,0,5,5.6581217320043855,3.0284199965535663,284.6892960005789,442.0
1789884302,50,POST,POST /api/v1/auth/login,0.000000,0.000000,0,0,0,0,0,0,0,0,0,0,0,50,0,1300.0,1369.1218887201103,628.633758999058,2104.1982940005255,1622.0
1789884302,50,POST,POST /api/v1/auth/refresh,0.000000,0.000000,0,0,0,0,0,0,0,0,0,0,0,100,0,27,29.209557120193494,18.447431997628883,75.96593200287316,1622.0
1789884302,50,,Aggregated,25.300000,0.000000,6,7,7,7,9,13,22,24,25,25,25,46136,0,6,8.799467119240196,3.0284199965535663,2104.1982940005255,6819.612840298249
1789884303,50,GET,GET /api/v1/reservas,18.000000,0.000000,7,7,7,8,10,15,22,24,25,25,25,34522,0,7,7.8136444396020925,4.633864002244081,311.9985780067509,8965.0
1789884303,50,GET,GET /api/v1/reservas/{id},6.700000,0.000000,4,5,6,6,7,9,20,25,25,25,25,11492,0,5,5.6572290846978115,3.0284199965535663,284.6892960005789,442.0
1789884303,50,POST,POST /api/v1/auth/login,0.000000,0.000000,0,0,0,0,0,0,0,0,0,0,0,50,0,1300.0,1369.1218887201103,628.633758999058,2104.1982940005255,1622.0
1789884303,50,POST,POST /api/v1/auth/refresh,0.000000,0.000000,0,0,0,0,0,0,0,0,0,0,0,100,0,27,29.209557120193494,18.447431997628883,75.96593200287316,1622.0
1789884303,50,,Aggregated,24.700000,0.000000,6,7,7,7,9,13,22,24,25,25,25,46164,0,6,8.79760333015587,3.0284199965535663,2104.1982940005255,6819.437093839355
1789884304,50,GET,GET /api/v1/reservas,18.100000,0.000000,6,7,7,7,9,11,18,22,23,23,23,34537,0,7,7.8130666068543,4.633864002244081,311.9985780067509,8965.0
1789884304,50,GET,GET /api/v1/reservas/{id},6.800000,0.000000,4,5,5,6,6,7,9,25,25,25,25,11498,0,5,5.656408369659781,3.0284199965535663,284.6892960005789,442.0
1789884304,50,POST,POST /api/v1/auth/login,0.000000,0.000000,0,0,0,0,0,0,0,0,0,0,0,50,0,1300.0,1369.1218887201103,628.633758999058,2104.1982940005255,1622.0
1789884304,50,POST,POST /api/v1/auth/refresh,0.000000,0.000000,0,0,0,0,0,0,0,0,0,0,0,100,0,27,29.209557120193494,18.447431997628883,75.96593200287316,1622.0
1789884304,50,,Aggregated,24.900000,0.000000,6,7,7,7,8,10,18,22,25,25,25,46185,0,6,8.796239363068096,3.0284199965535663,2104.1982940005255,6819.305423838909
1789884305,50,GET,GET /api/v1/reservas,17.700000,0.000000,7,7,7,8,9,11,18,22,23,23,23,34561,0,7,7.8126564382381485,4.633864002244081,311.9985780067509,8965.0
1789884305,50,GET,GET /api/v1/reservas/{id},6.800000,0.000000,4,5,5,6,6,7,9,25,25,25,25,11503,0,5,5.656238623259588,3.0284199965535663,284.6892960005789,442.0
1789884305,50,POST,POST /api/v1/auth/login,0.000000,0.000000,0,0,0,0,0,0,0,0,0,0,0,50,0,1300.0,1369.1218887201103,628.633758999058,2104.1982940005255,1622.0
1789884305,50,POST,POST /api/v1/auth/refresh,0.000000,0.000000,0,0,0,0,0,0,0,0,0,0,0,100,0,27,29.209557120193494,18.447431997628883,75.96593200287316,1622.0
1789884305,50,,Aggregated,24.500000,0.000000,6,7,7,7,9,11,18,22,25,25,25,46214,0,6,8.795040078619651,3.0284199965535663,2104.1982940005255,6819.729757216428
1789884306,50,GET,GET /api/v1/reservas,18.700000,0.000000,7,7,8,8,10,11,18,22,23,23,23,34577,0,7,7.812788116665746,4.633864002244081,311.9985780067509,8965.0
1789884306,50,GET,GET /api/v1/reservas/{id},6.600000,0.000000,5,5,5,6,6,7,9,25,25,25,25,11510,0,5,5.655840694383999,3.0284199965535663,284.6892960005789,442.0
1789884306,50,POST,POST /api/v1/auth/login,0.000000,0.000000,0,0,0,0,0,0,0,0,0,0,0,50,0,1300.0,1369.1218887201103,628.633758999058,2104.1982940005255,1622.0
1789884306,50,POST,POST /api/v1/auth/refresh,0.000000,0.000000,0,0,0,0,0,0,0,0,0,0,0,100,0,27,29.209557120193494,18.447431997628883,75.96593200287316,1622.0
1789884306,50,,Aggregated,25.300000,0.000000,6,7,7,8,9,11,18,22,25,25,25,46237,0,6,8.79422434955417,3.0284199965535663,2104.1982940005255,6819.506564007181
1789884307,50,GET,GET /api/v1/reservas,18.100000,0.000000,7,7,8,8,9,11,18,22,23,23,23,34594,0,7,7.812302603051401,4.633864002244081,311.9985780067509,8965.0
1789884307,50,GET,GET /api/v1/reservas/{id},6.500000,0.000000,5,5,6,6,6,7,9,25,25,25,25,11514,0,5,5.655406918912251,3.0284199965535663,284.6892960005789,442.0
1789884307,50,POST,POST /api/v1/auth/login,0.000000,0.000000,0,0,0,0,0,0,0,0,0,0,0,50,0,1300.0,1369.1218887201103,628.633758999058,2104.1982940005255,1622.0
1789884307,50,POST,POST /api/v1/auth/refresh,0.000000,0.000000,0,0,0,0,0,0,0,0,0,0,0,100,0,27,29.209557120193494,18.447431997628883,75.96593200287316,1622.0
1789884307,50,,Aggregated,24.600000,0.000000,6,7,7,8,9,11,18,22,25,25,25,46258,0,6,8.793121225784528,3.0284199965535663,2104.1982940005255,6819.743568680012
1789884308,50,GET,GET /api/v1/reservas,18.800000,0.000000,7,7,8,8,10,11,18,22,23,23,23,34615,0,7,7.811850249515084,4.633864002244081,311.9985780067509,8965.0
1789884308,50,GET,GET /api/v1/reservas/{id},6.500000,0.000000,5,5,6,6,7,8,9,25,25,25,25,11520,0,5,5.655476820690966,3.0284199965535663,284.6892960005789,442.0
1789884308,50,POST,POST /api/v1/auth/login,0.000000,0.000000,0,0,0,0,0,0,0,0,0,0,0,50,0,1300.0,1369.1218887201103,628.633758999058,2104.1982940005255,1622.0
1789884308,50,POST,POST /api/v1/auth/refresh,0.000000,0.000000,0,0,0,0,0,0,0,0,0,0,0,100,0,27,29.209557120193494,18.447431997628883,75.96593200287316,1622.0
1789884308,50,,Aggregated,25.300000,0.000000,6,7,7,8,9,11,18,22,25,25,25,46285,0,6,8.791948568852748,3.0284199965535663,2104.1982940005255,6819.890137193475
1789884309,50,GET,GET /api/v1/reservas,19.000000,0.000000,7,7,8,8,10,11,18,22,23,23,23,34628,0,7,7.811422375071146,4.633864002244081,311.9985780067509,8965.0
1789884309,50,GET,GET /api/v1/reservas/{id},5.900000,0.000000,5,5,5,6,7,7,8,25,25,25,25,11526,0,5,5.655229352192504,3.0284199965535663,284.6892960005789,442.0
1789884309,50,POST,POST /api/v1/auth/login,0.000000,0.000000,0,0,0,0,0,0,0,0,0,0,0,50,0,1300.0,1369.1218887201103,628.633758999058,2104.1982940005255,1622.0
1789884309,50,POST,POST /api/v1/auth/refresh,0.000000,0.000000,0,0,0,0,0,0,0,0,0,0,0,100,0,27,29.209557120193494,18.447431997628883,75.96593200287316,1622.0
1789884309,50,,Aggregated,24.900000,0.000000,6,7,7,8,9,11,18,22,25,25,25,46304,0,6,8.790885402240828,3.0284199965535663,2104.1982940005255,6819.665946786455
1789884310,50,GET,GET /api/v1/reservas,18.800000,0.000000,7,7,8,8,10,12,18,22,23,23,23,34646,0,7,7.811255990907384,4.633864002244081,311.9985780067509,8965.0
1789884310,50,GET,GET /api/v1/reservas/{id},5.700000,0.000000,5,5,5,6,7,9,10,25,25,25,25,11534,0,5,5.655857185051769,3.0284199965535663,284.6892960005789,442.0
1789884310,50,POST,POST /api/v1/auth/login,0.000000,0.000000,0,0,0,0,0,0,0,0,0,0,0,50,0,1300.0,1369.1218887201103,628.633758999058,2104.1982940005255,1622.0
1789884310,50,POST,POST /api/v1/auth/refresh,0.000000,0.000000,0,0,0,0,0,0,0,0,0,0,0,100,0,27,29.209557120193494,18.447431997628883,75.96593200287316,1622.0
1789884310,50,,Aggregated,24.500000,0.000000,6,7,7,8,9,11,18,22,25,25,25,46330,0,6,8.78999529422381,3.0284199965535663,2104.1982940005255,6819.398186919922
1789884311,50,GET,GET /api/v1/reservas,18.300000,0.000000,7,7,8,8,10,11,13,17,20,20,20,34667,0,7,7.810625210862575,4.633864002244081,311.9985780067509,8965.0
1789884311,50,GET,GET /api/v1/reservas/{id},6.000000,0.000000,5,5,5,6,8,10,10,25,25,25,25,11539,0,5,5.656065590725974,3.0284199965535663,284.6892960005789,442.0
1789884311,50,POST,POST /api/v1/auth/login,0.000000,0.000000,0,0,0,0,0,0,0,0,0,0,0,50,0,1300.0,1369.1218887201103,628.633758999058,2104.1982940005255,1622.0
1789884311,50,POST,POST /api/v1/auth/refresh,0.000000,0.000000,0,0,0,0,0,0,0,0,0,0,0,100,0,27,29.209557120193494,18.447431997628883,75.96593200287316,1622.0
1789884311,50,,Aggregated,24.300000,0.000000,6,7,7,8,10,11,13,17,25,25,25,46356,0,6,8.788794011225834,3.0284199965535663,2104.1982940005255,6819.682306497541
1789884312,50,GET,GET /api/v1/reservas,17.600000,0.000000,7,7,8,8,10,11,12,14,16,16,16,34682,0,7,7.810333810534716,4.633864002244081,311.9985780067509,8965.0
1789884312,50,GET,GET /api/v1/reservas/{id},6.100000,0.000000,5,5,5,6,7,9,10,10,10,10,10,11543,0,5,5.6557738038107574,3.0284199965535663,284.6892960005789,442.0
1789884312,50,POST,POST /api/v1/auth/login,0.000000,0.000000,0,0,0,0,0,0,0,0,0,0,0,50,0,1300.0,1369.1218887201103,628.633758999058,2104.1982940005255,1622.0
1789884312,50,POST,POST /api/v1/auth/refresh,0.000000,0.000000,0,0,0,0,0,0,0,0,0,0,0,100,0,27,29.209557120193494,18.447431997628883,75.96593200287316,1622.0
1789884312,50,,Aggregated,23.700000,0.000000,6,7,7,8,9,10,11,13,16,16,16,46375,0,6,8.787916859997358,3.0284199965535663,2104.1982940005255,6819.826113207547
1789884313,50,GET,GET /api/v1/reservas,18.200000,0.000000,7,7,8,8,10,11,13,14,16,16,16,34699,0,7,7.810216484393132,4.633864002244081,311.9985780067509,8965.0
1789884313,50,GET,GET /api/v1/reservas/{id},6.400000,0.000000,5,5,6,6,7,9,10,10,10,10,10,11552,0,5,5.65536832837563,3.0284199965535663,284.6892960005789,442.0
1789884313,50,POST,POST /api/v1/auth/login,0.000000,0.000000,0,0,0,0,0,0,0,0,0,0,0,50,0,1300.0,1369.1218887201103,628.633758999058,2104.1982940005255,1622.0
1789884313,50,POST,POST /api/v1/auth/refresh,0.000000,0.000000,0,0,0,0,0,0,0,0,0,0,0,100,0,27,29.209557120193494,18.447431997628883,75.96593200287316,1622.0
1789884313,50,,Aggregated,24.600000,0.000000,6,7,8,8,10,11,12,13,16,16,16,46401,0,6,8.786762502303343,3.0284199965535663,2104.1982940005255,6819.374991918277
1789884314,50,GET,GET /api/v1/reservas,17.800000,0.000000,6,7,8,8,10,11,11,14,16,16,16,34718,0,7,7.809265737742615,4.633864002244081,311.9985780067509,8965.0
1789884314,50,GET,GET /api/v1/reservas/{id},5.900000,0.000000,5,5,6,6,7,9,10,10,10,10,10,11561,0,5,5.654417028664719,3.0284199965535663,284.6892960005789,442.0
1789884314,50,POST,POST /api/v1/auth/login,0.000000,0.000000,0,0,0,0,0,0,0,0,0,0,0,50,0,1300.0,1369.1218887201103,628.633758999058,2104.1982940005255,1622.0
1789884314,50,POST,POST /api/v1/auth/refresh,0.000000,0.000000,0,0,0,0,0,0,0,0,0,0,0,100,0,27,29.209557120193494,18.447431997628883,75.96593200287316,1622.0
1789884314,50,,Aggregated,23.700000,0.000000,6,7,7,8,9,10,11,13,16,16,16,46429,0,6,8.784808057450425,3.0284199965535663,2104.1982940005255,6819.016821383188
1789884315,50,GET,GET /api/v1/reservas,18.200000,0.000000,7,7,8,8,9,10,11,14,16,16,16,34734,0,7,7.808991110264908,4.633864002244081,311.9985780067509,8965.0
1789884315,50,GET,GET /api/v1/reservas/{id},5.900000,0.000000,5,5,6,6,8,9,10,10,10,10,10,11567,0,5,5.654358239854707,3.0284199965535663,284.6892960005789,442.0
1789884315,50,POST,POST /api/v1/auth/login,0.000000,0.000000,0,0,0,0,0,0,0,0,0,0,0,50,0,1300.0,1369.1218887201103,628.633758999058,2104.1982940005255,1622.0
1789884315,50,POST,POST /api/v1/auth/refresh,0.000000,0.000000,0,0,0,0,0,0,0,0,0,0,0,100,0,27,29.209557120193494,18.447431997628883,75.96593200287316,1622.0
1789884315,50,,Aggregated,24.100000,0.000000,6,7,7,8,9,10,11,13,16,16,16,46451,0,6,8.783847691812136,3.0284199965535663,2104.1982940005255,6818.932294245549
1789884316,50,GET,GET /api/v1/reservas,17.500000,0.000000,6,7,8,8,9,10,11,14,16,16,16,34757,0,7,7.808161743676174,4.633864002244081,311.9985780067509,8965.0
1789884316,50,GET,GET /api/v1/reservas/{id},6.200000,0.000000,5,5,6,6,8,9,10,10,10,10,10,11573,0,5,5.653810390513759,3.0284199965535663,284.6892960005789,442.0
1789884316,50,POST,POST /api/v1/auth/login,0.000000,0.000000,0,0,0,0,0,0,0,0,0,0,0,50,0,1300.0,1369.1218887201103,628.633758999058,2104.1982940005255,1622.0
1789884316,50,POST,POST /api/v1/auth/refresh,0.000000,0.000000,0,0,0,0,0,0,0,0,0,0,0,100,0,27,29.209557120193494,18.447431997628883,75.96593200287316,1622.0
1789884316,50,,Aggregated,23.700000,0.000000,6,7,7,8,9,10,11,13,16,16,16,46480,0,6,8.782204722943058,3.0284199965535663,2104.1982940005255,6819.171062822719
1789884317,50,GET,GET /api/v1/reservas,17.900000,0.000000,7,7,8,8,9,10,11,14,16,16,16,34774,0,7,7.807987068555687,4.633864002244081,311.9985780067509,8965.0
1789884317,50,GET,GET /api/v1/reservas/{id},6.300000,0.000000,5,5,6,6,7,8,10,10,10,10,10,11583,0,5,5.653365064009088,3.0284199965535663,284.6892960005789,442.0
1789884317,50,POST,POST /api/v1/auth/login,0.000000,0.000000,0,0,0,0,0,0,0,0,0,0,0,50,0,1300.0,1369.1218887201103,628.633758999058,2104.1982940005255,1622.0
1789884317,50,POST,POST /api/v1/auth/refresh,0.000000,0.000000,0,0,0,0,0,0,0,0,0,0,0,100,0,27,29.209557120193494,18.447431997628883,75.96593200287316,1622.0
1789884317,50,,Aggregated,24.200000,0.000000,6,7,7,8,9,10,11,13,16,16,16,46507,0,6,8.78093448311862,3.0284199965535663,2104.1982940005255,6818.584213129207
1789884318,50,GET,GET /api/v1/reservas,17.700000,0.000000,7,7,8,8,9,10,11,14,16,16,16,34789,0,7,7.8077502739357785,4.633864002244081,311.9985780067509,8965.0
1789884318,50,GET,GET /api/v1/reservas/{id},5.900000,0.000000,5,5,6,6,7,8,10,10,10,10,10,11591,0,5,5.652810027039201,3.0284199965535663,284.6892960005789,442.0
1789884318,50,POST,POST /api/v1/auth/login,0.000000,0.000000,0,0,0,0,0,0,0,0,0,0,0,50,0,1300.0,1369.1218887201103,628.633758999058,2104.1982940005255,1622.0
1789884318,50,POST,POST /api/v1/auth/refresh,0.000000,0.000000,0,0,0,0,0,0,0,0,0,0,0,100,0,27,29.209557120193494,18.447431997628883,75.96593200287316,1622.0
1789884318,50,,Aggregated,23.600000,0.000000,6,7,7,8,9,10,11,13,16,16,16,46530,0,6,8.779767793926242,3.0284199965535663,2104.1982940005255,6818.179819471309
1789884319,50,GET,GET /api/v1/reservas,17.800000,0.000000,7,7,8,8,10,11,11,13,16,16,16,34805,0,7,7.808229417093838,4.633864002244081,311.9985780067509,8965.0
1789884319,50,GET,GET /api/v1/reservas/{id},6.400000,0.000000,5,5,6,6,7,9,10,10,10,10,10,11595,0,5,5.653022001933691,3.0284199965535663,284.6892960005789,442.0
1789884319,50,POST,POST /api/v1/auth/login,0.000000,0.000000,0,0,0,0,0,0,0,0,0,0,0,50,0,1300.0,1369.1218887201103,628.633758999058,2104.1982940005255,1622.0
1789884319,50,POST,POST /api/v1/auth/refresh,0.000000,0.000000,0,0,0,0,0,0,0,0,0,0,0,100,0,27,29.209557120193494,18.447431997628883,75.96593200287316,1622.0
1789884319,50,,Aggregated,24.200000,0.000000,6,7,8,8,9,10,11,12,16,16,16,46550,0,6,8.779576049890377,3.0284199965535663,2104.1982940005255,6818.369817400644
1789884320,50,GET,GET /api/v1/reservas,17.600000,0.000000,7,7,8,8,9,10,11,13,16,16,16,34825,0,7,7.807954463401613,4.633864002244081,311.9985780067509,8965.0
1789884320,50,GET,GET /api/v1/reservas/{id},7.000000,0.000000,5,5,6,6,6,7,8,9,9,9,9,11603,0,5,5.652646202828884,3.0284199965535663,284.6892960005789,442.0
1789884320,50,POST,POST /api/v1/auth/login,0.000000,0.000000,0,0,0,0,0,0,0,0,0,0,0,50,0,1300.0,1369.1218887201103,628.633758999058,2104.1982940005255,1622.0
1789884320,50,POST,POST /api/v1/auth/refresh,0.000000,0.000000,0,0,0,0,0,0,0,0,0,0,0,100,0,27,29.209557120193494,18.447431997628883,75.96593200287316,1622.0
1789884320,50,,Aggregated,24.600000,0.000000,6,7,8,8,9,10,11,12,16,16,16,46578,0,6,8.778322775288968,3.0284199965535663,2104.1982940005255,6818.196380265362
1789884321,50,GET,GET /api/v1/reservas,17.300000,0.000000,7,8,8,8,9,10,11,13,25,25,25,34843,0,7,7.808233648623129,4.633864002244081,311.9985780067509,8965.0
1789884321,50,GET,GET /api/v1/reservas/{id},7.100000,0.000000,5,5,6,6,6,7,8,9,9,9,9,11612,0,5,5.65239730205286,3.0284199965535663,284.6892960005789,442.0
1789884321,50,POST,POST /api/v1/auth/login,0.000000,0.000000,0,0,0,0,0,0,0,0,0,0,0,50,0,1300.0,1369.1218887201103,628.633758999058,2104.1982940005255,1622.0
1789884321,50,POST,POST /api/v1/auth/refresh,0.000000,0.000000,0,0,0,0,0,0,0,0,0,0,0,100,0,27,29.209557120193494,18.447431997628883,75.96593200287316,1622.0
1789884321,50,,Aggregated,24.400000,0.000000,6,7,8,8,9,10,11,12,25,25,25,46605,0,6,8.777491098346493,3.0284199965535663,2104.1982940005255,6817.79420663019
1789884322,50,GET,GET /api/v1/reservas,17.800000,0.000000,7,8,8,9,10,11,13,14,25,25,25,34862,0,7,7.809520686707039,4.633864002244081,311.9985780067509,8965.0
1789884322,50,GET,GET /api/v1/reservas/{id},7.100000,0.000000,5,5,6,6,6,8,9,10,10,10,10,11618,0,5,5.653181897179736,3.0284199965535663,284.6892960005789,442.0
1789884322,50,POST,POST /api/v1/auth/login,0.000000,0.000000,0,0,0,0,0,0,0,0,0,0,0,50,0,1300.0,1369.1218887201103,628.633758999058,2104.1982940005255,1622.0
1789884322,50,POST,POST /api/v1/auth/refresh,0.000000,0.000000,0,0,0,0,0,0,0,0,0,0,0,100,0,27,29.209557120193494,18.447431997628883,75.96593200287316,1622.0
1789884322,50,,Aggregated,24.900000,0.000000,7,7,8,8,9,11,13,13,25,25,25,46630,0,6,8.777851760871538,3.0284199965535663,2104.1982940005255,6817.8487239974265
1789884323,50,GET,GET /api/v1/reservas,17.800000,0.000000,8,8,9,10,12,15,29,65,92,92,92,34883,0,7,7.817519906629814,4.633864002244081,311.9985780067509,8965.0
1789884323,50,GET,GET /api/v1/reservas/{id},6.900000,0.000000,5,6,6,7,10,14,18,18,18,18,18,11627,0,5,5.658772558220039,3.0284199965535663,284.6892960005789,442.0
1789884323,50,POST,POST /api/v1/auth/login,0.000000,0.000000,0,0,0,0,0,0,0,0,0,0,0,50,0,1300.0,1369.1218887201103,628.633758999058,2104.1982940005255,1622.0
1789884323,50,POST,POST /api/v1/auth/refresh,0.000000,0.000000,0,0,0,0,0,0,0,0,0,0,0,100,0,27,29.209557120193494,18.447431997628883,75.96593200287316,1622.0
1789884323,50,,Aggregated,24.700000,0.000000,7,8,9,9,12,15,25,42,92,92,92,46660,0,6,8.784186574912496,3.0284199965535663,2104.1982940005255,6817.585276468067
1789884324,50,GET,GET /api/v1/reservas,17.900000,0.000000,8,9,9,10,12,15,29,65,92,92,92,34899,0,7,7.817912594830242,4.633864002244081,311.9985780067509,8965.0
1789884324,50,GET,GET /api/v1/reservas/{id},7.500000,0.000000,6,6,7,8,10,14,18,18,18,18,18,11634,0,5,5.660199814546433,3.0284199965535663,284.6892960005789,442.0
1789884324,50,POST,POST /api/v1/auth/login,0.000000,0.000000,0,0,0,0,0,0,0,0,0,0,0,50,0,1300.0,1369.1218887201103,628.633758999058,2104.1982940005255,1622.0
1789884324,50,POST,POST /api/v1/auth/refresh,0.000000,0.000000,0,0,0,0,0,0,0,0,0,0,0,100,0,27,29.209557120193494,18.447431997628883,75.96593200287316,1622.0
1789884324,50,,Aggregated,25.400000,0.000000,8,8,9,10,12,15,25,42,92,92,92,46683,0,6,8.78403586824837,3.0284199965535663,2104.1982940005255,6817.365272154746
1789884325,50,GET,GET /api/v1/reservas,17.900000,0.000000,8,9,10,10,12,15,29,65,92,92,92,34915,0,7,7.817745374194031,4.633864002244081,311.9985780067509,8965.0
1789884325,50,GET,GET /api/v1/reservas/{id},7.500000,0.000000,6,6,7,8,10,14,18,18,18,18,18,11639,0,5,5.660118535649874,3.0284199965535663,284.6892960005789,442.0
1789884325,50,POST,POST /api/v1/auth/login,0.000000,0.000000,0,0,0,0,0,0,0,0,0,0,0,50,0,1300.0,1369.1218887201103,628.633758999058,2104.1982940005255,1622.0
1789884325,50,POST,POST /api/v1/auth/refresh,0.000000,0.000000,0,0,0,0,0,0,0,0,0,0,0,100,0,27,29.209557120193494,18.447431997628883,75.96593200287316,1622.0
1789884325,50,,Aggregated,25.400000,0.000000,7,8,9,10,12,15,25,42,92,92,92,46704,0,6,8.783225195367384,3.0284199965535663,2104.1982940005255,6817.41848663926
1789884326,50,GET,GET /api/v1/reservas,18.300000,0.000000,8,9,10,10,12,15,29,65,92,92,92,34938,0,7,7.817607298529022,4.633864002244081,311.9985780067509,8965.0
1789884326,50,GET,GET /api/v1/reservas/{id},7.400000,0.000000,6,6,7,8,10,14,18,18,18,18,18,11644,0,5,5.660181111166538,3.0284199965535663,284.6892960005789,442.0
1789884326,50,POST,POST /api/v1/auth/login,0.000000,0.000000,0,0,0,0,0,0,0,0,0,0,0,50,0,1300.0,1369.1218887201103,628.633758999058,2104.1982940005255,1622.0
1789884326,50,POST,POST /api/v1/auth/refresh,0.000000,0.000000,0,0,0,0,0,0,0,0,0,0,0,100,0,27,29.209557120193494,18.447431997628883,75.96593200287316,1622.0
1789884326,50,,Aggregated,25.700000,0.000000,8,8,9,10,12,15,25,42,92,92,92,46732,0,6,8.78232822910329,3.0284199965535663,2104.1982940005255,6817.793332192074
1789884327,50,GET,GET /api/v1/reservas,17.800000,0.000000,8,9,10,11,13,15,29,65,92,92,92,34954,0,7,7.817325145219433,4.633864002244081,311.9985780067509,8965.0
1789884327,50,GET,GET /api/v1/reservas/{id},7.200000,0.000000,6,6,8,8,10,14,18,18,18,18,18,11651,0,5,5.659439358460754,3.0284199965535663,284.6892960005789,442.0
1789884327,50,POST,POST /api/v1/auth/login,0.000000,0.000000,0,0,0,0,0,0,0,0,0,0,0,50,0,1300.0,1369.1218887201103,628.633758999058,2104.1982940005255,1622.0
1789884327,50,POST,POST /api/v1/auth/refresh,0.000000,0.000000,0,0,0,0,0,0,0,0,0,0,0,100,0,27,29.209557120193494,18.447431997628883,75.96593200287316,1622.0
1789884327,50,,Aggregated,25.000000,0.000000,8,8,9,10,12,15,25,42,92,92,92,46755,0,6,8.781134878396989,3.0284199965535663,2104.1982940005255,6817.573564324671
1789884328,50,GET,GET /api/v1/reservas,18.200000,0.000000,8,8,9,10,12,15,29,65,92,92,92,34972,0,7,7.816591741421236,4.633864002244081,311.9985780067509,8965.0
1789884328,50,GET,GET /api/v1/reservas/{id},7.500000,0.000000,6,6,7,8,10,14,18,18,18,18,18,11657,0,5,5.658829082047511,3.0284199965535663,284.6892960005789,442.0
1789884328,50,POST,POST /api/v1/auth/login,0.000000,0.000000,0,0,0,0,0,0,0,0,0,0,0,50,0,1300.0,1369.1218887201103,628.633758999058,2104.1982940005255,1622.0
1789884328,50,POST,POST /api/v1/auth/refresh,0.000000,0.000000,0,0,0,0,0,0,0,0,0,0,0,100,0,27,29.209557120193494,18.447431997628883,75.96593200287316,1622.0
1789884328,50,,Aggregated,25.700000,0.000000,7,8,9,10,12,15,25,42,92,92,92,46779,0,6,8.779663249287847,3.0284199965535663,2104.1982940005255,6817.582120182133
1789884329,50,GET,GET /api/v1/reservas,18.200000,0.000000,8,9,10,10,13,16,29,65,92,92,92,34995,0,7,7.816926588941248,4.633864002244081,311.9985780067509,8965.0
1789884329,50,GET,GET /api/v1/reservas/{id},7.200000,0.000000,6,6,8,8,10,14,18,18,18,18,18,11663,0,5,5.658926519199888,3.0284199965535663,284.6892960005789,442.0
1789884329,50,POST,POST /api/v1/auth/login,0.000000,0.000000,0,0,0,0,0,0,0,0,0,0,0,50,0,1300.0,1369.1218887201103,628.633758999058,2104.1982940005255,1622.0
1789884329,50,POST,POST /api/v1/auth/refresh,0.000000,0.000000,0,0,0,0,0,0,0,0,0,0,0,100,0,27,29.209557120193494,18.447431997628883,75.96593200287316,1622.0
1789884329,50,,Aggregated,25.400000,0.000000,7,8,9,10,13,16,25,42,92,92,92,46808,0,6,8.779064606935826,3.0284199965535663,2104.1982940005255,6817.820052127841
1789884330,50,GET,GET /api/v1/reservas,18.000000,0.000000,8,9,10,10,13,16,29,65,92,92,92,35013,0,7,7.816446827292267,4.633864002244081,311.9985780067509,8965.0
1789884330,50,GET,GET /api/v1/reservas/{id},6.900000,0.000000,6,6,8,8,10,14,18,18,18,18,18,11670,0,5,5.658456435939666,3.0284199965535663,284.6892960005789,442.0
1789884330,50,POST,POST /api/v1/auth/login,0.000000,0.000000,0,0,0,0,0,0,0,0,0,0,0,50,0,1300.0,1369.1218887201103,628.633758999058,2104.1982940005255,1622.0
1789884330,50,POST,POST /api/v1/auth/refresh,0.000000,0.000000,0,0,0,0,0,0,0,0,0,0,0,100,0,27,29.209557120193494,18.447431997628883,75.96593200287316,1622.0
1789884330,50,,Aggregated,24.900000,0.000000,7,8,9,10,13,16,25,42,92,92,92,46833,0,6,8.777752642782332,3.0284199965535663,2104.1982940005255,6817.692332329768
1789884331,50,GET,GET /api/v1/reservas,18.900000,0.000000,8,8,10,11,13,18,29,65,92,92,92,35035,0,7,7.818175187212039,4.633864002244081,311.9985780067509,8965.0
1789884331,50,GET,GET /api/v1/reservas/{id},6.700000,0.000000,6,7,8,8,14,16,18,18,18,18,18,11674,0,5,5.659200702707936,3.0284199965535663,284.6892960005789,442.0
1789884331,50,POST,POST /api/v1/auth/login,0.000000,0.000000,0,0,0,0,0,0,0,0,0,0,0,50,0,1300.0,1369.1218887201103,628.633758999058,2104.1982940005255,1622.0
1789884331,50,POST,POST /api/v1/auth/refresh,0.000000,0.000000,0,0,0,0,0,0,0,0,0,0,0,100,0,27,29.209557120193494,18.447431997628883,75.96593200287316,1622.0
1789884331,50,,Aggregated,25.600000,0.000000,7,8,9,10,13,18,24,42,92,92,92,46859,0,6,8.77851270482535,3.0284199965535663,2104.1982940005255,6818.156234661431
1789884332,50,GET,GET /api/v1/reservas,18.700000,0.000000,7,8,9,9,11,13,19,42,92,92,92,35061,0,7,7.8176490045349105,4.633864002244081,311.9985780067509,8965.0
1789884332,50,GET,GET /api/v1/reservas/{id},6.700000,0.000000,6,6,7,8,10,18,18,20,20,20,20,11680,0,5,5.660109433853767,3.0284199965535663,284.6892960005789,442.0
1789884332,50,POST,POST /api/v1/auth/login,0.000000,0.000000,0,0,0,0,0,0,0,0,0,0,0,50,0,1300.0,1369.1218887201103,628.633758999058,2104.1982940005255,1622.0
1789884332,50,POST,POST /api/v1/auth/refresh,0.000000,0.000000,0,0,0,0,0,0,0,0,0,0,0,100,0,27,29.209557120193494,18.447431997628883,75.96593200287316,1622.0
1789884332,50,,Aggregated,25.400000,0.000000,7,8,8,9,11,14,19,24,92,92,92,46891,0,6,8.77741400446643,3.0284199965535663,2104.1982940005255,6818.530741506899
1789884333,50,GET,GET /api/v1/reservas,19.100000,0.000000,7,8,8,8,11,13,18,19,24,24,24,35075,0,7,7.817449067996503,4.633864002244081,311.9985780067509,8965.0
1789884333,50,GET,GET /api/v1/reservas/{id},6.400000,0.000000,5,6,6,6,7,8,10,20,20,20,20,11683,0,5,5.660062295592769,3.0284199965535663,284.6892960005789,442.0
1789884333,50,POST,POST /api/v1/auth/login,0.000000,0.000000,0,0,0,0,0,0,0,0,0,0,0,50,0,1300.0,1369.1218887201103,628.633758999058,2104.1982940005255,1622.0
1789884333,50,POST,POST /api/v1/auth/refresh,0.000000,0.000000,0,0,0,0,0,0,0,0,0,0,0,100,0,27,29.209557120193494,18.447431997628883,75.96593200287316,1622.0
1789884333,50,,Aggregated,25.500000,0.000000,7,7,8,8,10,12,18,19,24,24,24,46908,0,6,8.776766948226582,3.0284199965535663,2104.1982940005255,6818.763558454848
1789884334,50,GET,GET /api/v1/reservas,19.000000,0.000000,7,7,8,8,10,13,18,19,24,24,24,35102,0,7,7.816504138652848,4.633864002244081,311.9985780067509,8965.0
1789884334,50,GET,GET /api/v1/reservas/{id},6.200000,0.000000,5,6,6,6,7,8,20,20,20,20,20,11687,0,5,5.659616633216617,3.0284199965535663,284.6892960005789,442.0
1789884334,50,POST,POST /api/v1/auth/login,0.000000,0.000000,0,0,0,0,0,0,0,0,0,0,0,50,0,1300.0,1369.1218887201103,628.633758999058,2104.1982940005255,1622.0
1789884334,50,POST,POST /api/v1/auth/refresh,0.000000,0.000000,0,0,0,0,0,0,0,0,0,0,0,100,0,27,29.209557120193494,18.447431997628883,75.96593200287316,1622.0
1789884334,50,,Aggregated,25.200000,0.000000,7,7,8,8,10,12,18,19,24,24,24,46939,0,6,8.77513193752359,3.0284199965535663,2104.1982940005255,6819.454696521017
1789884335,50,GET,GET /api/v1/reservas,19.200000,0.000000,7,7,8,8,10,13,18,19,24,24,24,35121,0,7,7.815881393354703,4.633864002244081,311.9985780067509,8965.0
1789884335,50,GET,GET /api/v1/reservas/{id},5.700000,0.000000,5,6,6,6,7,8,20,20,20,20,20,11690,0,5,5.65955493279831,3.0284199965535663,284.6892960005789,442.0
1789884335,50,POST,POST /api/v1/auth/login,0.000000,0.000000,0,0,0,0,0,0,0,0,0,0,0,50,0,1300.0,1369.1218887201103,628.633758999058,2104.1982940005255,1622.0
1789884335,50,POST,POST /api/v1/auth/refresh,0.000000,0.000000,0,0,0,0,0,0,0,0,0,0,0,100,0,27,29.209557120193494,18.447431997628883,75.96593200287316,1622.0
1789884335,50,,Aggregated,24.900000,0.000000,6,7,8,8,9,12,18,19,24,24,24,46961,0,6,8.774063962190915,3.0284199965535663,2104.1982940005255,6819.915355294819
1789884336,50,GET,GET /api/v1/reservas,19.600000,0.000000,7,7,8,8,10,12,18,19,24,24,24,35140,0,7,7.815899916506001,4.633864002244081,311.9985780067509,8965.0
1789884336,50,GET,GET /api/v1/reservas/{id},5.400000,0.000000,5,6,6,6,7,8,20,20,20,20,20,11696,0,5,5.6593080811725205,3.0284199965535663,284.6892960005789,442.0
1789884336,50,POST,POST /api/v1/auth/login,0.000000,0.000000,0,0,0,0,0,0,0,0,0,0,0,50,0,1300.0,1369.1218887201103,628.633758999058,2104.1982940005255,1622.0
1789884336,50,POST,POST /api/v1/auth/refresh,0.000000,0.000000,0,0,0,0,0,0,0,0,0,0,0,100,0,27,29.209557120193494,18.447431997628883,75.96593200287316,1622.0
1789884336,50,,Aggregated,25.000000,0.000000,7,7,8,8,9,12,18,19,24,24,24,46986,0,6,8.773231186554282,3.0284199965535663,2104.1982940005255,6819.96833099221
1789884337,50,GET,GET /api/v1/reservas,20.400000,0.000000,7,7,8,8,10,12,18,19,24,24,24,35163,0,7,7.815106955692685,4.633864002244081,311.9985780067509,8965.0
1789884337,50,GET,GET /api/v1/reservas/{id},5.200000,0.000000,5,6,6,6,7,8,20,20,20,20,20,11698,0,5,5.659234623986355,3.0284199965535663,284.6892960005789,442.0
1789884337,50,POST,POST /api/v1/auth/login,0.000000,0.000000,0,0,0,0,0,0,0,0,0,0,0,50,0,1300.0,1369.1218887201103,628.633758999058,2104.1982940005255,1622.0
1789884337,50,POST,POST /api/v1/auth/refresh,0.000000,0.000000,0,0,0,0,0,0,0,0,0,0,0,100,0,27,29.209557120193494,18.447431997628883,75.96593200287316,1622.0
1789884337,50,,Aggregated,25.600000,0.000000,7,7,8,8,9,12,18,19,24,24,24,47011,0,6,8.772018945830531,3.0284199965535663,2104.1982940005255,6820.74644232201
1789884338,50,GET,GET /api/v1/reservas,20.300000,0.000000,7,7,8,8,9,12,18,19,24,24,24,35176,0,7,7.814602374602676,4.633864002244081,311.9985780067509,8965.0
1789884338,50,GET,GET /api/v1/reservas/{id},5.000000,0.000000,5,6,6,6,7,8,20,20,20,20,20,11706,0,5,5.658543188484086,3.0284199965535663,284.6892960005789,442.0
1789884338,50,POST,POST /api/v1/auth/login,0.000000,0.000000,0,0,0,0,0,0,0,0,0,0,0,50,0,1300.0,1369.1218887201103,628.633758999058,2104.1982940005255,1622.0
1789884338,50,POST,POST /api/v1/auth/refresh,0.000000,0.000000,0,0,0,0,0,0,0,0,0,0,0,100,0,27,29.209557120193494,18.447431997628883,75.96593200287316,1622.0
1789884338,50,,Aggregated,25.300000,0.000000,7,7,7,8,9,12,18,19,24,24,24,47032,0,6,8.770675494162342,3.0284199965535663,2104.1982940005255,6820.254124851165
1789884339,50,GET,GET /api/v1/reservas,20.300000,0.000000,7,7,8,8,9,11,18,19,24,24,24,35195,0,7,7.814454117290341,4.633864002244081,311.9985780067509,8965.0
1789884339,50,GET,GET /api/v1/reservas/{id},4.800000,0.000000,5,6,6,6,7,9,20,20,20,20,20,11710,0,5,5.65872273590142,3.0284199965535663,284.6892960005789,442.0
1789884339,50,POST,POST /api/v1/auth/login,0.000000,0.000000,0,0,0,0,0,0,0,0,0,0,0,50,0,1300.0,1369.1218887201103,628.633758999058,2104.1982940005255,1622.0
1789884339,50,POST,POST /api/v1/auth/refresh,0.000000,0.000000,0,0,0,0,0,0,0,0,0,0,0,100,0,27,29.209557120193494,18.447431997628883,75.96593200287316,1622.0
1789884339,50,,Aggregated,25.100000,0.000000,7,7,8,8,9,11,18,19,24,24,24,47055,0,6,8.769958687566975,3.0284199965535663,2104.1982940005255,6820.5779407076825
1789884340,50,GET,GET /api/v1/reservas,20.500000,0.000000,7,7,8,8,9,10,15,18,24,24,24,35217,0,7,7.814005082745189,4.633864002244081,311.9985780067509,8965.0
1789884340,50,GET,GET /api/v1/reservas/{id},4.700000,0.000000,5,5,6,6,6,7,20,20,20,20,20,11719,0,5,5.657914300571459,3.0284199965535663,284.6892960005789,442.0
1789884340,50,POST,POST /api/v1/auth/login,0.000000,0.000000,0,0,0,0,0,0,0,0,0,0,0,50,0,1300.0,1369.1218887201103,628.633758999058,2104.1982940005255,1622.0
1789884340,50,POST,POST /api/v1/auth/refresh,0.000000,0.000000,0,0,0,0,0,0,0,0,0,0,0,100,0,27,29.209557120193494,18.447431997628883,75.96593200287316,1622.0
1789884340,50,,Aggregated,25.200000,0.000000,7,7,7,8,8,9,15,18,24,24,24,47086,0,6,8.768380513007244,3.0284199965535663,2104.1982940005255,6820.360680457036
1789884341,50,GET,GET /api/v1/reservas,19.700000,0.000000,7,7,8,8,8,10,13,15,15,15,15,35233,0,7,7.814073745779605,4.633864002244081,311.9985780067509,8965.0
1789884341,50,GET,GET /api/v1/reservas/{id},4.700000,0.000000,5,5,6,6,6,7,9,20,20,20,20,11728,0,5,5.657511184720026,3.0284199965535663,284.6892960005789,442.0
1789884341,50,POST,POST /api/v1/auth/login,0.000000,0.000000,0,0,0,0,0,0,0,0,0,0,0,50,0,1300.0,1369.1218887201103,628.633758999058,2104.1982940005255,1622.0
1789884341,50,POST,POST /api/v1/auth/refresh,0.000000,0.000000,0,0,0,0,0,0,0,0,0,0,0,100,0,27,29.209557120193494,18.447431997628883,75.96593200287316,1622.0
1789884341,50,,Aggregated,24.400000,0.000000,6,7,7,8,8,9,13,15,20,20,20,47111,0,6,8.76741316481234,3.0284199965535663,2104.1982940005255,6819.870539789009
1789884342,50,GET,GET /api/v1/reservas,20.400000,0.000000,7,7,7,8,8,9,13,15,15,15,15,35253,0,7,7.813211878848207,4.633864002244081,311.9985780067509,8965.0
1789884342,50,GET,GET /api/v1/reservas/{id},4.700000,0.000000,5,5,5,6,6,7,7,9,9,9,9,11734,0,5,5.656763424016044,3.0284199965535663,284.6892960005789,442.0
1789884342,50,POST,POST /api/v1/auth/login,0.000000,0.000000,0,0,0,0,0,0,0,0,0,0,0,50,0,1300.0,1369.1218887201103,628.633758999058,2104.1982940005255,1622.0
1789884342,50,POST,POST /api/v1/auth/refresh,0.000000,0.000000,0,0,0,0,0,0,0,0,0,0,0,100,0,27,29.209557120193494,18.447431997628883,75.96593200287316,1622.0
1789884342,50,,Aggregated,25.100000,0.000000,6,7,7,7,8,9,12,14,15,15,15,47137,0,6,8.765782093269936,3.0284199965535663,2104.1982940005255,6819.968877951503
1789884343,50,GET,GET /api/v1/reservas,19.600000,0.000000,7,7,7,8,9,10,12,14,15,15,15,35267,0,7,7.812933663964871,4.633864002244081,311.9985780067509,8965.0
1789884343,50,GET,GET /api/v1/reservas/{id},5.000000,0.000000,5,5,5,6,6,7,7,9,9,9,9,11739,0,5,5.6563221351393995,3.0284199965535663,284.6892960005789,442.0
1789884343,50,POST,POST /api/v1/auth/login,0.000000,0.000000,0,0,0,0,0,0,0,0,0,0,0,50,0,1300.0,1369.1218887201103,628.633758999058,2104.1982940005255,1622.0
1789884343,50,POST,POST /api/v1/auth/refresh,0.000000,0.000000,0,0,0,0,0,0,0,0,0,0,0,100,0,27,29.209557120193494,18.447431997628883,75.96593200287316,1622.0
1789884343,50,,Aggregated,24.600000,0.000000,6,7,7,7,8,9,12,13,15,15,15,47156,0,6,8.764851709633458,3.0284199965535663,2104.1982940005255,6819.929446942065
1789884344,50,GET,GET /api/v1/reservas,20.200000,0.000000,7,7,7,8,9,10,13,15,15,15,15,35286,0,7,7.812692817945161,4.633864002244081,311.9985780067509,8965.0
1789884344,50,GET,GET /api/v1/reservas/{id},5.300000,0.000000,5,5,5,5,6,7,7,9,9,9,9,11745,0,5,5.655721045075559,3.0284199965535663,284.6892960005789,442.0
1789884344,50,POST,POST /api/v1/auth/login,0.000000,0.000000,0,0,0,0,0,0,0,0,0,0,0,50,0,1300.0,1369.1218887201103,628.633758999058,2104.1982940005255,1622.0
1789884344,50,POST,POST /api/v1/auth/refresh,0.000000,0.000000,0,0,0,0,0,0,0,0,0,0,0,100,0,27,29.209557120193494,18.447431997628883,75.96593200287316,1622.0
1789884344,50,,Aggregated,25.500000,0.000000,6,7,7,7,8,10,12,14,15,15,15,47181,0,6,8.763743299134191,3.0284199965535663,2104.1982940005255,6819.982196223056
1789884345,50,GET,GET /api/v1/reservas,19.400000,0.000000,7,7,7,8,8,10,13,15,15,15,15,35304,0,7,7.812082896470975,4.633864002244081,311.9985780067509,8965.0
1789884345,50,GET,GET /api/v1/reservas/{id},5.500000,0.000000,5,5,5,5,6,7,7,9,9,9,9,11751,0,5,5.655217065305523,3.0284199965535663,284.6892960005789,442.0
1789884345,50,POST,POST /api/v1/auth/login,0.000000,0.000000,0,0,0,0,0,0,0,0,0,0,0,50,0,1300.0,1369.1218887201103,628.633758999058,2104.1982940005255,1622.0
1789884345,50,POST,POST /api/v1/auth/refresh,0.000000,0.000000,0,0,0,0,0,0,0,0,0,0,0,100,0,27,29.209557120193494,18.447431997628883,75.96593200287316,1622.0
1789884345,50,,Aggregated,24.900000,0.000000,6,7,7,7,8,10,12,14,15,15,15,47205,0,6,8.762403992361856,3.0284199965535663,2104.1982940005255,6819.989450270098
1789884346,50,GET,GET /api/v1/reservas,18.900000,0.000000,7,7,7,8,9,10,13,15,15,15,15,35322,0,7,7.811561196647977,4.633864002244081,311.9985780067509,8965.0
1789884346,50,GET,GET /api/v1/reservas/{id},5.800000,0.000000,5,5,5,5,6,7,7,9,9,9,9,11756,0,5,5.654858434280887,3.0284199965535663,284.6892960005789,442.0
1789884346,50,POST,POST /api/v1/auth/login,0.000000,0.000000,0,0,0,0,0,0,0,0,0,0,0,50,0,1300.0,1369.1218887201103,628.633758999058,2104.1982940005255,1622.0
1789884346,50,POST,POST /api/v1/auth/refresh,0.000000,0.000000,0,0,0,0,0,0,0,0,0,0,0,100,0,27,29.209557120193494,18.447431997628883,75.96593200287316,1622.0
1789884346,50,,Aggregated,24.700000,0.000000,6,7,7,7,8,10,12,14,15,15,15,47228,0,6,8.761233388867426,3.0284199965535663,2104.1982940005255,6820.131743880749
1789884347,50,GET,GET /api/v1/reservas,18.300000,0.000000,7,7,7,8,9,10,13,15,15,15,15,35338,0,7,7.811154266541003,4.633864002244081,311.9985780067509,8965.0
1789884347,50,GET,GET /api/v1/reservas/{id},5.800000,0.000000,5,5,5,5,6,7,7,9,9,9,9,11763,0,5,5.654280703170987,3.0284199965535663,284.6892960005789,442.0
1789884347,50,POST,POST /api/v1/auth/login,0.000000,0.000000,0,0,0,0,0,0,0,0,0,0,0,50,0,1300.0,1369.1218887201103,628.633758999058,2104.1982940005255,1622.0
1789884347,50,POST,POST /api/v1/auth/refresh,0.000000,0.000000,0,0,0,0,0,0,0,0,0,0,0,100,0,27,29.209557120193494,18.447431997628883,75.96593200287316,1622.0
1789884347,50,,Aggregated,24.100000,0.000000,6,7,7,7,8,10,12,14,15,15,15,47251,0,6,8.760003460888683,3.0284199965535663,2104.1982940005255,6819.913144695351
1789884348,50,GET,GET /api/v1/reservas,18.100000,0.000000,7,7,8,8,9,10,13,15,15,15,15,35357,0,7,7.810628525808445,4.633864002244081,311.9985780067509,8965.0
1789884348,50,GET,GET /api/v1/reservas/{id},6.200000,0.000000,5,5,5,5,7,7,8,9,9,9,9,11767,0,5,5.65413914221142,3.0284199965535663,284.6892960005789,442.0
1789884348,50,POST,POST /api/v1/auth/login,0.000000,0.000000,0,0,0,0,0,0,0,0,0,0,0,50,0,1300.0,1369.1218887201103,628.633758999058,2104.1982940005255,1622.0
1789884348,50,POST,POST /api/v1/auth/refresh,0.000000,0.000000,0,0,0,0,0,0,0,0,0,0,0,100,0,27,29.209557120193494,18.447431997628883,75.96593200287316,1622.0
1789884348,50,,Aggregated,24.300000,0.000000,6,7,7,8,9,10,12,14,15,15,15,47274,0,6,8.758930875776025,3.0284199965535663,2104.1982940005255,6820.235626348522
1789884349,50,GET,GET /api/v1/reservas,18.100000,0.000000,7,7,7,8,9,10,13,15,15,15,15,35376,0,7,7.810607036267761,4.633864002244081,311.9985780067509,8965.0
1789884349,50,GET,GET /api/v1/reservas/{id},6.000000,0.000000,5,5,5,5,7,7,7,8,8,8,8,11770,0,5,5.6541843706374335,3.0284199965535663,284.6892960005789,442.0
1789884349,50,POST,POST /api/v1/auth/login,0.000000,0.000000,0,0,0,0,0,0,0,0,0,0,0,50,0,1300.0,1369.1218887201103,628.633758999058,2104.1982940005255,1622.0
1789884349,50,POST,POST /api/v1/auth/refresh,0.000000,0.000000,0,0,0,0,0,0,0,0,0,0,0,100,0,27,29.209557120193494,18.447431997628883,75.96593200287316,1622.0
1789884349,50,,Aggregated,24.100000,0.000000,6,7,7,7,8,9,12,14,15,15,15,47296,0,6,8.758348162750249,3.0284199965535663,2104.1982940005255,6820.692658998647
1789884350,50,GET,GET /api/v1/reservas,17.900000,0.000000,7,7,8,9,11,14,15,15,19,19,19,35397,0,7,7.812544122638235,4.633864002244081,311.9985780067509,8965.0
1789884350,50,GET,GET /api/v1/reservas/{id},6.300000,0.000000,5,5,5,6,7,7,8,10,10,10,10,11778,0,5,5.654593418441026,3.0284199965535663,284.6892960005789,442.0
1789884350,50,POST,POST /api/v1/auth/login,0.000000,0.000000,0,0,0,0,0,0,0,0,0,0,0,50,0,1300.0,1369.1218887201103,628.633758999058,2104.1982940005255,1622.0
1789884350,50,POST,POST /api/v1/auth/refresh,0.000000,0.000000,0,0,0,0,0,0,0,0,0,0,0,100,0,27,29.209557120193494,18.447431997628883,75.96593200287316,1622.0
1789884350,50,,Aggregated,24.200000,0.000000,6,7,8,8,10,12,15,15,19,19,19,47325,0,6,8.758953528567329,3.0284199965535663,2104.1982940005255,6820.56589540412
1789884351,50,GET,GET /api/v1/reservas,18.200000,0.000000,7,7,8,9,10,13,15,15,19,19,19,35409,0,7,7.812315556243486,4.633864002244081,311.9985780067509,8965.0
1789884351,50,GET,GET /api/v1/reservas/{id},6.000000,0.000000,5,5,5,6,7,8,8,10,10,10,10,11790,0,5,5.653816723528441,3.0284199965535663,284.6892960005789,442.0
1789884351,50,POST,POST /api/v1/auth/login,0.000000,0.000000,0,0,0,0,0,0,0,0,0,0,0,50,0,1300.0,1369.1218887201103,628.633758999058,2104.1982940005255,1622.0
1789884351,50,POST,POST /api/v1/auth/refresh,0.000000,0.000000,0,0,0,0,0,0,0,0,0,0,0,100,0,27,29.209557120193494,18.447431997628883,75.96593200287316,1622.0
1789884351,50,,Aggregated,24.200000,0.000000,6,7,8,8,9,11,14,15,19,19,19,47349,0,6,8.757562585259473,3.0284199965535663,2104.1982940005255,6819.492808718242
1789884352,50,GET,GET /api/v1/reservas,18.000000,0.000000,7,8,8,9,10,14,15,15,19,19,19,35431,0,7,7.812041711129368,4.633864002244081,311.9985780067509,8965.0
1789884352,50,GET,GET /api/v1/reservas/{id},6.000000,0.000000,5,5,5,6,7,8,8,10,10,10,10,11795,0,5,5.653708840812466,3.0284199965535663,284.6892960005789,442.0
1789884352,50,POST,POST /api/v1/auth/login,0.000000,0.000000,0,0,0,0,0,0,0,0,0,0,0,50,0,1300.0,1369.1218887201103,628.633758999058,2104.1982940005255,1622.0
1789884352,50,POST,POST /api/v1/auth/refresh,0.000000,0.000000,0,0,0,0,0,0,0,0,0,0,0,100,0,27,29.209557120193494,18.447431997628883,75.96593200287316,1622.0
1789884352,50,,Aggregated,24.000000,0.000000,7,7,8,8,10,11,14,15,19,19,19,47376,0,6,8.756564416422503,3.0284199965535663,2104.1982940005255,6819.81604609929
1789884353,50,GET,GET /api/v1/reservas,18.100000,0.000000,7,7,8,8,10,13,14,15,19,19,19,35449,0,7,7.811276955231704,4.633864002244081,311.9985780067509,8965.0
1789884353,50,GET,GET /api/v1/reservas/{id},6.400000,0.000000,5,5,5,6,7,7,8,10,10,10,10,11805,0,5,5.652801059499069,3.0284199965535663,284.6892960005789,442.0
1789884353,50,POST,POST /api/v1/auth/login,0.000000,0.000000,0,0,0,0,0,0,0,0,0,0,0,50,0,1300.0,1369.1218887201103,628.633758999058,2104.1982940005255,1622.0
1789884353,50,POST,POST /api/v1/auth/refresh,0.000000,0.000000,0,0,0,0,0,0,0,0,0,0,0,100,0,27,29.209557120193494,18.447431997628883,75.96593200287316,1622.0
1789884353,50,,Aggregated,24.500000,0.000000,6,7,7,8,9,11,14,15,19,19,19,47404,0,6,8.754753257982872,3.0284199965535663,2104.1982940005255,6819.285186904059
1789884354,50,GET,GET /api/v1/reservas,17.400000,0.000000,7,8,8,9,10,13,14,15,19,19,19,35464,0,7,7.811250900011668,4.633864002244081,311.9985780067509,8965.0
1789884354,50,GET,GET /api/v1/reservas/{id},6.400000,0.000000,5,5,5,6,7,7,8,10,10,10,10,11808,0,5,5.652739881129972,3.0284199965535663,284.6892960005789,442.0
1789884354,50,POST,POST /api/v1/auth/login,0.000000,0.000000,0,0,0,0,0,0,0,0,0,0,0,50,0,1300.0,1369.1218887201103,628.633758999058,2104.1982940005255,1622.0
1789884354,50,POST,POST /api/v1/auth/refresh,0.000000,0.000000,0,0,0,0,0,0,0,0,0,0,0,100,0,27,29.209557120193494,18.447431997628883,75.96593200287316,1622.0
1789884354,50,,Aggregated,23.800000,0.000000,7,7,8,8,9,11,14,15,19,19,19,47422,0,6,8.754223874624044,3.0284199965535663,2104.1982940005255,6819.560457171777
1789884355,50,GET,GET /api/v1/reservas,18.000000,0.000000,7,7,8,9,10,13,14,15,19,19,19,35487,0,7,7.810150501817668,4.633864002244081,311.9985780067509,8965.0
1789884355,50,GET,GET /api/v1/reservas/{id},6.500000,0.000000,5,5,6,6,7,8,8,10,10,10,10,11813,0,5,5.652334177718115,3.0284199965535663,284.6892960005789,442.0
1789884355,50,POST,POST /api/v1/auth/login,0.000000,0.000000,0,0,0,0,0,0,0,0,0,0,0,50,0,1300.0,1369.1218887201103,628.633758999058,2104.1982940005255,1622.0
1789884355,50,POST,POST /api/v1/auth/refresh,0.000000,0.000000,0,0,0,0,0,0,0,0,0,0,0,100,0,27,29.209557120193494,18.447431997628883,75.96593200287316,1622.0
1789884355,50,,Aggregated,24.500000,0.000000,7,7,8,8,9,11,14,15,19,19,19,47450,0,6,8.752516009429137,3.0284199965535663,2104.1982940005255,6819.928366701792
1789884356,50,GET,GET /api/v1/reservas,18.400000,0.000000,7,7,8,9,10,13,14,15,19,19,19,35506,0,7,7.80950008877339,4.633864002244081,311.9985780067509,8965.0
1789884356,50,GET,GET /api/v1/reservas/{id},6.200000,0.000000,5,5,6,6,7,7,8,10,10,10,10,11822,0,5,5.652099950716806,3.0284199965535663,284.6892960005789,442.0
1789884356,50,POST,POST /api/v1/auth/login,0.000000,0.000000,0,0,0,0,0,0,0,0,0,0,0,50,0,1300.0,1369.1218887201103,628.633758999058,2104.1982940005255,1622.0
1789884356,50,POST,POST /api/v1/auth/refresh,0.000000,0.000000,0,0,0,0,0,0,0,0,0,0,0,100,0,27,29.209557120193494,18.447431997628883,75.96593200287316,1622.0
1789884356,50,,Aggregated,24.600000,0.000000,6,7,7,8,9,11,14,15,19,19,19,47478,0,6,8.751006485475102,3.0284199965535663,2104.1982940005255,6819.577783394414
1789884357,50,GET,GET /api/v1/reservas,18.200000,0.000000,7,7,8,9,10,13,14,15,19,19,19,35521,0,7,7.809295207173255,4.633864002244081,311.9985780067509,8965.0
1789884357,50,GET,GET /api/v1/reservas/{id},6.300000,0.000000,5,6,6,6,7,8,8,10,10,10,10,11828,0,5,5.652602253497902,3.0284199965535663,284.6892960005789,442.0
1789884357,50,POST,POST /api/v1/auth/login,0.000000,0.000000,0,0,0,0,0,0,0,0,0,0,0,50,0,1300.0,1369.1218887201103,628.633758999058,2104.1982940005255,1622.0
1789884357,50,POST,POST /api/v1/auth/refresh,0.000000,0.000000,0,0,0,0,0,0,0,0,0,0,0,100,0,27,29.209557120193494,18.447431997628883,75.96593200287316,1622.0
1789884357,50,,Aggregated,24.500000,0.000000,6,7,7,8,9,11,14,15,19,19,19,47499,0,6,8.750289577810044,3.0284199965535663,2104.1982940005255,6819.449693677761
1789884358,50,GET,GET /api/v1/reservas,18.500000,0.000000,7,7,8,8,10,13,14,15,19,19,19,35540,0,7,7.808367892290282,4.633864002244081,311.9985780067509,8965.0
1789884358,50,GET,GET /api/v1/reservas/{id},6.400000,0.000000,5,5,6,6,7,8,8,10,10,10,10,11835,0,5,5.651709596482921,3.0284199965535663,284.6892960005789,442.0
1789884358,50,POST,POST /api/v1/auth/login,0.000000,0.000000,0,0,0,0,0,0,0,0,0,0,0,50,0,1300.0,1369.1218887201103,628.633758999058,2104.1982940005255,1622.0
1789884358,50,POST,POST /api/v1/auth/refresh,0.000000,0.000000,0,0,0,0,0,0,0,0,0,0,0,100,0,27,29.209557120193494,18.447431997628883,75.96593200287316,1622.0
1789884358,50,,Aggregated,24.900000,0.000000,6,7,7,8,9,11,14,15,19,19,19,47525,0,6,8.74854135958752,3.0284199965535663,2104.1982940005255,6819.368122041031
1789884359,50,GET,GET /api/v1/reservas,18.200000,0.000000,6,7,7,8,9,10,13,14,19,19,19,35560,0,7,7.80758470441495,4.633864002244081,311.9985780067509,8965.0
1789884359,50,GET,GET /api/v1/reservas/{id},7.000000,0.000000,5,5,6,6,7,8,8,8,8,8,8,11844,0,5,5.650545282620787,3.0284199965535663,284.6892960005789,442.0
1789884359,50,POST,POST /api/v1/auth/login,0.000000,0.000000,0,0,0,0,0,0,0,0,0,0,0,50,0,1300.0,1369.1218887201103,628.633758999058,2104.1982940005255,1622.0
1789884359,50,POST,POST /api/v1/auth/refresh,0.000000,0.000000,0,0,0,0,0,0,0,0,0,0,0,100,0,27,29.209557120193494,18.447431997628883,75.96593200287316,1622.0
1789884359,50,,Aggregated,25.200000,0.000000,6,7,7,7,8,9,12,14,19,19,19,47554,0,6,8.746684202472581,3.0284199965535663,2104.1982940005255,6819.063548807671
1789884360,50,GET,GET /api/v1/reservas,18.300000,0.000000,6,7,7,8,9,9,11,12,14,14,14,35575,0,7,7.807732639578302,4.633864002244081,311.9985780067509,8965.0
1789884360,50,GET,GET /api/v1/reservas/{id},6.500000,0.000000,5,5,6,6,7,7,8,8,8,8,8,11852,0,5,5.650250562129453,3.0284199965535663,284.6892960005789,442.0
1789884360,50,POST,POST /api/v1/auth/login,0.000000,0.000000,0,0,0,0,0,0,0,0,0,0,0,50,0,1300.0,1369.1218887201103,628.633758999058,2104.1982940005255,1622.0
1789884360,50,POST,POST /api/v1/auth/refresh,0.000000,0.000000,0,0,0,0,0,0,0,0,0,0,0,100,0,27,29.209557120193494,18.447431997628883,75.96593200287316,1622.0
1789884360,50,,Aggregated,24.800000,0.000000,6,7,7,7,8,9,10,11,14,14,14,47577,0,6,8.745904711591342,3.0284199965535663,2104.1982940005255,6818.667822687433
1789884361,50,GET,GET /api/v1/reservas,18.500000,0.000000,6,7,7,7,9,9,10,11,12,12,12,35599,0,7,7.806661656338192,4.633864002244081,311.9985780067509,8965.0
1789884361,50,GET,GET /api/v1/reservas/{id},7.300000,0.000000,5,5,6,6,6,7,8,8,8,8,8,11855,0,5,5.65009092833052,3.0284199965535663,284.6892960005789,442.0
1789884361,50,POST,POST /api/v1/auth/login,0.000000,0.000000,0,0,0,0,0,0,0,0,0,0,0,50,0,1300.0,1369.1218887201103,628.633758999058,2104.1982940005255,1622.0
1789884361,50,POST,POST /api/v1/auth/refresh,0.000000,0.000000,0,0,0,0,0,0,0,0,0,0,0,100,0,27,29.209557120193494,18.447431997628883,75.96593200287316,1622.0
1789884361,50,,Aggregated,25.800000,0.000000,6,6,7,7,8,9,10,11,12,12,12,47604,0,6,8.744395983685541,3.0284199965535663,2104.1982940005255,6819.348058986639
1789884362,50,GET,GET /api/v1/reservas,17.800000,0.000000,6,7,7,8,9,9,10,11,12,12,12,35607,0,7,7.806470706602447,4.633864002244081,311.9985780067509,8965.0
1789884362,50,GET,GET /api/v1/reservas/{id},7.300000,0.000000,5,5,6,6,7,7,8,8,8,8,8,11865,0,5,5.6501353342914475,3.0284199965535663,284.6892960005789,442.0
1789884362,50,POST,POST /api/v1/auth/login,0.000000,0.000000,0,0,0,0,0,0,0,0,0,0,0,50,0,1300.0,1369.1218887201103,628.633758999058,2104.1982940005255,1622.0
1789884362,50,POST,POST /api/v1/auth/refresh,0.000000,0.000000,0,0,0,0,0,0,0,0,0,0,0,100,0,27,29.209557120193494,18.447431997628883,75.96593200287316,1622.0
1789884362,50,,Aggregated,25.100000,0.000000,6,7,7,7,8,9,10,11,12,12,12,47622,0,6,8.743456980794301,3.0284199965535663,2104.1982940005255,6818.369346100541
1789884363,50,GET,GET /api/v1/reservas,18.100000,0.000000,6,7,7,7,8,9,10,11,11,11,11,35625,0,7,7.805788844884088,4.633864002244081,311.9985780067509,8965.0
1789884363,50,GET,GET /api/v1/reservas/{id},6.800000,0.000000,5,5,6,6,7,7,8,8,8,8,8,11873,0,5,5.64891700794727,3.0284199965535663,284.6892960005789,442.0
1789884363,50,POST,POST /api/v1/auth/login,0.000000,0.000000,0,0,0,0,0,0,0,0,0,0,0,50,0,1300.0,1369.1218887201103,628.633758999058,2104.1982940005255,1622.0
1789884363,50,POST,POST /api/v1/auth/refresh,0.000000,0.000000,0,0,0,0,0,0,0,0,0,0,0,100,0,27,29.209557120193494,18.447431997628883,75.96593200287316,1622.0
1789884363,50,,Aggregated,24.900000,0.000000,6,6,7,7,8,9,9,10,11,11,11,47648,0,6,8.741770260711434,3.0284199965535663,2104.1982940005255,6818.109700302216
1789884364,50,GET,GET /api/v1/reservas,18.200000,0.000000,6,7,7,8,9,9,11,11,11,11,11,35645,0,7,7.805754985046974,4.633864002244081,311.9985780067509,8965.0
1789884364,50,GET,GET /api/v1/reservas/{id},6.800000,0.000000,5,6,6,6,7,8,8,8,8,8,8,11878,0,5,5.6491871179796,3.0284199965535663,284.6892960005789,442.0
1789884364,50,POST,POST /api/v1/auth/login,0.000000,0.000000,0,0,0,0,0,0,0,0,0,0,0,50,0,1300.0,1369.1218887201103,628.633758999058,2104.1982940005255,1622.0
1789884364,50,POST,POST /api/v1/auth/refresh,0.000000,0.000000,0,0,0,0,0,0,0,0,0,0,0,100,0,27,29.209557120193494,18.447431997628883,75.96593200287316,1622.0
1789884364,50,,Aggregated,25.000000,0.000000,6,7,7,7,8,9,10,11,11,11,11,47673,0,6,8.74109519387045,3.0284199965535663,2104.1982940005255,6818.341639921969
1789884365,50,GET,GET /api/v1/reservas,18.000000,0.000000,7,7,8,8,9,10,11,11,11,11,11,35664,0,7,7.805216526132888,4.633864002244081,311.9985780067509,8965.0
1789884365,50,GET,GET /api/v1/reservas/{id},6.900000,0.000000,5,5,6,6,7,8,8,8,8,8,8,11882,0,5,5.64867878592594,3.0284199965535663,284.6892960005789,442.0
1789884365,50,POST,POST /api/v1/auth/login,0.000000,0.000000,0,0,0,0,0,0,0,0,0,0,0,50,0,1300.0,1369.1218887201103,628.633758999058,2104.1982940005255,1622.0
1789884365,50,POST,POST /api/v1/auth/refresh,0.000000,0.000000,0,0,0,0,0,0,0,0,0,0,0,100,0,27,29.209557120193494,18.447431997628883,75.96593200287316,1622.0
1789884365,50,,Aggregated,24.900000,0.000000,6,7,7,8,9,9,10,11,11,11,11,47696,0,6,8.739934033679978,3.0284199965535663,2104.1982940005255,6818.662026165716
1789884366,50,GET,GET /api/v1/reservas,17.800000,0.000000,6,7,7,8,9,9,10,11,11,11,11,35682,0,7,7.804281988845885,4.633864002244081,311.9985780067509,8965.0
1789884366,50,GET,GET /api/v1/reservas/{id},7.100000,0.000000,4,5,5,6,6,7,8,8,8,8,8,11890,0,5,5.647764861931609,3.0284199965535663,284.6892960005789,442.0
1789884366,50,POST,POST /api/v1/auth/login,0.000000,0.000000,0,0,0,0,0,0,0,0,0,0,0,50,0,1300.0,1369.1218887201103,628.633758999058,2104.1982940005255,1622.0
1789884366,50,POST,POST /api/v1/auth/refresh,0.000000,0.000000,0,0,0,0,0,0,0,0,0,0,0,100,0,27,29.209557120193494,18.447431997628883,75.96593200287316,1622.0
1789884366,50,,Aggregated,24.900000,0.000000,6,7,7,7,8,9,10,11,11,11,11,47722,0,6,8.738136798172553,3.0284199965535663,2104.1982940005255,6818.4026235279325
1789884367,50,GET,GET /api/v1/reservas,17.800000,0.000000,7,7,7,8,9,9,10,11,16,16,16,35701,0,7,7.804093444889507,4.633864002244081,311.9985780067509,8965.0
1789884367,50,GET,GET /api/v1/reservas/{id},6.800000,0.000000,4,5,6,6,6,7,8,8,8,8,8,11896,0,5,5.647634728594479,3.0284199965535663,284.6892960005789,442.0
1789884367,50,POST,POST /api/v1/auth/login,0.000000,0.000000,0,0,0,0,0,0,0,0,0,0,0,50,0,1300.0,1369.1218887201103,628.633758999058,2104.1982940005255,1622.0
1789884367,50,POST,POST /api/v1/auth/refresh,0.000000,0.000000,0,0,0,0,0,0,0,0,0,0,0,100,0,27,29.209557120193494,18.447431997628883,75.96593200287316,1622.0
1789884367,50,,Aggregated,24.600000,0.000000,6,7,7,7,8,9,10,11,16,16,16,47747,0,6,8.737203446402603,3.0284199965535663,2104.1982940005255,6818.455546945358
1789884368,50,GET,GET /api/v1/reservas,17.500000,0.000000,7,7,8,8,9,10,11,15,16,16,16,35720,0,7,7.803539149804446,4.633864002244081,311.9985780067509,8965.0
1789884368,50,GET,GET /api/v1/reservas/{id},6.700000,0.000000,5,5,6,6,6,7,8,8,8,8,8,11905,0,5,5.646581784070309,3.0284199965535663,284.6892960005789,442.0
1789884368,50,POST,POST /api/v1/auth/login,0.000000,0.000000,0,0,0,0,0,0,0,0,0,0,0,50,0,1300.0,1369.1218887201103,628.633758999058,2104.1982940005255,1622.0
1789884368,50,POST,POST /api/v1/auth/refresh,0.000000,0.000000,0,0,0,0,0,0,0,0,0,0,0,100,0,27,29.209557120193494,18.447431997628883,75.96593200287316,1622.0
1789884368,50,,Aggregated,24.200000,0.000000,6,7,7,8,9,9,10,11,16,16,16,47775,0,6,8.735573515822013,3.0284199965535663,2104.1982940005255,6818.108006279434
1789884369,50,GET,GET /api/v1/reservas,17.800000,0.000000,7,7,7,8,9,9,11,15,16,16,16,35736,0,7,7.8027266974763645,4.633864002244081,311.9985780067509,8965.0
1789884369,50,GET,GET /api/v1/reservas/{id},6.400000,0.000000,4,5,5,6,6,7,8,8,8,8,8,11912,0,5,5.645767392154886,3.0284199965535663,284.6892960005789,442.0
1789884369,50,POST,POST /api/v1/auth/login,0.000000,0.000000,0,0,0,0,0,0,0,0,0,0,0,50,0,1300.0,1369.1218887201103,628.633758999058,2104.1982940005255,1622.0
1789884369,50,POST,POST /api/v1/auth/refresh,0.000000,0.000000,0,0,0,0,0,0,0,0,0,0,0,100,0,27,29.209557120193494,18.447431997628883,75.96593200287316,1622.0
1789884369,50,,Aggregated,24.200000,0.000000,6,7,7,7,8,9,10,11,16,16,16,47798,0,6,8.73399875694358,3.0284199965535663,2104.1982940005255,6817.892882547387
1789884370,50,GET,GET /api/v1/reservas,17.700000,0.000000,7,7,7,8,9,10,11,15,16,16,16,35755,0,7,7.802328742805843,4.633864002244081,311.9985780067509,8965.0
1789884370,50,GET,GET /api/v1/reservas/{id},7.200000,0.000000,5,5,6,6,7,8,8,9,9,9,9,11916,0,5,5.646282756240345,3.0284199965535663,284.6892960005789,442.0
1789884370,50,POST,POST /api/v1/auth/login,0.000000,0.000000,0,0,0,0,0,0,0,0,0,0,0,50,0,1300.0,1369.1218887201103,628.633758999058,2104.1982940005255,1622.0
1789884370,50,POST,POST /api/v1/auth/refresh,0.000000,0.000000,0,0,0,0,0,0,0,0,0,0,0,100,0,27,29.209557120193494,18.447431997628883,75.96593200287316,1622.0
1789884370,50,,Aggregated,24.900000,0.000000,6,7,7,7,8,9,10,11,16,16,16,47821,0,6,8.733201306338382,3.0284199965535663,2104.1982940005255,6818.21264716338
1789884371,50,GET,GET /api/v1/reservas,17.300000,0.000000,7,7,8,8,9,10,11,15,16,16,16,35775,0,7,7.801918629015494,4.633864002244081,311.9985780067509,8965.0
1789884371,50,GET,GET /api/v1/reservas/{id},6.800000,0.000000,4,5,5,6,7,8,8,9,9,9,9,11921,0,5,5.645999308811484,3.0284199965535663,284.6892960005789,442.0
1789884371,50,POST,POST /api/v1/auth/login,0.000000,0.000000,0,0,0,0,0,0,0,0,0,0,0,50,0,1300.0,1369.1218887201103,628.633758999058,2104.1982940005255,1622.0
1789884371,50,POST,POST /api/v1/auth/refresh,0.000000,0.000000,0,0,0,0,0,0,0,0,0,0,0,100,0,27,29.209557120193494,18.447431997628883,75.96593200287316,1622.0
1789884371,50,,Aggregated,24.100000,0.000000,6,7,7,8,8,9,10,11,16,16,16,47846,0,6,8.732112336692635,3.0284199965535663,2104.1982940005255,6818.443694352715
1789884372,50,GET,GET /api/v1/reservas,18.000000,0.000000,7,7,8,8,9,10,11,16,18,18,18,35798,0,7,7.801658641293324,4.633864002244081,311.9985780067509,8965.0
1789884372,50,GET,GET /api/v1/reservas/{id},6.500000,0.000000,4,5,5,6,7,8,8,9,9,9,9,11925,0,5,5.645759366318463,3.0284199965535663,284.6892960005789,442.0
1789884372,50,POST,POST /api/v1/auth/login,0.000000,0.000000,0,0,0,0,0,0,0,0,0,0,0,50,0,1300.0,1369.1218887201103,628.633758999058,2104.1982940005255,1622.0
1789884372,50,POST,POST /api/v1/auth/refresh,0.000000,0.000000,0,0,0,0,0,0,0,0,0,0,0,100,0,27,29.209557120193494,18.447431997628883,75.96593200287316,1622.0
1789884372,50,,Aggregated,24.500000,0.000000,6,7,7,8,9,10,11,15,18,18,18,47873,0,6,8.731153398207569,3.0284199965535663,2104.1982940005255,6818.942201240783
1789884373,50,GET,GET /api/v1/reservas,18.400000,0.000000,6,7,7,8,9,10,11,16,18,18,18,35819,0,7,7.800587219184874,4.633864002244081,311.9985780067509,8965.0
1789884373,50,GET,GET /api/v1/reservas/{id},6.500000,0.000000,4,5,5,6,7,8,8,9,9,9,9,11931,0,5,5.644943021822142,3.0284199965535663,284.6892960005789,442.0
1789884373,50,POST,POST /api/v1/auth/login,0.000000,0.000000,0,0,0,0,0,0,0,0,0,0,0,50,0,1300.0,1369.1218887201103,628.633758999058,2104.1982940005255,1622.0
1789884373,50,POST,POST /api/v1/auth/refresh,0.000000,0.000000,0,0,0,0,0,0,0,0,0,0,0,100,0,27,29.209557120193494,18.447431997628883,75.96593200287316,1622.0
1789884373,50,,Aggregated,24.900000,0.000000,6,7,7,7,8,9,10,15,18,18,18,47900,0,6,8.729354884036907,3.0284199965535663,2104.1982940005255,6819.084279749478
1789884374,50,GET,GET /api/v1/reservas,18.400000,0.000000,6,7,7,8,8,9,10,16,18,18,18,35838,0,7,7.799684279534668,4.633864002244081,311.9985780067509,8965.0
1789884374,50,GET,GET /api/v1/reservas/{id},6.100000,0.000000,4,5,5,5,7,7,8,9,9,9,9,11939,0,5,5.6446667737966685,3.0284199965535663,284.6892960005789,442.0
1789884374,50,POST,POST /api/v1/auth/login,0.000000,0.000000,0,0,0,0,0,0,0,0,0,0,0,50,0,1300.0,1369.1218887201103,628.633758999058,2104.1982940005255,1622.0
1789884374,50,POST,POST /api/v1/auth/refresh,0.000000,0.000000,0,0,0,0,0,0,0,0,0,0,0,100,0,27,29.209557120193494,18.447431997628883,75.96593200287316,1622.0
1789884374,50,,Aggregated,24.500000,0.000000,6,7,7,7,8,9,10,15,18,18,18,47927,0,6,8.727727835465327,3.0284199965535663,2104.1982940005255,6818.870532267824
1789884375,50,GET,GET /api/v1/reservas,18.800000,0.000000,6,7,7,8,9,10,10,16,18,18,18,35852,0,7,7.799322230056086,4.633864002244081,311.9985780067509,8965.0
1789884375,50,GET,GET /api/v1/reservas/{id},5.800000,0.000000,4,5,5,6,7,8,8,9,9,9,9,11946,0,5,5.6440597504908565,3.0284199965535663,284.6892960005789,442.0
1789884375,50,POST,POST /api/v1/auth/login,0.000000,0.000000,0,0,0,0,0,0,0,0,0,0,0,50,0,1300.0,1369.1218887201103,628.633758999058,2104.1982940005255,1622.0
1789884375,50,POST,POST /api/v1/auth/refresh,0.000000,0.000000,0,0,0,0,0,0,0,0,0,0,0,100,0,27,29.209557120193494,18.447431997628883,75.96593200287316,1622.0
1789884375,50,,Aggregated,24.600000,0.000000,6,7,7,7,8,9,10,15,18,18,18,47948,0,6,8.72658481103194,3.0284199965535663,2104.1982940005255,6818.5661967131055
1789884376,50,GET,GET /api/v1/reservas,18.800000,0.000000,6,7,7,8,8,9,10,16,18,18,18,35874,0,7,7.798242355186823,4.633864002244081,311.9985780067509,8965.0
1789884376,50,GET,GET /api/v1/reservas/{id},5.900000,0.000000,4,5,5,6,6,7,8,9,9,9,9,11953,0,5,5.643159046461868,3.0284199965535663,284.6892960005789,442.0
1789884376,50,POST,POST /api/v1/auth/login,0.000000,0.000000,0,0,0,0,0,0,0,0,0,0,0,50,0,1300.0,1369.1218887201103,628.633758999058,2104.1982940005255,1622.0
1789884376,50,POST,POST /api/v1/auth/refresh,0.000000,0.000000,0,0,0,0,0,0,0,0,0,0,0,100,0,27,29.209557120193494,18.447431997628883,75.96593200287316,1622.0
1789884376,50,,Aggregated,24.700000,0.000000,6,7,7,7,8,9,10,15,18,18,18,47977,0,6,8.724678001549819,3.0284199965535663,2104.1982940005255,6818.620088792546
1789884377,50,GET,GET /api/v1/reservas,19.100000,0.000000,6,7,7,8,8,9,10,15,18,18,18,35885,0,7,7.798067454478561,4.633864002244081,311.9985780067509,8965.0
1789884377,50,GET,GET /api/v1/reservas/{id},6.300000,0.000000,5,5,5,6,7,8,9,9,9,9,9,11964,0,5,5.6430199154423475,3.0284199965535663,284.6892960005789,442.0
1789884377,50,POST,POST /api/v1/auth/login,0.000000,0.000000,0,0,0,0,0,0,0,0,0,0,0,50,0,1300.0,1369.1218887201103,628.633758999058,2104.1982940005255,1622.0
1789884377,50,POST,POST /api/v1/auth/refresh,0.000000,0.000000,0,0,0,0,0,0,0,0,0,0,0,100,0,27,29.209557120193494,18.447431997628883,75.96593200287316,1622.0
1789884377,50,,Aggregated,25.400000,0.000000,6,7,7,7,8,9,10,10,18,18,18,47999,0,6,8.723594054466558,3.0284199965535663,2104.1982940005255,6817.65063855497
1789884378,50,GET,GET /api/v1/reservas,18.900000,0.000000,6,7,7,8,8,10,10,13,18,18,18,35903,0,7,7.797790820571303,4.633864002244081,311.9985780067509,8965.0
1789884378,50,GET,GET /api/v1/reservas/{id},6.200000,0.000000,5,5,6,6,7,8,9,9,9,9,9,11969,0,5,5.642868876710563,3.0284199965535663,284.6892960005789,442.0
1789884378,50,POST,POST /api/v1/auth/login,0.000000,0.000000,0,0,0,0,0,0,0,0,0,0,0,50,0,1300.0,1369.1218887201103,628.633758999058,2104.1982940005255,1622.0
1789884378,50,POST,POST /api/v1/auth/refresh,0.000000,0.000000,0,0,0,0,0,0,0,0,0,0,0,100,0,27,29.209557120193494,18.447431997628883,75.96593200287316,1622.0
1789884378,50,,Aggregated,25.100000,0.000000,6,7,7,7,8,9,10,10,18,18,18,48022,0,6,8.722681928373351,3.0284199965535663,2104.1982940005255,6817.791699637666
1789884379,50,GET,GET /api/v1/reservas,18.700000,0.000000,6,7,7,8,8,10,10,13,18,18,18,35927,0,7,7.796752706738024,4.633864002244081,311.9985780067509,8965.0
1789884379,50,GET,GET /api/v1/reservas/{id},7.000000,0.000000,5,5,6,6,7,8,9,9,9,9,9,11974,0,5,5.642372170064228,3.0284199965535663,284.6892960005789,442.0
1789884379,50,POST,POST /api/v1/auth/login,0.000000,0.000000,0,0,0,0,0,0,0,0,0,0,0,50,0,1300.0,1369.1218887201103,628.633758999058,2104.1982940005255,1622.0
1789884379,50,POST,POST /api/v1/auth/refresh,0.000000,0.000000,0,0,0,0,0,0,0,0,0,0,0,100,0,27,29.209557120193494,18.447431997628883,75.96593200287316,1622.0
1789884379,50,,Aggregated,25.700000,0.000000,6,7,7,7,8,9,10,10,18,18,18,48051,0,6,8.72099954230611,3.0284199965535663,2104.1982940005255,6818.200724230505
1789884380,50,GET,GET /api/v1/reservas,18.600000,0.000000,6,7,7,7,8,9,10,13,18,18,18,35943,0,7,7.7961346521424035,4.633864002244081,311.9985780067509,8965.0
1789884380,50,GET,GET /api/v1/reservas/{id},6.300000,0.000000,5,5,5,6,7,7,8,9,9,9,9,11981,0,5,5.641847866484228,3.0284199965535663,284.6892960005789,442.0
1789884380,50,POST,POST /api/v1/auth/login,0.000000,0.000000,0,0,0,0,0,0,0,0,0,0,0,50,0,1300.0,1369.1218887201103,628.633758999058,2104.1982940005255,1622.0
1789884380,50,POST,POST /api/v1/auth/refresh,0.000000,0.000000,0,0,0,0,0,0,0,0,0,0,0,100,0,27,29.209557120193494,18.447431997628883,75.96593200287316,1622.0
1789884380,50,,Aggregated,24.900000,0.000000,6,6,7,7,8,9,10,10,18,18,18,48074,0,6,8.719650897331755,3.0284199965535663,2104.1982940005255,6817.986791196905
1789884381,50,GET,GET /api/v1/reservas,19.300000,0.000000,6,7,7,7,8,10,10,13,13,13,13,35961,0,7,7.796096008201624,4.633864002244081,311.9985780067509,8965.0
1789884381,50,GET,GET /api/v1/reservas/{id},6.300000,0.000000,5,5,5,6,7,8,9,11,11,11,11,11984,0,5,5.642259848660658,3.0284199965535663,284.6892960005789,442.0
1789884381,50,POST,POST /api/v1/auth/login,0.000000,0.000000,0,0,0,0,0,0,0,0,0,0,0,50,0,1300.0,1369.1218887201103,628.633758999058,2104.1982940005255,1622.0
1789884381,50,POST,POST /api/v1/auth/refresh,0.000000,0.000000,0,0,0,0,0,0,0,0,0,0,0,100,0,27,29.209557120193494,18.447431997628883,75.96593200287316,1622.0
1789884381,50,,Aggregated,25.600000,0.000000,6,7,7,7,8,9,10,11,13,13,13,48095,0,6,8.71918704075918,3.0284199965535663,2104.1982940005255,6818.39261877534
1789884382,50,GET,GET /api/v1/reservas,18.700000,0.000000,6,7,7,7,8,10,10,13,21,21,21,35984,0,7,7.795549744301253,4.633864002244081,311.9985780067509,8965.0
1789884382,50,GET,GET /api/v1/reservas/{id},6.500000,0.000000,5,5,6,6,7,8,9,11,11,11,11,11988,0,5,5.642175495525058,3.0284199965535663,284.6892960005789,442.0
1789884382,50,POST,POST /api/v1/auth/login,0.000000,0.000000,0,0,0,0,0,0,0,0,0,0,0,50,0,1300.0,1369.1218887201103,628.633758999058,2104.1982940005255,1622.0
1789884382,50,POST,POST /api/v1/auth/refresh,0.000000,0.000000,0,0,0,0,0,0,0,0,0,0,0,100,0,27,29.209557120193494,18.447431997628883,75.96593200287316,1622.0
1789884382,50,,Aggregated,25.200000,0.000000,6,6,7,7,8,9,10,13,21,21,21,48122,0,6,8.718060595721616,3.0284199965535663,2104.1982940005255,6818.8885748722
1789884383,50,GET,GET /api/v1/reservas,18.200000,0.000000,6,7,7,7,8,10,13,14,21,21,21,35999,0,7,7.79564725078364,4.633864002244081,311.9985780067509,8965.0
1789884383,50,GET,GET /api/v1/reservas/{id},6.200000,0.000000,5,5,6,6,7,8,11,13,13,13,13,11996,0,5,5.642567745945653,3.0284199965535663,284.6892960005789,442.0
1789884383,50,POST,POST /api/v1/auth/login,0.000000,0.000000,0,0,0,0,0,0,0,0,0,0,0,50,0,1300.0,1369.1218887201103,628.633758999058,2104.1982940005255,1622.0
1789884383,50,POST,POST /api/v1/auth/refresh,0.000000,0.000000,0,0,0,0,0,0,0,0,0,0,0,100,0,27,29.209557120193494,18.447431997628883,75.96593200287316,1622.0
1789884383,50,,Aggregated,24.400000,0.000000,6,7,7,7,8,10,13,13,21,21,21,48145,0,6,8.717432718025739,3.0284199965535663,2104.1982940005255,6818.497600996989
1789884384,50,GET,GET /api/v1/reservas,18.500000,0.000000,6,7,7,7,8,10,13,14,21,21,21,36021,0,7,7.794949195690245,4.633864002244081,311.9985780067509,8965.0
1789884384,50,GET,GET /api/v1/reservas/{id},6.300000,0.000000,5,5,6,6,7,8,11,13,13,13,13,12003,0,5,5.641883568638239,3.0284199965535663,284.6892960005789,442.0
1789884384,50,POST,POST /api/v1/auth/login,0.000000,0.000000,0,0,0,0,0,0,0,0,0,0,0,50,0,1300.0,1369.1218887201103,628.633758999058,2104.1982940005255,1622.0
1789884384,50,POST,POST /api/v1/auth/refresh,0.000000,0.000000,0,0,0,0,0,0,0,0,0,0,0,100,0,27,29.209557120193494,18.447431997628883,75.96593200287316,1622.0
1789884384,50,,Aggregated,24.800000,0.000000,6,7,7,7,8,10,13,13,21,21,21,48174,0,6,8.715872537060406,3.0284199965535663,2104.1982940005255,6818.551313986798
1789884385,50,GET,GET /api/v1/reservas,18.500000,0.000000,6,7,7,8,9,10,13,14,21,21,21,36038,0,7,7.794612548696896,4.633864002244081,311.9985780067509,8965.0
1789884385,50,GET,GET /api/v1/reservas/{id},6.400000,0.000000,5,5,6,6,7,8,11,13,13,13,13,12012,0,5,5.641883204491121,3.0284199965535663,284.6892960005789,442.0
1789884385,50,POST,POST /api/v1/auth/login,0.000000,0.000000,0,0,0,0,0,0,0,0,0,0,0,50,0,1300.0,1369.1218887201103,628.633758999058,2104.1982940005255,1622.0
1789884385,50,POST,POST /api/v1/auth/refresh,0.000000,0.000000,0,0,0,0,0,0,0,0,0,0,0,100,0,27,29.209557120193494,18.447431997628883,75.96593200287316,1622.0
1789884385,50,,Aggregated,24.900000,0.000000,6,7,7,7,9,10,13,13,21,21,21,48200,0,6,8.714721954985704,3.0284199965535663,2104.1982940005255,6818.117717842324
1789884386,50,GET,GET /api/v1/reservas,18.100000,0.000000,6,7,7,8,9,10,13,14,21,21,21,36059,0,7,7.7936829288088205,4.633864002244081,311.9985780067509,8965.0
1789884386,50,GET,GET /api/v1/reservas/{id},6.500000,0.000000,5,5,6,6,8,9,11,13,13,13,13,12017,0,5,5.641259993123208,3.0284199965535663,284.6892960005789,442.0
1789884386,50,POST,POST /api/v1/auth/login,0.000000,0.000000,0,0,0,0,0,0,0,0,0,0,0,50,0,1300.0,1369.1218887201103,628.633758999058,2104.1982940005255,1622.0
1789884386,50,POST,POST /api/v1/auth/refresh,0.000000,0.000000,0,0,0,0,0,0,0,0,0,0,0,100,0,27,29.209557120193494,18.447431997628883,75.96593200287316,1622.0
1789884386,50,,Aggregated,24.600000,0.000000,6,7,7,7,9,10,13,13,21,21,21,48226,0,6,8.71315232893675,3.0284199965535663,2104.1982940005255,6818.391510803302
1789884387,50,GET,GET /api/v1/reservas,18.100000,0.000000,6,7,7,7,9,10,13,14,21,21,21,36077,0,7,7.793196138672891,4.633864002244081,311.9985780067509,8965.0
1789884387,50,GET,GET /api/v1/reservas/{id},6.600000,0.000000,5,5,5,6,7,8,11,13,13,13,13,12021,0,5,5.641019729752701,3.0284199965535663,284.6892960005789,442.0
1789884387,50,POST,POST /api/v1/auth/login,0.000000,0.000000,0,0,0,0,0,0,0,0,0,0,0,50,0,1300.0,1369.1218887201103,628.633758999058,2104.1982940005255,1622.0
1789884387,50,POST,POST /api/v1/auth/refresh,0.000000,0.000000,0,0,0,0,0,0,0,0,0,0,0,100,0,27,29.209557120193494,18.447431997628883,75.96593200287316,1622.0
1789884387,50,,Aggregated,24.700000,0.000000,6,7,7,7,8,10,13,13,21,21,21,48248,0,6,8.712130770483418,3.0284199965535663,2104.1982940005255,6818.663716630741
1789884388,50,GET,GET /api/v1/reservas,18.600000,0.000000,7,7,7,8,9,10,13,14,21,21,21,36097,0,7,7.792982051552549,4.633864002244081,311.9985780067509,8965.0
1789884388,50,GET,GET /api/v1/reservas/{id},6.600000,0.000000,5,5,6,6,8,8,11,13,13,13,13,12024,0,5,5.641027233063709,3.0284199965535663,284.6892960005789,442.0
1789884388,50,POST,POST /api/v1/auth/login,0.000000,0.000000,0,0,0,0,0,0,0,0,0,0,0,50,0,1300.0,1369.1218887201103,628.633758999058,2104.1982940005255,1622.0
1789884388,50,POST,POST /api/v1/auth/refresh,0.000000,0.000000,0,0,0,0,0,0,0,0,0,0,0,100,0,27,29.209557120193494,18.447431997628883,75.96593200287316,1622.0
1789884388,50,,Aggregated,25.200000,0.000000,6,7,7,8,9,10,13,13,21,21,21,48271,0,6,8.711400938726674,3.0284199965535663,2104.1982940005255,6819.156698638934
1789884389,50,GET,GET /api/v1/reservas,18.800000,0.000000,7,7,7,8,9,10,13,14,21,21,21,36120,0,7,7.792070396952018,4.633864002244081,311.9985780067509,8965.0
1789884389,50,GET,GET /api/v1/reservas/{id},5.600000,0.000000,5,5,5,6,8,8,11,13,13,13,13,12030,0,5,5.640459049239704,3.0284199965535663,284.6892960005789,442.0
1789884389,50,POST,POST /api/v1/auth/login,0.000000,0.000000,0,0,0,0,0,0,0,0,0,0,0,50,0,1300.0,1369.1218887201103,628.633758999058,2104.1982940005255,1622.0
1789884389,50,POST,POST /api/v1/auth/refresh,0.000000,0.000000,0,0,0,0,0,0,0,0,0,0,0,100,0,27,29.209557120193494,18.447431997628883,75.96593200287316,1622.0
1789884389,50,,Aggregated,24.400000,0.000000,6,7,7,8,9,10,13,13,21,21,21,48300,0,6,8.709758907831995,3.0284199965535663,2104.1982940005255,6819.386335403727
1789884390,50,GET,GET /api/v1/reservas,19.100000,0.000000,6,7,7,7,9,10,13,14,21,21,21,36142,0,7,7.791372890816839,4.633864002244081,311.9985780067509,8965.0
1789884390,50,GET,GET /api/v1/reservas/{id},5.600000,0.000000,5,5,5,6,8,8,11,13,13,13,13,12035,0,5,5.639780013241079,3.0284199965535663,284.6892960005789,442.0
1789884390,50,POST,POST /api/v1/auth/login,0.000000,0.000000,0,0,0,0,0,0,0,0,0,0,0,50,0,1300.0,1369.1218887201103,628.633758999058,2104.1982940005255,1622.0
1789884390,50,POST,POST /api/v1/auth/refresh,0.000000,0.000000,0,0,0,0,0,0,0,0,0,0,0,100,0,27,29.209557120193494,18.447431997628883,75.96593200287316,1622.0
1789884390,50,,Aggregated,24.700000,0.000000,6,7,7,7,8,10,13,14,21,21,21,48327,0,6,8.708332849696514,3.0284199965535663,2104.1982940005255,6819.703271463157
1789884391,50,GET,GET /api/v1/reservas,19.600000,0.000000,7,7,7,8,9,11,14,15,19,19,19,36159,0,7,7.791766688345941,4.633864002244081,311.9985780067509,8965.0
1789884391,50,GET,GET /api/v1/reservas/{id},5.400000,0.000000,5,5,5,6,8,8,13,16,16,16,16,12044,0,5,5.640318307983808,3.0284199965535663,284.6892960005789,442.0
1789884391,50,POST,POST /api/v1/auth/login,0.000000,0.000000,0,0,0,0,0,0,0,0,0,0,0,50,0,1300.0,1369.1218887201103,628.633758999058,2104.1982940005255,1622.0
1789884391,50,POST,POST /api/v1/auth/refresh,0.000000,0.000000,0,0,0,0,0,0,0,0,0,0,0,100,0,27,29.209557120193494,18.447431997628883,75.96593200287316,1622.0
1789884391,50,,Aggregated,25.000000,0.000000,6,7,7,7,9,10,14,15,19,19,19,48353,0,6,8.707867878586287,3.0284199965535663,2104.1982940005255,6819.270427894857
1789884392,50,GET,GET /api/v1/reservas,19.600000,0.000000,6,7,7,8,9,10,13,15,19,19,19,36176,0,7,7.791218308405923,4.633864002244081,311.9985780067509,8965.0
1789884392,50,GET,GET /api/v1/reservas/{id},5.400000,0.000000,4,5,5,6,7,8,8,16,16,16,16,12051,0,5,5.639832309049488,3.0284199965535663,284.6892960005789,442.0
1789884392,50,POST,POST /api/v1/auth/login,0.000000,0.000000,0,0,0,0,0,0,0,0,0,0,0,50,0,1300.0,1369.1218887201103,628.633758999058,2104.1982940005255,1622.0
1789884392,50,POST,POST /api/v1/auth/refresh,0.000000,0.000000,0,0,0,0,0,0,0,0,0,0,0,100,0,27,29.209557120193494,18.447431997628883,75.96593200287316,1622.0
1789884392,50,,Aggregated,25.000000,0.000000,6,7,7,7,8,9,13,15,19,19,19,48377,0,6,8.706570949609793,3.0284199965535663,2104.1982940005255,6819.101680550675
1789884393,50,GET,GET /api/v1/reservas,19.800000,0.000000,7,7,7,8,9,10,13,15,19,19,19,36200,0,7,7.790472916267642,4.633864002244081,311.9985780067509,8965.0
1789884393,50,GET,GET /api/v1/reservas/{id},5.900000,0.000000,4,5,5,6,7,8,8,16,16,16,16,12055,0,5,5.639727659589541,3.0284199965535663,284.6892960005789,442.0
1789884393,50,POST,POST /api/v1/auth/login,0.000000,0.000000,0,0,0,0,0,0,0,0,0,0,0,50,0,1300.0,1369.1218887201103,628.633758999058,2104.1982940005255,1622.0
1789884393,50,POST,POST /api/v1/auth/refresh,0.000000,0.000000,0,0,0,0,0,0,0,0,0,0,0,100,0,27,29.209557120193494,18.447431997628883,75.96593200287316,1622.0
1789884393,50,,Aggregated,25.700000,0.000000,6,7,7,7,9,10,13,15,19,19,19,48405,0,6,8.705280170504398,3.0284199965535663,2104.1982940005255,6819.638673690734
1789884394,50,GET,GET /api/v1/reservas,19.000000,0.000000,7,7,7,8,9,10,12,15,19,19,19,36218,0,7,7.789883567559463,4.633864002244081,311.9985780067509,8965.0
1789884394,50,GET,GET /api/v1/reservas/{id},6.000000,0.000000,4,5,5,6,7,8,8,16,16,16,16,12060,0,5,5.639586006330306,3.0284199965535663,284.6892960005789,442.0
1789884394,50,POST,POST /api/v1/auth/login,0.000000,0.000000,0,0,0,0,0,0,0,0,0,0,0,50,0,1300.0,1369.1218887201103,628.633758999058,2104.1982940005255,1622.0
1789884394,50,POST,POST /api/v1/auth/refresh,0.000000,0.000000,0,0,0,0,0,0,0,0,0,0,0,100,0,27,29.209557120193494,18.447431997628883,75.96593200287316,1622.0
1789884394,50,,Aggregated,25.000000,0.000000,6,7,7,7,9,9,12,15,19,19,19,48428,0,6,8.70414760952831,3.0284199965535663,2104.1982940005255,6819.777607995375
1789884395,50,GET,GET /api/v1/reservas,19.400000,0.000000,7,7,7,8,9,11,13,15,19,19,19,36239,0,7,7.7895343533171335,4.633864002244081,311.9985780067509,8965.0
1789884395,50,GET,GET /api/v1/reservas/{id},6.000000,0.000000,5,5,5,6,7,8,8,16,16,16,16,12065,0,5,5.639363920874754,3.0284199965535663,284.6892960005789,442.0
1789884395,50,POST,POST /api/v1/auth/login,0.000000,0.000000,0,0,0,0,0,0,0,0,0,0,0,50,0,1300.0,1369.1218887201103,628.633758999058,2104.1982940005255,1622.0
1789884395,50,POST,POST /api/v1/auth/refresh,0.000000,0.000000,0,0,0,0,0,0,0,0,0,0,0,100,0,27,29.209557120193494,18.447431997628883,75.96593200287316,1622.0
1789884395,50,,Aggregated,25.400000,0.000000,6,7,7,7,9,10,13,15,19,19,19,48454,0,6,8.703118654460692,3.0284199965535663,2104.1982940005255,6820.0492219424605
1789884396,50,GET,GET /api/v1/reservas,20.000000,0.000000,6,7,7,8,9,11,13,15,19,19,19,36259,0,7,7.788526748278879,4.633864002244081,311.9985780067509,8965.0
1789884396,50,GET,GET /api/v1/reservas/{id},5.700000,0.000000,5,5,5,6,7,8,8,16,16,16,16,12072,0,5,5.6388653689822394,3.0284199965535663,284.6892960005789,442.0
1789884396,50,POST,POST /api/v1/auth/login,0.000000,0.000000,0,0,0,0,0,0,0,0,0,0,0,50,0,1300.0,1369.1218887201103,628.633758999058,2104.1982940005255,1622.0
1789884396,50,POST,POST /api/v1/auth/refresh,0.000000,0.000000,0,0,0,0,0,0,0,0,0,0,0,100,0,27,29.209557120193494,18.447431997628883,75.96593200287316,1622.0
1789884396,50,,Aggregated,25.700000,0.000000,6,7,7,7,9,10,13,15,19,19,19,48481,0,6,8.701421675465076,3.0284199965535663,2104.1982940005255,6820.013180421196
1789884397,50,GET,GET /api/v1/reservas,20.100000,0.000000,6,7,7,7,9,10,13,15,19,19,19,36278,0,7,7.787560719771106,4.633864002244081,311.9985780067509,8965.0
1789884397,50,GET,GET /api/v1/reservas/{id},5.300000,0.000000,5,5,5,6,6,7,8,16,16,16,16,12075,0,5,5.6387398589940405,3.0284199965535663,284.6892960005789,442.0
1789884397,50,POST,POST /api/v1/auth/login,0.000000,0.000000,0,0,0,0,0,0,0,0,0,0,0,50,0,1300.0,1369.1218887201103,628.633758999058,2104.1982940005255,1622.0
1789884397,50,POST,POST /api/v1/auth/refresh,0.000000,0.000000,0,0,0,0,0,0,0,0,0,0,0,100,0,27,29.209557120193494,18.447431997628883,75.96593200287316,1622.0
1789884397,50,,Aggregated,25.400000,0.000000,6,7,7,7,8,10,13,15,19,19,19,48503,0,6,8.700120853086078,3.0284199965535663,2104.1982940005255,6820.458940684081
1789884398,50,GET,GET /api/v1/reservas,19.800000,0.000000,6,7,7,8,9,10,13,15,19,19,19,36298,0,7,7.787527311886289,4.633864002244081,311.9985780067509,8965.0
1789884398,50,GET,GET /api/v1/reservas/{id},5.500000,0.000000,5,5,6,6,6,7,8,16,16,16,16,12079,0,5,5.638704458676431,3.0284199965535663,284.6892960005789,442.0
1789884398,50,POST,POST /api/v1/auth/login,0.000000,0.000000,0,0,0,0,0,0,0,0,0,0,0,50,0,1300.0,1369.1218887201103,628.633758999058,2104.1982940005255,1622.0
1789884398,50,POST,POST /api/v1/auth/refresh,0.000000,0.000000,0,0,0,0,0,0,0,0,0,0,0,100,0,27,29.209557120193494,18.447431997628883,75.96593200287316,1622.0
1789884398,50,,Aggregated,25.300000,0.000000,6,7,7,7,9,10,13,15,19,19,19,48527,0,6,8.699458603895275,3.0284199965535663,2104.1982940005255,6820.817029694809
1789884399,50,GET,GET /api/v1/reservas,20.000000,0.000000,6,7,7,8,9,10,13,15,19,19,19,36321,0,7,7.786497855093423,4.633864002244081,311.9985780067509,8965.0
1789884399,50,GET,GET /api/v1/reservas/{id},5.800000,0.000000,5,5,6,6,6,7,8,16,16,16,16,12083,0,5,5.6382673240385985,3.0284199965535663,284.6892960005789,442.0
1789884399,50,POST,POST /api/v1/auth/login,0.000000,0.000000,0,0,0,0,0,0,0,0,0,0,0,50,0,1300.0,1369.1218887201103,628.633758999058,2104.1982940005255,1622.0
1789884399,50,POST,POST /api/v1/auth/refresh,0.000000,0.000000,0,0,0,0,0,0,0,0,0,0,0,100,0,27,29.209557120193494,18.447431997628883,75.96593200287316,1622.0
1789884399,50,,Aggregated,25.800000,0.000000,6,7,7,7,8,10,13,15,19,19,19,48554,0,6,8.697895597051355,3.0284199965535663,2104.1982940005255,6821.307224945422
1789884400,50,GET,GET /api/v1/reservas,20.000000,0.000000,6,7,7,8,9,10,12,15,19,19,19,36340,0,7,7.785929516423902,4.633864002244081,311.9985780067509,8965.0
1789884400,50,GET,GET /api/v1/reservas/{id},5.700000,0.000000,5,5,6,6,7,7,16,16,16,16,16,12089,0,5,5.63769652604582,3.0284199965535663,284.6892960005789,442.0
1789884400,50,POST,POST /api/v1/auth/login,0.000000,0.000000,0,0,0,0,0,0,0,0,0,0,0,50,0,1300.0,1369.1218887201103,628.633758999058,2104.1982940005255,1622.0
1789884400,50,POST,POST /api/v1/auth/refresh,0.000000,0.000000,0,0,0,0,0,0,0,0,0,0,0,100,0,27,29.209557120193494,18.447431997628883,75.96593200287316,1622.0
1789884400,50,,Aggregated,25.700000,0.000000,6,7,7,7,8,10,12,15,19,19,19,48579,0,6,8.696594044303863,3.0284199965535663,2104.1982940005255,6821.357747174705
1789884401,50,GET,GET /api/v1/reservas,19.600000,0.000000,6,7,7,8,9,10,11,13,24,24,24,36356,0,7,7.786235133536141,4.633864002244081,311.9985780067509,8965.0
1789884401,50,GET,GET /api/v1/reservas/{id},5.300000,0.000000,5,5,6,6,6,7,8,16,16,16,16,12097,0,5,5.637953812711791,3.0284199965535663,284.6892960005789,442.0
1789884401,50,POST,POST /api/v1/auth/login,0.000000,0.000000,0,0,0,0,0,0,0,0,0,0,0,50,0,1300.0,1369.1218887201103,628.633758999058,2104.1982940005255,1622.0
1789884401,50,POST,POST /api/v1/auth/refresh,0.000000,0.000000,0,0,0,0,0,0,0,0,0,0,0,100,0,27,29.209557120193494,18.447431997628883,75.96593200287316,1622.0
1789884401,50,,Aggregated,24.900000,0.000000,6,7,7,7,8,9,11,13,24,24,24,48603,0,6,8.696083409156623,3.0284199965535663,2104.1982940005255,6821.013394234924
1789884402,50,GET,GET /api/v1/reservas,19.600000,0.000000,6,7,7,7,9,9,11,13,24,24,24,36373,0,7,7.785611388690352,4.633864002244081,311.9985780067509,8965.0
1789884402,50,GET,GET /api/v1/reservas/{id},5.600000,0.000000,5,5,6,6,6,7,8,16,16,16,16,12105,0,5,5.6374932738014625,3.0284199965535663,284.6892960005789,442.0
1789884402,50,POST,POST /api/v1/auth/login,0.000000,0.000000,0,0,0,0,0,0,0,0,0,0,0,50,0,1300.0,1369.1218887201103,628.633758999058,2104.1982940005255,1622.0
1789884402,50,POST,POST /api/v1/auth/refresh,0.000000,0.000000,0,0,0,0,0,0,0,0,0,0,0,100,0,27,29.209557120193494,18.447431997628883,75.96593200287316,1622.0
1789884402,50,,Aggregated,25.200000,0.000000,6,7,7,7,8,9,11,13,24,24,24,48628,0,6,8.694681032907496,3.0284199965535663,2104.1982940005255,6820.713477831702
1789884403,50,GET,GET /api/v1/reservas,19.900000,0.000000,6,7,7,7,9,10,11,13,24,24,24,36388,0,7,7.785122959048091,4.633864002244081,311.9985780067509,8965.0
1789884403,50,GET,GET /api/v1/reservas/{id},5.300000,0.000000,5,5,6,6,6,7,8,16,16,16,16,12116,0,5,5.637037036429625,3.0284199965535663,284.6892960005789,442.0
1789884403,50,POST,POST /api/v1/auth/login,0.000000,0.000000,0,0,0,0,0,0,0,0,0,0,0,50,0,1300.0,1369.1218887201103,628.633758999058,2104.1982940005255,1622.0
1789884403,50,POST,POST /api/v1/auth/refresh,0.000000,0.000000,0,0,0,0,0,0,0,0,0,0,0,100,0,27,29.209557120193494,18.447431997628883,75.96593200287316,1622.0
1789884403,50,,Aggregated,25.200000,0.000000,6,7,7,7,8,9,11,13,24,24,24,48654,0,6,8.693230671995071,3.0284199965535663,2104.1982940005255,6819.932420767049
1789884404,50,GET,GET /api/v1/reservas,20.400000,0.000000,6,7,7,8,9,10,11,13,24,24,24,36405,0,7,7.784721514073096,4.633864002244081,311.9985780067509,8965.0
1789884404,50,GET,GET /api/v1/reservas/{id},5.700000,0.000000,5,6,6,6,6,6,8,16,16,16,16,12121,0,5,5.636896171716702,3.0284199965535663,284.6892960005789,442.0
1789884404,50,POST,POST /api/v1/auth/login,0.000000,0.000000,0,0,0,0,0,0,0,0,0,0,0,50,0,1300.0,1369.1218887201103,628.633758999058,2104.1982940005255,1622.0
1789884404,50,POST,POST /api/v1/auth/refresh,0.000000,0.000000,0,0,0,0,0,0,0,0,0,0,0,100,0,27,29.209557120193494,18.447431997628883,75.96593200287316,1622.0
1789884404,50,,Aggregated,26.100000,0.000000,6,7,7,7,8,10,11,13,24,24,24,48676,0,6,8.69226426504302,3.0284199965535663,2104.1982940005255,6820.026440134769
1789884405,50,GET,GET /api/v1/reservas,19.300000,0.000000,7,7,8,8,9,11,12,24,27,27,27,36419,0,7,7.785803160955659,4.633864002244081,311.9985780067509,8965.0
1789884405,50,GET,GET /api/v1/reservas/{id},5.700000,0.000000,5,6,6,6,7,8,12,16,16,16,16,12131,0,5,5.6380751366232325,3.0284199965535663,284.6892960005789,442.0
1789884405,50,POST,POST /api/v1/auth/login,0.000000,0.000000,0,0,0,0,0,0,0,0,0,0,0,50,0,1300.0,1369.1218887201103,628.633758999058,2104.1982940005255,1622.0
1789884405,50,POST,POST /api/v1/auth/refresh,0.000000,0.000000,0,0,0,0,0,0,0,0,0,0,0,100,0,27,29.209557120193494,18.447431997628883,75.96593200287316,1622.0
1789884405,50,,Aggregated,25.000000,0.000000,6,7,7,8,9,11,12,16,27,27,27,48700,0,6,8.692478541052267,3.0284199965535663,2104.1982940005255,6819.33340862423
1789884406,50,GET,GET /api/v1/reservas,18.800000,0.000000,7,8,8,9,11,13,25,27,32,32,32,36441,0,7,7.789083373256891,4.633864002244081,311.9985780067509,8965.0
1789884406,50,GET,GET /api/v1/reservas/{id},6.100000,0.000000,6,6,6,6,8,12,27,28,28,28,28,12137,0,5,5.641821044357881,3.0284199965535663,284.6892960005789,442.0
1789884406,50,POST,POST /api/v1/auth/login,0.000000,0.000000,0,0,0,0,0,0,0,0,0,0,0,50,0,1300.0,1369.1218887201103,628.633758999058,2104.1982940005255,1622.0
1789884406,50,POST,POST /api/v1/auth/refresh,0.000000,0.000000,0,0,0,0,0,0,0,0,0,0,0,100,0,27,29.209557120193494,18.447431997628883,75.96593200287316,1622.0
1789884406,50,,Aggregated,24.900000,0.000000,6,7,8,8,11,13,26,27,32,32,32,48728,0,6,8.695079202270785,3.0284199965535663,2104.1982940005255,6819.5168896732885
1789884407,50,GET,GET /api/v1/reservas,18.500000,0.000000,7,8,8,9,11,13,25,27,32,32,32,36457,0,7,7.789180772632239,4.633864002244081,311.9985780067509,8965.0
1789884407,50,GET,GET /api/v1/reservas/{id},6.700000,0.000000,6,6,6,6,8,12,27,28,28,28,28,12147,0,5,5.641912612362846,3.0284199965535663,284.6892960005789,442.0
1789884407,50,POST,POST /api/v1/auth/login,0.000000,0.000000,0,0,0,0,0,0,0,0,0,0,0,50,0,1300.0,1369.1218887201103,628.633758999058,2104.1982940005255,1622.0
1789884407,50,POST,POST /api/v1/auth/refresh,0.000000,0.000000,0,0,0,0,0,0,0,0,0,0,0,100,0,27,29.209557120193494,18.447431997628883,75.96593200287316,1622.0
1789884407,50,,Aggregated,25.200000,0.000000,6,7,8,8,11,13,26,27,32,32,32,48754,0,6,8.694251263039954,3.0284199965535663,2104.1982940005255,6818.912889198835
1789884408,50,GET,GET /api/v1/reservas,18.700000,0.000000,7,8,9,10,12,17,25,27,32,32,32,36477,0,7,7.790907682042147,4.633864002244081,311.9985780067509,8965.0
1789884408,50,GET,GET /api/v1/reservas/{id},6.500000,0.000000,6,6,6,7,8,16,27,28,28,28,28,12152,0,5,5.643628218430619,3.0284199965535663,284.6892960005789,442.0
1789884408,50,POST,POST /api/v1/auth/login,0.000000,0.000000,0,0,0,0,0,0,0,0,0,0,0,50,0,1300.0,1369.1218887201103,628.633758999058,2104.1982940005255,1622.0
1789884408,50,POST,POST /api/v1/auth/refresh,0.000000,0.000000,0,0,0,0,0,0,0,0,0,0,0,100,0,27,29.209557120193494,18.447431997628883,75.96593200287316,1622.0
1789884408,50,,Aggregated,25.200000,0.000000,7,8,8,9,12,17,26,27,32,32,32,48779,0,6,8.695286081638516,3.0284199965535663,2104.1982940005255,6819.139158244327
1789884409,50,GET,GET /api/v1/reservas,18.500000,0.000000,8,8,9,10,12,17,25,27,32,32,32,36492,0,7,7.791382554364154,4.633864002244081,311.9985780067509,8965.0
1789884409,50,GET,GET /api/v1/reservas/{id},6.400000,0.000000,6,6,6,7,8,16,27,28,28,28,28,12160,0,5,5.643763077909481,3.0284199965535663,284.6892960005789,442.0
1789884409,50,POST,POST /api/v1/auth/login,0.000000,0.000000,0,0,0,0,0,0,0,0,0,0,0,50,0,1300.0,1369.1218887201103,628.633758999058,2104.1982940005255,1622.0
1789884409,50,POST,POST /api/v1/auth/refresh,0.000000,0.000000,0,0,0,0,0,0,0,0,0,0,0,100,0,27,29.209557120193494,18.447431997628883,75.96593200287316,1622.0
1789884409,50,,Aggregated,24.900000,0.000000,7,8,9,9,12,17,26,27,32,32,32,48802,0,6,8.694896548282056,3.0284199965535663,2104.1982940005255,6818.753329781566
1789884410,50,GET,GET /api/v1/reservas,18.100000,0.000000,8,9,9,10,12,17,25,27,32,32,32,36513,0,7,7.791240794371189,4.633864002244081,311.9985780067509,8965.0
1789884410,50,GET,GET /api/v1/reservas/{id},7.100000,0.000000,6,6,7,7,8,16,27,28,28,28,28,12161,0,5,5.643713931122211,3.0284199965535663,284.6892960005789,442.0
1789884410,50,POST,POST /api/v1/auth/login,0.000000,0.000000,0,0,0,0,0,0,0,0,0,0,0,50,0,1300.0,1369.1218887201103,628.633758999058,2104.1982940005255,1622.0
1789884410,50,POST,POST /api/v1/auth/refresh,0.000000,0.000000,0,0,0,0,0,0,0,0,0,0,0,100,0,27,29.209557120193494,18.447431997628883,75.96593200287316,1622.0
1789884410,50,,Aggregated,25.200000,0.000000,7,8,9,9,12,17,26,27,32,32,32,48824,0,6,8.694327183132831,3.0284199965535663,2104.1982940005255,6819.545858594134
1789884411,50,GET,GET /api/v1/reservas,17.200000,0.000000,8,9,10,10,12,18,26,32,38,38,38,36530,0,7,7.792475928548608,4.633864002244081,311.9985780067509,8965.0
1789884411,50,GET,GET /api/v1/reservas/{id},7.600000,0.000000,6,6,7,7,8,17,27,28,28,28,28,12168,0,5,5.645094729814512,3.0284199965535663,284.6892960005789,442.0
1789884411,50,POST,POST /api/v1/auth/login,0.000000,0.000000,0,0,0,0,0,0,0,0,0,0,0,50,0,1300.0,1369.1218887201103,628.633758999058,2104.1982940005255,1622.0
1789884411,50,POST,POST /api/v1/auth/refresh,0.000000,0.000000,0,0,0,0,0,0,0,0,0,0,0,100,0,27,29.209557120193494,18.447431997628883,75.96593200287316,1622.0
1789884411,50,,Aggregated,24.800000,0.000000,7,8,9,10,12,18,27,28,38,38,38,48848,0,6,8.694843360839513,3.0284199965535663,2104.1982940005255,6819.37860301343
1789884412,50,GET,GET /api/v1/reservas,17.500000,0.000000,8,9,10,11,13,18,26,32,38,38,38,36553,0,7,7.793620969821479,4.633864002244081,311.9985780067509,8965.0
1789884412,50,GET,GET /api/v1/reservas/{id},7.400000,0.000000,6,6,7,7,10,17,27,28,28,28,28,12172,0,5,5.645414966100223,3.0284199965535663,284.6892960005789,442.0
1789884412,50,POST,POST /api/v1/auth/login,0.000000,0.000000,0,0,0,0,0,0,0,0,0,0,0,50,0,1300.0,1369.1218887201103,628.633758999058,2104.1982940005255,1622.0
1789884412,50,POST,POST /api/v1/auth/refresh,0.000000,0.000000,0,0,0,0,0,0,0,0,0,0,0,100,0,27,29.209557120193494,18.447431997628883,75.96593200287316,1622.0
1789884412,50,,Aggregated,24.900000,0.000000,8,8,9,10,13,18,27,28,38,38,38,48875,0,6,8.69510523632289,3.0284199965535663,2104.1982940005255,6819.8663734015345
1789884413,50,GET,GET /api/v1/reservas,17.100000,0.000000,8,9,10,11,13,18,26,32,38,38,38,36569,0,7,7.79371555388157,4.633864002244081,311.9985780067509,8965.0
1789884413,50,GET,GET /api/v1/reservas/{id},7.000000,0.000000,6,7,7,8,12,17,27,28,28,28,28,12179,0,5,5.646849742128956,3.0284199965535663,284.6892960005789,442.0
1789884413,50,POST,POST /api/v1/auth/login,0.000000,0.000000,0,0,0,0,0,0,0,0,0,0,0,50,0,1300.0,1369.1218887201103,628.633758999058,2104.1982940005255,1622.0
1789884413,50,POST,POST /api/v1/auth/refresh,0.000000,0.000000,0,0,0,0,0,0,0,0,0,0,0,100,0,27,29.209557120193494,18.447431997628883,75.96593200287316,1622.0
1789884413,50,,Aggregated,24.100000,0.000000,8,9,9,10,13,18,27,28,38,38,38,48898,0,6,8.694801776091222,3.0284199965535663,2104.1982940005255,6819.655261973905
1789884414,50,GET,GET /api/v1/reservas,17.200000,0.000000,8,9,10,12,14,18,25,32,38,38,38,36588,0,7,7.7948106500466405,4.633864002244081,311.9985780067509,8965.0
1789884414,50,GET,GET /api/v1/reservas/{id},6.600000,0.000000,6,7,8,8,12,22,27,28,28,28,28,12183,0,5,5.647196371697651,3.0284199965535663,284.6892960005789,442.0
1789884414,50,POST,POST /api/v1/auth/login,0.000000,0.000000,0,0,0,0,0,0,0,0,0,0,0,50,0,1300.0,1369.1218887201103,628.633758999058,2104.1982940005255,1622.0
1789884414,50,POST,POST /api/v1/auth/refresh,0.000000,0.000000,0,0,0,0,0,0,0,0,0,0,0,100,0,27,29.209557120193494,18.447431997628883,75.96593200287316,1622.0
1789884414,50,,Aggregated,23.800000,0.000000,8,9,10,11,14,18,26,28,38,38,38,48921,0,6,8.695107941545018,3.0284199965535663,2104.1982940005255,6819.96700803336
1789884415,50,GET,GET /api/v1/reservas,17.800000,0.000000,8,9,10,10,13,16,23,38,39,39,39,36609,0,7,7.796030366573771,4.633864002244081,311.9985780067509,8965.0
1789884415,50,GET,GET /api/v1/reservas/{id},6.700000,0.000000,6,7,7,8,10,17,21,22,22,22,22,12187,0,5,5.649048307244744,3.0284199965535663,284.6892960005789,442.0
1789884415,50,POST,POST /api/v1/auth/login,0.000000,0.000000,0,0,0,0,0,0,0,0,0,0,0,50,0,1300.0,1369.1218887201103,628.633758999058,2104.1982940005255,1622.0
1789884415,50,POST,POST /api/v1/auth/refresh,0.000000,0.000000,0,0,0,0,0,0,0,0,0,0,0,100,0,27,29.209557120193494,18.447431997628883,75.96593200287316,1622.0
1789884415,50,,Aggregated,24.500000,0.000000,8,8,9,10,13,16,23,25,39,39,39,48946,0,6,8.695845984519996,3.0284199965535663,2104.1982940005255,6820.366097331754
1789884416,50,GET,GET /api/v1/reservas,18.100000,0.000000,8,9,9,10,13,16,23,38,39,39,39,36629,0,7,7.795403030218938,4.633864002244081,311.9985780067509,8965.0
1789884416,50,GET,GET /api/v1/reservas/{id},6.400000,0.000000,6,7,8,9,21,120,130,520,520,520,520,12193,0,5,5.717608657211738,3.0284199965535663,521.904708002694,442.0
1789884416,50,POST,POST /api/v1/auth/login,0.000000,0.000000,0,0,0,0,0,0,0,0,0,0,0,50,0,1300.0,1369.1218887201103,628.633758999058,2104.1982940005255,1622.0
1789884416,50,POST,POST /api/v1/auth/refresh,0.000000,0.000000,0,0,0,0,0,0,0,0,0,0,0,100,0,27,29.209557120193494,18.447431997628883,75.96593200287316,1622.0
1789884416,50,,Aggregated,24.500000,0.000000,8,8,9,10,14,18,39,120,520,520,520,48972,0,6,8.711706078969556,3.0284199965535663,2104.1982940005255,6820.460487625582
1789884417,50,GET,GET /api/v1/reservas,18.500000,0.000000,8,9,10,10,13,16,23,38,39,39,39,36650,0,7,7.7955552279360525,4.633864002244081,311.9985780067509,8965.0
1789884417,50,GET,GET /api/v1/reservas/{id},5.800000,0.000000,6,8,9,10,22,120,520,520,520,520,520,12197,0,5,5.717275790636123,3.0284199965535663,521.904708002694,442.0
1789884417,50,POST,POST /api/v1/auth/login,0.000000,0.000000,0,0,0,0,0,0,0,0,0,0,0,50,0,1300.0,1369.1218887201103,628.633758999058,2104.1982940005255,1622.0
1789884417,50,POST,POST /api/v1/auth/refresh,0.000000,0.000000,0,0,0,0,0,0,0,0,0,0,0,100,0,27,29.209557120193494,18.447431997628883,75.96593200287316,1622.0
1789884417,50,,Aggregated,24.300000,0.000000,8,8,9,10,14,18,39,120,520,520,520,48997,0,6,8.71109990550993,3.0284199965535663,2104.1982940005255,6820.858909729167
1789884418,50,GET,GET /api/v1/reservas,18.500000,0.000000,8,8,9,9,12,14,18,38,39,39,39,36669,0,7,7.7949481045802775,4.633864002244081,311.9985780067509,8965.0
1789884418,50,GET,GET /api/v1/reservas/{id},5.700000,0.000000,6,7,8,9,84,130,520,520,520,520,520,12201,0,5,5.738101453273897,3.0284199965535663,521.904708002694,442.0
1789884418,50,POST,POST /api/v1/auth/login,0.000000,0.000000,0,0,0,0,0,0,0,0,0,0,0,50,0,1300.0,1369.1218887201103,628.633758999058,2104.1982940005255,1622.0
1789884418,50,POST,POST /api/v1/auth/refresh,0.000000,0.000000,0,0,0,0,0,0,0,0,0,0,0,100,0,27,29.209557120193494,18.447431997628883,75.96593200287316,1622.0
1789884418,50,,Aggregated,24.200000,0.000000,7,8,9,9,13,17,84,130,520,520,520,49020,0,6,8.715230069895428,3.0284199965535663,2104.1982940005255,6821.169461444309
1789884419,50,GET,GET /api/v1/reservas,18.500000,0.000000,8,8,9,10,13,17,210,510,510,510,510,36673,0,7,7.834632895287072,4.633864002244081,511.29096100339666,8965.0
1789884419,50,GET,GET /api/v1/reservas/{id},5.400000,0.000000,7,8,9,14,120,260,520,520,520,520,520,12202,0,5,5.777181318750478,3.0284199965535663,521.904708002694,442.0
1789884419,50,POST,POST /api/v1/auth/login,0.000000,0.000000,0,0,0,0,0,0,0,0,0,0,0,50,0,1300.0,1369.1218887201103,628.633758999058,2104.1982940005255,1622.0
1789884419,50,POST,POST /api/v1/auth/refresh,0.000000,0.000000,0,0,0,0,0,0,0,0,0,0,0,100,0,27,29.209557120193494,18.447431997628883,75.96593200287316,1622.0
1789884419,50,,Aggregated,23.900000,0.000000,7,8,9,10,14,39,260,510,520,520,520,49025,0,6,8.754507063095991,3.0284199965535663,2104.1982940005255,6821.214258031617
1789884420,50,GET,GET /api/v1/reservas,19.400000,0.000000,8,9,11,13,210,1200,1800,1900,2000,2000,2000,36686,0,7,8.33910336296878,4.633864002244081,1957.275683998887,8965.0
1789884420,50,GET,GET /api/v1/reservas/{id},4.700000,0.000000,7,14,120,260,760,960,1500,1500,1500,1500,1500,12209,0,5,6.28962161850881,3.0284199965535663,1521.0046399952262,442.0
1789884420,50,POST,POST /api/v1/auth/login,0.000000,0.000000,0,0,0,0,0,0,0,0,0,0,0,50,0,1300.0,1369.1218887201103,628.633758999058,2104.1982940005255,1622.0
1789884420,50,POST,POST /api/v1/auth/refresh,0.000000,0.000000,0,0,0,0,0,0,0,0,0,0,0,100,0,27,29.209557120193494,18.447431997628883,75.96593200287316,1622.0
1789884420,50,,Aggregated,24.100000,0.000000,8,9,12,14,510,1000,1700,1800,2000,2000,2000,49045,0,6,9.25874985140731,3.0284199965535663,2104.1982940005255,6820.872015495973
1789884421,50,GET,GET /api/v1/reservas,18.800000,0.000000,8,11,29,220,860,1400,1800,1900,2000,2000,2000,36712,0,7,8.71234745554247,4.633864002244081,1957.275683998887,8965.0
1789884421,50,GET,GET /api/v1/reservas/{id},4.600000,0.000000,8,21,170,520,830,960,1500,1500,1500,1500,1500,12214,0,5,6.3702536239058,3.0284199965535663,1521.0046399952262,442.0
1789884421,50,POST,POST /api/v1/auth/login,0.000000,0.000000,0,0,0,0,0,0,0,0,0,0,0,50,0,1300.0,1369.1218887201103,628.633758999058,2104.1982940005255,1622.0
1789884421,50,POST,POST /api/v1/auth/refresh,0.000000,0.000000,0,0,0,0,0,0,0,0,0,0,0,100,0,27,29.209557120193494,18.447431997628883,75.96593200287316,1622.0
1789884421,50,,Aggregated,23.400000,0.000000,8,12,50,260,830,1400,1700,1800,2000,2000,2000,49076,0,6,9.5572383180839,3.0284199965535663,2104.1982940005255,6821.358056891352
1789884422,50,GET,GET /api/v1/reservas,17.200000,0.000000,9,14,40,260,900,1400,1800,1900,2000,2000,2000,36725,0,7,8.715510199043509,4.633864002244081,1957.275683998887,8965.0
1789884422,50,GET,GET /api/v1/reservas/{id},4.200000,0.000000,8,21,170,480,830,960,1500,1500,1500,1500,1500,12224,0,5,6.373335032508746,3.0284199965535663,1521.0046399952262,442.0
1789884422,50,POST,POST /api/v1/auth/login,0.000000,0.000000,0,0,0,0,0,0,0,0,0,0,0,50,0,1300.0,1369.1218887201103,628.633758999058,2104.1982940005255,1622.0
1789884422,50,POST,POST /api/v1/auth/refresh,0.000000,0.000000,0,0,0,0,0,0,0,0,0,0,0,100,0,27,29.209557120193494,18.447431997628883,75.96593200287316,1622.0
1789884422,50,,Aggregated,21.400000,0.000000,8,14,85,290,830,1400,1700,1800,2000,2000,2000,49099,0,6,9.559498353230914,3.0284199965535663,2104.1982940005255,6820.626346768773
1789884423,50,GET,GET /api/v1/reservas,18.700000,0.000000,8,11,39,220,860,1400,1800,1900,2000,2000,2000,36749,0,7,8.714202261200835,4.633864002244081,1957.275683998887,8965.0
1789884423,50,GET,GET /api/v1/reservas/{id},4.900000,0.000000,8,10,130,260,760,960,1000,1500,1500,1500,1500,12233,0,5,6.372414736808813,3.0284199965535663,1521.0046399952262,442.0
1789884423,50,POST,POST /api/v1/auth/login,0.000000,0.000000,0,0,0,0,0,0,0,0,0,0,0,50,0,1300.0,1369.1218887201103,628.633758999058,2104.1982940005255,1622.0
1789884423,50,POST,POST /api/v1/auth/refresh,0.000000,0.000000,0,0,0,0,0,0,0,0,0,0,0,100,0,27,29.209557120193494,18.447431997628883,75.96593200287316,1622.0
1789884423,50,,Aggregated,23.600000,0.000000,8,11,50,260,830,1200,1700,1800,2000,2000,2000,49132,0,6,9.557295011810563,3.0284199965535663,2104.1982940005255,6820.505393633477
1789884424,50,GET,GET /api/v1/reservas,17.500000,0.000000,8,12,50,290,900,1400,1800,1900,2000,2000,2000,36762,0,7,8.713758340565606,4.633864002244081,1957.275683998887,8965.0
1789884424,50,GET,GET /api/v1/reservas/{id},4.800000,0.000000,7,10,120,260,760,960,1000,1500,1500,1500,1500,12239,0,5,6.371449987693594,3.0284199965535663,1521.0046399952262,442.0
1789884424,50,POST,POST /api/v1/auth/login,0.000000,0.000000,0,0,0,0,0,0,0,0,0,0,0,50,0,1300.0,1369.1218887201103,628.633758999058,2104.1982940005255,1622.0
1789884424,50,POST,POST /api/v1/auth/refresh,0.000000,0.000000,0,0,0,0,0,0,0,0,0,0,0,100,0,27,29.209557120193494,18.447431997628883,75.96593200287316,1622.0
1789884424,50,,Aggregated,22.300000,0.000000,8,11,84,260,830,1400,1700,1800,2000,2000,2000,49151,0,6,9.556110977666366,3.0284199965535663,2104.1982940005255,6820.293951292954
1789884425,50,GET,GET /api/v1/reservas,17.300000,0.000000,8,10,40,260,900,1400,1800,1900,2000,2000,2000,36784,0,7,8.712158811925626,4.633864002244081,1957.275683998887,8965.0
1789884425,50,GET,GET /api/v1/reservas/{id},5.000000,0.000000,6,8,30,260,760,960,1000,1500,1500,1500,1500,12243,0,5,6.370771788073454,3.0284199965535663,1521.0046399952262,442.0
1789884425,50,POST,POST /api/v1/auth/login,0.000000,0.000000,0,0,0,0,0,0,0,0,0,0,0,50,0,1300.0,1369.1218887201103,628.633758999058,2104.1982940005255,1622.0
1789884425,50,POST,POST /api/v1/auth/refresh,0.000000,0.000000,0,0,0,0,0,0,0,0,0,0,0,100,0,27,29.209557120193494,18.447431997628883,75.96593200287316,1622.0
1789884425,50,,Aggregated,22.300000,0.000000,7,9,32,260,830,1400,1700,1800,2000,2000,2000,49177,0,6,9.55410982547289,3.0284199965535663,2104.1982940005255,6820.734611708725
1789884426,50,GET,GET /api/v1/reservas,17.500000,0.000000,7,10,32,260,900,1400,1800,1900,2000,2000,2000,36806,0,7,8.71067892905711,4.633864002244081,1957.275683998887,8965.0
1789884426,50,GET,GET /api/v1/reservas/{id},5.200000,0.000000,6,8,10,30,760,960,1000,1500,1500,1500,1500,12249,0,5,6.369715977417292,3.0284199965535663,1521.0046399952262,442.0
1789884426,50,POST,POST /api/v1/auth/login,0.000000,0.000000,0,0,0,0,0,0,0,0,0,0,0,50,0,1300.0,1369.1218887201103,628.633758999058,2104.1982940005255,1622.0
1789884426,50,POST,POST /api/v1/auth/refresh,0.000000,0.000000,0,0,0,0,0,0,0,0,0,0,0,100,0,27,29.209557120193494,18.447431997628883,75.96593200287316,1622.0
1789884426,50,,Aggregated,22.700000,0.000000,7,9,20,210,830,1200,1700,1800,2000,2000,2000,49205,0,6,9.551975405310136,3.0284199965535663,2104.1982940005255,6820.9155167157805
1789884427,50,GET,GET /api/v1/reservas,16.900000,0.000000,7,9,50,290,900,1400,1800,1900,2000,2000,2000,36824,0,7,8.709447394521833,4.633864002244081,1957.275683998887,8965.0
1789884427,50,GET,GET /api/v1/reservas/{id},5.500000,0.000000,5,7,9,30,760,960,1000,1500,1500,1500,1500,12256,0,5,6.368609936471069,3.0284199965535663,1521.0046399952262,442.0
1789884427,50,POST,POST /api/v1/auth/login,0.000000,0.000000,0,0,0,0,0,0,0,0,0,0,0,50,0,1300.0,1369.1218887201103,628.633758999058,2104.1982940005255,1622.0
1789884427,50,POST,POST /api/v1/auth/refresh,0.000000,0.000000,0,0,0,0,0,0,0,0,0,0,0,100,0,27,29.209557120193494,18.447431997628883,75.96593200287316,1622.0
1789884427,50,,Aggregated,22.400000,0.000000,7,9,29,220,830,1200,1700,1800,2000,2000,2000,49230,0,6,9.550018776869516,3.0284199965535663,2104.1982940005255,6820.792443631932
1789884428,50,GET,GET /api/v1/reservas,17.600000,0.000000,7,9,29,220,860,1400,1800,1900,2000,2000,2000,36843,0,7,8.708024828566089,4.633864002244081,1957.275683998887,8965.0
1789884428,50,GET,GET /api/v1/reservas/{id},5.300000,0.000000,5,7,8,10,660,830,1000,1500,1500,1500,1500,12262,0,5,6.36767744400445,3.0284199965535663,1521.0046399952262,442.0
1789884428,50,POST,POST /api/v1/auth/login,0.000000,0.000000,0,0,0,0,0,0,0,0,0,0,0,50,0,1300.0,1369.1218887201103,628.633758999058,2104.1982940005255,1622.0
1789884428,50,POST,POST /api/v1/auth/refresh,0.000000,0.000000,0,0,0,0,0,0,0,0,0,0,0,100,0,27,29.209557120193494,18.447431997628883,75.96593200287316,1622.0
1789884428,50,,Aggregated,22.900000,0.000000,7,8,14,170,820,1200,1700,1800,2000,2000,2000,49255,0,6,9.548010754751148,3.0284199965535663,2104.1982940005255,6820.842533752919
1789884429,50,GET,GET /api/v1/reservas,17.500000,0.000000,7,8,12,50,820,1400,1800,1900,2000,2000,2000,36855,0,7,8.707300070895641,4.633864002244081,1957.275683998887,8965.0
1789884429,50,GET,GET /api/v1/reservas/{id},6.000000,0.000000,5,6,8,9,550,830,1000,1500,1500,1500,1500,12267,0,5,6.36694092217999,3.0284199965535663,1521.0046399952262,442.0
1789884429,50,POST,POST /api/v1/auth/login,0.000000,0.000000,0,0,0,0,0,0,0,0,0,0,0,50,0,1300.0,1369.1218887201103,628.633758999058,2104.1982940005255,1622.0
1789884429,50,POST,POST /api/v1/auth/refresh,0.000000,0.000000,0,0,0,0,0,0,0,0,0,0,0,100,0,27,29.209557120193494,18.447431997628883,75.96593200287316,1622.0
1789884429,50,,Aggregated,23.500000,0.000000,6,8,9,20,760,1100,1700,1800,2000,2000,2000,49272,0,6,9.546757967065792,3.0284199965535663,2104.1982940005255,6820.717425718461
1789884430,50,GET,GET /api/v1/reservas,17.000000,0.000000,6,7,7,8,10,18,85,200,660,660,660,36876,0,7,8.705924456471605,4.633864002244081,1957.275683998887,8965.0
1789884430,50,GET,GET /api/v1/reservas/{id},6.100000,0.000000,5,5,6,6,8,10,12,30,30,30,30,12275,0,5,6.366439687118717,3.0284199965535663,1521.0046399952262,442.0
1789884430,50,POST,POST /api/v1/auth/login,0.000000,0.000000,0,0,0,0,0,0,0,0,0,0,0,50,0,1300.0,1369.1218887201103,628.633758999058,2104.1982940005255,1622.0
1789884430,50,POST,POST /api/v1/auth/refresh,0.000000,0.000000,0,0,0,0,0,0,0,0,0,0,0,100,0,27,29.209557120193494,18.447431997628883,75.96593200287316,1622.0
1789884430,50,,Aggregated,23.100000,0.000000,6,7,7,8,9,14,40,95,660,660,660,49301,0,6,9.544730686279264,3.0284199965535663,2104.1982940005255,6820.595728281373
1789884431,50,GET,GET /api/v1/reservas,17.700000,0.000000,6,7,7,8,10,13,20,40,85,85,85,36895,0,7,8.707736103398034,4.633864002244081,1957.275683998887,8965.0
1789884431,50,GET,GET /api/v1/reservas/{id},6.400000,0.000000,4,5,5,6,7,10,12,30,30,30,30,12282,0,5,6.365090750966712,3.0284199965535663,1521.0046399952262,442.0
1789884431,50,POST,POST /api/v1/auth/login,0.000000,0.000000,0,0,0,0,0,0,0,0,0,0,0,50,0,1300.0,1369.1218887201103,628.633758999058,2104.1982940005255,1622.0
1789884431,50,POST,POST /api/v1/auth/refresh,0.000000,0.000000,0,0,0,0,0,0,0,0,0,0,0,100,0,27,29.209557120193494,18.447431997628883,75.96593200287316,1622.0
1789884431,50,,Aggregated,24.100000,0.000000,6,7,7,8,9,12,20,30,85,85,85,49327,0,6,9.54497573917466,3.0284199965535663,2104.1982940005255,6820.516532527825
1789884432,50,GET,GET /api/v1/reservas,18.800000,0.000000,6,7,7,7,8,11,17,30,40,40,40,36911,0,7,8.707088387739235,4.633864002244081,1957.275683998887,8965.0
1789884432,50,GET,GET /api/v1/reservas/{id},6.700000,0.000000,4,5,5,5,6,7,8,12,12,12,12,12290,0,5,6.364512946247805,3.0284199965535663,1521.0046399952262,442.0
1789884432,50,POST,POST /api/v1/auth/login,0.000000,0.000000,0,0,0,0,0,0,0,0,0,0,0,50,0,1300.0,1369.1218887201103,628.633758999058,2104.1982940005255,1622.0
1789884432,50,POST,POST /api/v1/auth/refresh,0.000000,0.000000,0,0,0,0,0,0,0,0,0,0,0,100,0,27,29.209557120193494,18.447431997628883,75.96593200287316,1622.0
1789884432,50,,Aggregated,25.500000,0.000000,6,6,7,7,8,9,13,20,40,40,40,49351,0,6,9.54356048990402,3.0284199965535663,2104.1982940005255,6820.177807947154
1789884433,50,GET,GET /api/v1/reservas,17.400000,0.000000,6,7,7,8,9,11,17,30,40,40,40,36933,0,7,8.706711645001139,4.633864002244081,1957.275683998887,8965.0
1789884433,50,GET,GET /api/v1/reservas/{id},6.700000,0.000000,4,5,5,5,6,7,9,12,12,12,12,12295,0,5,6.364214042406134,3.0284199965535663,1521.0046399952262,442.0
1789884433,50,POST,POST /api/v1/auth/login,0.000000,0.000000,0,0,0,0,0,0,0,0,0,0,0,50,0,1300.0,1369.1218887201103,628.633758999058,2104.1982940005255,1622.0
1789884433,50,POST,POST /api/v1/auth/refresh,0.000000,0.000000,0,0,0,0,0,0,0,0,0,0,0,100,0,27,29.209557120193494,18.447431997628883,75.96593200287316,1622.0
1789884433,50,,Aggregated,24.100000,0.000000,6,7,7,7,9,10,15,20,40,40,40,49378,0,6,9.542509680105216,3.0284199965535663,2104.1982940005255,6820.487565312487
1789884434,50,GET,GET /api/v1/reservas,18.300000,0.000000,7,7,7,8,10,11,17,30,40,40,40,36951,0,7,8.706463116392177,4.633864002244081,1957.275683998887,8965.0
1789884434,50,GET,GET /api/v1/reservas/{id},6.600000,0.000000,5,5,5,6,7,8,10,12,12,12,12,12304,0,5,6.363780828134755,3.0284199965535663,1521.0046399952262,442.0
1789884434,50,POST,POST /api/v1/auth/login,0.000000,0.000000,0,0,0,0,0,0,0,0,0,0,0,50,0,1300.0,1369.1218887201103,628.633758999058,2104.1982940005255,1622.0
1789884434,50,POST,POST /api/v1/auth/refresh,0.000000,0.000000,0,0,0,0,0,0,0,0,0,0,0,100,0,27,29.209557120193494,18.447431997628883,75.96593200287316,1622.0
1789884434,50,,Aggregated,24.900000,0.000000,6,7,7,7,9,11,15,20,40,40,40,49405,0,6,9.541332417188588,3.0284199965535663,2104.1982940005255,6820.106932496711
1789884435,50,GET,GET /api/v1/reservas,18.600000,0.000000,7,7,8,8,10,11,17,30,40,40,40,36969,0,7,8.705375627439599,4.633864002244081,1957.275683998887,8965.0
1789884435,50,GET,GET /api/v1/reservas/{id},6.400000,0.000000,5,5,5,6,7,8,10,12,12,12,12,12311,0,5,6.3628735959201,3.0284199965535663,1521.0046399952262,442.0
1789884435,50,POST,POST /api/v1/auth/login,0.000000,0.000000,0,0,0,0,0,0,0,0,0,0,0,50,0,1300.0,1369.1218887201103,628.633758999058,2104.1982940005255,1622.0
1789884435,50,POST,POST /api/v1/auth/refresh,0.000000,0.000000,0,0,0,0,0,0,0,0,0,0,0,100,0,27,29.209557120193494,18.447431997628883,75.96593200287316,1622.0
1789884435,50,,Aggregated,25.000000,0.000000,6,7,7,7,9,11,15,20,40,40,40,49430,0,6,9.539539117099165,3.0284199965535663,2104.1982940005255,6819.984766336233
1789884436,50,GET,GET /api/v1/reservas,18.400000,0.000000,7,7,8,8,10,12,20,30,40,40,40,36989,0,7,8.704834693499196,4.633864002244081,1957.275683998887,8965.0
1789884436,50,GET,GET /api/v1/reservas/{id},6.400000,0.000000,5,5,5,6,7,8,10,12,12,12,12,12319,0,5,6.361951359068779,3.0284199965535663,1521.0046399952262,442.0
1789884436,50,POST,POST /api/v1/auth/login,0.000000,0.000000,0,0,0,0,0,0,0,0,0,0,0,50,0,1300.0,1369.1218887201103,628.633758999058,2104.1982940005255,1622.0
1789884436,50,POST,POST /api/v1/auth/refresh,0.000000,0.000000,0,0,0,0,0,0,0,0,0,0,0,100,0,27,29.209557120193494,18.447431997628883,75.96593200287316,1622.0
1789884436,50,,Aggregated,24.800000,0.000000,6,7,7,8,9,11,17,22,40,40,40,49458,0,6,9.53805369036829,3.0284199965535663,2104.1982940005255,6819.820514375834
1789884437,50,GET,GET /api/v1/reservas,19.300000,0.000000,7,7,8,8,10,12,20,30,40,40,40,37004,0,7,8.703878066691187,4.633864002244081,1957.275683998887,8965.0
1789884437,50,GET,GET /api/v1/reservas/{id},6.400000,0.000000,5,5,5,6,7,8,10,12,12,12,12,12325,0,5,6.361116391186187,3.0284199965535663,1521.0046399952262,442.0
1789884437,50,POST,POST /api/v1/auth/login,0.000000,0.000000,0,0,0,0,0,0,0,0,0,0,0,50,0,1300.0,1369.1218887201103,628.633758999058,2104.1982940005255,1622.0
1789884437,50,POST,POST /api/v1/auth/refresh,0.000000,0.000000,0,0,0,0,0,0,0,0,0,0,0,100,0,27,29.209557120193494,18.447431997628883,75.96593200287316,1622.0
1789884437,50,,Aggregated,25.700000,0.000000,6,7,7,8,9,11,17,22,40,40,40,49479,0,6,9.53649252509621,3.0284199965535663,2104.1982940005255,6819.697447401928
1789884438,50,GET,GET /api/v1/reservas,17.800000,0.000000,7,7,8,8,10,12,20,30,40,40,40,37021,0,7,8.702730675828674,4.633864002244081,1957.275683998887,8965.0
1789884438,50,GET,GET /api/v1/reservas/{id},7.000000,0.000000,5,5,5,6,7,8,10,12,12,12,12,12331,0,5,6.36052990255265,3.0284199965535663,1521.0046399952262,442.0
1789884438,50,POST,POST /api/v1/auth/login,0.000000,0.000000,0,0,0,0,0,0,0,0,0,0,0,50,0,1300.0,1369.1218887201103,628.633758999058,2104.1982940005255,1622.0
1789884438,50,POST,POST /api/v1/auth/refresh,0.000000,0.000000,0,0,0,0,0,0,0,0,0,0,0,100,0,27,29.209557120193494,18.447431997628883,75.96593200287316,1622.0
1789884438,50,,Aggregated,24.800000,0.000000,6,7,7,8,10,11,17,22,40,40,40,49502,0,6,9.534817516994362,3.0284199965535663,2104.1982940005255,6819.661165205446
1789884439,50,GET,GET /api/v1/reservas,18.000000,0.000000,7,7,8,8,10,12,20,30,40,40,40,37038,0,7,8.701768790535679,4.633864002244081,1957.275683998887,8965.0
1789884439,50,GET,GET /api/v1/reservas/{id},6.800000,0.000000,5,5,5,6,6,8,10,12,12,12,12,12342,0,5,6.35883490482757,3.0284199965535663,1521.0046399952262,442.0
1789884439,50,POST,POST /api/v1/auth/login,0.000000,0.000000,0,0,0,0,0,0,0,0,0,0,0,50,0,1300.0,1369.1218887201103,628.633758999058,2104.1982940005255,1622.0
1789884439,50,POST,POST /api/v1/auth/refresh,0.000000,0.000000,0,0,0,0,0,0,0,0,0,0,0,100,0,27,29.209557120193494,18.447431997628883,75.96593200287316,1622.0
1789884439,50,,Aggregated,24.800000,0.000000,6,7,7,8,10,11,17,22,40,40,40,49530,0,6,9.532685301983994,3.0284199965535663,2104.1982940005255,6818.981102362205
1789884440,50,GET,GET /api/v1/reservas,17.900000,0.000000,7,7,8,8,10,12,20,30,40,40,40,37057,0,7,8.700410916773196,4.633864002244081,1957.275683998887,8965.0
1789884440,50,GET,GET /api/v1/reservas/{id},6.700000,0.000000,5,5,5,5,6,7,9,10,10,10,10,12346,0,5,6.35828574051325,3.0284199965535663,1521.0046399952262,442.0
1789884440,50,POST,POST /api/v1/auth/login,0.000000,0.000000,0,0,0,0,0,0,0,0,0,0,0,50,0,1300.0,1369.1218887201103,628.633758999058,2104.1982940005255,1622.0
1789884440,50,POST,POST /api/v1/auth/refresh,0.000000,0.000000,0,0,0,0,0,0,0,0,0,0,0,100,0,27,29.209557120193494,18.447431997628883,75.96593200287316,1622.0
1789884440,50,,Aggregated,24.600000,0.000000,6,7,7,8,9,11,17,22,40,40,40,49553,0,6,9.53095823145452,3.0284199965535663,2104.1982940005255,6819.289185316731
1789884441,50,GET,GET /api/v1/reservas,17.900000,0.000000,7,7,7,8,9,10,13,15,22,22,22,37078,0,7,8.699254910886914,4.633864002244081,1957.275683998887,8965.0
1789884441,50,GET,GET /api/v1/reservas/{id},6.700000,0.000000,5,5,5,5,6,7,9,10,10,10,10,12350,0,5,6.357440458006072,3.0284199965535663,1521.0046399952262,442.0
1789884441,50,POST,POST /api/v1/auth/login,0.000000,0.000000,0,0,0,0,0,0,0,0,0,0,0,50,0,1300.0,1369.1218887201103,628.633758999058,2104.1982940005255,1622.0
1789884441,50,POST,POST /api/v1/auth/refresh,0.000000,0.000000,0,0,0,0,0,0,0,0,0,0,0,100,0,27,29.209557120193494,18.447431997628883,75.96593200287316,1622.0
1789884441,50,,Aggregated,24.600000,0.000000,6,7,7,7,9,10,11,15,22,22,22,49578,0,6,9.529275351774272,3.0284199965535663,2104.1982940005255,6819.68352898463
1789884442,50,GET,GET /api/v1/reservas,18.000000,0.000000,7,7,8,8,10,11,13,15,22,22,22,37092,0,7,8.699346041271871,4.633864002244081,1957.275683998887,8965.0
1789884442,50,GET,GET /api/v1/reservas/{id},7.300000,0.000000,5,5,5,6,7,9,10,11,11,11,11,12360,0,5,6.357254294529777,3.0284199965535663,1521.0046399952262,442.0
1789884442,50,POST,POST /api/v1/auth/login,0.000000,0.000000,0,0,0,0,0,0,0,0,0,0,0,50,0,1300.0,1369.1218887201103,628.633758999058,2104.1982940005255,1622.0
1789884442,50,POST,POST /api/v1/auth/refresh,0.000000,0.000000,0,0,0,0,0,0,0,0,0,0,0,100,0,27,29.209557120193494,18.447431997628883,75.96593200287316,1622.0
1789884442,50,,Aggregated,25.300000,0.000000,6,7,7,8,9,10,13,15,22,22,22,49602,0,6,9.52842338194567,3.0284199965535663,2104.1982940005255,6819.0032659973385
1789884443,50,GET,GET /api/v1/reservas,18.300000,0.000000,7,7,8,8,10,11,13,15,22,22,22,37113,0,7,8.699081301130656,4.633864002244081,1957.275683998887,8965.0
1789884443,50,GET,GET /api/v1/reservas/{id},6.800000,0.000000,5,5,6,6,7,8,10,11,11,11,11,12367,0,5,6.357295117117249,3.0284199965535663,1521.0046399952262,442.0
1789884443,50,POST,POST /api/v1/auth/login,0.000000,0.000000,0,0,0,0,0,0,0,0,0,0,0,50,0,1300.0,1369.1218887201103,628.633758999058,2104.1982940005255,1622.0
1789884443,50,POST,POST /api/v1/auth/refresh,0.000000,0.000000,0,0,0,0,0,0,0,0,0,0,0,100,0,27,29.209557120193494,18.447431997628883,75.96593200287316,1622.0
1789884443,50,,Aggregated,25.100000,0.000000,6,7,7,8,9,11,13,13,22,22,22,49630,0,6,9.527437501315251,3.0284199965535663,2104.1982940005255,6819.011867821882
1789884444,50,GET,GET /api/v1/reservas,18.400000,0.000000,6,7,8,8,10,11,13,15,22,22,22,37128,0,7,8.698346808953517,4.633864002244081,1957.275683998887,8965.0
1789884444,50,GET,GET /api/v1/reservas/{id},6.900000,0.000000,5,5,5,6,6,8,9,11,11,11,11,12376,0,5,6.356481555543131,3.0284199965535663,1521.0046399952262,442.0
1789884444,50,POST,POST /api/v1/auth/login,0.000000,0.000000,0,0,0,0,0,0,0,0,0,0,0,50,0,1300.0,1369.1218887201103,628.633758999058,2104.1982940005255,1622.0
1789884444,50,POST,POST /api/v1/auth/refresh,0.000000,0.000000,0,0,0,0,0,0,0,0,0,0,0,100,0,27,29.209557120193494,18.447431997628883,75.96593200287316,1622.0
1789884444,50,,Aggregated,25.300000,0.000000,6,7,7,8,9,10,13,13,22,22,22,49654,0,6,9.525860679950313,3.0284199965535663,2104.1982940005255,6818.504289684617
1789884445,50,GET,GET /api/v1/reservas,18.000000,0.000000,6,7,7,8,10,11,13,15,22,22,22,37149,0,7,8.6969972181438,4.633864002244081,1957.275683998887,8965.0
1789884445,50,GET,GET /api/v1/reservas/{id},7.400000,0.000000,5,5,5,6,7,8,9,11,11,11,11,12378,0,5,6.356169970463578,3.0284199965535663,1521.0046399952262,442.0
1789884445,50,POST,POST /api/v1/auth/login,0.000000,0.000000,0,0,0,0,0,0,0,0,0,0,0,50,0,1300.0,1369.1218887201103,628.633758999058,2104.1982940005255,1622.0
1789884445,50,POST,POST /api/v1/auth/refresh,0.000000,0.000000,0,0,0,0,0,0,0,0,0,0,0,100,0,27,29.209557120193494,18.447431997628883,75.96593200287316,1622.0
1789884445,50,,Aggregated,25.400000,0.000000,6,7,7,8,9,10,13,13,22,22,22,49677,0,6,9.524296388655657,3.0284199965535663,2104.1982940005255,6819.154961048373
1789884446,50,GET,GET /api/v1/reservas,18.000000,0.000000,6,7,7,8,10,11,13,13,15,15,15,37171,0,7,8.695702136257013,4.633864002244081,1957.275683998887,8965.0
1789884446,50,GET,GET /api/v1/reservas/{id},7.100000,0.000000,5,5,5,6,7,8,9,11,11,11,11,12382,0,5,6.355520582652912,3.0284199965535663,1521.0046399952262,442.0
1789884446,50,POST,POST /api/v1/auth/login,0.000000,0.000000,0,0,0,0,0,0,0,0,0,0,0,50,0,1300.0,1369.1218887201103,628.633758999058,2104.1982940005255,1622.0
1789884446,50,POST,POST /api/v1/auth/refresh,0.000000,0.000000,0,0,0,0,0,0,0,0,0,0,0,100,0,27,29.209557120193494,18.447431997628883,75.96593200287316,1622.0
1789884446,50,,Aggregated,25.100000,0.000000,6,7,7,7,9,10,12,13,15,15,15,49703,0,6,9.522544919003735,3.0284199965535663,2104.1982940005255,6819.591553829749
1789884447,50,GET,GET /api/v1/reservas,17.100000,0.000000,6,7,7,8,10,11,13,13,15,15,15,37186,0,7,8.694771827537632,4.633864002244081,1957.275683998887,8965.0
1789884447,50,GET,GET /api/v1/reservas/{id},7.200000,0.000000,5,5,5,6,7,9,10,11,11,11,11,12391,0,5,6.354317978001084,3.0284199965535663,1521.0046399952262,442.0
1789884447,50,POST,POST /api/v1/auth/login,0.000000,0.000000,0,0,0,0,0,0,0,0,0,0,0,50,0,1300.0,1369.1218887201103,628.633758999058,2104.1982940005255,1622.0
1789884447,50,POST,POST /api/v1/auth/refresh,0.000000,0.000000,0,0,0,0,0,0,0,0,0,0,0,100,0,27,29.209557120193494,18.447431997628883,75.96593200287316,1622.0
1789884447,50,,Aggregated,24.300000,0.000000,6,7,7,7,9,10,12,13,15,15,15,49727,0,6,9.520726957030401,3.0284199965535663,2104.1982940005255,6819.084441048123
1789884448,50,GET,GET /api/v1/reservas,18.100000,0.000000,6,7,7,8,9,11,13,13,15,15,15,37205,0,7,8.693368748846181,4.633864002244081,1957.275683998887,8965.0
1789884448,50,GET,GET /api/v1/reservas/{id},6.400000,0.000000,4,5,5,6,7,9,10,11,11,11,11,12398,0,5,6.3529323920321215,3.0284199965535663,1521.0046399952262,442.0
1789884448,50,POST,POST /api/v1/auth/login,0.000000,0.000000,0,0,0,0,0,0,0,0,0,0,0,50,0,1300.0,1369.1218887201103,628.633758999058,2104.1982940005255,1622.0
1789884448,50,POST,POST /api/v1/auth/refresh,0.000000,0.000000,0,0,0,0,0,0,0,0,0,0,0,100,0,27,29.209557120193494,18.447431997628883,75.96593200287316,1622.0
1789884448,50,,Aggregated,24.500000,0.000000,6,6,7,7,9,10,12,13,15,15,15,49753,0,6,9.518571548354094,3.0284199965535663,2104.1982940005255,6819.006713163026
1789884449,50,GET,GET /api/v1/reservas,18.300000,0.000000,6,7,7,7,9,11,13,13,15,15,15,37220,0,7,8.692339564960724,4.633864002244081,1957.275683998887,8965.0
1789884449,50,GET,GET /api/v1/reservas/{id},6.400000,0.000000,4,5,5,5,7,9,10,11,11,11,11,12409,0,5,6.350887122767306,3.0284199965535663,1521.0046399952262,442.0
1789884449,50,POST,POST /api/v1/auth/login,0.000000,0.000000,0,0,0,0,0,0,0,0,0,0,0,50,0,1300.0,1369.1218887201103,628.633758999058,2104.1982940005255,1622.0
1789884449,50,POST,POST /api/v1/auth/refresh,0.000000,0.000000,0,0,0,0,0,0,0,0,0,0,0,100,0,27,29.209557120193494,18.447431997628883,75.96593200287316,1622.0
1789884449,50,,Aggregated,24.700000,0.000000,6,6,7,7,9,10,12,13,15,15,15,49779,0,6,9.516343981644518,3.0284199965535663,2104.1982940005255,6818.2441993611765
1789884450,50,GET,GET /api/v1/reservas,18.100000,0.000000,6,7,7,8,10,12,13,15,17,17,17,37241,0,7,8.691446596945065,4.633864002244081,1957.275683998887,8965.0
1789884450,50,GET,GET /api/v1/reservas/{id},6.800000,0.000000,4,5,5,5,7,9,10,11,11,11,11,12417,0,5,6.349591296563327,3.0284199965535663,1521.0046399952262,442.0
1789884450,50,POST,POST /api/v1/auth/login,0.000000,0.000000,0,0,0,0,0,0,0,0,0,0,0,50,0,1300.0,1369.1218887201103,628.633758999058,2104.1982940005255,1622.0
1789884450,50,POST,POST /api/v1/auth/refresh,0.000000,0.000000,0,0,0,0,0,0,0,0,0,0,0,100,0,27,29.209557120193494,18.447431997628883,75.96593200287316,1622.0
1789884450,50,,Aggregated,24.900000,0.000000,6,7,7,7,9,11,13,13,17,17,17,49808,0,6,9.514497430016922,3.0284199965535663,2104.1982940005255,6818.125180693864
1789884451,50,GET,GET /api/v1/reservas,18.300000,0.000000,6,7,7,8,11,13,20,27,41,41,41,37255,0,7,8.693457912436541,4.633864002244081,1957.275683998887,8965.0
1789884451,50,GET,GET /api/v1/reservas/{id},6.900000,0.000000,4,5,5,6,8,9,10,11,11,11,11,12424,0,5,6.349704419705004,3.0284199965535663,1521.0046399952262,442.0
1789884451,50,POST,POST /api/v1/auth/login,0.000000,0.000000,0,0,0,0,0,0,0,0,0,0,0,50,0,1300.0,1369.1218887201103,628.633758999058,2104.1982940005255,1622.0
1789884451,50,POST,POST /api/v1/auth/refresh,0.000000,0.000000,0,0,0,0,0,0,0,0,0,0,0,100,0,27,29.209557120193494,18.447431997628883,75.96593200287316,1622.0
1789884451,50,,Aggregated,25.200000,0.000000,6,7,7,7,10,12,17,23,41,41,41,49829,0,6,9.515353556889826,3.0284199965535663,2104.1982940005255,6817.83264765498
1789884452,50,GET,GET /api/v1/reservas,18.500000,0.000000,6,7,7,8,12,23,41,270,280,280,280,37261,0,7,8.715210128601543,4.633864002244081,1957.275683998887,8965.0
1789884452,50,GET,GET /api/v1/reservas/{id},6.700000,0.000000,4,5,5,6,10,13,29,200,200,200,200,12429,0,5,6.369238555589724,3.0284199965535663,1521.0046399952262,442.0
1789884452,50,POST,POST /api/v1/auth/login,0.000000,0.000000,0,0,0,0,0,0,0,0,0,0,0,50,0,1300.0,1369.1218887201103,628.633758999058,2104.1982940005255,1622.0
1789884452,50,POST,POST /api/v1/auth/refresh,0.000000,0.000000,0,0,0,0,0,0,0,0,0,0,0,100,0,27,29.209557120193494,18.447431997628883,75.96593200287316,1622.0
1789884452,50,,Aggregated,25.200000,0.000000,6,7,7,7,11,21,41,200,280,280,280,49840,0,6,9.536070641197263,3.0284199965535663,2104.1982940005255,6817.451504815409
1789884453,50,GET,GET /api/v1/reservas,17.900000,0.000000,7,7,10,20,230,420,560,560,580,580,580,37286,0,7,8.910659524723146,4.633864002244081,1957.275683998887,8965.0
1789884453,50,GET,GET /api/v1/reservas/{id},7.200000,0.000000,4,5,7,10,93,200,240,360,360,360,360,12438,0,5,6.468900120069312,3.0284199965535663,1521.0046399952262,442.0
1789884453,50,POST,POST /api/v1/auth/login,0.000000,0.000000,0,0,0,0,0,0,0,0,0,0,0,50,0,1300.0,1369.1218887201103,628.633758999058,2104.1982940005255,1622.0
1789884453,50,POST,POST /api/v1/auth/refresh,0.000000,0.000000,0,0,0,0,0,0,0,0,0,0,0,100,0,27,29.209557120193494,18.447431997628883,75.96593200287316,1622.0
1789884453,50,,Aggregated,25.100000,0.000000,6,7,10,13,190,330,550,560,580,580,580,49874,0,6,9.706060891050932,3.0284199965535663,2104.1982940005255,6817.377511328548
1789884454,50,GET,GET /api/v1/reservas,17.700000,0.000000,7,8,14,32,230,420,560,560,580,580,580,37303,0,7,8.918798030421655,4.633864002244081,1957.275683998887,8965.0
1789884454,50,GET,GET /api/v1/reservas/{id},7.500000,0.000000,4,5,10,13,93,200,240,360,360,360,360,12442,0,5,6.479296207556675,3.0284199965535663,1521.0046399952262,442.0
1789884454,50,POST,POST /api/v1/auth/login,0.000000,0.000000,0,0,0,0,0,0,0,0,0,0,0,50,0,1300.0,1369.1218887201103,628.633758999058,2104.1982940005255,1622.0
1789884454,50,POST,POST /api/v1/auth/refresh,0.000000,0.000000,0,0,0,0,0,0,0,0,0,0,0,100,0,27,29.209557120193494,18.447431997628883,75.96593200287316,1622.0
1789884454,50,,Aggregated,25.200000,0.000000,6,7,13,27,190,330,550,560,580,580,580,49895,0,6,9.714207365292395,3.0284199965535663,2104.1982940005255,6817.59813608578
1789884455,50,GET,GET /api/v1/reservas,17.400000,0.000000,7,10,20,41,230,420,560,560,580,580,580,37317,0,7,8.920266278393468,4.633864002244081,1957.275683998887,8965.0
1789884455,50,GET,GET /api/v1/reservas/{id},6.500000,0.000000,5,7,10,13,93,200,240,360,360,360,360,12448,0,5,6.480172825066566,3.0284199965535663,1521.0046399952262,442.0
1789884455,50,POST,POST /api/v1/auth/login,0.000000,0.000000,0,0,0,0,0,0,0,0,0,0,0,50,0,1300.0,1369.1218887201103,628.633758999058,2104.1982940005255,1622.0
1789884455,50,POST,POST /api/v1/auth/refresh,0.000000,0.000000,0,0,0,0,0,0,0,0,0,0,0,100,0,27,29.209557120193494,18.447431997628883,75.96593200287316,1622.0
1789884455,50,,Aggregated,23.900000,0.000000,7,9,14,32,190,330,550,560,580,580,580,49915,0,6,9.714911713618402,3.0284199965535663,2104.1982940005255,6817.434057898427
1789884456,50,GET,GET /api/v1/reservas,17.300000,0.000000,7,10,23,42,230,420,560,560,580,580,580,37337,0,7,8.921082310276612,4.633864002244081,1957.275683998887,8965.0
1789884456,50,GET,GET /api/v1/reservas/{id},7.100000,0.000000,5,7,10,13,76,200,240,360,360,360,360,12457,0,5,6.479208227616983,3.0284199965535663,1521.0046399952262,442.0
1789884456,50,POST,POST /api/v1/auth/login,0.000000,0.000000,0,0,0,0,0,0,0,0,0,0,0,50,0,1300.0,1369.1218887201103,628.633758999058,2104.1982940005255,1622.0
1789884456,50,POST,POST /api/v1/auth/refresh,0.000000,0.000000,0,0,0,0,0,0,0,0,0,0,0,100,0,27,29.209557120193494,18.447431997628883,75.96593200287316,1622.0
1789884456,50,,Aggregated,24.400000,0.000000,7,10,14,36,190,330,550,560,580,580,580,49944,0,6,9.71438005082187,3.0284199965535663,2104.1982940005255,6817.145182604517
1789884457,50,GET,GET /api/v1/reservas,17.700000,0.000000,8,11,23,42,230,420,560,560,580,580,580,37354,0,7,8.920597302264452,4.633864002244081,1957.275683998887,8965.0
1789884457,50,GET,GET /api/v1/reservas/{id},6.700000,0.000000,5,7,10,13,93,200,240,360,360,360,360,12461,0,5,6.478988776777666,3.0284199965535663,1521.0046399952262,442.0
1789884457,50,POST,POST /api/v1/auth/login,0.000000,0.000000,0,0,0,0,0,0,0,0,0,0,0,50,0,1300.0,1369.1218887201103,628.633758999058,2104.1982940005255,1622.0
1789884457,50,POST,POST /api/v1/auth/refresh,0.000000,0.000000,0,0,0,0,0,0,0,0,0,0,0,100,0,27,29.209557120193494,18.447431997628883,75.96593200287316,1622.0
1789884457,50,,Aggregated,24.400000,0.000000,7,10,14,36,190,330,550,560,580,580,580,49965,0,6,9.713433822160267,3.0284199965535663,2104.1982940005255,6817.365595917142
1789884458,50,GET,GET /api/v1/reservas,16.900000,0.000000,8,10,20,41,230,420,560,560,580,580,580,37376,0,7,8.919196271131542,4.633864002244081,1957.275683998887,8965.0
1789884458,50,GET,GET /api/v1/reservas/{id},7.500000,0.000000,6,7,10,13,93,200,240,360,360,360,360,12468,0,5,6.478118006451284,3.0284199965535663,1521.0046399952262,442.0
1789884458,50,POST,POST /api/v1/auth/login,0.000000,0.000000,0,0,0,0,0,0,0,0,0,0,0,50,0,1300.0,1369.1218887201103,628.633758999058,2104.1982940005255,1622.0
1789884458,50,POST,POST /api/v1/auth/refresh,0.000000,0.000000,0,0,0,0,0,0,0,0,0,0,0,100,0,27,29.209557120193494,18.447431997628883,75.96593200287316,1622.0
1789884458,50,,Aggregated,24.400000,0.000000,7,10,14,36,190,330,550,560,580,580,580,49994,0,6,9.711367469741809,3.0284199965535663,2104.1982940005255,6817.418010161219
1789884459,50,GET,GET /api/v1/reservas,16.600000,0.000000,8,11,23,42,230,420,560,560,580,580,580,37389,0,7,8.918256106737473,4.633864002244081,1957.275683998887,8965.0
1789884459,50,GET,GET /api/v1/reservas/{id},7.400000,0.000000,6,7,10,15,93,200,240,360,360,360,360,12475,0,5,6.477683978312148,3.0284199965535663,1521.0046399952262,442.0
1789884459,50,POST,POST /api/v1/auth/login,0.000000,0.000000,0,0,0,0,0,0,0,0,0,0,0,50,0,1300.0,1369.1218887201103,628.633758999058,2104.1982940005255,1622.0
1789884459,50,POST,POST /api/v1/auth/refresh,0.000000,0.000000,0,0,0,0,0,0,0,0,0,0,0,100,0,27,29.209557120193494,18.447431997628883,75.96593200287316,1622.0
1789884459,50,,Aggregated,24.000000,0.000000,7,10,15,36,200,330,550,560,580,580,580,50014,0,6,9.709897935623552,3.0284199965535663,2104.1982940005255,6817.083916503379
1789884460,50,GET,GET /api/v1/reservas,16.800000,0.000000,8,10,16,41,230,420,560,560,580,580,580,37411,0,7,8.91718704011679,4.633864002244081,1957.275683998887,8965.0
1789884460,50,GET,GET /api/v1/reservas/{id},7.000000,0.000000,6,8,10,15,93,200,240,360,360,360,360,12480,0,5,6.4768342921023505,3.0284199965535663,1521.0046399952262,442.0
1789884460,50,POST,POST /api/v1/auth/login,0.000000,0.000000,0,0,0,0,0,0,0,0,0,0,0,50,0,1300.0,1369.1218887201103,628.633758999058,2104.1982940005255,1622.0
1789884460,50,POST,POST /api/v1/auth/refresh,0.000000,0.000000,0,0,0,0,0,0,0,0,0,0,0,100,0,27,29.209557120193494,18.447431997628883,75.96593200287316,1622.0
1789884460,50,,Aggregated,23.800000,0.000000,7,10,14,36,200,330,550,560,580,580,580,50041,0,6,9.708215792475599,3.0284199965535663,2104.1982940005255,6817.391239183869
1789884461,50,GET,GET /api/v1/reservas,17.100000,0.000000,7,9,12,36,230,420,560,560,580,580,580,37429,0,7,8.915914313735039,4.633864002244081,1957.275683998887,8965.0
1789884461,50,GET,GET /api/v1/reservas/{id},6.800000,0.000000,6,7,8,13,130,230,240,360,360,360,360,12485,0,5,6.476075777847839,3.0284199965535663,1521.0046399952262,442.0
1789884461,50,POST,POST /api/v1/auth/login,0.000000,0.000000,0,0,0,0,0,0,0,0,0,0,0,50,0,1300.0,1369.1218887201103,628.633758999058,2104.1982940005255,1622.0
1789884461,50,POST,POST /api/v1/auth/refresh,0.000000,0.000000,0,0,0,0,0,0,0,0,0,0,0,100,0,27,29.209557120193494,18.447431997628883,75.96593200287316,1622.0
1789884461,50,,Aggregated,23.900000,0.000000,7,8,12,32,200,330,550,560,580,580,580,50064,0,6,9.706467982647089,3.0284199965535663,2104.1982940005255,6817.526665867689
1789884462,50,GET,GET /api/v1/reservas,16.800000,0.000000,7,8,9,10,48,120,290,480,580,580,580,37451,0,7,8.914339630631472,4.633864002244081,1957.275683998887,8965.0
1789884462,50,GET,GET /api/v1/reservas/{id},6.600000,0.000000,5,6,7,8,76,180,240,360,360,360,360,12490,0,5,6.475244457599636,3.0284199965535663,1521.0046399952262,442.0
1789884462,50,POST,POST /api/v1/auth/login,0.000000,0.000000,0,0,0,0,0,0,0,0,0,0,0,50,0,1300.0,1369.1218887201103,628.633758999058,2104.1982940005255,1622.0
1789884462,50,POST,POST /api/v1/auth/refresh,0.000000,0.000000,0,0,0,0,0,0,0,0,0,0,0,100,0,27,29.209557120193494,18.447431997628883,75.96593200287316,1622.0
1789884462,50,,Aggregated,23.400000,0.000000,7,8,9,10,64,130,290,360,580,580,580,50091,0,6,9.704413705660171,3.0284199965535663,2104.1982940005255,6817.833443133497
1789884463,50,GET,GET /api/v1/reservas,17.200000,0.000000,7,8,8,9,11,13,42,48,65,65,65,37470,0,7,8.913814348299292,4.633864002244081,1957.275683998887,8965.0
1789884463,50,GET,GET /api/v1/reservas/{id},6.200000,0.000000,5,6,6,6,7,9,10,15,15,15,15,12496,0,5,6.475067889437509,3.0284199965535663,1521.0046399952262,442.0
1789884463,50,POST,POST /api/v1/auth/login,0.000000,0.000000,0,0,0,0,0,0,0,0,0,0,0,50,0,1300.0,1369.1218887201103,628.633758999058,2104.1982940005255,1622.0
1789884463,50,POST,POST /api/v1/auth/refresh,0.000000,0.000000,0,0,0,0,0,0,0,0,0,0,0,100,0,27,29.209557120193494,18.447431997628883,75.96593200287316,1622.0
1789884463,50,,Aggregated,23.400000,0.000000,7,7,8,8,10,13,36,43,65,65,65,50116,0,6,9.703290807830044,3.0284199965535663,2104.1982940005255,6817.884148774842
1789884464,50,GET,GET /api/v1/reservas,17.600000,0.000000,7,8,8,8,10,12,18,42,65,65,65,37491,0,7,8.914003447808211,4.633864002244081,1957.275683998887,8965.0
1789884464,50,GET,GET /api/v1/reservas/{id},6.000000,0.000000,5,6,6,6,8,10,15,18,18,18,18,12500,0,5,6.476076683712891,3.0284199965535663,1521.0046399952262,442.0
1789884464,50,POST,POST /api/v1/auth/login,0.000000,0.000000,0,0,0,0,0,0,0,0,0,0,0,50,0,1300.0,1369.1218887201103,628.633758999058,2104.1982940005255,1622.0
1789884464,50,POST,POST /api/v1/auth/refresh,0.000000,0.000000,0,0,0,0,0,0,0,0,0,0,0,100,0,27,29.209557120193494,18.447431997628883,75.96593200287316,1622.0
1789884464,50,,Aggregated,23.600000,0.000000,7,7,8,8,10,12,18,36,65,65,65,50141,0,6,9.703095509786674,3.0284199965535663,2104.1982940005255,6818.274765162242
1789884465,50,GET,GET /api/v1/reservas,18.700000,0.000000,7,7,8,8,10,12,14,18,65,65,65,37515,0,7,8.91312930515193,4.633864002244081,1957.275683998887,8965.0
1789884465,50,GET,GET /api/v1/reservas/{id},6.100000,0.000000,5,5,6,6,7,8,9,18,18,18,18,12507,0,5,6.475146212472381,3.0284199965535663,1521.0046399952262,442.0
1789884465,50,POST,POST /api/v1/auth/login,0.000000,0.000000,0,0,0,0,0,0,0,0,0,0,0,50,0,1300.0,1369.1218887201103,628.633758999058,2104.1982940005255,1622.0
1789884465,50,POST,POST /api/v1/auth/refresh,0.000000,0.000000,0,0,0,0,0,0,0,0,0,0,0,100,0,27,29.209557120193494,18.447431997628883,75.96593200287316,1622.0
1789884465,50,,Aggregated,24.800000,0.000000,6,7,8,8,10,12,14,18,65,65,65,50172,0,6,9.701382239300637,3.0284199965535663,2104.1982940005255,6818.412042573547
1789884466,50,GET,GET /api/v1/reservas,18.400000,0.000000,7,7,8,8,10,11,13,16,18,18,18,37529,0,7,8.912179155020391,4.633864002244081,1957.275683998887,8965.0
1789884466,50,GET,GET /api/v1/reservas/{id},5.700000,0.000000,5,5,5,6,7,8,9,18,18,18,18,12514,0,5,6.474299798178162,3.0284199965535663,1521.0046399952262,442.0
1789884466,50,POST,POST /api/v1/auth/login,0.000000,0.000000,0,0,0,0,0,0,0,0,0,0,0,50,0,1300.0,1369.1218887201103,628.633758999058,2104.1982940005255,1622.0
1789884466,50,POST,POST /api/v1/auth/refresh,0.000000,0.000000,0,0,0,0,0,0,0,0,0,0,0,100,0,27,29.209557120193494,18.447431997628883,75.96593200287316,1622.0
1789884466,50,,Aggregated,24.100000,0.000000,6,7,7,8,9,11,13,16,18,18,18,50193,0,6,9.69979099338925,3.0284199965535663,2104.1982940005255,6818.121510967665
1789884467,50,GET,GET /api/v1/reservas,18.900000,0.000000,7,7,8,8,9,11,13,16,18,18,18,37550,0,7,8.910869799087795,4.633864002244081,1957.275683998887,8965.0
1789884467,50,GET,GET /api/v1/reservas/{id},5.800000,0.000000,5,5,5,6,7,8,9,18,18,18,18,12519,0,5,6.4732446078281525,3.0284199965535663,1521.0046399952262,442.0
1789884467,50,POST,POST /api/v1/auth/login,0.000000,0.000000,0,0,0,0,0,0,0,0,0,0,0,50,0,1300.0,1369.1218887201103,628.633758999058,2104.1982940005255,1622.0
1789884467,50,POST,POST /api/v1/auth/refresh,0.000000,0.000000,0,0,0,0,0,0,0,0,0,0,0,100,0,27,29.209557120193494,18.447431997628883,75.96593200287316,1622.0
1789884467,50,,Aggregated,24.700000,0.000000,6,7,7,8,9,11,13,16,18,18,18,50219,0,6,9.697898411939152,3.0284199965535663,2104.1982940005255,6818.384436169577
1789884468,50,GET,GET /api/v1/reservas,19.600000,0.000000,7,7,7,8,9,11,13,16,18,18,18,37571,0,7,8.90942902679598,4.633864002244081,1957.275683998887,8965.0
1789884468,50,GET,GET /api/v1/reservas/{id},5.500000,0.000000,5,5,5,5,7,8,9,18,18,18,18,12522,0,5,6.47275898437972,3.0284199965535663,1521.0046399952262,442.0
1789884468,50,POST,POST /api/v1/auth/login,0.000000,0.000000,0,0,0,0,0,0,0,0,0,0,0,50,0,1300.0,1369.1218887201103,628.633758999058,2104.1982940005255,1622.0
1789884468,50,POST,POST /api/v1/auth/refresh,0.000000,0.000000,0,0,0,0,0,0,0,0,0,0,0,100,0,27,29.209557120193494,18.447431997628883,75.96593200287316,1622.0
1789884468,50,,Aggregated,25.100000,0.000000,6,7,7,8,9,11,13,16,18,18,18,50243,0,6,9.696178494838673,3.0284199965535663,2104.1982940005255,6818.900921521406
1789884469,50,GET,GET /api/v1/reservas,19.000000,0.000000,6,7,7,8,9,11,13,14,18,18,18,37599,0,7,8.907414771051233,4.633864002244081,1957.275683998887,8965.0
1789884469,50,GET,GET /api/v1/reservas/{id},5.500000,0.000000,5,5,5,5,6,8,9,18,18,18,18,12527,0,5,6.472091780107652,3.0284199965535663,1521.0046399952262,442.0
1789884469,50,POST,POST /api/v1/auth/login,0.000000,0.000000,0,0,0,0,0,0,0,0,0,0,0,50,0,1300.0,1369.1218887201103,628.633758999058,2104.1982940005255,1622.0
1789884469,50,POST,POST /api/v1/auth/refresh,0.000000,0.000000,0,0,0,0,0,0,0,0,0,0,0,100,0,27,29.209557120193494,18.447431997628883,75.96593200287316,1622.0
1789884469,50,,Aggregated,24.500000,0.000000,6,7,7,8,9,11,13,16,18,18,18,50276,0,6,9.693747152800317,3.0284199965535663,2104.1982940005255,6819.461950035802
1789884470,50,GET,GET /api/v1/reservas,19.600000,0.000000,6,7,7,8,9,11,13,16,18,18,18,37612,0,7,8.906566989970058,4.633864002244081,1957.275683998887,8965.0
1789884470,50,GET,GET /api/v1/reservas/{id},5.600000,0.000000,5,5,5,5,7,8,9,18,18,18,18,12532,0,5,6.471612389435425,3.0284199965535663,1521.0046399952262,442.0
1789884470,50,POST,POST /api/v1/auth/login,0.000000,0.000000,0,0,0,0,0,0,0,0,0,0,0,50,0,1300.0,1369.1218887201103,628.633758999058,2104.1982940005255,1622.0
1789884470,50,POST,POST /api/v1/auth/refresh,0.000000,0.000000,0,0,0,0,0,0,0,0,0,0,0,100,0,27,29.209557120193494,18.447431997628883,75.96593200287316,1622.0
1789884470,50,,Aggregated,25.200000,0.000000,6,7,7,7,9,10,13,16,18,18,18,50294,0,6,9.692470160241449,3.0284199965535663,2104.1982940005255,6819.382510836283
1789884471,50,GET,GET /api/v1/reservas,19.600000,0.000000,7,7,7,8,9,11,13,16,23,23,23,37635,0,7,8.905888021223609,4.633864002244081,1957.275683998887,8965.0
1789884471,50,GET,GET /api/v1/reservas/{id},5.400000,0.000000,5,5,5,6,7,8,18,18,18,18,18,12535,0,5,6.471307285553034,3.0284199965535663,1521.0046399952262,442.0
1789884471,50,POST,POST /api/v1/auth/login,0.000000,0.000000,0,0,0,0,0,0,0,0,0,0,0,50,0,1300.0,1369.1218887201103,628.633758999058,2104.1982940005255,1622.0
1789884471,50,POST,POST /api/v1/auth/refresh,0.000000,0.000000,0,0,0,0,0,0,0,0,0,0,0,100,0,27,29.209557120193494,18.447431997628883,75.96593200287316,1622.0
1789884471,50,,Aggregated,25.000000,0.000000,6,7,7,8,9,11,14,18,23,23,23,50320,0,6,9.691335108330339,3.0284199965535663,2104.1982940005255,6819.983008744038
1789884472,50,GET,GET /api/v1/reservas,20.600000,0.000000,7,7,7,8,9,12,14,18,23,23,23,37656,0,7,8.904404715497183,4.633864002244081,1957.275683998887,8965.0
1789884472,50,GET,GET /api/v1/reservas/{id},5.300000,0.000000,5,5,5,6,7,8,18,18,18,18,18,12538,0,5,6.470770445717937,3.0284199965535663,1521.0046399952262,442.0
1789884472,50,POST,POST /api/v1/auth/login,0.000000,0.000000,0,0,0,0,0,0,0,0,0,0,0,50,0,1300.0,1369.1218887201103,628.633758999058,2104.1982940005255,1622.0
1789884472,50,POST,POST /api/v1/auth/refresh,0.000000,0.000000,0,0,0,0,0,0,0,0,0,0,0,100,0,27,29.209557120193494,18.447431997628883,75.96593200287316,1622.0
1789884472,50,,Aggregated,25.900000,0.000000,6,7,7,7,9,11,14,18,23,23,23,50344,0,6,9.689572421007435,3.0284199965535663,2104.1982940005255,6820.497695852535
1789884473,50,GET,GET /api/v1/reservas,20.300000,0.000000,7,7,7,8,9,11,12,14,23,23,23,37677,0,7,8.90351652750364,4.633864002244081,1957.275683998887,8965.0
1789884473,50,GET,GET /api/v1/reservas/{id},5.200000,0.000000,5,5,5,6,8,8,18,18,18,18,18,12546,0,5,6.4704244820979655,3.0284199965535663,1521.0046399952262,442.0
1789884473,50,POST,POST /api/v1/auth/login,0.000000,0.000000,0,0,0,0,0,0,0,0,0,0,0,50,0,1300.0,1369.1218887201103,628.633758999058,2104.1982940005255,1622.0
1789884473,50,POST,POST /api/v1/auth/refresh,0.000000,0.000000,0,0,0,0,0,0,0,0,0,0,0,100,0,27,29.209557120193494,18.447431997628883,75.96593200287316,1622.0
1789884473,50,,Aggregated,25.500000,0.000000,6,7,7,7,8,10,12,16,23,23,23,50373,0,6,9.687983401964953,3.0284199965535663,2104.1982940005255,6820.378714787684
1789884474,50,GET,GET /api/v1/reservas,20.800000,0.000000,7,7,7,7,9,11,12,16,23,23,23,37694,0,7,8.903129150839177,4.633864002244081,1957.275683998887,8965.0
1789884474,50,GET,GET /api/v1/reservas/{id},4.800000,0.000000,5,5,5,6,8,8,10,10,10,10,10,12550,0,5,6.470752736764929,3.0284199965535663,1521.0046399952262,442.0
1789884474,50,POST,POST /api/v1/auth/login,0.000000,0.000000,0,0,0,0,0,0,0,0,0,0,0,50,0,1300.0,1369.1218887201103,628.633758999058,2104.1982940005255,1622.0
1789884474,50,POST,POST /api/v1/auth/refresh,0.000000,0.000000,0,0,0,0,0,0,0,0,0,0,0,100,0,27,29.209557120193494,18.447431997628883,75.96593200287316,1622.0
1789884474,50,,Aggregated,25.600000,0.000000,6,7,7,7,8,10,11,12,23,23,23,50394,0,6,9.687255371793402,3.0284199965535663,2104.1982940005255,6820.595904274318
1789884475,50,GET,GET /api/v1/reservas,20.300000,0.000000,6,7,7,7,8,10,11,12,23,23,23,37713,0,7,8.901958827161017,4.633864002244081,1957.275683998887,8965.0
1789884475,50,GET,GET /api/v1/reservas/{id},5.000000,0.000000,5,5,6,6,8,8,10,10,10,10,10,12555,0,5,6.470346521178749,3.0284199965535663,1521.0046399952262,442.0
1789884475,50,POST,POST /api/v1/auth/login,0.000000,0.000000,0,0,0,0,0,0,0,0,0,0,0,50,0,1300.0,1369.1218887201103,628.633758999058,2104.1982940005255,1622.0
1789884475,50,POST,POST /api/v1/auth/refresh,0.000000,0.000000,0,0,0,0,0,0,0,0,0,0,0,100,0,27,29.209557120193494,18.447431997628883,75.96593200287316,1622.0
1789884475,50,,Aggregated,25.300000,0.000000,6,7,7,7,8,10,11,11,23,23,23,50418,0,6,9.685664325640595,3.0284199965535663,2104.1982940005255,6820.771450672379
1789884476,50,GET,GET /api/v1/reservas,20.900000,0.000000,6,7,7,7,9,11,12,13,23,23,23,37730,0,7,8.901277656632015,4.633864002244081,1957.275683998887,8965.0
1789884476,50,GET,GET /api/v1/reservas/{id},4.900000,0.000000,5,5,6,6,8,9,10,10,10,10,10,12561,0,5,6.4697894817619765,3.0284199965535663,1521.0046399952262,442.0
1789884476,50,POST,POST /api/v1/auth/login,0.000000,0.000000,0,0,0,0,0,0,0,0,0,0,0,50,0,1300.0,1369.1218887201103,628.633758999058,2104.1982940005255,1622.0
1789884476,50,POST,POST /api/v1/auth/refresh,0.000000,0.000000,0,0,0,0,0,0,0,0,0,0,0,100,0,27,29.209557120193494,18.447431997628883,75.96593200287316,1622.0
1789884476,50,,Aggregated,25.800000,0.000000,6,7,7,7,9,10,12,12,23,23,23,50441,0,6,9.684369497297098,3.0284199965535663,2104.1982940005255,6820.735354176166
1789884477,50,GET,GET /api/v1/reservas,19.900000,0.000000,6,7,7,7,9,11,12,13,23,23,23,37753,0,7,8.899648680017549,4.633864002244081,1957.275683998887,8965.0
1789884477,50,GET,GET /api/v1/reservas/{id},5.100000,0.000000,5,5,6,7,8,9,10,10,10,10,10,12568,0,5,6.468644582543706,3.0284199965535663,1521.0046399952262,442.0
1789884477,50,POST,POST /api/v1/auth/login,0.000000,0.000000,0,0,0,0,0,0,0,0,0,0,0,50,0,1300.0,1369.1218887201103,628.633758999058,2104.1982940005255,1622.0
1789884477,50,POST,POST /api/v1/auth/refresh,0.000000,0.000000,0,0,0,0,0,0,0,0,0,0,0,100,0,27,29.209557120193494,18.447431997628883,75.96593200287316,1622.0
1789884477,50,,Aggregated,25.000000,0.000000,6,7,7,7,9,10,12,12,23,23,23,50471,0,6,9.682063202198028,3.0284199965535663,2104.1982940005255,6820.827821917537
1789884478,50,GET,GET /api/v1/reservas,19.700000,0.000000,6,7,7,7,9,11,12,13,23,23,23,37769,0,7,8.89863555820164,4.633864002244081,1957.275683998887,8965.0
1789884478,50,GET,GET /api/v1/reservas/{id},4.900000,0.000000,5,5,6,7,8,9,10,10,10,10,10,12573,0,5,6.467738966706246,3.0284199965535663,1521.0046399952262,442.0
1789884478,50,POST,POST /api/v1/auth/login,0.000000,0.000000,0,0,0,0,0,0,0,0,0,0,0,50,0,1300.0,1369.1218887201103,628.633758999058,2104.1982940005255,1622.0
1789884478,50,POST,POST /api/v1/auth/refresh,0.000000,0.000000,0,0,0,0,0,0,0,0,0,0,0,100,0,27,29.209557120193494,18.447431997628883,75.96593200287316,1622.0
1789884478,50,,Aggregated,24.600000,0.000000,6,7,7,7,9,10,12,12,23,23,23,50492,0,6,9.680513716512325,3.0284199965535663,2104.1982940005255,6820.875604056088
1789884479,50,GET,GET /api/v1/reservas,20.500000,0.000000,6,7,7,7,9,11,12,13,23,23,23,37789,0,7,8.89717530899738,4.633864002244081,1957.275683998887,8965.0
1789884479,50,GET,GET /api/v1/reservas/{id},4.800000,0.000000,5,5,6,7,8,9,10,10,10,10,10,12579,0,5,6.466661102423885,3.0284199965535663,1521.0046399952262,442.0
1789884479,50,POST,POST /api/v1/auth/login,0.000000,0.000000,0,0,0,0,0,0,0,0,0,0,0,50,0,1300.0,1369.1218887201103,628.633758999058,2104.1982940005255,1622.0
1789884479,50,POST,POST /api/v1/auth/refresh,0.000000,0.000000,0,0,0,0,0,0,0,0,0,0,0,100,0,27,29.209557120193494,18.447431997628883,75.96593200287316,1622.0
1789884479,50,,Aggregated,25.300000,0.000000,6,7,7,7,9,10,12,12,23,23,23,50518,0,6,9.678461892931566,3.0284199965535663,2104.1982940005255,6820.966843501326
1789884480,50,GET,GET /api/v1/reservas,20.200000,0.000000,7,7,7,8,9,11,12,12,13,13,13,37810,0,7,8.896392778834436,4.633864002244081,1957.275683998887,8965.0
1789884480,50,GET,GET /api/v1/reservas/{id},5.100000,0.000000,4,5,5,6,8,9,10,10,10,10,10,12581,0,5,6.4663161898410095,3.0284199965535663,1521.0046399952262,442.0
1789884480,50,POST,POST /api/v1/auth/login,0.000000,0.000000,0,0,0,0,0,0,0,0,0,0,0,50,0,1300.0,1369.1218887201103,628.633758999058,2104.1982940005255,1622.0
1789884480,50,POST,POST /api/v1/auth/refresh,0.000000,0.000000,0,0,0,0,0,0,0,0,0,0,0,100,0,27,29.209557120193494,18.447431997628883,75.96593200287316,1622.0
1789884480,50,,Aggregated,25.300000,0.000000,6,7,7,8,9,10,11,12,13,13,13,50541,0,6,9.67733889515729,3.0284199965535663,2104.1982940005255,6821.605270968125
1789884481,50,GET,GET /api/v1/reservas,19.400000,0.000000,6,7,7,8,9,11,12,13,15,15,15,37832,0,7,8.895082416544478,4.633864002244081,1957.275683998887,8965.0
1789884481,50,GET,GET /api/v1/reservas/{id},5.100000,0.000000,4,5,5,5,8,9,10,10,10,10,10,12586,0,5,6.46556302259547,3.0284199965535663,1521.0046399952262,442.0
1789884481,50,POST,POST /api/v1/auth/login,0.000000,0.000000,0,0,0,0,0,0,0,0,0,0,0,50,0,1300.0,1369.1218887201103,628.633758999058,2104.1982940005255,1622.0
1789884481,50,POST,POST /api/v1/auth/refresh,0.000000,0.000000,0,0,0,0,0,0,0,0,0,0,0,100,0,27,29.209557120193494,18.447431997628883,75.96593200287316,1622.0
1789884481,50,,Aggregated,24.500000,0.000000,6,7,7,7,9,10,12,12,15,15,15,50568,0,6,9.675513849334008,3.0284199965535663,2104.1982940005255,6821.906976744186
1789884482,50,GET,GET /api/v1/reservas,19.200000,0.000000,6,7,7,8,9,11,12,13,15,15,15,37849,0,7,8.894035301876238,4.633864002244081,1957.275683998887,8965.0
1789884482,50,GET,GET /api/v1/reservas/{id},5.100000,0.000000,4,5,5,5,8,9,10,10,10,10,10,12596,0,5,6.464123931041232,3.0284199965535663,1521.0046399952262,442.0
1789884482,50,POST,POST /api/v1/auth/login,0.000000,0.000000,0,0,0,0,0,0,0,0,0,0,0,50,0,1300.0,1369.1218887201103,628.633758999058,2104.1982940005255,1622.0
1789884482,50,POST,POST /api/v1/auth/refresh,0.000000,0.000000,0,0,0,0,0,0,0,0,0,0,0,100,0,27,29.209557120193494,18.447431997628883,75.96593200287316,1622.0
1789884482,50,,Aggregated,24.300000,0.000000,6,7,7,8,9,10,12,12,15,15,15,50595,0,6,9.67347558699741,3.0284199965535663,2104.1982940005255,6821.366083605099
1789884483,50,GET,GET /api/v1/reservas,19.700000,0.000000,6,7,7,8,9,11,12,14,15,15,15,37869,0,7,8.892898781370521,4.633864002244081,1957.275683998887,8965.0
1789884483,50,GET,GET /api/v1/reservas/{id},4.900000,0.000000,4,5,5,5,7,9,10,10,10,10,10,12602,0,5,6.463356115330475,3.0284199965535663,1521.0046399952262,442.0
1789884483,50,POST,POST /api/v1/auth/login,0.000000,0.000000,0,0,0,0,0,0,0,0,0,0,0,50,0,1300.0,1369.1218887201103,628.633758999058,2104.1982940005255,1622.0
1789884483,50,POST,POST /api/v1/auth/refresh,0.000000,0.000000,0,0,0,0,0,0,0,0,0,0,0,100,0,27,29.209557120193494,18.447431997628883,75.96593200287316,1622.0
1789884483,50,,Aggregated,24.600000,0.000000,6,7,7,7,8,10,12,13,15,15,15,50621,0,6,9.671745873553263,3.0284199965535663,2104.1982940005255,6821.45688548231
1789884484,50,GET,GET /api/v1/reservas,19.400000,0.000000,6,7,7,8,10,12,19,20,21,21,21,37886,0,7,8.893919913628016,4.633864002244081,1957.275683998887,8965.0
1789884484,50,GET,GET /api/v1/reservas/{id},5.100000,0.000000,4,5,5,5,7,9,9,10,10,10,10,12607,0,5,6.463426259094504,3.0284199965535663,1521.0046399952262,442.0
1789884484,50,POST,POST /api/v1/auth/login,0.000000,0.000000,0,0,0,0,0,0,0,0,0,0,0,50,0,1300.0,1369.1218887201103,628.633758999058,2104.1982940005255,1622.0
1789884484,50,POST,POST /api/v1/auth/refresh,0.000000,0.000000,0,0,0,0,0,0,0,0,0,0,0,100,0,27,29.209557120193494,18.447431997628883,75.96593200287316,1622.0
1789884484,50,,Aggregated,24.500000,0.000000,6,7,7,7,9,11,15,19,21,21,21,50643,0,6,9.671949032327081,3.0284199965535663,2104.1982940005255,6821.546590841775
1789884485,50,GET,GET /api/v1/reservas,18.900000,0.000000,7,7,8,8,11,14,20,25,34,34,34,37902,0,7,8.895413966722709,4.633864002244081,1957.275683998887,8965.0
1789884485,50,GET,GET /api/v1/reservas/{id},5.600000,0.000000,4,5,5,5,7,8,9,19,19,19,19,12612,0,5,6.464157272074452,3.0284199965535663,1521.0046399952262,442.0
1789884485,50,POST,POST /api/v1/auth/login,0.000000,0.000000,0,0,0,0,0,0,0,0,0,0,0,50,0,1300.0,1369.1218887201103,628.633758999058,2104.1982940005255,1622.0
1789884485,50,POST,POST /api/v1/auth/refresh,0.000000,0.000000,0,0,0,0,0,0,0,0,0,0,0,100,0,27,29.209557120193494,18.447431997628883,75.96593200287316,1622.0
1789884485,50,,Aggregated,24.500000,0.000000,6,7,7,8,10,13,19,21,34,34,34,50664,0,6,9.672686361719405,3.0284199965535663,2104.1982940005255,6821.593912837518
1789884486,50,GET,GET /api/v1/reservas,19.000000,0.000000,7,7,8,8,11,14,20,25,34,34,34,37920,0,7,8.894292728922558,4.633864002244081,1957.275683998887,8965.0
1789884486,50,GET,GET /api/v1/reservas/{id},5.600000,0.000000,5,5,5,5,7,8,9,19,19,19,19,12618,0,5,6.463775312759835,3.0284199965535663,1521.0046399952262,442.0
1789884486,50,POST,POST /api/v1/auth/login,0.000000,0.000000,0,0,0,0,0,0,0,0,0,0,0,50,0,1300.0,1369.1218887201103,628.633758999058,2104.1982940005255,1622.0
1789884486,50,POST,POST /api/v1/auth/refresh,0.000000,0.000000,0,0,0,0,0,0,0,0,0,0,0,100,0,27,29.209557120193494,18.447431997628883,75.96593200287316,1622.0
1789884486,50,,Aggregated,24.600000,0.000000,6,7,7,8,10,12,19,21,34,34,34,50688,0,6,9.67109665650986,3.0284199965535663,2104.1982940005255,6821.59990530303
1789884487,50,GET,GET /api/v1/reservas,19.100000,0.000000,7,7,8,8,11,14,20,25,34,34,34,37943,0,7,8.892683250237319,4.633864002244081,1957.275683998887,8965.0
1789884487,50,GET,GET /api/v1/reservas/{id},5.600000,0.000000,5,5,5,5,7,8,9,19,19,19,19,12625,0,5,6.46274547868565,3.0284199965535663,1521.0046399952262,442.0
1789884487,50,POST,POST /api/v1/auth/login,0.000000,0.000000,0,0,0,0,0,0,0,0,0,0,0,50,0,1300.0,1369.1218887201103,628.633758999058,2104.1982940005255,1622.0
1789884487,50,POST,POST /api/v1/auth/refresh,0.000000,0.000000,0,0,0,0,0,0,0,0,0,0,0,100,0,27,29.209557120193494,18.447431997628883,75.96593200287316,1622.0
1789884487,50,,Aggregated,24.700000,0.000000,6,7,7,8,10,12,19,21,34,34,34,50718,0,6,9.668841286726327,3.0284199965535663,2104.1982940005255,6821.691411333254
1789884488,50,GET,GET /api/v1/reservas,18.900000,0.000000,6,7,8,8,11,14,20,25,34,34,34,37961,0,7,8.891336454459866,4.633864002244081,1957.275683998887,8965.0
1789884488,50,GET,GET /api/v1/reservas/{id},5.700000,0.000000,5,5,5,5,7,8,9,19,19,19,19,12632,0,5,6.461732484278217,3.0284199965535663,1521.0046399952262,442.0
1789884488,50,POST,POST /api/v1/auth/login,0.000000,0.000000,0,0,0,0,0,0,0,0,0,0,0,50,0,1300.0,1369.1218887201103,628.633758999058,2104.1982940005255,1622.0
1789884488,50,POST,POST /api/v1/auth/refresh,0.000000,0.000000,0,0,0,0,0,0,0,0,0,0,0,100,0,27,29.209557120193494,18.447431997628883,75.96593200287316,1622.0
1789884488,50,,Aggregated,24.600000,0.000000,6,7,7,8,10,12,19,21,34,34,34,50743,0,6,9.666863962264317,3.0284199965535663,2104.1982940005255,6821.571625642946
1789884489,50,GET,GET /api/v1/reservas,19.100000,0.000000,7,7,8,8,11,14,20,25,34,34,34,37977,0,7,8.890335630875514,4.633864002244081,1957.275683998887,8965.0
1789884489,50,GET,GET /api/v1/reservas/{id},5.600000,0.000000,5,5,5,5,7,8,9,19,19,19,19,12643,0,5,6.459968757131025,3.0284199965535663,1521.0046399952262,442.0
1789884489,50,POST,POST /api/v1/auth/login,0.000000,0.000000,0,0,0,0,0,0,0,0,0,0,0,50,0,1300.0,1369.1218887201103,628.633758999058,2104.1982940005255,1622.0
1789884489,50,POST,POST /api/v1/auth/refresh,0.000000,0.000000,0,0,0,0,0,0,0,0,0,0,0,100,0,27,29.209557120193494,18.447431997628883,75.96593200287316,1622.0
1789884489,50,,Aggregated,24.700000,0.000000,6,7,7,8,10,12,19,21,34,34,34,50770,0,6,9.664737273945082,3.0284199965535663,2104.1982940005255,6820.86490053181
1789884490,50,GET,GET /api/v1/reservas,19.100000,0.000000,6,7,8,8,10,14,20,25,34,34,34,37997,0,7,8.889032486032868,4.633864002244081,1957.275683998887,8965.0
1789884490,50,GET,GET /api/v1/reservas/{id},5.600000,0.000000,5,5,5,5,7,8,9,19,19,19,19,12647,0,5,6.459358440215472,3.0284199965535663,1521.0046399952262,442.0
1789884490,50,POST,POST /api/v1/auth/login,0.000000,0.000000,0,0,0,0,0,0,0,0,0,0,0,50,0,1300.0,1369.1218887201103,628.633758999058,2104.1982940005255,1622.0
1789884490,50,POST,POST /api/v1/auth/refresh,0.000000,0.000000,0,0,0,0,0,0,0,0,0,0,0,100,0,27,29.209557120193494,18.447431997628883,75.96593200287316,1622.0
1789884490,50,,Aggregated,24.700000,0.000000,6,7,7,8,9,12,19,21,34,34,34,50794,0,6,9.663053189613356,3.0284199965535663,2104.1982940005255,6821.206815765641
1789884491,50,GET,GET /api/v1/reservas,19.700000,0.000000,6,7,8,8,10,14,21,25,34,34,34,38019,0,7,8.887964411236325,4.633864002244081,1957.275683998887,8965.0
1789884491,50,GET,GET /api/v1/reservas/{id},6.000000,0.000000,5,5,5,5,7,8,9,19,19,19,19,12653,0,5,6.45836115865052,3.0284199965535663,1521.0046399952262,442.0
1789884491,50,POST,POST /api/v1/auth/login,0.000000,0.000000,0,0,0,0,0,0,0,0,0,0,0,50,0,1300.0,1369.1218887201103,628.633758999058,2104.1982940005255,1622.0
1789884491,50,POST,POST /api/v1/auth/refresh,0.000000,0.000000,0,0,0,0,0,0,0,0,0,0,0,100,0,27,29.209557120193494,18.447431997628883,75.96593200287316,1622.0
1789884491,50,,Aggregated,25.700000,0.000000,6,7,7,8,9,12,19,22,34,34,34,50822,0,6,9.661292606336305,3.0284199965535663,2104.1982940005255,6821.381704773523
1789884492,50,GET,GET /api/v1/reservas,18.900000,0.000000,6,7,8,8,10,14,21,25,34,34,34,38028,0,7,8.88750345284508,4.633864002244081,1957.275683998887,8965.0
1789884492,50,GET,GET /api/v1/reservas/{id},6.300000,0.000000,5,5,5,5,7,8,9,19,19,19,19,12663,0,5,6.456507801185114,3.0284199965535663,1521.0046399952262,442.0
1789884492,50,POST,POST /api/v1/auth/login,0.000000,0.000000,0,0,0,0,0,0,0,0,0,0,0,50,0,1300.0,1369.1218887201103,628.633758999058,2104.1982940005255,1622.0
1789884492,50,POST,POST /api/v1/auth/refresh,0.000000,0.000000,0,0,0,0,0,0,0,0,0,0,0,100,0,27,29.209557120193494,18.447431997628883,75.96593200287316,1622.0
1789884492,50,,Aggregated,25.200000,0.000000,6,7,7,8,9,12,20,22,34,34,34,50841,0,6,9.659719315891204,3.0284199965535663,2104.1982940005255,6820.5064023130935
1789884493,50,GET,GET /api/v1/reservas,18.700000,0.000000,6,7,7,8,9,12,20,25,34,34,34,38043,0,7,8.886341202896856,4.633864002244081,1957.275683998887,8965.0
1789884493,50,GET,GET /api/v1/reservas/{id},6.700000,0.000000,5,5,5,5,6,8,9,19,19,19,19,12675,0,5,6.454595361373119,3.0284199965535663,1521.0046399952262,442.0
1789884493,50,POST,POST /api/v1/auth/login,0.000000,0.000000,0,0,0,0,0,0,0,0,0,0,0,50,0,1300.0,1369.1218887201103,628.633758999058,2104.1982940005255,1622.0
1789884493,50,POST,POST /api/v1/auth/refresh,0.000000,0.000000,0,0,0,0,0,0,0,0,0,0,0,100,0,27,29.209557120193494,18.447431997628883,75.96593200287316,1622.0
1789884493,50,,Aggregated,25.400000,0.000000,6,7,7,7,9,11,19,22,34,34,34,50868,0,6,9.657390200818476,3.0284199965535663,2104.1982940005255,6819.634052842652
1789884494,50,GET,GET /api/v1/reservas,18.600000,0.000000,6,7,7,8,9,12,15,25,34,34,34,38061,0,7,8.88602829714926,4.633864002244081,1957.275683998887,8965.0
1789884494,50,GET,GET /api/v1/reservas/{id},7.000000,0.000000,4,5,5,5,6,6,8,19,19,19,19,12680,0,5,6.4538537253479165,3.0284199965535663,1521.0046399952262,442.0
1789884494,50,POST,POST /api/v1/auth/login,0.000000,0.000000,0,0,0,0,0,0,0,0,0,0,0,50,0,1300.0,1369.1218887201103,628.633758999058,2104.1982940005255,1622.0
1789884494,50,POST,POST /api/v1/auth/refresh,0.000000,0.000000,0,0,0,0,0,0,0,0,0,0,0,100,0,27,29.209557120193494,18.447431997628883,75.96593200287316,1622.0
1789884494,50,,Aggregated,25.600000,0.000000,6,7,7,7,8,11,15,22,34,34,34,50891,0,6,9.656384005093914,3.0284199965535663,2104.1982940005255,6819.766265154939
1789884495,50,GET,GET /api/v1/reservas,18.100000,0.000000,6,7,7,8,9,12,18,19,22,22,22,38084,0,7,8.886743401449877,4.633864002244081,1957.275683998887,8965.0
1789884495,50,GET,GET /api/v1/reservas/{id},6.700000,0.000000,4,5,5,5,6,7,9,13,13,13,13,12684,0,5,6.454528066021085,3.0284199965535663,1521.0046399952262,442.0
1789884495,50,POST,POST /api/v1/auth/login,0.000000,0.000000,0,0,0,0,0,0,0,0,0,0,0,50,0,1300.0,1369.1218887201103,628.633758999058,2104.1982940005255,1622.0
1789884495,50,POST,POST /api/v1/auth/refresh,0.000000,0.000000,0,0,0,0,0,0,0,0,0,0,0,100,0,27,29.209557120193494,18.447431997628883,75.96593200287316,1622.0
1789884495,50,,Aggregated,24.800000,0.000000,6,7,7,7,9,11,15,19,22,22,22,50918,0,6,9.656487290118493,3.0284199965535663,2104.1982940005255,6820.234259004674
1789884496,50,GET,GET /api/v1/reservas,17.400000,0.000000,6,7,7,8,9,12,18,19,22,22,22,38097,0,7,8.885901323065614,4.633864002244081,1957.275683998887,8965.0
1789884496,50,GET,GET /api/v1/reservas/{id},7.500000,0.000000,4,5,5,5,6,7,9,13,13,13,13,12694,0,5,6.45335141188025,3.0284199965535663,1521.0046399952262,442.0
1789884496,50,POST,POST /api/v1/auth/login,0.000000,0.000000,0,0,0,0,0,0,0,0,0,0,0,50,0,1300.0,1369.1218887201103,628.633758999058,2104.1982940005255,1622.0
1789884496,50,POST,POST /api/v1/auth/refresh,0.000000,0.000000,0,0,0,0,0,0,0,0,0,0,0,100,0,27,29.209557120193494,18.447431997628883,75.96593200287316,1622.0
1789884496,50,,Aggregated,24.900000,0.000000,6,7,7,7,9,11,15,19,22,22,22,50941,0,6,9.654739319512053,3.0284199965535663,2104.1982940005255,6819.529514536424
1789884497,50,GET,GET /api/v1/reservas,17.900000,0.000000,6,7,8,8,9,12,18,19,22,22,22,38121,0,7,8.884597188501022,4.633864002244081,1957.275683998887,8965.0
1789884497,50,GET,GET /api/v1/reservas/{id},7.200000,0.000000,4,5,5,5,6,7,9,13,13,13,13,12702,0,5,6.452137085058539,3.0284199965535663,1521.0046399952262,442.0
1789884497,50,POST,POST /api/v1/auth/login,0.000000,0.000000,0,0,0,0,0,0,0,0,0,0,0,50,0,1300.0,1369.1218887201103,628.633758999058,2104.1982940005255,1622.0
1789884497,50,POST,POST /api/v1/auth/refresh,0.000000,0.000000,0,0,0,0,0,0,0,0,0,0,0,100,0,27,29.209557120193494,18.447431997628883,75.96593200287316,1622.0
1789884497,50,,Aggregated,25.100000,0.000000,6,7,7,7,9,11,15,19,22,22,22,50973,0,6,9.652596959670529,3.0284199965535663,2104.1982940005255,6819.5387558119
1789884498,50,GET,GET /api/v1/reservas,18.300000,0.000000,7,7,8,8,9,12,18,19,22,22,22,38136,0,7,8.884014646498255,4.633864002244081,1957.275683998887,8965.0
1789884498,50,GET,GET /api/v1/reservas/{id},7.100000,0.000000,5,5,5,5,6,7,9,13,13,13,13,12708,0,5,6.45163427678658,3.0284199965535663,1521.0046399952262,442.0
1789884498,50,POST,POST /api/v1/auth/login,0.000000,0.000000,0,0,0,0,0,0,0,0,0,0,0,50,0,1300.0,1369.1218887201103,628.633758999058,2104.1982940005255,1622.0
1789884498,50,POST,POST /api/v1/auth/refresh,0.000000,0.000000,0,0,0,0,0,0,0,0,0,0,0,100,0,27,29.209557120193494,18.447431997628883,75.96593200287316,1622.0
1789884498,50,,Aggregated,25.400000,0.000000,6,7,7,8,9,11,15,19,22,22,22,50994,0,6,9.651433523478962,3.0284199965535663,2104.1982940005255,6819.419461113072
1789884499,50,GET,GET /api/v1/reservas,17.400000,0.000000,7,7,8,9,10,13,19,22,22,22,22,38156,0,7,8.883778090467072,4.633864002244081,1957.275683998887,8965.0
1789884499,50,GET,GET /api/v1/reservas/{id},7.700000,0.000000,5,5,5,6,6,7,13,56,56,56,56,12714,0,5,6.455156828960765,3.0284199965535663,1521.0046399952262,442.0
1789884499,50,POST,POST /api/v1/auth/login,0.000000,0.000000,0,0,0,0,0,0,0,0,0,0,0,50,0,1300.0,1369.1218887201103,628.633758999058,2104.1982940005255,1622.0
1789884499,50,POST,POST /api/v1/auth/refresh,0.000000,0.000000,0,0,0,0,0,0,0,0,0,0,0,100,0,27,29.209557120193494,18.447431997628883,75.96593200287316,1622.0
1789884499,50,,Aggregated,25.100000,0.000000,6,7,7,8,9,12,19,22,56,56,56,51020,0,6,9.651457289127668,3.0284199965535663,2104.1982940005255,6819.510544884359
1789884500,50,GET,GET /api/v1/reservas,17.500000,0.000000,7,8,8,9,11,14,19,22,22,22,22,38174,0,7,8.883426353613817,4.633864002244081,1957.275683998887,8965.0
1789884500,50,GET,GET /api/v1/reservas/{id},7.700000,0.000000,5,5,5,6,7,7,13,56,56,56,56,12718,0,5,6.454712934691948,3.0284199965535663,1521.0046399952262,442.0
1789884500,50,POST,POST /api/v1/auth/login,0.000000,0.000000,0,0,0,0,0,0,0,0,0,0,0,50,0,1300.0,1369.1218887201103,628.633758999058,2104.1982940005255,1622.0
1789884500,50,POST,POST /api/v1/auth/refresh,0.000000,0.000000,0,0,0,0,0,0,0,0,0,0,0,100,0,27,29.209557120193494,18.447431997628883,75.96593200287316,1622.0
1789884500,50,,Aggregated,25.200000,0.000000,6,7,8,8,10,13,19,22,56,56,56,51042,0,6,9.650562416721346,3.0284199965535663,2104.1982940005255,6819.767368049841
1789884501,50,GET,GET /api/v1/reservas,17.400000,0.000000,7,8,9,9,14,19,43,54,62,62,62,38196,0,7,8.88959320905002,4.633864002244081,1957.275683998887,8965.0
1789884501,50,GET,GET /api/v1/reservas/{id},7.600000,0.000000,5,5,6,6,7,13,37,56,56,56,56,12721,0,5,6.458211858769922,3.0284199965535663,1521.0046399952262,442.0
1789884501,50,POST,POST /api/v1/auth/login,0.000000,0.000000,0,0,0,0,0,0,0,0,0,0,0,50,0,1300.0,1369.1218887201103,628.633758999058,2104.1982940005255,1622.0
1789884501,50,POST,POST /api/v1/auth/refresh,0.000000,0.000000,0,0,0,0,0,0,0,0,0,0,0,100,0,27,29.209557120193494,18.447431997628883,75.96593200287316,1622.0
1789884501,50,,Aggregated,25.000000,0.000000,7,7,8,9,13,19,43,54,62,62,62,51067,0,6,9.655528333685385,3.0284199965535663,2104.1982940005255,6820.316877827168
1789884502,50,GET,GET /api/v1/reservas,17.700000,0.000000,7,8,9,9,14,19,43,54,62,62,62,38210,0,7,8.888753112428123,4.633864002244081,1957.275683998887,8965.0
1789884502,50,GET,GET /api/v1/reservas/{id},7.100000,0.000000,5,5,6,6,7,13,37,56,56,56,56,12730,0,5,6.457026960675364,3.0284199965535663,1521.0046399952262,442.0
1789884502,50,POST,POST /api/v1/auth/login,0.000000,0.000000,0,0,0,0,0,0,0,0,0,0,0,50,0,1300.0,1369.1218887201103,628.633758999058,2104.1982940005255,1622.0
1789884502,50,POST,POST /api/v1/auth/refresh,0.000000,0.000000,0,0,0,0,0,0,0,0,0,0,0,100,0,27,29.209557120193494,18.447431997628883,75.96593200287316,1622.0
1789884502,50,,Aggregated,24.800000,0.000000,7,7,8,9,12,19,43,54,62,62,62,51090,0,6,9.653831665361142,3.0284199965535663,2104.1982940005255,6819.780974750441
1789884503,50,GET,GET /api/v1/reservas,17.500000,0.000000,7,8,9,9,13,19,43,54,62,62,62,38230,0,7,8.887597330286852,4.633864002244081,1957.275683998887,8965.0
1789884503,50,GET,GET /api/v1/reservas/{id},6.900000,0.000000,5,6,6,6,7,21,37,56,56,56,56,12737,0,5,6.456271250482275,3.0284199965535663,1521.0046399952262,442.0
1789884503,50,POST,POST /api/v1/auth/login,0.000000,0.000000,0,0,0,0,0,0,0,0,0,0,0,50,0,1300.0,1369.1218887201103,628.633758999058,2104.1982940005255,1622.0
1789884503,50,POST,POST /api/v1/auth/refresh,0.000000,0.000000,0,0,0,0,0,0,0,0,0,0,0,100,0,27,29.209557120193494,18.447431997628883,75.96593200287316,1622.0
1789884503,50,,Aggregated,24.400000,0.000000,7,7,8,9,12,19,43,54,62,62,62,51117,0,6,9.652041845223389,3.0284199965535663,2104.1982940005255,6819.7469335054875
1789884504,50,GET,GET /api/v1/reservas,17.700000,0.000000,7,8,8,9,14,19,43,54,62,62,62,38245,0,7,8.886966559154489,4.633864002244081,1957.275683998887,8965.0
1789884504,50,GET,GET /api/v1/reservas/{id},6.600000,0.000000,5,6,6,6,8,13,37,56,56,56,56,12747,0,5,6.455837590443386,3.0284199965535663,1521.0046399952262,442.0
1789884504,50,POST,POST /api/v1/auth/login,0.000000,0.000000,0,0,0,0,0,0,0,0,0,0,0,50,0,1300.0,1369.1218887201103,628.633758999058,2104.1982940005255,1622.0
1789884504,50,POST,POST /api/v1/auth/refresh,0.000000,0.000000,0,0,0,0,0,0,0,0,0,0,0,100,0,27,29.209557120193494,18.447431997628883,75.96593200287316,1622.0
1789884504,50,,Aggregated,24.300000,0.000000,7,7,8,8,12,19,43,54,62,62,62,51142,0,6,9.650612959373316,3.0284199965535663,2104.1982940005255,6819.12907199562
1789884505,50,GET,GET /api/v1/reservas,17.900000,0.000000,7,8,8,9,12,22,43,54,62,62,62,38265,0,7,8.887126995109114,4.633864002244081,1957.275683998887,8965.0
1789884505,50,GET,GET /api/v1/reservas/{id},7.000000,0.000000,5,6,6,6,8,9,37,56,56,56,56,12752,0,5,6.456086288220571,3.0284199965535663,1521.0046399952262,442.0
1789884505,50,POST,POST /api/v1/auth/login,0.000000,0.000000,0,0,0,0,0,0,0,0,0,0,0,50,0,1300.0,1369.1218887201103,628.633758999058,2104.1982940005255,1622.0
1789884505,50,POST,POST /api/v1/auth/refresh,0.000000,0.000000,0,0,0,0,0,0,0,0,0,0,0,100,0,27,29.209557120193494,18.447431997628883,75.96593200287316,1622.0
1789884505,50,,Aggregated,24.900000,0.000000,7,7,8,8,11,18,43,54,62,62,62,51167,0,6,9.650184239124119,3.0284199965535663,2104.1982940005255,6819.344675278989
1789884506,50,GET,GET /api/v1/reservas,18.400000,0.000000,7,7,8,9,12,18,43,54,62,62,62,38287,0,7,8.88602671791578,4.633864002244081,1957.275683998887,8965.0
1789884506,50,GET,GET /api/v1/reservas/{id},6.100000,0.000000,5,6,6,6,8,21,37,56,56,56,56,12754,0,5,6.455672467256737,3.0284199965535663,1521.0046399952262,442.0
1789884506,50,POST,POST /api/v1/auth/login,0.000000,0.000000,0,0,0,0,0,0,0,0,0,0,0,50,0,1300.0,1369.1218887201103,628.633758999058,2104.1982940005255,1622.0
1789884506,50,POST,POST /api/v1/auth/refresh,0.000000,0.000000,0,0,0,0,0,0,0,0,0,0,0,100,0,27,29.209557120193494,18.447431997628883,75.96593200287316,1622.0
1789884506,50,,Aggregated,24.500000,0.000000,7,7,8,8,11,18,43,54,62,62,62,51191,0,6,9.648805488157269,3.0284199965535663,2104.1982940005255,6820.0176398195
1789884507,50,GET,GET /api/v1/reservas,18.200000,0.000000,7,7,8,9,12,18,43,54,62,62,62,38308,0,7,8.884554975980187,4.633864002244081,1957.275683998887,8965.0
1789884507,50,GET,GET /api/v1/reservas/{id},6.800000,0.000000,5,6,6,6,8,21,37,56,56,56,56,12760,0,5,6.454765044309683,3.0284199965535663,1521.0046399952262,442.0
1789884507,50,POST,POST /api/v1/auth/login,0.000000,0.000000,0,0,0,0,0,0,0,0,0,0,0,50,0,1300.0,1369.1218887201103,628.633758999058,2104.1982940005255,1622.0
1789884507,50,POST,POST /api/v1/auth/refresh,0.000000,0.000000,0,0,0,0,0,0,0,0,0,0,0,100,0,27,29.209557120193494,18.447431997628883,75.96593200287316,1622.0
1789884507,50,,Aggregated,25.000000,0.000000,7,7,8,8,11,18,43,54,62,62,62,51218,0,6,9.64679183359884,3.0284199965535663,2104.1982940005255,6820.149947284158
1789884508,50,GET,GET /api/v1/reservas,17.900000,0.000000,7,7,8,8,11,17,43,54,62,62,62,38331,0,7,8.882949636713645,4.633864002244081,1957.275683998887,8965.0
1789884508,50,GET,GET /api/v1/reservas/{id},6.700000,0.000000,5,6,6,6,8,9,21,37,37,37,37,12763,0,5,6.454287695791391,3.0284199965535663,1521.0046399952262,442.0
1789884508,50,POST,POST /api/v1/auth/login,0.000000,0.000000,0,0,0,0,0,0,0,0,0,0,0,50,0,1300.0,1369.1218887201103,628.633758999058,2104.1982940005255,1622.0
1789884508,50,POST,POST /api/v1/auth/refresh,0.000000,0.000000,0,0,0,0,0,0,0,0,0,0,0,100,0,27,29.209557120193494,18.447431997628883,75.96593200287316,1622.0
1789884508,50,,Aggregated,24.600000,0.000000,6,7,8,8,10,17,39,46,62,62,62,51244,0,6,9.644943145232245,3.0284199965535663,2104.1982940005255,6820.739228007182
1789884509,50,GET,GET /api/v1/reservas,18.800000,0.000000,7,7,7,8,11,17,43,54,62,62,62,38349,0,7,8.881675825493897,4.633864002244081,1957.275683998887,8965.0
1789884509,50,GET,GET /api/v1/reservas/{id},5.900000,0.000000,5,5,6,6,8,9,21,37,37,37,37,12769,0,5,6.453222975204791,3.0284199965535663,1521.0046399952262,442.0
1789884509,50,POST,POST /api/v1/auth/login,0.000000,0.000000,0,0,0,0,0,0,0,0,0,0,0,50,0,1300.0,1369.1218887201103,628.633758999058,2104.1982940005255,1622.0
1789884509,50,POST,POST /api/v1/auth/refresh,0.000000,0.000000,0,0,0,0,0,0,0,0,0,0,0,100,0,27,29.209557120193494,18.447431997628883,75.96593200287316,1622.0
1789884509,50,,Aggregated,24.700000,0.000000,6,7,7,8,10,17,39,46,62,62,62,51268,0,6,9.643084195800114,3.0284199965535663,2104.1982940005255,6820.745552781462
1789884510,50,GET,GET /api/v1/reservas,19.000000,0.000000,6,7,7,8,10,17,43,54,62,62,62,38370,0,7,8.8800682585062,4.633864002244081,1957.275683998887,8965.0
1789884510,50,GET,GET /api/v1/reservas/{id},5.700000,0.000000,5,5,6,6,8,9,21,37,37,37,37,12773,0,5,6.452770362671059,3.0284199965535663,1521.0046399952262,442.0
1789884510,50,POST,POST /api/v1/auth/login,0.000000,0.000000,0,0,0,0,0,0,0,0,0,0,0,50,0,1300.0,1369.1218887201103,628.633758999058,2104.1982940005255,1622.0
1789884510,50,POST,POST /api/v1/auth/refresh,0.000000,0.000000,0,0,0,0,0,0,0,0,0,0,0,100,0,27,29.209557120193494,18.447431997628883,75.96593200287316,1622.0
1789884510,50,,Aggregated,24.700000,0.000000,6,7,7,7,10,14,39,46,62,62,62,51293,0,6,9.641208450847195,3.0284199965535663,2104.1982940005255,6821.126001598659
1789884511,50,GET,GET /api/v1/reservas,19.300000,0.000000,6,7,7,7,8,11,15,20,25,25,25,38388,0,7,8.879809849976205,4.633864002244081,1957.275683998887,8965.0
1789884511,50,GET,GET /api/v1/reservas/{id},5.300000,0.000000,5,5,6,6,8,8,8,9,9,9,9,12779,0,5,6.451903446544808,3.0284199965535663,1521.0046399952262,442.0
1789884511,50,POST,POST /api/v1/auth/login,0.000000,0.000000,0,0,0,0,0,0,0,0,0,0,0,50,0,1300.0,1369.1218887201103,628.633758999058,2104.1982940005255,1622.0
1789884511,50,POST,POST /api/v1/auth/refresh,0.000000,0.000000,0,0,0,0,0,0,0,0,0,0,0,100,0,27,29.209557120193494,18.447431997628883,75.96593200287316,1622.0
1789884511,50,,Aggregated,24.600000,0.000000,6,7,7,7,8,10,13,20,25,25,25,51317,0,6,9.640159495144054,3.0284199965535663,2104.1982940005255,6821.132139446967
1789884512,50,GET,GET /api/v1/reservas,19.400000,0.000000,6,7,7,7,9,11,15,20,25,25,25,38407,0,7,8.878972454549244,4.633864002244081,1957.275683998887,8965.0
1789884512,50,GET,GET /api/v1/reservas/{id},5.500000,0.000000,5,5,5,6,8,8,9,9,9,9,9,12783,0,5,6.451084750558431,3.0284199965535663,1521.0046399952262,442.0
1789884512,50,POST,POST /api/v1/auth/login,0.000000,0.000000,0,0,0,0,0,0,0,0,0,0,0,50,0,1300.0,1369.1218887201103,628.633758999058,2104.1982940005255,1622.0
1789884512,50,POST,POST /api/v1/auth/refresh,0.000000,0.000000,0,0,0,0,0,0,0,0,0,0,0,100,0,27,29.209557120193494,18.447431997628883,75.96593200287316,1622.0
1789884512,50,,Aggregated,24.900000,0.000000,6,7,7,7,8,10,13,20,25,25,25,51340,0,6,9.638799407407207,3.0284199965535663,2104.1982940005255,6821.4285352551615
1789884513,50,GET,GET /api/v1/reservas,19.400000,0.000000,6,7,7,7,9,11,15,20,25,25,25,38427,0,7,8.877667708847762,4.633864002244081,1957.275683998887,8965.0
1789884513,50,GET,GET /api/v1/reservas/{id},5.500000,0.000000,5,5,5,6,8,8,8,9,9,9,9,12790,0,5,6.450244143501446,3.0284199965535663,1521.0046399952262,442.0
1789884513,50,POST,POST /api/v1/auth/login,0.000000,0.000000,0,0,0,0,0,0,0,0,0,0,0,50,0,1300.0,1369.1218887201103,628.633758999058,2104.1982940005255,1622.0
1789884513,50,POST,POST /api/v1/auth/refresh,0.000000,0.000000,0,0,0,0,0,0,0,0,0,0,0,100,0,27,29.209557120193494,18.447431997628883,75.96593200287316,1622.0
1789884513,50,,Aggregated,24.900000,0.000000,6,7,7,7,8,10,13,20,25,25,25,51367,0,6,9.63688379292739,3.0284199965535663,2104.1982940005255,6821.393793680768
1789884514,50,GET,GET /api/v1/reservas,19.100000,0.000000,6,7,7,7,8,11,15,20,25,25,25,38443,0,7,8.876618907002245,4.633864002244081,1957.275683998887,8965.0
1789884514,50,GET,GET /api/v1/reservas/{id},5.700000,0.000000,4,5,5,5,6,8,8,8,8,8,8,12800,0,5,6.4488918364361325,3.0284199965535663,1521.0046399952262,442.0
1789884514,50,POST,POST /api/v1/auth/login,0.000000,0.000000,0,0,0,0,0,0,0,0,0,0,0,50,0,1300.0,1369.1218887201103,628.633758999058,2104.1982940005255,1622.0
1789884514,50,POST,POST /api/v1/auth/refresh,0.000000,0.000000,0,0,0,0,0,0,0,0,0,0,0,100,0,27,29.209557120193494,18.447431997628883,75.96593200287316,1622.0
1789884514,50,,Aggregated,24.800000,0.000000,6,7,7,7,8,10,13,20,25,25,25,51393,0,6,9.63490604355252,3.0284199965535663,2104.1982940005255,6820.8198587356255
1789884515,50,GET,GET /api/v1/reservas,19.800000,0.000000,6,7,7,7,8,9,13,20,20,20,20,38459,0,7,8.876038940218923,4.633864002244081,1957.275683998887,8965.0
1789884515,50,GET,GET /api/v1/reservas/{id},5.100000,0.000000,4,5,5,5,6,7,7,9,9,9,9,12808,0,5,6.448338423046508,3.0284199965535663,1521.0046399952262,442.0
1789884515,50,POST,POST /api/v1/auth/login,0.000000,0.000000,0,0,0,0,0,0,0,0,0,0,0,50,0,1300.0,1369.1218887201103,628.633758999058,2104.1982940005255,1622.0
1789884515,50,POST,POST /api/v1/auth/refresh,0.000000,0.000000,0,0,0,0,0,0,0,0,0,0,0,100,0,27,29.209557120193494,18.447431997628883,75.96593200287316,1622.0
1789884515,50,,Aggregated,24.900000,0.000000,6,6,7,7,8,9,12,15,20,20,20,51417,0,6,9.63360270479188,3.0284199965535663,2104.1982940005255,6820.494602952331
1789884516,50,GET,GET /api/v1/reservas,19.800000,0.000000,6,7,7,8,9,12,19,20,20,20,20,38476,0,7,8.876664480451728,4.633864002244081,1957.275683998887,8965.0
1789884516,50,GET,GET /api/v1/reservas/{id},5.200000,0.000000,5,5,6,6,8,11,14,32,32,32,32,12817,0,5,6.452211265690877,3.0284199965535663,1521.0046399952262,442.0
1789884516,50,POST,POST /api/v1/auth/login,0.000000,0.000000,0,0,0,0,0,0,0,0,0,0,0,50,0,1300.0,1369.1218887201103,628.633758999058,2104.1982940005255,1622.0
1789884516,50,POST,POST /api/v1/auth/refresh,0.000000,0.000000,0,0,0,0,0,0,0,0,0,0,0,100,0,27,29.209557120193494,18.447431997628883,75.96593200287316,1622.0
1789884516,50,,Aggregated,25.000000,0.000000,6,7,7,7,9,12,15,20,32,32,32,51443,0,6,9.634227873379189,3.0284199965535663,2104.1982940005255,6820.08735882433
1789884517,50,GET,GET /api/v1/reservas,19.500000,0.000000,6,7,7,8,9,12,19,20,20,20,20,38495,0,7,8.875703548353183,4.633864002244081,1957.275683998887,8965.0
1789884517,50,GET,GET /api/v1/reservas/{id},5.300000,0.000000,5,5,6,6,8,11,14,32,32,32,32,12823,0,5,6.451368619929406,3.0284199965535663,1521.0046399952262,442.0
1789884517,50,POST,POST /api/v1/auth/login,0.000000,0.000000,0,0,0,0,0,0,0,0,0,0,0,50,0,1300.0,1369.1218887201103,628.633758999058,2104.1982940005255,1622.0
1789884517,50,POST,POST /api/v1/auth/refresh,0.000000,0.000000,0,0,0,0,0,0,0,0,0,0,0,100,0,27,29.209557120193494,18.447431997628883,75.96593200287316,1622.0
1789884517,50,,Aggregated,24.800000,0.000000,6,7,7,7,9,12,19,20,32,32,32,51468,0,6,9.6326485982598,3.0284199965535663,2104.1982940005255,6820.13563767778
1789884518,50,GET,GET /api/v1/reservas,19.500000,0.000000,6,7,8,8,9,12,19,20,20,20,20,38511,0,7,8.874766868994685,4.633864002244081,1957.275683998887,8965.0
1789884518,50,GET,GET /api/v1/reservas/{id},5.600000,0.000000,5,5,6,6,8,11,14,32,32,32,32,12829,0,5,6.450494325539525,3.0284199965535663,1521.0046399952262,442.0
1789884518,50,POST,POST /api/v1/auth/login,0.000000,0.000000,0,0,0,0,0,0,0,0,0,0,0,50,0,1300.0,1369.1218887201103,628.633758999058,2104.1982940005255,1622.0
1789884518,50,POST,POST /api/v1/auth/refresh,0.000000,0.000000,0,0,0,0,0,0,0,0,0,0,0,100,0,27,29.209557120193494,18.447431997628883,75.96593200287316,1622.0
1789884518,50,,Aggregated,25.100000,0.000000,6,7,7,8,9,12,19,20,32,32,32,51490,0,6,9.631124271552258,3.0284199965535663,2104.1982940005255,6820.058904641678
1789884519,50,GET,GET /api/v1/reservas,19.000000,0.000000,6,7,7,8,9,12,19,20,20,20,20,38535,0,7,8.872880227192365,4.633864002244081,1957.275683998887,8965.0
1789884519,50,GET,GET /api/v1/reservas/{id},6.300000,0.000000,5,5,6,6,8,11,14,32,32,32,32,12836,0,5,6.44903538932269,3.0284199965535663,1521.0046399952262,442.0
1789884519,50,POST,POST /api/v1/auth/login,0.000000,0.000000,0,0,0,0,0,0,0,0,0,0,0,50,0,1300.0,1369.1218887201103,628.633758999058,2104.1982940005255,1622.0
1789884519,50,POST,POST /api/v1/auth/refresh,0.000000,0.000000,0,0,0,0,0,0,0,0,0,0,0,100,0,27,29.209557120193494,18.447431997628883,75.96593200287316,1622.0
1789884519,50,,Aggregated,25.300000,0.000000,6,7,7,8,9,12,19,20,32,32,32,51521,0,6,9.628565205648739,3.0284199965535663,2104.1982940005255,6820.191514139865
1789884520,50,GET,GET /api/v1/reservas,18.500000,0.000000,6,7,8,8,9,12,19,20,20,20,20,38550,0,7,8.872056792188161,4.633864002244081,1957.275683998887,8965.0
1789884520,50,GET,GET /api/v1/reservas/{id},6.300000,0.000000,5,5,6,6,7,11,14,32,32,32,32,12844,0,5,6.448383142895395,3.0284199965535663,1521.0046399952262,442.0
1789884520,50,POST,POST /api/v1/auth/login,0.000000,0.000000,0,0,0,0,0,0,0,0,0,0,0,50,0,1300.0,1369.1218887201103,628.633758999058,2104.1982940005255,1622.0
1789884520,50,POST,POST /api/v1/auth/refresh,0.000000,0.000000,0,0,0,0,0,0,0,0,0,0,0,100,0,27,29.209557120193494,18.447431997628883,75.96593200287316,1622.0
1789884520,50,,Aggregated,24.800000,0.000000,6,7,7,8,9,12,15,20,32,32,32,51544,0,6,9.627073424146882,3.0284199965535663,2104.1982940005255,6819.825741114388
1789884521,50,GET,GET /api/v1/reservas,17.900000,0.000000,6,7,7,8,9,11,15,19,20,20,20,38570,0,7,8.870798169247061,4.633864002244081,1957.275683998887,8965.0
1789884521,50,GET,GET /api/v1/reservas/{id},7.000000,0.000000,5,5,6,6,7,11,14,32,32,32,32,12850,0,5,6.447751201817323,3.0284199965535663,1521.0046399952262,442.0
1789884521,50,POST,POST /api/v1/auth/login,0.000000,0.000000,0,0,0,0,0,0,0,0,0,0,0,50,0,1300.0,1369.1218887201103,628.633758999058,2104.1982940005255,1622.0
1789884521,50,POST,POST /api/v1/auth/refresh,0.000000,0.000000,0,0,0,0,0,0,0,0,0,0,0,100,0,27,29.209557120193494,18.447431997628883,75.96593200287316,1622.0
1789884521,50,,Aggregated,24.900000,0.000000,6,7,7,7,9,11,14,19,32,32,32,51570,0,6,9.625311973613275,3.0284199965535663,2104.1982940005255,6819.915648632926
1789884522,50,GET,GET /api/v1/reservas,18.300000,0.000000,6,7,7,7,9,11,15,19,20,20,20,38595,0,7,8.868915716098865,4.633864002244081,1957.275683998887,8965.0
1789884522,50,GET,GET /api/v1/reservas/{id},6.700000,0.000000,5,6,6,7,8,11,14,32,32,32,32,12852,0,5,6.447444784496392,3.0284199965535663,1521.0046399952262,442.0
1789884522,50,POST,POST /api/v1/auth/login,0.000000,0.000000,0,0,0,0,0,0,0,0,0,0,0,50,0,1300.0,1369.1218887201103,628.633758999058,2104.1982940005255,1622.0
1789884522,50,POST,POST /api/v1/auth/refresh,0.000000,0.000000,0,0,0,0,0,0,0,0,0,0,0,100,0,27,29.209557120193494,18.447431997628883,75.96593200287316,1622.0
1789884522,50,,Aggregated,25.000000,0.000000,6,7,7,7,9,11,14,19,32,32,32,51597,0,6,9.62333881003175,3.0284199965535663,2104.1982940005255,6820.707773707773
1789884523,50,GET,GET /api/v1/reservas,18.200000,0.000000,6,7,7,7,9,11,15,19,20,20,20,38614,0,7,8.867597595840946,4.633864002244081,1957.275683998887,8965.0
1789884523,50,GET,GET /api/v1/reservas/{id},7.200000,0.000000,5,6,6,6,8,11,14,32,32,32,32,12858,0,5,6.446606141107147,3.0284199965535663,1521.0046399952262,442.0
1789884523,50,POST,POST /api/v1/auth/login,0.000000,0.000000,0,0,0,0,0,0,0,0,0,0,0,50,0,1300.0,1369.1218887201103,628.633758999058,2104.1982940005255,1622.0
1789884523,50,POST,POST /api/v1/auth/refresh,0.000000,0.000000,0,0,0,0,0,0,0,0,0,0,0,100,0,27,29.209557120193494,18.447431997628883,75.96593200287316,1622.0
1789884523,50,,Aggregated,25.400000,0.000000,6,7,7,7,8,11,14,19,32,32,32,51622,0,6,9.621497142229726,3.0284199965535663,2104.1982940005255,6820.755608074077
1789884524,50,GET,GET /api/v1/reservas,18.200000,0.000000,6,7,7,7,9,11,15,19,20,20,20,38632,0,7,8.866611029064815,4.633864002244081,1957.275683998887,8965.0
1789884524,50,GET,GET /api/v1/reservas/{id},7.200000,0.000000,5,5,6,7,8,11,14,32,32,32,32,12865,0,5,6.445428115613493,3.0284199965535663,1521.0046399952262,442.0
1789884524,50,POST,POST /api/v1/auth/login,0.000000,0.000000,0,0,0,0,0,0,0,0,0,0,0,50,0,1300.0,1369.1218887201103,628.633758999058,2104.1982940005255,1622.0
1789884524,50,POST,POST /api/v1/auth/refresh,0.000000,0.000000,0,0,0,0,0,0,0,0,0,0,0,100,0,27,29.209557120193494,18.447431997628883,75.96593200287316,1622.0
1789884524,50,,Aggregated,25.400000,0.000000,6,7,7,7,9,11,14,19,32,32,32,51647,0,6,9.619772690189642,3.0284199965535663,2104.1982940005255,6820.638372025481
1789884525,50,GET,GET /api/v1/reservas,18.900000,0.000000,6,7,7,7,9,12,15,19,20,20,20,38647,0,7,8.866307111311023,4.633864002244081,1957.275683998887,8965.0
1789884525,50,GET,GET /api/v1/reservas/{id},6.900000,0.000000,5,6,6,7,8,11,14,32,32,32,32,12871,0,5,6.44534519418467,3.0284199965535663,1521.0046399952262,442.0
1789884525,50,POST,POST /api/v1/auth/login,0.000000,0.000000,0,0,0,0,0,0,0,0,0,0,0,50,0,1300.0,1369.1218887201103,628.633758999058,2104.1982940005255,1622.0
1789884525,50,POST,POST /api/v1/auth/refresh,0.000000,0.000000,0,0,0,0,0,0,0,0,0,0,0,100,0,27,29.209557120193494,18.447431997628883,75.96593200287316,1622.0
1789884525,50,,Aggregated,25.800000,0.000000,6,7,7,7,9,12,15,19,32,32,32,51668,0,6,9.618937428838214,3.0284199965535663,2104.1982940005255,6820.52018657583
1789884526,50,GET,GET /api/v1/reservas,18.600000,0.000000,6,7,7,7,8,11,13,17,19,19,19,38667,0,7,8.866005021978287,4.633864002244081,1957.275683998887,8965.0
1789884526,50,GET,GET /api/v1/reservas/{id},6.900000,0.000000,5,5,6,6,7,8,8,10,10,10,10,12876,0,5,6.445093304236571,3.0284199965535663,1521.0046399952262,442.0
1789884526,50,POST,POST /api/v1/auth/login,0.000000,0.000000,0,0,0,0,0,0,0,0,0,0,0,50,0,1300.0,1369.1218887201103,628.633758999058,2104.1982940005255,1622.0
1789884526,50,POST,POST /api/v1/auth/refresh,0.000000,0.000000,0,0,0,0,0,0,0,0,0,0,0,100,0,27,29.209557120193494,18.447431997628883,75.96593200287316,1622.0
1789884526,50,,Aggregated,25.500000,0.000000,6,6,7,7,8,10,13,16,19,19,19,51693,0,6,9.618050562323901,3.0284199965535663,2104.1982940005255,6820.732923219778
1789884527,50,GET,GET /api/v1/reservas,19.100000,0.000000,6,7,7,7,10,12,19,28,70,70,70,38689,0,7,8.867772637877257,4.633864002244081,1957.275683998887,8965.0
1789884527,50,GET,GET /api/v1/reservas/{id},6.500000,0.000000,5,5,6,6,7,8,10,10,10,10,10,12881,0,5,6.444797107937914,3.0284199965535663,1521.0046399952262,442.0
1789884527,50,POST,POST /api/v1/auth/login,0.000000,0.000000,0,0,0,0,0,0,0,0,0,0,0,50,0,1300.0,1369.1218887201103,628.633758999058,2104.1982940005255,1622.0
1789884527,50,POST,POST /api/v1/auth/refresh,0.000000,0.000000,0,0,0,0,0,0,0,0,0,0,0,100,0,27,29.209557120193494,18.447431997628883,75.96593200287316,1622.0
1789884527,50,,Aggregated,25.600000,0.000000,6,7,7,7,9,11,17,20,70,70,70,51720,0,6,9.61867241458249,3.0284199965535663,2104.1982940005255,6821.028364269141
1789884528,50,GET,GET /api/v1/reservas,18.700000,0.000000,6,7,7,7,10,12,19,28,70,70,70,38707,0,7,8.866659051020267,4.633864002244081,1957.275683998887,8965.0
1789884528,50,GET,GET /api/v1/reservas/{id},6.400000,0.000000,5,5,6,6,7,8,10,10,10,10,10,12886,0,5,6.444024142507301,3.0284199965535663,1521.0046399952262,442.0
1789884528,50,POST,POST /api/v1/auth/login,0.000000,0.000000,0,0,0,0,0,0,0,0,0,0,0,50,0,1300.0,1369.1218887201103,628.633758999058,2104.1982940005255,1622.0
1789884528,50,POST,POST /api/v1/auth/refresh,0.000000,0.000000,0,0,0,0,0,0,0,0,0,0,0,100,0,27,29.209557120193494,18.447431997628883,75.96593200287316,1622.0
1789884528,50,,Aggregated,25.100000,0.000000,6,7,7,7,9,11,17,20,70,70,70,51743,0,6,9.61707896983583,3.0284199965535663,2104.1982940005255,6821.157779796301
1789884529,50,GET,GET /api/v1/reservas,19.100000,0.000000,6,7,7,7,10,12,19,28,70,70,70,38728,0,7,8.865191375382928,4.633864002244081,1957.275683998887,8965.0
1789884529,50,GET,GET /api/v1/reservas/{id},5.900000,0.000000,5,5,6,6,7,8,10,10,10,10,10,12893,0,5,6.442804538769631,3.0284199965535663,1521.0046399952262,442.0
1789884529,50,POST,POST /api/v1/auth/login,0.000000,0.000000,0,0,0,0,0,0,0,0,0,0,0,50,0,1300.0,1369.1218887201103,628.633758999058,2104.1982940005255,1622.0
1789884529,50,POST,POST /api/v1/auth/refresh,0.000000,0.000000,0,0,0,0,0,0,0,0,0,0,0,100,0,27,29.209557120193494,18.447431997628883,75.96593200287316,1622.0
1789884529,50,,Aggregated,25.000000,0.000000,6,7,7,7,9,11,17,20,70,70,70,51771,0,6,9.6149439001026,3.0284199965535663,2104.1982940005255,6821.164860636263
1789884530,50,GET,GET /api/v1/reservas,19.400000,0.000000,6,7,7,7,9,12,19,28,70,70,70,38746,0,7,8.86391511453624,4.633864002244081,1957.275683998887,8965.0
1789884530,50,GET,GET /api/v1/reservas/{id},5.800000,0.000000,5,5,5,6,7,8,10,10,10,10,10,12899,0,5,6.441909978242801,3.0284199965535663,1521.0046399952262,442.0
1789884530,50,POST,POST /api/v1/auth/login,0.000000,0.000000,0,0,0,0,0,0,0,0,0,0,0,50,0,1300.0,1369.1218887201103,628.633758999058,2104.1982940005255,1622.0
1789884530,50,POST,POST /api/v1/auth/refresh,0.000000,0.000000,0,0,0,0,0,0,0,0,0,0,0,100,0,27,29.209557120193494,18.447431997628883,75.96593200287316,1622.0
1789884530,50,,Aggregated,25.200000,0.000000,6,7,7,7,9,11,17,20,70,70,70,51795,0,6,9.613138372144029,3.0284199965535663,2104.1982940005255,6821.170923834347
1789884531,50,GET,GET /api/v1/reservas,19.600000,0.000000,6,7,7,7,10,13,19,28,70,70,70,38760,0,7,8.8633526178489,4.633864002244081,1957.275683998887,8965.0
1789884531,50,GET,GET /api/v1/reservas/{id},5.300000,0.000000,5,5,5,6,7,8,10,10,10,10,10,12907,0,5,6.440994763953329,3.0284199965535663,1521.0046399952262,442.0
1789884531,50,POST,POST /api/v1/auth/login,0.000000,0.000000,0,0,0,0,0,0,0,0,0,0,0,50,0,1300.0,1369.1218887201103,628.633758999058,2104.1982940005255,1622.0
1789884531,50,POST,POST /api/v1/auth/refresh,0.000000,0.000000,0,0,0,0,0,0,0,0,0,0,0,100,0,27,29.209557120193494,18.447431997628883,75.96593200287316,1622.0
1789884531,50,,Aggregated,24.900000,0.000000,6,6,7,7,9,12,17,20,70,70,70,51817,0,6,9.611797615342336,3.0284199965535663,2104.1982940005255,6820.765270085108
1789884532,50,GET,GET /api/v1/reservas,19.600000,0.000000,6,7,7,8,10,13,19,28,70,70,70,38774,0,7,8.862464064265927,4.633864002244081,1957.275683998887,8965.0
1789884532,50,GET,GET /api/v1/reservas/{id},5.800000,0.000000,5,5,5,6,6,8,10,10,10,10,10,12923,0,5,6.438655488071381,3.0284199965535663,1521.0046399952262,442.0
1789884532,50,POST,POST /api/v1/auth/login,0.000000,0.000000,0,0,0,0,0,0,0,0,0,0,0,50,0,1300.0,1369.1218887201103,628.633758999058,2104.1982940005255,1622.0
1789884532,50,POST,POST /api/v1/auth/refresh,0.000000,0.000000,0,0,0,0,0,0,0,0,0,0,0,100,0,27,29.209557120193494,18.447431997628883,75.96593200287316,1622.0
1789884532,50,,Aggregated,25.400000,0.000000,6,6,7,7,9,12,17,20,70,70,70,51847,0,6,9.60936942635482,3.0284199965535663,2104.1982940005255,6819.375778733582
1789884533,50,GET,GET /api/v1/reservas,19.400000,0.000000,6,7,7,8,10,13,19,28,70,70,70,38794,0,7,8.860941183425998,4.633864002244081,1957.275683998887,8965.0
1789884533,50,GET,GET /api/v1/reservas/{id},5.600000,0.000000,5,5,5,6,6,8,10,10,10,10,10,12929,0,5,6.437745556991513,3.0284199965535663,1521.0046399952262,442.0
1789884533,50,POST,POST /api/v1/auth/login,0.000000,0.000000,0,0,0,0,0,0,0,0,0,0,0,50,0,1300.0,1369.1218887201103,628.633758999058,2104.1982940005255,1622.0
1789884533,50,POST,POST /api/v1/auth/refresh,0.000000,0.000000,0,0,0,0,0,0,0,0,0,0,0,100,0,27,29.209557120193494,18.447431997628883,75.96593200287316,1622.0
1789884533,50,,Aggregated,25.000000,0.000000,6,6,7,7,9,12,17,20,70,70,70,51873,0,6,9.607349000909844,3.0284199965535663,2104.1982940005255,6819.465386617316
1789884534,50,GET,GET /api/v1/reservas,18.900000,0.000000,6,7,7,8,10,13,19,28,70,70,70,38809,0,7,8.860072145631788,4.633864002244081,1957.275683998887,8965.0
1789884534,50,GET,GET /api/v1/reservas/{id},5.700000,0.000000,5,5,5,6,6,8,10,10,10,10,10,12932,0,5,6.437360425250719,3.0284199965535663,1521.0046399952262,442.0
1789884534,50,POST,POST /api/v1/auth/login,0.000000,0.000000,0,0,0,0,0,0,0,0,0,0,0,50,0,1300.0,1369.1218887201103,628.633758999058,2104.1982940005255,1622.0
1789884534,50,POST,POST /api/v1/auth/refresh,0.000000,0.000000,0,0,0,0,0,0,0,0,0,0,0,100,0,27,29.209557120193494,18.447431997628883,75.96593200287316,1622.0
1789884534,50,,Aggregated,24.600000,0.000000,6,7,7,7,9,11,17,20,70,70,70,51891,0,6,9.606204063656342,3.0284199965535663,2104.1982940005255,6819.7168873215005
1789884535,50,GET,GET /api/v1/reservas,17.800000,0.000000,6,7,7,8,10,14,19,28,70,70,70,38830,0,7,8.859652669735631,4.633864002244081,1957.275683998887,8965.0
1789884535,50,GET,GET /api/v1/reservas/{id},7.000000,0.000000,5,5,5,5,6,8,9,10,10,10,10,12939,0,5,6.436679281424028,3.0284199965535663,1521.0046399952262,442.0
1789884535,50,POST,POST /api/v1/auth/login,0.000000,0.000000,0,0,0,0,0,0,0,0,0,0,0,50,0,1300.0,1369.1218887201103,628.633758999058,2104.1982940005255,1622.0
1789884535,50,POST,POST /api/v1/auth/refresh,0.000000,0.000000,0,0,0,0,0,0,0,0,0,0,0,100,0,27,29.209557120193494,18.447431997628883,75.96593200287316,1622.0
1789884535,50,,Aggregated,24.800000,0.000000,6,7,7,7,9,11,17,20,70,70,70,51919,0,6,9.604991554848993,3.0284199965535663,2104.1982940005255,6819.724725052485
1789884536,50,GET,GET /api/v1/reservas,18.000000,0.000000,6,7,7,8,10,12,14,16,20,20,20,38847,0,7,8.85933018647028,4.633864002244081,1957.275683998887,8965.0
1789884536,50,GET,GET /api/v1/reservas/{id},7.000000,0.000000,5,5,5,5,6,8,9,10,10,10,10,12944,0,5,6.436279062063308,3.0284199965535663,1521.0046399952262,442.0
1789884536,50,POST,POST /api/v1/auth/login,0.000000,0.000000,0,0,0,0,0,0,0,0,0,0,0,50,0,1300.0,1369.1218887201103,628.633758999058,2104.1982940005255,1622.0
1789884536,50,POST,POST /api/v1/auth/refresh,0.000000,0.000000,0,0,0,0,0,0,0,0,0,0,0,100,0,27,29.209557120193494,18.447431997628883,75.96593200287316,1622.0
1789884536,50,,Aggregated,25.000000,0.000000,6,6,7,7,9,10,14,15,20,20,20,51941,0,6,9.60410169386772,3.0284199965535663,2104.1982940005255,6819.812922354209
1789884537,50,GET,GET /api/v1/reservas,17.500000,0.000000,6,7,8,8,11,14,16,19,19,19,19,38868,0,7,8.860594746984841,4.633864002244081,1957.275683998887,8965.0
1789884537,50,GET,GET /api/v1/reservas/{id},6.700000,0.000000,5,5,5,5,8,9,17,19,19,19,19,12949,0,5,6.438278260355641,3.0284199965535663,1521.0046399952262,442.0
1789884537,50,POST,POST /api/v1/auth/login,0.000000,0.000000,0,0,0,0,0,0,0,0,0,0,0,50,0,1300.0,1369.1218887201103,628.633758999058,2104.1982940005255,1622.0
1789884537,50,POST,POST /api/v1/auth/refresh,0.000000,0.000000,0,0,0,0,0,0,0,0,0,0,0,100,0,27,29.209557120193494,18.447431997628883,75.96593200287316,1622.0
1789884537,50,,Aggregated,24.200000,0.000000,6,7,7,8,10,13,17,19,19,19,19,51967,0,6,9.60493990353834,3.0284199965535663,2104.1982940005255,6820.0661573690995
1789884538,50,GET,GET /api/v1/reservas,18.200000,0.000000,6,7,7,8,11,14,16,19,19,19,19,38882,0,7,8.859649290437906,4.633864002244081,1957.275683998887,8965.0
1789884538,50,GET,GET /api/v1/reservas/{id},6.800000,0.000000,5,5,5,5,6,9,17,19,19,19,19,12958,0,5,6.436589551887799,3.0284199965535663,1521.0046399952262,442.0
1789884538,50,POST,POST /api/v1/auth/login,0.000000,0.000000,0,0,0,0,0,0,0,0,0,0,0,50,0,1300.0,1369.1218887201103,628.633758999058,2104.1982940005255,1622.0
1789884538,50,POST,POST /api/v1/auth/refresh,0.000000,0.000000,0,0,0,0,0,0,0,0,0,0,0,100,0,27,29.209557120193494,18.447431997628883,75.96593200287316,1622.0
1789884538,50,,Aggregated,25.000000,0.000000,6,7,7,8,10,13,17,19,19,19,19,51990,0,6,9.603063305870236,3.0284199965535663,2104.1982940005255,6819.539642238892
1789884539,50,GET,GET /api/v1/reservas,17.800000,0.000000,6,7,8,9,11,14,16,19,19,19,19,38899,0,7,8.858285814128896,4.633864002244081,1957.275683998887,8965.0
1789884539,50,GET,GET /api/v1/reservas/{id},6.800000,0.000000,5,5,5,6,8,9,17,19,19,19,19,12963,0,5,6.436043134950847,3.0284199965535663,1521.0046399952262,442.0
1789884539,50,POST,POST /api/v1/auth/login,0.000000,0.000000,0,0,0,0,0,0,0,0,0,0,0,50,0,1300.0,1369.1218887201103,628.633758999058,2104.1982940005255,1622.0
1789884539,50,POST,POST /api/v1/auth/refresh,0.000000,0.000000,0,0,0,0,0,0,0,0,0,0,0,100,0,27,29.209557120193494,18.447431997628883,75.96593200287316,1622.0
1789884539,50,,Aggregated,24.600000,0.000000,6,7,7,8,10,14,17,19,19,19,19,52012,0,6,9.601360016730613,3.0284199965535663,2104.1982940005255,6819.627797431362
1789884540,50,GET,GET /api/v1/reservas,17.800000,0.000000,6,7,7,8,11,14,16,19,19,19,19,38920,0,7,8.856923960708654,4.633864002244081,1957.275683998887,8965.0
1789884540,50,GET,GET /api/v1/reservas/{id},7.000000,0.000000,5,5,5,6,8,9,17,19,19,19,19,12969,0,5,6.4351256173454265,3.0284199965535663,1521.0046399952262,442.0
1789884540,50,POST,POST /api/v1/auth/login,0.000000,0.000000,0,0,0,0,0,0,0,0,0,0,0,50,0,1300.0,1369.1218887201103,628.633758999058,2104.1982940005255,1622.0
1789884540,50,POST,POST /api/v1/auth/refresh,0.000000,0.000000,0,0,0,0,0,0,0,0,0,0,0,100,0,27,29.209557120193494,18.447431997628883,75.96593200287316,1622.0
1789884540,50,,Aggregated,24.800000,0.000000,6,7,7,8,10,13,17,19,19,19,19,52039,0,6,9.599448006882502,3.0284199965535663,2104.1982940005255,6819.758219796691
1789884541,50,GET,GET /api/v1/reservas,17.400000,0.000000,6,7,7,8,11,13,16,19,19,19,19,38938,0,7,8.855854023261873,4.633864002244081,1957.275683998887,8965.0
1789884541,50,GET,GET /api/v1/reservas/{id},7.200000,0.000000,5,5,5,5,7,9,17,19,19,19,19,12977,0,5,6.433963771314718,3.0284199965535663,1521.0046399952262,442.0
1789884541,50,POST,POST /api/v1/auth/login,0.000000,0.000000,0,0,0,0,0,0,0,0,0,0,0,50,0,1300.0,1369.1218887201103,628.633758999058,2104.1982940005255,1622.0
1789884541,50,POST,POST /api/v1/auth/refresh,0.000000,0.000000,0,0,0,0,0,0,0,0,0,0,0,100,0,27,29.209557120193494,18.447431997628883,75.96593200287316,1622.0
1789884541,50,,Aggregated,24.600000,0.000000,6,7,7,7,10,13,17,19,19,19,19,52065,0,6,9.597615326344892,3.0284199965535663,2104.1982940005255,6819.519907807548
1789884542,50,GET,GET /api/v1/reservas,17.000000,0.000000,6,7,7,8,10,13,16,19,19,19,19,38962,0,7,8.854257578583974,4.633864002244081,1957.275683998887,8965.0
1789884542,50,GET,GET /api/v1/reservas/{id},6.900000,0.000000,5,5,5,6,8,9,17,19,19,19,19,12980,0,5,6.433527673062601,3.0284199965535663,1521.0046399952262,442.0
1789884542,50,POST,POST /api/v1/auth/login,0.000000,0.000000,0,0,0,0,0,0,0,0,0,0,0,50,0,1300.0,1369.1218887201103,628.633758999058,2104.1982940005255,1622.0
1789884542,50,POST,POST /api/v1/auth/refresh,0.000000,0.000000,0,0,0,0,0,0,0,0,0,0,0,100,0,27,29.209557120193494,18.447431997628883,75.96593200287316,1622.0
1789884542,50,,Aggregated,23.900000,0.000000,6,7,7,8,10,13,17,19,19,19,19,52092,0,6,9.595788664692586,3.0284199965535663,2104.1982940005255,6820.141096521539
1789884543,50,GET,GET /api/v1/reservas,17.400000,0.000000,6,7,7,8,10,13,16,19,19,19,19,38979,0,7,8.85301655690995,4.633864002244081,1957.275683998887,8965.0
1789884543,50,GET,GET /api/v1/reservas/{id},6.900000,0.000000,4,5,5,5,8,9,17,19,19,19,19,12988,0,5,6.4320403122381435,3.0284199965535663,1521.0046399952262,442.0
1789884543,50,POST,POST /api/v1/auth/login,0.000000,0.000000,0,0,0,0,0,0,0,0,0,0,0,50,0,1300.0,1369.1218887201103,628.633758999058,2104.1982940005255,1622.0
1789884543,50,POST,POST /api/v1/auth/refresh,0.000000,0.000000,0,0,0,0,0,0,0,0,0,0,0,100,0,27,29.209557120193494,18.447431997628883,75.96593200287316,1622.0
1789884543,50,,Aggregated,24.300000,0.000000,6,7,7,8,10,13,17,19,19,19,19,52117,0,6,9.593762536123851,3.0284199965535663,2104.1982940005255,6819.861676612238
1789884544,50,GET,GET /api/v1/reservas,18.000000,0.000000,6,7,7,8,10,13,16,19,19,19,19,39002,0,7,8.851557942638564,4.633864002244081,1957.275683998887,8965.0
1789884544,50,GET,GET /api/v1/reservas/{id},6.900000,0.000000,4,5,5,5,7,9,17,19,19,19,19,12994,0,5,6.43117626299448,3.0284199965535663,1521.0046399952262,442.0
1789884544,50,POST,POST /api/v1/auth/login,0.000000,0.000000,0,0,0,0,0,0,0,0,0,0,0,50,0,1300.0,1369.1218887201103,628.633758999058,2104.1982940005255,1622.0
1789884544,50,POST,POST /api/v1/auth/refresh,0.000000,0.000000,0,0,0,0,0,0,0,0,0,0,0,100,0,27,29.209557120193494,18.447431997628883,75.96593200287316,1622.0
1789884544,50,,Aggregated,24.900000,0.000000,6,7,7,8,9,13,16,19,19,19,19,52146,0,6,9.591765761288775,3.0284199965535663,2104.1982940005255,6820.073984581752
1789884545,50,GET,GET /api/v1/reservas,18.800000,0.000000,6,7,7,8,10,12,15,19,19,19,19,39017,0,7,8.850638627156732,4.633864002244081,1957.275683998887,8965.0
1789884545,50,GET,GET /api/v1/reservas/{id},5.800000,0.000000,4,5,5,5,6,8,17,19,19,19,19,12996,0,5,6.430836383606528,3.0284199965535663,1521.0046399952262,442.0
1789884545,50,POST,POST /api/v1/auth/login,0.000000,0.000000,0,0,0,0,0,0,0,0,0,0,0,50,0,1300.0,1369.1218887201103,628.633758999058,2104.1982940005255,1622.0
1789884545,50,POST,POST /api/v1/auth/refresh,0.000000,0.000000,0,0,0,0,0,0,0,0,0,0,0,100,0,27,29.209557120193494,18.447431997628883,75.96593200287316,1622.0
1789884545,50,,Aggregated,24.600000,0.000000,6,7,7,7,9,12,17,19,19,19,19,52163,0,6,9.590659415776498,3.0284199965535663,2104.1982940005255,6820.446235837663
1789884546,50,GET,GET /api/v1/reservas,18.700000,0.000000,6,7,7,7,9,12,15,19,19,19,19,39038,0,7,8.849524186735279,4.633864002244081,1957.275683998887,8965.0
1789884546,50,GET,GET /api/v1/reservas/{id},5.900000,0.000000,4,5,5,6,7,8,17,19,19,19,19,13007,0,5,6.429806927911148,3.0284199965535663,1521.0046399952262,442.0
1789884546,50,POST,POST /api/v1/auth/login,0.000000,0.000000,0,0,0,0,0,0,0,0,0,0,0,50,0,1300.0,1369.1218887201103,628.633758999058,2104.1982940005255,1622.0
1789884546,50,POST,POST /api/v1/auth/refresh,0.000000,0.000000,0,0,0,0,0,0,0,0,0,0,0,100,0,27,29.209557120193494,18.447431997628883,75.96593200287316,1622.0
1789884546,50,,Aggregated,24.600000,0.000000,6,7,7,7,9,11,15,19,19,19,19,52195,0,6,9.58860569137153,3.0284199965535663,2104.1982940005255,6819.964824216879
1789884547,50,GET,GET /api/v1/reservas,19.300000,0.000000,6,7,7,7,8,10,20,31,46,46,46,39051,0,7,8.851764136994584,4.633864002244081,1957.275683998887,8965.0
1789884547,50,GET,GET /api/v1/reservas/{id},6.100000,0.000000,4,5,5,6,6,9,12,75,75,75,75,13013,0,5,6.435646583904154,3.0284199965535663,1521.0046399952262,442.0
1789884547,50,POST,POST /api/v1/auth/login,0.000000,0.000000,0,0,0,0,0,0,0,0,0,0,0,50,0,1300.0,1369.1218887201103,628.633758999058,2104.1982940005255,1622.0
1789884547,50,POST,POST /api/v1/auth/refresh,0.000000,0.000000,0,0,0,0,0,0,0,0,0,0,0,100,0,27,29.209557120193494,18.447431997628883,75.96593200287316,1622.0
1789884547,50,,Aggregated,25.400000,0.000000,6,6,7,7,8,10,20,31,75,75,75,52214,0,6,9.59118934496773,3.0284199965535663,2104.1982940005255,6819.7659823035965
1789884548,50,GET,GET /api/v1/reservas,19.000000,0.000000,6,7,7,7,8,10,20,31,46,46,46,39064,0,7,8.850946708933755,4.633864002244081,1957.275683998887,8965.0
1789884548,50,GET,GET /api/v1/reservas/{id},5.700000,0.000000,5,5,6,6,7,9,12,75,75,75,75,13024,0,5,6.434664840782104,3.0284199965535663,1521.0046399952262,442.0
1789884548,50,POST,POST /api/v1/auth/login,0.000000,0.000000,0,0,0,0,0,0,0,0,0,0,0,50,0,1300.0,1369.1218887201103,628.633758999058,2104.1982940005255,1622.0
1789884548,50,POST,POST /api/v1/auth/refresh,0.000000,0.000000,0,0,0,0,0,0,0,0,0,0,0,100,0,27,29.209557120193494,18.447431997628883,75.96593200287316,1622.0
1789884548,50,,Aggregated,24.700000,0.000000,6,6,7,7,8,10,20,31,75,75,75,52238,0,6,9.589484805546904,3.0284199965535663,2104.1982940005255,6818.956851334277
1789884549,50,GET,GET /api/v1/reservas,19.200000,0.000000,6,7,7,7,8,10,20,31,46,46,46,39079,0,7,8.849977561114146,4.633864002244081,1957.275683998887,8965.0
1789884549,50,GET,GET /api/v1/reservas/{id},6.400000,0.000000,5,5,6,6,7,9,12,75,75,75,75,13031,0,5,6.433661772492783,3.0284199965535663,1521.0046399952262,442.0
1789884549,50,POST,POST /api/v1/auth/login,0.000000,0.000000,0,0,0,0,0,0,0,0,0,0,0,50,0,1300.0,1369.1218887201103,628.633758999058,2104.1982940005255,1622.0
1789884549,50,POST,POST /api/v1/auth/refresh,0.000000,0.000000,0,0,0,0,0,0,0,0,0,0,0,100,0,27,29.209557120193494,18.447431997628883,75.96593200287316,1622.0
1789884549,50,,Aggregated,25.600000,0.000000,6,6,7,7,8,10,20,31,75,75,75,52260,0,6,9.587875427021777,3.0284199965535663,2104.1982940005255,6818.718656716418
1789884550,50,GET,GET /api/v1/reservas,18.200000,0.000000,6,7,7,7,8,10,20,31,46,46,46,39096,0,7,8.848841809897866,4.633864002244081,1957.275683998887,8965.0
1789884550,50,GET,GET /api/v1/reservas/{id},6.200000,0.000000,5,5,6,6,7,9,12,75,75,75,75,13042,0,5,6.431917744162482,3.0284199965535663,1521.0046399952262,442.0
1789884550,50,POST,POST /api/v1/auth/login,0.000000,0.000000,0,0,0,0,0,0,0,0,0,0,0,50,0,1300.0,1369.1218887201103,628.633758999058,2104.1982940005255,1622.0
1789884550,50,POST,POST /api/v1/auth/refresh,0.000000,0.000000,0,0,0,0,0,0,0,0,0,0,0,100,0,27,29.209557120193494,18.447431997628883,75.96593200287316,1622.0
1789884550,50,,Aggregated,24.400000,0.000000,6,6,7,7,8,10,20,31,75,75,75,52288,0,6,9.585687744169961,3.0284199965535663,2104.1982940005255,6818.074969400245
1789884551,50,GET,GET /api/v1/reservas,18.300000,0.000000,6,7,7,7,8,10,20,31,46,46,46,39115,0,7,8.847531112610413,4.633864002244081,1957.275683998887,8965.0
1789884551,50,GET,GET /api/v1/reservas/{id},6.600000,0.000000,5,5,6,6,7,11,12,75,75,75,75,13048,0,5,6.431289862995969,3.0284199965535663,1521.0046399952262,442.0
1789884551,50,POST,POST /api/v1/auth/login,0.000000,0.000000,0,0,0,0,0,0,0,0,0,0,0,50,0,1300.0,1369.1218887201103,628.633758999058,2104.1982940005255,1622.0
1789884551,50,POST,POST /api/v1/auth/refresh,0.000000,0.000000,0,0,0,0,0,0,0,0,0,0,0,100,0,27,29.209557120193494,18.447431997628883,75.96593200287316,1622.0
1789884551,50,,Aggregated,24.900000,0.000000,6,6,7,7,8,10,20,31,75,75,75,52313,0,6,9.583921773749404,3.0284199965535663,2104.1982940005255,6818.123430122531
1789884552,50,GET,GET /api/v1/reservas,17.900000,0.000000,6,7,7,7,8,10,20,31,46,46,46,39131,0,7,8.846435107657857,4.633864002244081,1957.275683998887,8965.0
1789884552,50,GET,GET /api/v1/reservas/{id},6.800000,0.000000,5,5,5,6,7,11,12,75,75,75,75,13056,0,5,6.430031831446486,3.0284199965535663,1521.0046399952262,442.0
1789884552,50,POST,POST /api/v1/auth/login,0.000000,0.000000,0,0,0,0,0,0,0,0,0,0,0,50,0,1300.0,1369.1218887201103,628.633758999058,2104.1982940005255,1622.0
1789884552,50,POST,POST /api/v1/auth/refresh,0.000000,0.000000,0,0,0,0,0,0,0,0,0,0,0,100,0,27,29.209557120193494,18.447431997628883,75.96593200287316,1622.0
1789884552,50,,Aggregated,24.700000,0.000000,6,6,7,7,8,10,20,31,75,75,75,52337,0,6,9.582081470797903,3.0284199965535663,2104.1982940005255,6817.805128303113
1789884553,50,GET,GET /api/v1/reservas,17.700000,0.000000,6,7,7,7,8,10,20,31,46,46,46,39153,0,7,8.844842525982148,4.633864002244081,1957.275683998887,8965.0
1789884553,50,GET,GET /api/v1/reservas/{id},7.200000,0.000000,5,5,6,6,7,11,12,75,75,75,75,13059,0,5,6.429734864183571,3.0284199965535663,1521.0046399952262,442.0
1789884553,50,POST,POST /api/v1/auth/login,0.000000,0.000000,0,0,0,0,0,0,0,0,0,0,0,50,0,1300.0,1369.1218887201103,628.633758999058,2104.1982940005255,1622.0
1789884553,50,POST,POST /api/v1/auth/refresh,0.000000,0.000000,0,0,0,0,0,0,0,0,0,0,0,100,0,27,29.209557120193494,18.447431997628883,75.96593200287316,1622.0
1789884553,50,,Aggregated,24.900000,0.000000,6,6,7,7,8,10,20,31,75,75,75,52362,0,6,9.580326900408258,3.0284199965535663,2104.1982940005255,6818.3419846453535
1789884554,50,GET,GET /api/v1/reservas,17.500000,0.000000,6,7,7,7,8,10,20,31,46,46,46,39169,0,7,8.843822090550866,4.633864002244081,1957.275683998887,8965.0
1789884554,50,GET,GET /api/v1/reservas/{id},7.100000,0.000000,5,5,6,6,7,11,12,75,75,75,75,13063,0,5,6.429267318944392,3.0284199965535663,1521.0046399952262,442.0
1789884554,50,POST,POST /api/v1/auth/login,0.000000,0.000000,0,0,0,0,0,0,0,0,0,0,0,50,0,1300.0,1369.1218887201103,628.633758999058,2104.1982940005255,1622.0
1789884554,50,POST,POST /api/v1/auth/refresh,0.000000,0.000000,0,0,0,0,0,0,0,0,0,0,0,100,0,27,29.209557120193494,18.447431997628883,75.96593200287316,1622.0
1789884554,50,,Aggregated,24.600000,0.000000,6,6,7,7,8,10,20,31,75,75,75,52382,0,6,9.578982028181098,3.0284199965535663,2104.1982940005255,6818.510767057386
1789884555,50,GET,GET /api/v1/reservas,16.800000,0.000000,6,7,7,7,8,10,20,31,46,46,46,39189,0,7,8.84236695934513,4.633864002244081,1957.275683998887,8965.0
1789884555,50,GET,GET /api/v1/reservas/{id},7.500000,0.000000,5,5,6,6,7,11,12,75,75,75,75,13072,0,5,6.428114878165403,3.0284199965535663,1521.0046399952262,442.0
1789884555,50,POST,POST /api/v1/auth/login,0.000000,0.000000,0,0,0,0,0,0,0,0,0,0,0,50,0,1300.0,1369.1218887201103,628.633758999058,2104.1982940005255,1622.0
1789884555,50,POST,POST /api/v1/auth/refresh,0.000000,0.000000,0,0,0,0,0,0,0,0,0,0,0,100,0,27,29.209557120193494,18.447431997628883,75.96593200287316,1622.0
1789884555,50,,Aggregated,24.300000,0.000000,6,6,7,7,8,10,20,31,75,75,75,52411,0,6,9.576785152070736,3.0284199965535663,2104.1982940005255,6818.2348934384
1789884556,50,GET,GET /api/v1/reservas,17.400000,0.000000,6,7,7,7,8,10,20,31,46,46,46,39205,0,7,8.84242039882062,4.633864002244081,1957.275683998887,8965.0
1789884556,50,GET,GET /api/v1/reservas/{id},7.100000,0.000000,5,5,5,6,7,11,12,75,75,75,75,13080,0,5,6.427585851940424,3.0284199965535663,1521.0046399952262,442.0
1789884556,50,POST,POST /api/v1/auth/login,0.000000,0.000000,0,0,0,0,0,0,0,0,0,0,0,50,0,1300.0,1369.1218887201103,628.633758999058,2104.1982940005255,1622.0
1789884556,50,POST,POST /api/v1/auth/refresh,0.000000,0.000000,0,0,0,0,0,0,0,0,0,0,0,100,0,27,29.209557120193494,18.447431997628883,75.96593200287316,1622.0
1789884556,50,,Aggregated,24.500000,0.000000,6,6,7,7,8,11,20,31,75,75,75,52435,0,6,9.575988649321406,3.0284199965535663,2104.1982940005255,6817.917135501097
1789884557,50,GET,GET /api/v1/reservas,16.700000,0.000000,6,7,7,7,8,9,10,14,20,20,20,39226,0,7,8.84148033201898,4.633864002244081,1957.275683998887,8965.0
1789884557,50,GET,GET /api/v1/reservas/{id},6.900000,0.000000,5,5,5,6,7,7,8,11,11,11,11,13089,0,5,6.426584370417492,3.0284199965535663,1521.0046399952262,442.0
1789884557,50,POST,POST /api/v1/auth/login,0.000000,0.000000,0,0,0,0,0,0,0,0,0,0,0,50,0,1300.0,1369.1218887201103,628.633758999058,2104.1982940005255,1622.0
1789884557,50,POST,POST /api/v1/auth/refresh,0.000000,0.000000,0,0,0,0,0,0,0,0,0,0,0,100,0,27,29.209557120193494,18.447431997628883,75.96593200287316,1622.0
1789884557,50,,Aggregated,23.600000,0.000000,6,6,7,7,7,9,10,11,20,20,20,52465,0,6,9.574202239134584,3.0284199965535663,2104.1982940005255,6817.682798055846
1789884558,50,GET,GET /api/v1/reservas,16.900000,0.000000,6,7,7,7,8,10,12,19,20,20,20,39237,0,7,8.841424452984986,4.633864002244081,1957.275683998887,8965.0
1789884558,50,GET,GET /api/v1/reservas/{id},7.600000,0.000000,5,5,5,6,7,9,11,31,31,31,31,13097,0,5,6.4285612183256955,3.0284199965535663,1521.0046399952262,442.0
1789884558,50,POST,POST /api/v1/auth/login,0.000000,0.000000,0,0,0,0,0,0,0,0,0,0,0,50,0,1300.0,1369.1218887201103,628.633758999058,2104.1982940005255,1622.0
1789884558,50,POST,POST /api/v1/auth/refresh,0.000000,0.000000,0,0,0,0,0,0,0,0,0,0,0,100,0,27,29.209557120193494,18.447431997628883,75.96593200287316,1622.0
1789884558,50,,Aggregated,24.500000,0.000000,6,6,7,7,8,10,12,19,31,31,31,52484,0,6,9.574020419293658,3.0284199965535663,2104.1982940005255,6817.161020501486
1789884559,50,GET,GET /api/v1/reservas,16.700000,0.000000,6,7,7,7,8,10,12,19,20,20,20,39256,0,7,8.840125281912648,4.633864002244081,1957.275683998887,8965.0
1789884559,50,GET,GET /api/v1/reservas/{id},7.200000,0.000000,5,5,5,6,7,9,11,31,31,31,31,13103,0,5,6.427396374449483,3.0284199965535663,1521.0046399952262,442.0
1789884559,50,POST,POST /api/v1/auth/login,0.000000,0.000000,0,0,0,0,0,0,0,0,0,0,0,50,0,1300.0,1369.1218887201103,628.633758999058,2104.1982940005255,1622.0
1789884559,50,POST,POST /api/v1/auth/refresh,0.000000,0.000000,0,0,0,0,0,0,0,0,0,0,0,100,0,27,29.209557120193494,18.447431997628883,75.96593200287316,1622.0
1789884559,50,,Aggregated,23.900000,0.000000,6,6,7,7,8,10,12,19,31,31,31,52509,0,6,9.57213397530327,3.0284199965535663,2104.1982940005255,6817.209735473919
1789884560,50,GET,GET /api/v1/reservas,17.500000,0.000000,6,7,7,7,8,10,12,19,20,20,20,39279,0,7,8.838462028074844,4.633864002244081,1957.275683998887,8965.0
1789884560,50,GET,GET /api/v1/reservas/{id},7.600000,0.000000,5,5,5,6,8,9,11,31,31,31,31,13112,0,5,6.4260428029602945,3.0284199965535663,1521.0046399952262,442.0
1789884560,50,POST,POST /api/v1/auth/login,0.000000,0.000000,0,0,0,0,0,0,0,0,0,0,0,50,0,1300.0,1369.1218887201103,628.633758999058,2104.1982940005255,1622.0
1789884560,50,POST,POST /api/v1/auth/refresh,0.000000,0.000000,0,0,0,0,0,0,0,0,0,0,0,100,0,27,29.209557120193494,18.447431997628883,75.96593200287316,1622.0
1789884560,50,,Aggregated,25.100000,0.000000,6,6,7,7,8,10,11,19,31,31,31,52541,0,6,9.56969363699191,3.0284199965535663,2104.1982940005255,6817.057897641842
1789884561,50,GET,GET /api/v1/reservas,17.200000,0.000000,6,7,7,7,8,10,12,19,20,20,20,39294,0,7,8.837586894786796,4.633864002244081,1957.275683998887,8965.0
1789884561,50,GET,GET /api/v1/reservas/{id},7.300000,0.000000,5,5,5,6,7,8,10,31,31,31,31,13118,0,5,6.425202321422106,3.0284199965535663,1521.0046399952262,442.0
1789884561,50,POST,POST /api/v1/auth/login,0.000000,0.000000,0,0,0,0,0,0,0,0,0,0,0,50,0,1300.0,1369.1218887201103,628.633758999058,2104.1982940005255,1622.0
1789884561,50,POST,POST /api/v1/auth/refresh,0.000000,0.000000,0,0,0,0,0,0,0,0,0,0,0,100,0,27,29.209557120193494,18.447431997628883,75.96593200287316,1622.0
1789884561,50,,Aggregated,24.500000,0.000000,6,6,7,7,8,10,12,19,31,31,31,52562,0,6,9.56826212176463,3.0284199965535663,2104.1982940005255,6816.943152848065
1789884562,50,GET,GET /api/v1/reservas,17.700000,0.000000,6,7,7,7,8,10,12,19,20,20,20,39317,0,7,8.835986899986393,4.633864002244081,1957.275683998887,8965.0
1789884562,50,GET,GET /api/v1/reservas/{id},7.200000,0.000000,5,5,5,6,7,8,10,31,31,31,31,13124,0,5,6.4242275270046765,3.0284199965535663,1521.0046399952262,442.0
1789884562,50,POST,POST /api/v1/auth/login,0.000000,0.000000,0,0,0,0,0,0,0,0,0,0,0,50,0,1300.0,1369.1218887201103,628.633758999058,2104.1982940005255,1622.0
1789884562,50,POST,POST /api/v1/auth/refresh,0.000000,0.000000,0,0,0,0,0,0,0,0,0,0,0,100,0,27,29.209557120193494,18.447431997628883,75.96593200287316,1622.0
1789884562,50,,Aggregated,24.900000,0.000000,6,6,7,7,8,10,11,19,31,31,31,52591,0,6,9.566144571489403,3.0284199965535663,2104.1982940005255,6817.1552737160355
1789884563,50,GET,GET /api/v1/reservas,18.200000,0.000000,6,7,7,7,8,10,12,19,20,20,20,39338,0,7,8.834517673541026,4.633864002244081,1957.275683998887,8965.0
1789884563,50,GET,GET /api/v1/reservas/{id},7.000000,0.000000,5,5,5,5,7,8,10,31,31,31,31,13131,0,5,6.423033870719018,3.0284199965535663,1521.0046399952262,442.0
1789884563,50,POST,POST /api/v1/auth/login,0.000000,0.000000,0,0,0,0,0,0,0,0,0,0,0,50,0,1300.0,1369.1218887201103,628.633758999058,2104.1982940005255,1622.0
1789884563,50,POST,POST /api/v1/auth/refresh,0.000000,0.000000,0,0,0,0,0,0,0,0,0,0,0,100,0,27,29.209557120193494,18.447431997628883,75.96593200287316,1622.0
1789884563,50,,Aggregated,25.200000,0.000000,6,6,7,7,8,10,11,19,31,31,31,52619,0,6,9.564038924080524,3.0284199965535663,2104.1982940005255,6817.164370284498
1789884564,50,GET,GET /api/v1/reservas,17.900000,0.000000,6,7,7,7,8,10,12,19,20,20,20,39354,0,7,8.833602272291277,4.633864002244081,1957.275683998887,8965.0
1789884564,50,GET,GET /api/v1/reservas/{id},7.000000,0.000000,5,5,5,5,7,8,10,31,31,31,31,13136,0,5,6.4222787246058335,3.0284199965535663,1521.0046399952262,442.0
1789884564,50,POST,POST /api/v1/auth/login,0.000000,0.000000,0,0,0,0,0,0,0,0,0,0,0,50,0,1300.0,1369.1218887201103,628.633758999058,2104.1982940005255,1622.0
1789884564,50,POST,POST /api/v1/auth/refresh,0.000000,0.000000,0,0,0,0,0,0,0,0,0,0,0,100,0,27,29.209557120193494,18.447431997628883,75.96593200287316,1622.0
1789884564,50,,Aggregated,24.900000,0.000000,6,6,7,7,8,10,11,19,31,31,31,52640,0,6,9.562646035300114,3.0284199965535663,2104.1982940005255,6817.211664133739
1789884565,50,GET,GET /api/v1/reservas,18.600000,0.000000,6,7,7,7,8,10,12,19,20,20,20,39372,0,7,8.83236810080104,4.633864002244081,1957.275683998887,8965.0
1789884565,50,GET,GET /api/v1/reservas/{id},6.800000,0.000000,5,5,5,5,7,8,10,31,31,31,31,13143,0,5,6.421185037618898,3.0284199965535663,1521.0046399952262,442.0
1789884565,50,POST,POST /api/v1/auth/login,0.000000,0.000000,0,0,0,0,0,0,0,0,0,0,0,50,0,1300.0,1369.1218887201103,628.633758999058,2104.1982940005255,1622.0
1789884565,50,POST,POST /api/v1/auth/refresh,0.000000,0.000000,0,0,0,0,0,0,0,0,0,0,0,100,0,27,29.209557120193494,18.447431997628883,75.96593200287316,1622.0
1789884565,50,,Aggregated,25.400000,0.000000,6,6,7,7,8,10,11,19,31,31,31,52665,0,6,9.560783859530781,3.0284199965535663,2104.1982940005255,6817.098376530903
1789884566,50,GET,GET /api/v1/reservas,18.300000,0.000000,6,7,7,7,8,9,10,12,19,19,19,39390,0,7,8.831389490955319,4.633864002244081,1957.275683998887,8965.0
1789884566,50,GET,GET /api/v1/reservas/{id},7.200000,0.000000,4,5,5,5,6,8,10,31,31,31,31,13151,0,5,6.420290654963819,3.0284199965535663,1521.0046399952262,442.0
1789884566,50,POST,POST /api/v1/auth/login,0.000000,0.000000,0,0,0,0,0,0,0,0,0,0,0,50,0,1300.0,1369.1218887201103,628.633758999058,2104.1982940005255,1622.0
1789884566,50,POST,POST /api/v1/auth/refresh,0.000000,0.000000,0,0,0,0,0,0,0,0,0,0,0,100,0,27,29.209557120193494,18.447431997628883,75.96593200287316,1622.0
1789884566,50,,Aggregated,25.500000,0.000000,6,6,7,7,8,9,10,12,31,31,31,52691,0,6,9.559103539507394,3.0284199965535663,2104.1982940005255,6816.864208308819
1789884567,50,GET,GET /api/v1/reservas,18.500000,0.000000,6,7,7,7,7,8,9,12,12,12,12,39412,0,7,8.830125866860987,4.633864002244081,1957.275683998887,8965.0
1789884567,50,GET,GET /api/v1/reservas/{id},7.300000,0.000000,4,5,5,5,5,6,7,10,10,10,10,13155,0,5,6.420075929109325,3.0284199965535663,1521.0046399952262,442.0
1789884567,50,POST,POST /api/v1/auth/login,0.000000,0.000000,0,0,0,0,0,0,0,0,0,0,0,50,0,1300.0,1369.1218887201103,628.633758999058,2104.1982940005255,1622.0
1789884567,50,POST,POST /api/v1/auth/refresh,0.000000,0.000000,0,0,0,0,0,0,0,0,0,0,0,100,0,27,29.209557120193494,18.447431997628883,75.96593200287316,1622.0
1789884567,50,,Aggregated,25.800000,0.000000,6,6,7,7,7,8,9,10,12,12,12,52717,0,6,9.557563398148288,3.0284199965535663,2104.1982940005255,6817.276969478537
1789884569,50,GET,GET /api/v1/reservas,18.300000,0.000000,6,7,7,7,9,13,60,88,170,170,170,39432,0,7,8.8398736463458,4.633864002244081,1957.275683998887,8965.0
1789884569,50,GET,GET /api/v1/reservas/{id},7.000000,0.000000,4,5,5,5,5,6,7,10,10,10,10,13156,0,5,6.419982703666453,3.0284199965535663,1521.0046399952262,442.0
1789884569,50,POST,POST /api/v1/auth/login,0.000000,0.000000,0,0,0,0,0,0,0,0,0,0,0,50,0,1300.0,1369.1218887201103,628.633758999058,2104.1982940005255,1622.0
1789884569,50,POST,POST /api/v1/auth/refresh,0.000000,0.000000,0,0,0,0,0,0,0,0,0,0,0,100,0,27,29.209557120193494,18.447431997628883,75.96593200287316,1622.0
1789884569,50,,Aggregated,25.300000,0.000000,6,6,7,7,8,12,23,65,170,170,170,52738,0,6,9.564493159015669,3.0284199965535663,2104.1982940005255,6817.970571504418
1789884570,50,GET,GET /api/v1/reservas,18.400000,0.000000,6,7,7,7,10,13,60,88,170,170,170,39448,0,7,8.839043952614755,4.633864002244081,1957.275683998887,8965.0
1789884570,50,GET,GET /api/v1/reservas/{id},7.100000,0.000000,4,5,5,5,6,7,8,10,10,10,10,13165,0,5,6.419151401400327,3.0284199965535663,1521.0046399952262,442.0
1789884570,50,POST,POST /api/v1/auth/login,0.000000,0.000000,0,0,0,0,0,0,0,0,0,0,0,50,0,1300.0,1369.1218887201103,628.633758999058,2104.1982940005255,1622.0
1789884570,50,POST,POST /api/v1/auth/refresh,0.000000,0.000000,0,0,0,0,0,0,0,0,0,0,0,100,0,27,29.209557120193494,18.447431997628883,75.96593200287316,1622.0
1789884570,50,,Aggregated,25.500000,0.000000,6,7,7,7,8,12,23,65,170,170,170,52763,0,6,9.562909315054243,3.0284199965535663,2104.1982940005255,6817.5340674336185
1789884571,50,GET,GET /api/v1/reservas,18.600000,0.000000,6,7,7,7,10,15,60,88,170,170,170,39469,0,7,8.838170011268785,4.633864002244081,1957.275683998887,8965.0
1789884571,50,GET,GET /api/v1/reservas/{id},6.600000,0.000000,4,5,5,5,6,7,10,10,10,10,10,13166,0,5,6.418988120191044,3.0284199965535663,1521.0046399952262,442.0
1789884571,50,POST,POST /api/v1/auth/login,0.000000,0.000000,0,0,0,0,0,0,0,0,0,0,0,50,0,1300.0,1369.1218887201103,628.633758999058,2104.1982940005255,1622.0
1789884571,50,POST,POST /api/v1/auth/refresh,0.000000,0.000000,0,0,0,0,0,0,0,0,0,0,0,100,0,27,29.209557120193494,18.447431997628883,75.96593200287316,1622.0
1789884571,50,,Aggregated,25.200000,0.000000,6,7,7,7,8,12,23,65,170,170,170,52785,0,6,9.561867574372034,3.0284199965535663,2104.1982940005255,6818.267632850241
1789884572,50,GET,GET /api/v1/reservas,19.500000,0.000000,6,7,7,8,10,15,60,88,170,170,170,39491,0,7,8.83717387581295,4.633864002244081,1957.275683998887,8965.0
1789884572,50,GET,GET /api/v1/reservas/{id},5.900000,0.000000,4,5,5,5,7,10,16,16,16,16,16,13173,0,5,6.419420306188092,3.0284199965535663,1521.0046399952262,442.0
1789884572,50,POST,POST /api/v1/auth/login,0.000000,0.000000,0,0,0,0,0,0,0,0,0,0,0,50,0,1300.0,1369.1218887201103,628.633758999058,2104.1982940005255,1622.0
1789884572,50,POST,POST /api/v1/auth/refresh,0.000000,0.000000,0,0,0,0,0,0,0,0,0,0,0,100,0,27,29.209557120193494,18.447431997628883,75.96593200287316,1622.0
1789884572,50,,Aggregated,25.400000,0.000000,6,7,7,7,10,14,23,65,170,170,170,52814,0,6,9.560512503714351,3.0284199965535663,2104.1982940005255,6818.3167531336385
1789884573,50,GET,GET /api/v1/reservas,19.000000,0.000000,6,7,7,8,11,17,60,88,170,170,170,39507,0,7,8.836676646334165,4.633864002244081,1957.275683998887,8965.0
1789884573,50,GET,GET /api/v1/reservas/{id},5.400000,0.000000,4,5,5,5,6,10,14,16,16,16,16,13184,0,5,6.417805097498234,3.0284199965535663,1521.0046399952262,442.0
1789884573,50,POST,POST /api/v1/auth/login,0.000000,0.000000,0,0,0,0,0,0,0,0,0,0,0,50,0,1300.0,1369.1218887201103,628.633758999058,2104.1982940005255,1622.0
1789884573,50,POST,POST /api/v1/auth/refresh,0.000000,0.000000,0,0,0,0,0,0,0,0,0,0,0,100,0,27,29.209557120193494,18.447431997628883,75.96593200287316,1622.0
1789884573,50,,Aggregated,24.400000,0.000000,6,7,7,7,10,15,23,65,170,170,170,52841,0,6,9.558864836399112,3.0284199965535663,2104.1982940005255,6817.639389867716
1789884574,50,GET,GET /api/v1/reservas,19.000000,0.000000,6,7,7,8,11,17,60,88,170,170,170,39522,0,7,8.835773619672873,4.633864002244081,1957.275683998887,8965.0
1789884574,50,GET,GET /api/v1/reservas/{id},5.400000,0.000000,5,5,5,5,7,14,16,17,17,17,17,13189,0,5,6.418279083661657,3.0284199965535663,1521.0046399952262,442.0
1789884574,50,POST,POST /api/v1/auth/login,0.000000,0.000000,0,0,0,0,0,0,0,0,0,0,0,50,0,1300.0,1369.1218887201103,628.633758999058,2104.1982940005255,1622.0
1789884574,50,POST,POST /api/v1/auth/refresh,0.000000,0.000000,0,0,0,0,0,0,0,0,0,0,0,100,0,27,29.209557120193494,18.447431997628883,75.96593200287316,1622.0
1789884574,50,,Aggregated,24.400000,0.000000,6,7,7,8,10,15,23,65,170,170,170,52861,0,6,9.557805905661068,3.0284199965535663,2104.1982940005255,6817.645674504834
1789884575,50,GET,GET /api/v1/reservas,18.900000,0.000000,7,7,8,8,10,17,60,88,170,170,170,39544,0,7,8.834557245163278,4.633864002244081,1957.275683998887,8965.0
1789884575,50,GET,GET /api/v1/reservas/{id},6.000000,0.000000,5,5,5,6,7,14,16,17,17,17,17,13194,0,5,6.417567282128844,3.0284199965535663,1521.0046399952262,442.0
1789884575,50,POST,POST /api/v1/auth/login,0.000000,0.000000,0,0,0,0,0,0,0,0,0,0,0,50,0,1300.0,1369.1218887201103,628.633758999058,2104.1982940005255,1622.0
1789884575,50,POST,POST /api/v1/auth/refresh,0.000000,0.000000,0,0,0,0,0,0,0,0,0,0,0,100,0,27,29.209557120193494,18.447431997628883,75.96593200287316,1622.0
1789884575,50,,Aggregated,24.900000,0.000000,6,7,7,8,10,15,23,65,170,170,170,52888,0,6,9.556121701920464,3.0284199965535663,2104.1982940005255,6817.936166994404
1789884576,50,GET,GET /api/v1/reservas,18.900000,0.000000,6,7,8,8,10,17,60,88,170,170,170,39564,0,7,8.833338485333744,4.633864002244081,1957.275683998887,8965.0
1789884576,50,GET,GET /api/v1/reservas/{id},6.000000,0.000000,5,5,5,6,8,14,17,17,17,17,17,13199,0,5,6.416885249065331,3.0284199965535663,1521.0046399952262,442.0
1789884576,50,POST,POST /api/v1/auth/login,0.000000,0.000000,0,0,0,0,0,0,0,0,0,0,0,50,0,1300.0,1369.1218887201103,628.633758999058,2104.1982940005255,1622.0
1789884576,50,POST,POST /api/v1/auth/refresh,0.000000,0.000000,0,0,0,0,0,0,0,0,0,0,0,100,0,27,29.209557120193494,18.447431997628883,75.96593200287316,1622.0
1789884576,50,,Aggregated,24.900000,0.000000,6,7,7,8,10,15,23,65,170,170,170,52913,0,6,9.554470969028074,3.0284199965535663,2104.1982940005255,6818.145219511273
1789884577,50,GET,GET /api/v1/reservas,18.400000,0.000000,7,7,8,8,10,17,60,88,170,170,170,39579,0,7,8.832652248786818,4.633864002244081,1957.275683998887,8965.0
1789884577,50,GET,GET /api/v1/reservas/{id},5.800000,0.000000,5,5,5,5,7,14,17,17,17,17,17,13205,0,5,6.415866117410854,3.0284199965535663,1521.0046399952262,442.0
1789884577,50,POST,POST /api/v1/auth/login,0.000000,0.000000,0,0,0,0,0,0,0,0,0,0,0,50,0,1300.0,1369.1218887201103,628.633758999058,2104.1982940005255,1622.0
1789884577,50,POST,POST /api/v1/auth/refresh,0.000000,0.000000,0,0,0,0,0,0,0,0,0,0,0,100,0,27,29.209557120193494,18.447431997628883,75.96593200287316,1622.0
1789884577,50,,Aggregated,24.200000,0.000000,6,7,7,8,10,16,23,65,170,170,170,52934,0,6,9.553143642709198,3.0284199965535663,2104.1982940005255,6818.030849737409
1789884578,50,GET,GET /api/v1/reservas,19.200000,0.000000,6,7,7,8,9,11,15,18,21,21,21,39598,0,7,8.832148488553097,4.633864002244081,1957.275683998887,8965.0
1789884578,50,GET,GET /api/v1/reservas/{id},5.600000,0.000000,5,5,5,6,7,14,16,17,17,17,17,13213,0,5,6.41513788385674,3.0284199965535663,1521.0046399952262,442.0
1789884578,50,POST,POST /api/v1/auth/login,0.000000,0.000000,0,0,0,0,0,0,0,0,0,0,0,50,0,1300.0,1369.1218887201103,628.633758999058,2104.1982940005255,1622.0
1789884578,50,POST,POST /api/v1/auth/refresh,0.000000,0.000000,0,0,0,0,0,0,0,0,0,0,0,100,0,27,29.209557120193494,18.447431997628883,75.96593200287316,1622.0
1789884578,50,,Aggregated,24.800000,0.000000,6,7,7,7,9,11,16,17,21,21,21,52961,0,6,9.551852926816894,3.0284199965535663,2104.1982940005255,6817.837956231944
1789884579,50,GET,GET /api/v1/reservas,19.200000,0.000000,6,7,7,8,9,11,15,18,21,21,21,39617,0,7,8.831065118906459,4.633864002244081,1957.275683998887,8965.0
1789884579,50,GET,GET /api/v1/reservas/{id},5.600000,0.000000,5,5,5,5,7,14,16,17,17,17,17,13218,0,5,6.414703241822054,3.0284199965535663,1521.0046399952262,442.0
1789884579,50,POST,POST /api/v1/auth/login,0.000000,0.000000,0,0,0,0,0,0,0,0,0,0,0,50,0,1300.0,1369.1218887201103,628.633758999058,2104.1982940005255,1622.0
1789884579,50,POST,POST /api/v1/auth/refresh,0.000000,0.000000,0,0,0,0,0,0,0,0,0,0,0,100,0,27,29.209557120193494,18.447431997628883,75.96593200287316,1622.0
1789884579,50,,Aggregated,24.800000,0.000000,6,7,7,7,9,11,16,17,21,21,21,52985,0,6,9.550380379619627,3.0284199965535663,2104.1982940005255,6818.006247051052
1789884580,50,GET,GET /api/v1/reservas,18.900000,0.000000,6,7,8,8,11,14,18,39,48,48,48,39639,0,7,8.833181893027392,4.633864002244081,1957.275683998887,8965.0
1789884580,50,GET,GET /api/v1/reservas/{id},5.400000,0.000000,5,5,5,6,7,14,16,17,17,17,17,13221,0,5,6.414386970002189,3.0284199965535663,1521.0046399952262,442.0
1789884580,50,POST,POST /api/v1/auth/login,0.000000,0.000000,0,0,0,0,0,0,0,0,0,0,0,50,0,1300.0,1369.1218887201103,628.633758999058,2104.1982940005255,1622.0
1789884580,50,POST,POST /api/v1/auth/refresh,0.000000,0.000000,0,0,0,0,0,0,0,0,0,0,0,100,0,27,29.209557120193494,18.447431997628883,75.96593200287316,1622.0
1789884580,50,,Aggregated,24.300000,0.000000,6,7,7,8,10,14,17,33,48,48,48,53010,0,6,9.551408363254794,3.0284199965535663,2104.1982940005255,6818.536445953594
1789884581,50,GET,GET /api/v1/reservas,18.500000,0.000000,6,7,8,8,11,14,17,39,48,48,48,39661,0,7,8.831923229109186,4.633864002244081,1957.275683998887,8965.0
1789884581,50,GET,GET /api/v1/reservas/{id},6.200000,0.000000,5,5,5,5,6,7,8,17,17,17,17,13227,0,5,6.413275112376432,3.0284199965535663,1521.0046399952262,442.0
1789884581,50,POST,POST /api/v1/auth/login,0.000000,0.000000,0,0,0,0,0,0,0,0,0,0,0,50,0,1300.0,1369.1218887201103,628.633758999058,2104.1982940005255,1622.0
1789884581,50,POST,POST /api/v1/auth/refresh,0.000000,0.000000,0,0,0,0,0,0,0,0,0,0,0,100,0,27,29.209557120193494,18.447431997628883,75.96593200287316,1622.0
1789884581,50,,Aggregated,24.700000,0.000000,6,7,7,8,10,12,17,33,48,48,48,53038,0,6,9.549537072459886,3.0284199965535663,2104.1982940005255,6818.70543761077
1789884582,50,GET,GET /api/v1/reservas,19.100000,0.000000,6,7,8,9,12,18,30,39,48,48,48,39674,0,7,8.834233206651485,4.633864002244081,1957.275683998887,8965.0
1789884582,50,GET,GET /api/v1/reservas/{id},5.600000,0.000000,5,5,6,7,9,17,24,26,26,26,26,13237,0,5,6.417204149385127,3.0284199965535663,1521.0046399952262,442.0
1789884582,50,POST,POST /api/v1/auth/login,0.000000,0.000000,0,0,0,0,0,0,0,0,0,0,0,50,0,1300.0,1369.1218887201103,628.633758999058,2104.1982940005255,1622.0
1789884582,50,POST,POST /api/v1/auth/refresh,0.000000,0.000000,0,0,0,0,0,0,0,0,0,0,0,100,0,27,29.209557120193494,18.447431997628883,75.96593200287316,1622.0
1789884582,50,,Aggregated,24.700000,0.000000,6,7,8,8,12,17,26,33,48,48,48,53061,0,6,9.551477539325056,3.0284199965535663,2104.1982940005255,6818.029513201786
1789884583,50,GET,GET /api/v1/reservas,19.100000,0.000000,7,8,9,11,15,24,35,39,48,48,48,39690,0,7,8.83676321924086,4.633864002244081,1957.275683998887,8965.0
1789884583,50,GET,GET /api/v1/reservas/{id},5.600000,0.000000,5,6,7,9,14,26,31,55,55,55,55,13249,0,5,6.424771022296266,3.0284199965535663,1521.0046399952262,442.0
1789884583,50,POST,POST /api/v1/auth/login,0.000000,0.000000,0,0,0,0,0,0,0,0,0,0,0,50,0,1300.0,1369.1218887201103,628.633758999058,2104.1982940005255,1622.0
1789884583,50,POST,POST /api/v1/auth/refresh,0.000000,0.000000,0,0,0,0,0,0,0,0,0,0,0,100,0,27,29.209557120193494,18.447431997628883,75.96593200287316,1622.0
1789884583,50,,Aggregated,24.700000,0.000000,6,7,9,10,15,24,35,39,55,55,55,53089,0,6,9.55433279199265,3.0284199965535663,2104.1982940005255,6817.235359490666
1789884584,50,GET,GET /api/v1/reservas,19.200000,0.000000,7,8,10,11,15,24,35,39,48,48,48,39711,0,7,8.836199308017234,4.633864002244081,1957.275683998887,8965.0
1789884584,50,GET,GET /api/v1/reservas/{id},6.000000,0.000000,5,6,7,9,14,26,31,55,55,55,55,13252,0,5,6.424211775158347,3.0284199965535663,1521.0046399952262,442.0
1789884584,50,POST,POST /api/v1/auth/login,0.000000,0.000000,0,0,0,0,0,0,0,0,0,0,0,50,0,1300.0,1369.1218887201103,628.633758999058,2104.1982940005255,1622.0
1789884584,50,POST,POST /api/v1/auth/refresh,0.000000,0.000000,0,0,0,0,0,0,0,0,0,0,0,100,0,27,29.209557120193494,18.447431997628883,75.96593200287316,1622.0
1789884584,50,,Aggregated,25.200000,0.000000,7,7,9,10,15,24,35,39,55,55,55,53113,0,6,9.553311153824781,3.0284199965535663,2104.1982940005255,6817.724455406397
1789884585,50,GET,GET /api/v1/reservas,18.400000,0.000000,7,8,10,11,15,24,35,39,48,48,48,39729,0,7,8.835764875296746,4.633864002244081,1957.275683998887,8965.0
1789884585,50,GET,GET /api/v1/reservas/{id},6.500000,0.000000,5,6,7,9,14,26,31,55,55,55,55,13259,0,5,6.423434543584636,3.0284199965535663,1521.0046399952262,442.0
1789884585,50,POST,POST /api/v1/auth/login,0.000000,0.000000,0,0,0,0,0,0,0,0,0,0,0,50,0,1300.0,1369.1218887201103,628.633758999058,2104.1982940005255,1622.0
1789884585,50,POST,POST /api/v1/auth/refresh,0.000000,0.000000,0,0,0,0,0,0,0,0,0,0,0,100,0,27,29.209557120193494,18.447431997628883,75.96593200287316,1622.0
1789884585,50,,Aggregated,24.900000,0.000000,7,8,9,11,15,24,35,39,55,55,55,53138,0,6,9.552137293313223,3.0284199965535663,2104.1982940005255,6817.6119349617975
1789884586,50,GET,GET /api/v1/reservas,18.400000,0.000000,7,9,11,12,17,24,35,39,48,48,48,39742,0,7,8.836341087430656,4.633864002244081,1957.275683998887,8965.0
1789884586,50,GET,GET /api/v1/reservas/{id},6.500000,0.000000,6,7,7,9,14,26,31,55,55,55,55,13264,0,5,6.423325098340663,3.0284199965535663,1521.0046399952262,442.0
1789884586,50,POST,POST /api/v1/auth/login,0.000000,0.000000,0,0,0,0,0,0,0,0,0,0,0,50,0,1300.0,1369.1218887201103,628.633758999058,2104.1982940005255,1622.0
1789884586,50,POST,POST /api/v1/auth/refresh,0.000000,0.000000,0,0,0,0,0,0,0,0,0,0,0,100,0,27,29.209557120193494,18.447431997628883,75.96593200287316,1622.0
1789884586,50,,Aggregated,24.900000,0.000000,7,8,10,11,15,24,35,39,55,55,55,53156,0,6,9.552071294850714,3.0284199965535663,2104.1982940005255,6817.537399352848
1789884587,50,GET,GET /api/v1/reservas,18.500000,0.000000,7,9,10,12,18,25,35,39,48,48,48,39766,0,7,8.83684419699432,4.633864002244081,1957.275683998887,8965.0
1789884587,50,GET,GET /api/v1/reservas/{id},6.500000,0.000000,5,7,7,9,14,26,31,55,55,55,55,13273,0,5,6.422435298380028,3.0284199965535663,1521.0046399952262,442.0
1789884587,50,POST,POST /api/v1/auth/login,0.000000,0.000000,0,0,0,0,0,0,0,0,0,0,0,50,0,1300.0,1369.1218887201103,628.633758999058,2104.1982940005255,1622.0
1789884587,50,POST,POST /api/v1/auth/refresh,0.000000,0.000000,0,0,0,0,0,0,0,0,0,0,0,100,0,27,29.209557120193494,18.447431997628883,75.96593200287316,1622.0
1789884587,50,,Aggregated,25.000000,0.000000,7,8,10,11,17,25,35,39,55,55,55,53189,0,6,9.551373032038564,3.0284199965535663,2104.1982940005255,6817.427588411138
1789884588,50,GET,GET /api/v1/reservas,18.500000,0.000000,8,9,11,12,18,25,35,39,48,48,48,39782,0,7,8.836467353367173,4.633864002244081,1957.275683998887,8965.0
1789884588,50,GET,GET /api/v1/reservas/{id},6.500000,0.000000,5,7,7,9,14,26,31,55,55,55,55,13278,0,5,6.421684102982274,3.0284199965535663,1521.0046399952262,442.0
1789884588,50,POST,POST /api/v1/auth/login,0.000000,0.000000,0,0,0,0,0,0,0,0,0,0,0,50,0,1300.0,1369.1218887201103,628.633758999058,2104.1982940005255,1622.0
1789884588,50,POST,POST /api/v1/auth/refresh,0.000000,0.000000,0,0,0,0,0,0,0,0,0,0,0,100,0,27,29.209557120193494,18.447431997628883,75.96593200287316,1622.0
1789884588,50,,Aggregated,25.000000,0.000000,7,8,10,11,17,25,35,39,55,55,55,53210,0,6,9.550394961831918,3.0284199965535663,2104.1982940005255,6817.47427175343
1789884589,50,GET,GET /api/v1/reservas,18.500000,0.000000,7,8,10,11,15,24,32,35,36,36,36,39809,0,7,8.835001725706011,4.633864002244081,1957.275683998887,8965.0
1789884589,50,GET,GET /api/v1/reservas/{id},6.700000,0.000000,5,7,7,8,13,24,31,55,55,55,55,13284,0,5,6.420747463219089,3.0284199965535663,1521.0046399952262,442.0
1789884589,50,POST,POST /api/v1/auth/login,0.000000,0.000000,0,0,0,0,0,0,0,0,0,0,0,50,0,1300.0,1369.1218887201103,628.633758999058,2104.1982940005255,1622.0
1789884589,50,POST,POST /api/v1/auth/refresh,0.000000,0.000000,0,0,0,0,0,0,0,0,0,0,0,100,0,27,29.209557120193494,18.447431997628883,75.96593200287316,1622.0
1789884589,50,,Aggregated,25.200000,0.000000,7,8,9,10,14,24,32,35,55,55,55,53243,0,6,9.54835082824142,3.0284199965535663,2104.1982940005255,6817.844843453599
1789884590,50,GET,GET /api/v1/reservas,18.500000,0.000000,8,9,10,11,17,25,34,36,46,46,46,39823,0,7,8.83592790675304,4.633864002244081,1957.275683998887,8965.0
1789884590,50,GET,GET /api/v1/reservas/{id},6.700000,0.000000,6,7,7,8,13,24,31,55,55,55,55,13287,0,5,6.42065127255276,3.0284199965535663,1521.0046399952262,442.0
1789884590,50,POST,POST /api/v1/auth/login,0.000000,0.000000,0,0,0,0,0,0,0,0,0,0,0,50,0,1300.0,1369.1218887201103,628.633758999058,2104.1982940005255,1622.0
1789884590,50,POST,POST /api/v1/auth/refresh,0.000000,0.000000,0,0,0,0,0,0,0,0,0,0,0,100,0,27,29.209557120193494,18.447431997628883,75.96593200287316,1622.0
1789884590,50,,Aggregated,25.200000,0.000000,7,8,10,11,15,25,34,36,55,55,55,53260,0,6,9.548655663482158,3.0284199965535663,2104.1982940005255,6818.050112654901
1789884591,50,GET,GET /api/v1/reservas,19.000000,0.000000,7,8,9,10,13,20,34,36,46,46,46,39843,0,7,8.83489871703002,4.633864002244081,1957.275683998887,8965.0
1789884591,50,GET,GET /api/v1/reservas/{id},6.600000,0.000000,5,6,7,7,11,26,31,55,55,55,55,13293,0,5,6.419867491567468,3.0284199965535663,1521.0046399952262,442.0
1789884591,50,POST,POST /api/v1/auth/login,0.000000,0.000000,0,0,0,0,0,0,0,0,0,0,0,50,0,1300.0,1369.1218887201103,628.633758999058,2104.1982940005255,1622.0
1789884591,50,POST,POST /api/v1/auth/refresh,0.000000,0.000000,0,0,0,0,0,0,0,0,0,0,0,100,0,27,29.209557120193494,18.447431997628883,75.96593200287316,1622.0
1789884591,50,,Aggregated,25.600000,0.000000,7,8,9,9,12,20,34,36,55,55,55,53286,0,6,9.54707086844684,3.0284199965535663,2104.1982940005255,6818.137991217205
1789884592,50,GET,GET /api/v1/reservas,19.000000,0.000000,7,8,8,9,11,13,27,34,46,46,46,39866,0,7,8.833942146229809,4.633864002244081,1957.275683998887,8965.0
1789884592,50,GET,GET /api/v1/reservas/{id},6.600000,0.000000,5,5,6,6,7,7,8,8,8,8,8,13294,0,5,6.419769673116337,3.0284199965535663,1521.0046399952262,442.0
1789884592,50,POST,POST /api/v1/auth/login,0.000000,0.000000,0,0,0,0,0,0,0,0,0,0,0,50,0,1300.0,1369.1218887201103,628.633758999058,2104.1982940005255,1622.0
1789884592,50,POST,POST /api/v1/auth/refresh,0.000000,0.000000,0,0,0,0,0,0,0,0,0,0,0,100,0,27,29.209557120193494,18.447431997628883,75.96593200287316,1622.0
1789884592,50,,Aggregated,25.600000,0.000000,7,7,8,8,10,12,25,32,46,46,46,53310,0,6,9.545965218233558,3.0284199965535663,2104.1982940005255,6818.944625773776
1789884593,50,GET,GET /api/v1/reservas,18.100000,0.000000,7,8,8,9,11,13,27,34,46,46,46,39884,0,7,8.832740042789093,4.633864002244081,1957.275683998887,8965.0
1789884593,50,GET,GET /api/v1/reservas/{id},6.600000,0.000000,5,5,6,6,7,7,8,8,8,8,8,13300,0,5,6.418892844841392,3.0284199965535663,1521.0046399952262,442.0
1789884593,50,POST,POST /api/v1/auth/login,0.000000,0.000000,0,0,0,0,0,0,0,0,0,0,0,50,0,1300.0,1369.1218887201103,628.633758999058,2104.1982940005255,1622.0
1789884593,50,POST,POST /api/v1/auth/refresh,0.000000,0.000000,0,0,0,0,0,0,0,0,0,0,0,100,0,27,29.209557120193494,18.447431997628883,75.96593200287316,1622.0
1789884593,50,,Aggregated,24.700000,0.000000,7,7,8,8,10,12,25,32,46,46,46,53334,0,6,9.544255612761383,3.0284199965535663,2104.1982940005255,6818.951513106086
1789884594,50,GET,GET /api/v1/reservas,19.200000,0.000000,7,7,8,8,10,12,27,34,46,46,46,39909,0,7,8.831168483489787,4.633864002244081,1957.275683998887,8965.0
1789884594,50,GET,GET /api/v1/reservas/{id},5.800000,0.000000,5,5,6,6,7,7,8,8,8,8,8,13303,0,5,6.418445499691901,3.0284199965535663,1521.0046399952262,442.0
1789884594,50,POST,POST /api/v1/auth/login,0.000000,0.000000,0,0,0,0,0,0,0,0,0,0,0,50,0,1300.0,1369.1218887201103,628.633758999058,2104.1982940005255,1622.0
1789884594,50,POST,POST /api/v1/auth/refresh,0.000000,0.000000,0,0,0,0,0,0,0,0,0,0,0,100,0,27,29.209557120193494,18.447431997628883,75.96593200287316,1622.0
1789884594,50,,Aggregated,25.000000,0.000000,6,7,7,8,10,11,25,32,46,46,46,53362,0,6,9.542459683632924,3.0284199965535663,2104.1982940005255,6819.598422098123
1789884595,50,GET,GET /api/v1/reservas,19.300000,0.000000,7,7,7,8,9,11,27,34,46,46,46,39928,0,7,8.830088658399806,4.633864002244081,1957.275683998887,8965.0
1789884595,50,GET,GET /api/v1/reservas/{id},5.100000,0.000000,4,5,5,6,6,7,8,8,8,8,8,13308,0,5,6.417590249127819,3.0284199965535663,1521.0046399952262,442.0
1789884595,50,POST,POST /api/v1/auth/login,0.000000,0.000000,0,0,0,0,0,0,0,0,0,0,0,50,0,1300.0,1369.1218887201103,628.633758999058,2104.1982940005255,1622.0
1789884595,50,POST,POST /api/v1/auth/refresh,0.000000,0.000000,0,0,0,0,0,0,0,0,0,0,0,100,0,27,29.209557120193494,18.447431997628883,75.96593200287316,1622.0
1789884595,50,,Aggregated,24.400000,0.000000,6,7,7,7,9,11,19,32,46,46,46,53386,0,6,9.540893139325016,3.0284199965535663,2104.1982940005255,6819.764657400817
1789884596,50,GET,GET /api/v1/reservas,19.300000,0.000000,6,7,7,7,9,11,14,27,46,46,46,39946,0,7,8.828886179982803,4.633864002244081,1957.275683998887,8965.0
1789884596,50,GET,GET /api/v1/reservas/{id},5.100000,0.000000,4,5,5,5,6,6,8,8,8,8,8,13313,0,5,6.416873735701229,3.0284199965535663,1521.0046399952262,442.0
1789884596,50,POST,POST /api/v1/auth/login,0.000000,0.000000,0,0,0,0,0,0,0,0,0,0,0,50,0,1300.0,1369.1218887201103,628.633758999058,2104.1982940005255,1622.0
1789884596,50,POST,POST /api/v1/auth/refresh,0.000000,0.000000,0,0,0,0,0,0,0,0,0,0,0,100,0,27,29.209557120193494,18.447431997628883,75.96593200287316,1622.0
1789884596,50,,Aggregated,24.400000,0.000000,6,7,7,7,8,10,12,19,46,46,46,53409,0,6,9.53928322074947,3.0284199965535663,2104.1982940005255,6819.890580239286
1789884597,50,GET,GET /api/v1/reservas,19.800000,0.000000,6,7,7,7,8,10,14,27,46,46,46,39962,0,7,8.828039276327441,4.633864002244081,1957.275683998887,8965.0
1789884597,50,GET,GET /api/v1/reservas/{id},4.800000,0.000000,4,5,5,5,6,6,8,8,8,8,8,13321,0,5,6.415701050401328,3.0284199965535663,1521.0046399952262,442.0
1789884597,50,POST,POST /api/v1/auth/login,0.000000,0.000000,0,0,0,0,0,0,0,0,0,0,0,50,0,1300.0,1369.1218887201103,628.633758999058,2104.1982940005255,1622.0
1789884597,50,POST,POST /api/v1/auth/refresh,0.000000,0.000000,0,0,0,0,0,0,0,0,0,0,0,100,0,27,29.209557120193494,18.447431997628883,75.96593200287316,1622.0
1789884597,50,,Aggregated,24.600000,0.000000,6,7,7,7,8,9,12,19,46,46,46,53433,0,6,9.537677266876615,3.0284199965535663,2104.1982940005255,6819.578013587109
1789884598,50,GET,GET /api/v1/reservas,20.400000,0.000000,6,7,7,7,8,10,14,27,46,46,46,39983,0,7,8.8266854615114,4.633864002244081,1957.275683998887,8965.0
1789884598,50,GET,GET /api/v1/reservas/{id},4.900000,0.000000,5,5,5,5,6,8,12,12,12,12,12,13328,0,5,6.415934043698177,3.0284199965535663,1521.0046399952262,442.0
1789884598,50,POST,POST /api/v1/auth/login,0.000000,0.000000,0,0,0,0,0,0,0,0,0,0,0,50,0,1300.0,1369.1218887201103,628.633758999058,2104.1982940005255,1622.0
1789884598,50,POST,POST /api/v1/auth/refresh,0.000000,0.000000,0,0,0,0,0,0,0,0,0,0,0,100,0,27,29.209557120193494,18.447431997628883,75.96593200287316,1622.0
1789884598,50,,Aggregated,25.300000,0.000000,6,7,7,7,8,9,12,19,46,46,46,53461,0,6,9.536035313406865,3.0284199965535663,2104.1982940005255,6819.585697985447
1789884599,50,GET,GET /api/v1/reservas,19.700000,0.000000,6,7,7,7,8,9,11,14,19,19,19,40000,0,7,8.825823242240403,4.633864002244081,1957.275683998887,8965.0
1789884599,50,GET,GET /api/v1/reservas/{id},4.900000,0.000000,5,5,5,5,6,7,12,12,12,12,12,13335,0,5,6.415304332989098,3.0284199965535663,1521.0046399952262,442.0
1789884599,50,POST,POST /api/v1/auth/login,0.000000,0.000000,0,0,0,0,0,0,0,0,0,0,0,50,0,1300.0,1369.1218887201103,628.633758999058,2104.1982940005255,1622.0
1789884599,50,POST,POST /api/v1/auth/refresh,0.000000,0.000000,0,0,0,0,0,0,0,0,0,0,0,100,0,27,29.209557120193494,18.447431997628883,75.96593200287316,1622.0
1789884599,50,,Aggregated,24.600000,0.000000,6,7,7,7,8,9,11,12,19,19,19,53485,0,6,9.534599665664217,3.0284199965535663,2104.1982940005255,6819.432925119192
1789884600,50,GET,GET /api/v1/reservas,20.100000,0.000000,6,7,7,7,8,9,11,14,19,19,19,40021,0,7,8.824862335638347,4.633864002244081,1957.275683998887,8965.0
1789884600,50,GET,GET /api/v1/reservas/{id},4.800000,0.000000,5,5,5,5,6,7,12,12,12,12,12,13341,0,5,6.414404123410356,3.0284199965535663,1521.0046399952262,442.0
1789884600,50,POST,POST /api/v1/auth/login,0.000000,0.000000,0,0,0,0,0,0,0,0,0,0,0,50,0,1300.0,1369.1218887201103,628.633758999058,2104.1982940005255,1622.0
1789884600,50,POST,POST /api/v1/auth/refresh,0.000000,0.000000,0,0,0,0,0,0,0,0,0,0,0,100,0,27,29.209557120193494,18.447431997628883,75.96593200287316,1622.0
1789884600,50,,Aggregated,24.900000,0.000000,6,6,7,7,8,9,11,12,19,19,19,53512,0,6,9.533028686893122,3.0284199965535663,2104.1982940005255,6819.559855733293
1789884601,50,GET,GET /api/v1/reservas,19.100000,0.000000,6,7,7,8,9,12,32,43,86,86,86,40041,0,7,8.829069844524552,4.633864002244081,1957.275683998887,8965.0
1789884601,50,GET,GET /api/v1/reservas/{id},5.100000,0.000000,5,5,5,5,7,12,29,38,38,38,38,13347,0,5,6.417887928554692,3.0284199965535663,1521.0046399952262,442.0
1789884601,50,POST,POST /api/v1/auth/login,0.000000,0.000000,0,0,0,0,0,0,0,0,0,0,0,50,0,1300.0,1369.1218887201103,628.633758999058,2104.1982940005255,1622.0
1789884601,50,POST,POST /api/v1/auth/refresh,0.000000,0.000000,0,0,0,0,0,0,0,0,0,0,0,100,0,27,29.209557120193494,18.447431997628883,75.96593200287316,1622.0
1789884601,50,,Aggregated,24.200000,0.000000,6,7,7,7,9,12,32,38,86,86,86,53538,0,6,9.536429937148418,3.0284199965535663,2104.1982940005255,6819.646587470582
1789884602,50,GET,GET /api/v1/reservas,19.600000,0.000000,6,7,7,8,9,13,32,43,86,86,86,40055,0,7,8.828626115131872,4.633864002244081,1957.275683998887,8965.0
1789884602,50,GET,GET /api/v1/reservas/{id},5.400000,0.000000,5,5,5,5,7,12,29,38,38,38,38,13357,0,5,6.4165495704453335,3.0284199965535663,1521.0046399952262,442.0
1789884602,50,POST,POST /api/v1/auth/login,0.000000,0.000000,0,0,0,0,0,0,0,0,0,0,0,50,0,1300.0,1369.1218887201103,628.633758999058,2104.1982940005255,1622.0
1789884602,50,POST,POST /api/v1/auth/refresh,0.000000,0.000000,0,0,0,0,0,0,0,0,0,0,0,100,0,27,29.209557120193494,18.447431997628883,75.96593200287316,1622.0
1789884602,50,,Aggregated,25.000000,0.000000,6,7,7,7,9,12,32,38,86,86,86,53562,0,6,9.53499723315168,3.0284199965535663,2104.1982940005255,6819.016634927747
1789884603,50,GET,GET /api/v1/reservas,19.400000,0.000000,6,7,7,8,9,14,32,43,86,86,86,40075,0,7,8.82776627030844,4.633864002244081,1957.275683998887,8965.0
1789884603,50,GET,GET /api/v1/reservas/{id},5.400000,0.000000,5,5,5,6,7,12,29,38,38,38,38,13361,0,5,6.416267693019879,3.0284199965535663,1521.0046399952262,442.0
1789884603,50,POST,POST /api/v1/auth/login,0.000000,0.000000,0,0,0,0,0,0,0,0,0,0,0,50,0,1300.0,1369.1218887201103,628.633758999058,2104.1982940005255,1622.0
1789884603,50,POST,POST /api/v1/auth/refresh,0.000000,0.000000,0,0,0,0,0,0,0,0,0,0,0,100,0,27,29.209557120193494,18.447431997628883,75.96593200287316,1622.0
1789884603,50,,Aggregated,24.800000,0.000000,6,7,7,7,9,13,32,38,86,86,86,53586,0,6,9.533787483243277,3.0284199965535663,2104.1982940005255,6819.341563094838
1789884604,50,GET,GET /api/v1/reservas,18.900000,0.000000,6,7,7,8,9,14,32,43,86,86,86,40098,0,7,8.826342576952149,4.633864002244081,1957.275683998887,8965.0
1789884604,50,GET,GET /api/v1/reservas/{id},6.100000,0.000000,5,5,5,6,7,12,29,38,38,38,38,13365,0,5,6.4157886377422,3.0284199965535663,1521.0046399952262,442.0
1789884604,50,POST,POST /api/v1/auth/login,0.000000,0.000000,0,0,0,0,0,0,0,0,0,0,0,50,0,1300.0,1369.1218887201103,628.633758999058,2104.1982940005255,1622.0
1789884604,50,POST,POST /api/v1/auth/refresh,0.000000,0.000000,0,0,0,0,0,0,0,0,0,0,0,100,0,27,29.209557120193494,18.447431997628883,75.96593200287316,1622.0
1789884604,50,,Aggregated,25.000000,0.000000,6,7,7,7,9,13,32,38,86,86,86,53613,0,6,9.532067780987385,3.0284199965535663,2104.1982940005255,6819.7862458732025
1789884605,50,GET,GET /api/v1/reservas,18.800000,0.000000,6,7,7,8,9,14,32,43,86,86,86,40113,0,7,8.825354993359614,4.633864002244081,1957.275683998887,8965.0
1789884605,50,GET,GET /api/v1/reservas/{id},6.000000,0.000000,5,5,5,6,7,12,29,38,38,38,38,13370,0,5,6.415046524714597,3.0284199965535663,1521.0046399952262,442.0
1789884605,50,POST,POST /api/v1/auth/login,0.000000,0.000000,0,0,0,0,0,0,0,0,0,0,0,50,0,1300.0,1369.1218887201103,628.633758999058,2104.1982940005255,1622.0
1789884605,50,POST,POST /api/v1/auth/refresh,0.000000,0.000000,0,0,0,0,0,0,0,0,0,0,0,100,0,27,29.209557120193494,18.447431997628883,75.96593200287316,1622.0
1789884605,50,,Aggregated,24.800000,0.000000,6,7,7,7,9,13,32,38,86,86,86,53633,0,6,9.530656257007687,3.0284199965535663,2104.1982940005255,6819.791639475696
1789884606,50,GET,GET /api/v1/reservas,18.700000,0.000000,6,7,7,8,9,14,32,43,86,86,86,40136,0,7,8.823912369833698,4.633864002244081,1957.275683998887,8965.0
1789884606,50,GET,GET /api/v1/reservas/{id},6.200000,0.000000,4,5,6,6,7,12,29,38,38,38,38,13378,0,5,6.414051906371861,3.0284199965535663,1521.0046399952262,442.0
1789884606,50,POST,POST /api/v1/auth/login,0.000000,0.000000,0,0,0,0,0,0,0,0,0,0,0,50,0,1300.0,1369.1218887201103,628.633758999058,2104.1982940005255,1622.0
1789884606,50,POST,POST /api/v1/auth/refresh,0.000000,0.000000,0,0,0,0,0,0,0,0,0,0,0,100,0,27,29.209557120193494,18.447431997628883,75.96593200287316,1622.0
1789884606,50,,Aggregated,24.900000,0.000000,6,7,7,7,9,13,32,38,86,86,86,53664,0,6,9.528562601131354,3.0284199965535663,2104.1982940005255,6819.7602862254025
1789884607,50,GET,GET /api/v1/reservas,18.500000,0.000000,6,7,7,8,9,14,32,43,86,86,86,40151,0,7,8.822981700596335,4.633864002244081,1957.275683998887,8965.0
1789884607,50,GET,GET /api/v1/reservas/{id},6.200000,0.000000,4,5,6,6,7,12,29,38,38,38,38,13382,0,5,6.413520262773615,3.0284199965535663,1521.0046399952262,442.0
1789884607,50,POST,POST /api/v1/auth/login,0.000000,0.000000,0,0,0,0,0,0,0,0,0,0,0,50,0,1300.0,1369.1218887201103,628.633758999058,2104.1982940005255,1622.0
1789884607,50,POST,POST /api/v1/auth/refresh,0.000000,0.000000,0,0,0,0,0,0,0,0,0,0,0,100,0,27,29.209557120193494,18.447431997628883,75.96593200287316,1622.0
1789884607,50,,Aggregated,24.700000,0.000000,6,7,7,7,9,13,32,38,86,86,86,53683,0,6,9.527305041914662,3.0284199965535663,2104.1982940005255,6819.884488571801
1789884608,50,GET,GET /api/v1/reservas,18.900000,0.000000,6,7,7,7,9,14,32,43,86,86,86,40175,0,7,8.821352474241069,4.633864002244081,1957.275683998887,8965.0
1789884608,50,GET,GET /api/v1/reservas/{id},6.500000,0.000000,4,5,5,6,7,7,29,38,38,38,38,13387,0,5,6.412731088924697,3.0284199965535663,1521.0046399952262,442.0
1789884608,50,POST,POST /api/v1/auth/login,0.000000,0.000000,0,0,0,0,0,0,0,0,0,0,0,50,0,1300.0,1369.1218887201103,628.633758999058,2104.1982940005255,1622.0
1789884608,50,POST,POST /api/v1/auth/refresh,0.000000,0.000000,0,0,0,0,0,0,0,0,0,0,0,100,0,27,29.209557120193494,18.447431997628883,75.96593200287316,1622.0
1789884608,50,,Aggregated,25.400000,0.000000,6,7,7,7,9,13,32,38,86,86,86,53712,0,6,9.525285166966317,3.0284199965535663,2104.1982940005255,6820.249273905272
1789884609,50,GET,GET /api/v1/reservas,18.900000,0.000000,6,7,7,8,9,14,32,43,86,86,86,40199,0,7,8.820284179000083,4.633864002244081,1957.275683998887,8965.0
1789884609,50,GET,GET /api/v1/reservas/{id},6.100000,0.000000,4,5,6,6,7,8,29,38,38,38,38,13395,0,5,6.412259618023381,3.0284199965535663,1521.0046399952262,442.0
1789884609,50,POST,POST /api/v1/auth/login,0.000000,0.000000,0,0,0,0,0,0,0,0,0,0,0,50,0,1300.0,1369.1218887201103,628.633758999058,2104.1982940005255,1622.0
1789884609,50,POST,POST /api/v1/auth/refresh,0.000000,0.000000,0,0,0,0,0,0,0,0,0,0,0,100,0,27,29.209557120193494,18.447431997628883,75.96593200287316,1622.0
1789884609,50,,Aggregated,25.000000,0.000000,6,7,7,7,8,13,32,38,86,86,86,53744,0,6,9.523590939324807,3.0284199965535663,2104.1982940005255,6820.257610151831
1789884610,50,GET,GET /api/v1/reservas,19.000000,0.000000,6,7,7,7,8,9,10,15,21,21,21,40214,0,7,8.819412522072508,4.633864002244081,1957.275683998887,8965.0
1789884610,50,GET,GET /api/v1/reservas/{id},6.000000,0.000000,4,5,6,6,7,7,8,8,8,8,8,13397,0,5,6.412073601136183,3.0284199965535663,1521.0046399952262,442.0
1789884610,50,POST,POST /api/v1/auth/login,0.000000,0.000000,0,0,0,0,0,0,0,0,0,0,0,50,0,1300.0,1369.1218887201103,628.633758999058,2104.1982940005255,1622.0
1789884610,50,POST,POST /api/v1/auth/refresh,0.000000,0.000000,0,0,0,0,0,0,0,0,0,0,0,100,0,27,29.209557120193494,18.447431997628883,75.96593200287316,1622.0
1789884610,50,,Aggregated,25.000000,0.000000,6,7,7,7,8,8,9,11,21,21,21,53761,0,6,9.522580594577297,3.0284199965535663,2104.1982940005255,6820.618738490727
1789884611,50,GET,GET /api/v1/reservas,19.600000,0.000000,6,7,7,7,8,11,37,75,100,100,100,40237,0,7,8.825132468092319,4.633864002244081,1957.275683998887,8965.0
1789884611,50,GET,GET /api/v1/reservas/{id},5.900000,0.000000,4,5,5,6,7,7,8,8,8,8,8,13404,0,5,6.411022976754188,3.0284199965535663,1521.0046399952262,442.0
1789884611,50,POST,POST /api/v1/auth/login,0.000000,0.000000,0,0,0,0,0,0,0,0,0,0,0,50,0,1300.0,1369.1218887201103,628.633758999058,2104.1982940005255,1622.0
1789884611,50,POST,POST /api/v1/auth/refresh,0.000000,0.000000,0,0,0,0,0,0,0,0,0,0,0,100,0,27,29.209557120193494,18.447431997628883,75.96593200287316,1622.0
1789884611,50,,Aggregated,25.500000,0.000000,6,7,7,7,8,9,25,56,100,100,100,53791,0,6,9.525892012549843,3.0284199965535663,2104.1982940005255,6820.705564127828
1789884612,50,GET,GET /api/v1/reservas,19.100000,0.000000,6,7,7,7,9,11,56,75,100,100,100,40258,0,7,8.825137013329616,4.633864002244081,1957.275683998887,8965.0
1789884612,50,GET,GET /api/v1/reservas/{id},5.600000,0.000000,4,5,5,6,7,8,9,9,9,9,9,13409,0,5,6.41055374975167,3.0284199965535663,1521.0046399952262,442.0
1789884612,50,POST,POST /api/v1/auth/login,0.000000,0.000000,0,0,0,0,0,0,0,0,0,0,0,50,0,1300.0,1369.1218887201103,628.633758999058,2104.1982940005255,1622.0
1789884612,50,POST,POST /api/v1/auth/refresh,0.000000,0.000000,0,0,0,0,0,0,0,0,0,0,0,100,0,27,29.209557120193494,18.447431997628883,75.96593200287316,1622.0
1789884612,50,,Aggregated,24.700000,0.000000,6,7,7,7,8,10,37,59,100,100,100,53817,0,6,9.525215661613778,3.0284199965535663,2104.1982940005255,6820.949662745972
1789884613,50,GET,GET /api/v1/reservas,19.800000,0.000000,6,7,7,7,8,11,56,75,100,100,100,40276,0,7,8.824127182035053,4.633864002244081,1957.275683998887,8965.0
1789884613,50,GET,GET /api/v1/reservas/{id},5.800000,0.000000,4,5,6,6,7,8,9,9,9,9,9,13413,0,5,6.410304953285303,3.0284199965535663,1521.0046399952262,442.0
1789884613,50,POST,POST /api/v1/auth/login,0.000000,0.000000,0,0,0,0,0,0,0,0,0,0,0,50,0,1300.0,1369.1218887201103,628.633758999058,2104.1982940005255,1622.0
1789884613,50,POST,POST /api/v1/auth/refresh,0.000000,0.000000,0,0,0,0,0,0,0,0,0,0,0,100,0,27,29.209557120193494,18.447431997628883,75.96593200287316,1622.0
1789884613,50,,Aggregated,25.600000,0.000000,6,7,7,7,8,10,37,59,100,100,100,53839,0,6,9.523932778656446,3.0284199965535663,2104.1982940005255,6821.192555582385
1789884614,50,GET,GET /api/v1/reservas,20.100000,0.000000,6,7,7,7,8,11,56,75,100,100,100,40290,0,7,8.823263298675812,4.633864002244081,1957.275683998887,8965.0
1789884614,50,GET,GET /api/v1/reservas/{id},5.400000,0.000000,4,5,5,6,6,8,8,9,9,9,9,13425,0,5,6.4083297778327655,3.0284199965535663,1521.0046399952262,442.0
1789884614,50,POST,POST /api/v1/auth/login,0.000000,0.000000,0,0,0,0,0,0,0,0,0,0,0,50,0,1300.0,1369.1218887201103,628.633758999058,2104.1982940005255,1622.0
1789884614,50,POST,POST /api/v1/auth/refresh,0.000000,0.000000,0,0,0,0,0,0,0,0,0,0,0,100,0,27,29.209557120193494,18.447431997628883,75.96593200287316,1622.0
1789884614,50,,Aggregated,25.500000,0.000000,6,7,7,7,8,10,37,59,100,100,100,53865,0,6,9.521918791777187,3.0284199965535663,2104.1982940005255,6820.3285992759675
1789884615,50,GET,GET /api/v1/reservas,20.200000,0.000000,6,7,7,7,9,11,56,75,100,100,100,40313,0,7,8.821952093981421,4.633864002244081,1957.275683998887,8965.0
1789884615,50,GET,GET /api/v1/reservas/{id},5.300000,0.000000,4,5,5,5,6,8,8,9,9,9,9,13429,0,5,6.407630779984259,3.0284199965535663,1521.0046399952262,442.0
1789884615,50,POST,POST /api/v1/auth/login,0.000000,0.000000,0,0,0,0,0,0,0,0,0,0,0,50,0,1300.0,1369.1218887201103,628.633758999058,2104.1982940005255,1622.0
1789884615,50,POST,POST /api/v1/auth/refresh,0.000000,0.000000,0,0,0,0,0,0,0,0,0,0,0,100,0,27,29.209557120193494,18.447431997628883,75.96593200287316,1622.0
1789884615,50,,Aggregated,25.500000,0.000000,6,7,7,7,8,10,37,59,100,100,100,53892,0,6,9.52023451824216,3.0284199965535663,2104.1982940005255,6820.770485415275
1789884616,50,GET,GET /api/v1/reservas,19.400000,0.000000,6,7,7,7,9,11,56,75,100,100,100,40329,0,7,8.821007540917801,4.633864002244081,1957.275683998887,8965.0
1789884616,50,GET,GET /api/v1/reservas/{id},5.800000,0.000000,4,5,5,5,6,8,8,9,9,9,9,13433,0,5,6.407084983355048,3.0284199965535663,1521.0046399952262,442.0
1789884616,50,POST,POST /api/v1/auth/login,0.000000,0.000000,0,0,0,0,0,0,0,0,0,0,0,50,0,1300.0,1369.1218887201103,628.633758999058,2104.1982940005255,1622.0
1789884616,50,POST,POST /api/v1/auth/refresh,0.000000,0.000000,0,0,0,0,0,0,0,0,0,0,0,100,0,27,29.209557120193494,18.447431997628883,75.96593200287316,1622.0
1789884616,50,,Aggregated,25.200000,0.000000,6,7,7,7,8,10,37,59,100,100,100,53912,0,6,9.518953773688738,3.0284199965535663,2104.1982940005255,6820.933576940199
1789884617,50,GET,GET /api/v1/reservas,19.800000,0.000000,6,7,7,8,9,11,56,75,100,100,100,40349,0,7,8.819850666824413,4.633864002244081,1957.275683998887,8965.0
1789884617,50,GET,GET /api/v1/reservas/{id},6.000000,0.000000,4,5,5,5,6,8,8,9,9,9,9,13443,0,5,6.405356670938239,3.0284199965535663,1521.0046399952262,442.0
1789884617,50,POST,POST /api/v1/auth/login,0.000000,0.000000,0,0,0,0,0,0,0,0,0,0,0,50,0,1300.0,1369.1218887201103,628.633758999058,2104.1982940005255,1622.0
1789884617,50,POST,POST /api/v1/auth/refresh,0.000000,0.000000,0,0,0,0,0,0,0,0,0,0,0,100,0,27,29.209557120193494,18.447431997628883,75.96593200287316,1622.0
1789884617,50,,Aggregated,25.800000,0.000000,6,7,7,7,8,10,37,59,100,100,100,53942,0,6,9.516822039063175,3.0284199965535663,2104.1982940005255,6820.545975306811
1789884618,50,GET,GET /api/v1/reservas,19.300000,0.000000,6,7,7,7,8,11,56,75,100,100,100,40367,0,7,8.818685976458406,4.633864002244081,1957.275683998887,8965.0
1789884618,50,GET,GET /api/v1/reservas/{id},5.400000,0.000000,4,5,5,5,6,6,6,9,9,9,9,13448,0,5,6.404704775537076,3.0284199965535663,1521.0046399952262,442.0
1789884618,50,POST,POST /api/v1/auth/login,0.000000,0.000000,0,0,0,0,0,0,0,0,0,0,0,50,0,1300.0,1369.1218887201103,628.633758999058,2104.1982940005255,1622.0
1789884618,50,POST,POST /api/v1/auth/refresh,0.000000,0.000000,0,0,0,0,0,0,0,0,0,0,0,100,0,27,29.209557120193494,18.447431997628883,75.96593200287316,1622.0
1789884618,50,,Aggregated,24.700000,0.000000,6,6,7,7,8,10,37,59,100,100,100,53965,0,6,9.515267613844973,3.0284199965535663,2104.1982940005255,6820.670267766145
1789884619,50,GET,GET /api/v1/reservas,19.600000,0.000000,6,7,7,7,9,12,56,75,100,100,100,40382,0,7,8.818274847127118,4.633864002244081,1957.275683998887,8965.0
1789884619,50,GET,GET /api/v1/reservas/{id},6.000000,0.000000,4,5,5,5,6,6,6,9,9,9,9,13454,0,5,6.403939001146387,3.0284199965535663,1521.0046399952262,442.0
1789884619,50,POST,POST /api/v1/auth/login,0.000000,0.000000,0,0,0,0,0,0,0,0,0,0,0,50,0,1300.0,1369.1218887201103,628.633758999058,2104.1982940005255,1622.0
1789884619,50,POST,POST /api/v1/auth/refresh,0.000000,0.000000,0,0,0,0,0,0,0,0,0,0,0,100,0,27,29.209557120193494,18.447431997628883,75.96593200287316,1622.0
1789884619,50,,Aggregated,25.600000,0.000000,6,7,7,7,8,11,37,59,100,100,100,53986,0,6,9.51422999196339,3.0284199965535663,2104.1982940005255,6820.557144444856
1789884620,50,GET,GET /api/v1/reservas,19.000000,0.000000,6,7,7,7,8,11,25,59,75,75,75,40406,0,7,8.816770060627068,4.633864002244081,1957.275683998887,8965.0
1789884620,50,GET,GET /api/v1/reservas/{id},6.000000,0.000000,4,5,5,5,6,6,7,9,9,9,9,13463,0,5,6.402765644167219,3.0284199965535663,1521.0046399952262,442.0
1789884620,50,POST,POST /api/v1/auth/login,0.000000,0.000000,0,0,0,0,0,0,0,0,0,0,0,50,0,1300.0,1369.1218887201103,628.633758999058,2104.1982940005255,1622.0
1789884620,50,POST,POST /api/v1/auth/refresh,0.000000,0.000000,0,0,0,0,0,0,0,0,0,0,0,100,0,27,29.209557120193494,18.447431997628883,75.96593200287316,1622.0
1789884620,50,,Aggregated,25.000000,0.000000,6,6,7,7,8,10,12,37,75,75,75,54019,0,6,9.511984581076018,3.0284199965535663,2104.1982940005255,6820.447175993632
1789884621,50,GET,GET /api/v1/reservas,18.600000,0.000000,6,7,7,7,8,9,11,11,12,12,12,40418,0,7,8.816105820641978,4.633864002244081,1957.275683998887,8965.0
1789884621,50,GET,GET /api/v1/reservas/{id},5.900000,0.000000,4,5,5,5,6,6,7,17,17,17,17,13469,0,5,6.403046826298426,3.0284199965535663,1521.0046399952262,442.0
1789884621,50,POST,POST /api/v1/auth/login,0.000000,0.000000,0,0,0,0,0,0,0,0,0,0,0,50,0,1300.0,1369.1218887201103,628.633758999058,2104.1982940005255,1622.0
1789884621,50,POST,POST /api/v1/auth/refresh,0.000000,0.000000,0,0,0,0,0,0,0,0,0,0,0,100,0,27,29.209557120193494,18.447431997628883,75.96593200287316,1622.0
1789884621,50,,Aggregated,24.500000,0.000000,6,6,7,7,8,8,11,11,17,17,17,54037,0,6,9.511058217705385,3.0284199965535663,2104.1982940005255,6820.215185891148
1789884622,50,GET,GET /api/v1/reservas,19.100000,0.000000,6,7,7,8,11,45,160,220,230,230,230,40437,0,7,8.848007639431941,4.633864002244081,1957.275683998887,8965.0
1789884622,50,GET,GET /api/v1/reservas/{id},6.400000,0.000000,4,5,5,5,6,7,55,190,190,190,190,13476,0,5,6.419602592566086,3.0284199965535663,1521.0046399952262,442.0
1789884622,50,POST,POST /api/v1/auth/login,0.000000,0.000000,0,0,0,0,0,0,0,0,0,0,0,50,0,1300.0,1369.1218887201103,628.633758999058,2104.1982940005255,1622.0
1789884622,50,POST,POST /api/v1/auth/refresh,0.000000,0.000000,0,0,0,0,0,0,0,0,0,0,0,100,0,27,29.209557120193494,18.447431997628883,75.96593200287316,1622.0
1789884622,50,,Aggregated,25.500000,0.000000,6,7,7,7,10,37,160,190,230,230,230,54063,0,6,9.53839963748136,3.0284199965535663,2104.1982940005255,6820.14311081516
1789884623,50,GET,GET /api/v1/reservas,18.300000,0.000000,6,7,7,8,11,45,160,220,230,230,230,40458,0,7,8.84669609512863,4.633864002244081,1957.275683998887,8965.0
1789884623,50,GET,GET /api/v1/reservas/{id},6.500000,0.000000,4,5,5,5,7,17,55,190,190,190,190,13480,0,5,6.419086329333908,3.0284199965535663,1521.0046399952262,442.0
1789884623,50,POST,POST /api/v1/auth/login,0.000000,0.000000,0,0,0,0,0,0,0,0,0,0,0,50,0,1300.0,1369.1218887201103,628.633758999058,2104.1982940005255,1622.0
1789884623,50,POST,POST /api/v1/auth/refresh,0.000000,0.000000,0,0,0,0,0,0,0,0,0,0,0,100,0,27,29.209557120193494,18.447431997628883,75.96593200287316,1622.0
1789884623,50,,Aggregated,24.800000,0.000000,6,7,7,7,10,37,160,190,230,230,230,54088,0,6,9.53679123805946,3.0284199965535663,2104.1982940005255,6820.50417837598
1789884624,50,GET,GET /api/v1/reservas,18.300000,0.000000,6,7,7,8,11,45,160,220,230,230,230,40477,0,7,8.84555810706608,4.633864002244081,1957.275683998887,8965.0
1789884624,50,GET,GET /api/v1/reservas/{id},6.500000,0.000000,4,5,5,5,7,17,55,190,190,190,190,13486,0,5,6.418119158120929,3.0284199965535663,1521.0046399952262,442.0
1789884624,50,POST,POST /api/v1/auth/login,0.000000,0.000000,0,0,0,0,0,0,0,0,0,0,0,50,0,1300.0,1369.1218887201103,628.633758999058,2104.1982940005255,1622.0
1789884624,50,POST,POST /api/v1/auth/refresh,0.000000,0.000000,0,0,0,0,0,0,0,0,0,0,0,100,0,27,29.209557120193494,18.447431997628883,75.96593200287316,1622.0
1789884624,50,,Aggregated,24.800000,0.000000,6,7,7,7,10,37,160,190,230,230,230,54113,0,6,9.53511098283513,3.0284199965535663,2104.1982940005255,6820.549904828784
1789884625,50,GET,GET /api/v1/reservas,18.300000,0.000000,6,7,8,8,13,45,160,220,230,230,230,40492,0,7,8.845724748931085,4.633864002244081,1957.275683998887,8965.0
1789884625,50,GET,GET /api/v1/reservas/{id},6.600000,0.000000,5,5,5,6,7,8,55,190,190,190,190,13496,0,5,6.417226530483873,3.0284199965535663,1521.0046399952262,442.0
1789884625,50,POST,POST /api/v1/auth/login,0.000000,0.000000,0,0,0,0,0,0,0,0,0,0,0,50,0,1300.0,1369.1218887201103,628.633758999058,2104.1982940005255,1622.0
1789884625,50,POST,POST /api/v1/auth/refresh,0.000000,0.000000,0,0,0,0,0,0,0,0,0,0,0,100,0,27,29.209557120193494,18.447431997628883,75.96593200287316,1622.0
1789884625,50,,Aggregated,24.900000,0.000000,6,7,7,8,11,37,160,190,230,230,230,54138,0,6,9.53424629534066,3.0284199965535663,2104.1982940005255,6819.965865011637
1789884626,50,GET,GET /api/v1/reservas,19.000000,0.000000,6,7,8,8,13,45,160,220,230,230,230,40508,0,7,8.845069205878099,4.633864002244081,1957.275683998887,8965.0
1789884626,50,GET,GET /api/v1/reservas/{id},6.300000,0.000000,5,5,6,6,7,8,55,190,190,190,190,13503,0,5,6.416527202799662,3.0284199965535663,1521.0046399952262,442.0
1789884626,50,POST,POST /api/v1/auth/login,0.000000,0.000000,0,0,0,0,0,0,0,0,0,0,0,50,0,1300.0,1369.1218887201103,628.633758999058,2104.1982940005255,1622.0
1789884626,50,POST,POST /api/v1/auth/refresh,0.000000,0.000000,0,0,0,0,0,0,0,0,0,0,0,100,0,27,29.209557120193494,18.447431997628883,75.96593200287316,1622.0
1789884626,50,,Aggregated,25.300000,0.000000,6,7,7,8,11,37,160,190,230,230,230,54161,0,6,9.532975394825405,3.0284199965535663,2104.1982940005255,6819.775225715921
1789884627,50,GET,GET /api/v1/reservas,18.100000,0.000000,7,7,8,9,14,45,160,220,230,230,230,40530,0,7,8.845292541616269,4.633864002244081,1957.275683998887,8965.0
1789884627,50,GET,GET /api/v1/reservas/{id},6.500000,0.000000,5,5,6,6,7,8,55,190,190,190,190,13512,0,5,6.415960796877344,3.0284199965535663,1521.0046399952262,442.0
1789884627,50,POST,POST /api/v1/auth/login,0.000000,0.000000,0,0,0,0,0,0,0,0,0,0,0,50,0,1300.0,1369.1218887201103,628.633758999058,2104.1982940005255,1622.0
1789884627,50,POST,POST /api/v1/auth/refresh,0.000000,0.000000,0,0,0,0,0,0,0,0,0,0,0,100,0,27,29.209557120193494,18.447431997628883,75.96593200287316,1622.0
1789884627,50,,Aggregated,24.600000,0.000000,6,7,7,8,12,37,160,190,230,230,230,54192,0,6,9.532204368673217,3.0284199965535663,2104.1982940005255,6819.58691319752
1789884628,50,GET,GET /api/v1/reservas,17.700000,0.000000,7,7,8,9,14,45,160,220,230,230,230,40549,0,7,8.84439053179353,4.633864002244081,1957.275683998887,8965.0
1789884628,50,GET,GET /api/v1/reservas/{id},7.100000,0.000000,5,6,6,6,7,8,55,190,190,190,190,13516,0,5,6.415485961557213,3.0284199965535663,1521.0046399952262,442.0
1789884628,50,POST,POST /api/v1/auth/login,0.000000,0.000000,0,0,0,0,0,0,0,0,0,0,0,50,0,1300.0,1369.1218887201103,628.633758999058,2104.1982940005255,1622.0
1789884628,50,POST,POST /api/v1/auth/refresh,0.000000,0.000000,0,0,0,0,0,0,0,0,0,0,0,100,0,27,29.209557120193494,18.447431997628883,75.96593200287316,1622.0
1789884628,50,,Aggregated,24.800000,0.000000,6,7,8,8,13,37,160,190,230,230,230,54215,0,6,9.530940700509602,3.0284199965535663,2104.1982940005255,6819.868246795168
1789884629,50,GET,GET /api/v1/reservas,18.200000,0.000000,7,8,8,9,14,45,160,220,230,230,230,40565,0,7,8.843420287358764,4.633864002244081,1957.275683998887,8965.0
1789884629,50,GET,GET /api/v1/reservas/{id},6.700000,0.000000,5,6,6,6,7,12,55,190,190,190,190,13524,0,5,6.415609769624508,3.0284199965535663,1521.0046399952262,442.0
1789884629,50,POST,POST /api/v1/auth/login,0.000000,0.000000,0,0,0,0,0,0,0,0,0,0,0,50,0,1300.0,1369.1218887201103,628.633758999058,2104.1982940005255,1622.0
1789884629,50,POST,POST /api/v1/auth/refresh,0.000000,0.000000,0,0,0,0,0,0,0,0,0,0,0,100,0,27,29.209557120193494,18.447431997628883,75.96593200287316,1622.0
1789884629,50,,Aggregated,24.900000,0.000000,6,7,8,8,13,37,160,190,230,230,230,54239,0,6,9.529583890358136,3.0284199965535663,2104.1982940005255,6819.560334814432
1789884630,50,GET,GET /api/v1/reservas,18.000000,0.000000,7,8,9,10,22,50,160,220,230,230,230,40591,0,7,8.845814630748588,4.633864002244081,1957.275683998887,8965.0
1789884630,50,GET,GET /api/v1/reservas/{id},6.800000,0.000000,5,6,6,6,8,12,55,190,190,190,190,13530,0,5,6.416762423975974,3.0284199965535663,1521.0046399952262,442.0
1789884630,50,POST,POST /api/v1/auth/login,0.000000,0.000000,0,0,0,0,0,0,0,0,0,0,0,50,0,1300.0,1369.1218887201103,628.633758999058,2104.1982940005255,1622.0
1789884630,50,POST,POST /api/v1/auth/refresh,0.000000,0.000000,0,0,0,0,0,0,0,0,0,0,0,100,0,27,29.209557120193494,18.447431997628883,75.96593200287316,1622.0
1789884630,50,,Aggregated,24.800000,0.000000,6,7,8,9,14,45,160,190,230,230,230,54271,0,6,9.530989062687913,3.0284199965535663,2104.1982940005255,6819.883086731404
1789884631,50,GET,GET /api/v1/reservas,18.400000,0.000000,7,7,8,8,12,14,26,35,50,50,50,40609,0,7,8.844859663146575,4.633864002244081,1957.275683998887,8965.0
1789884631,50,GET,GET /api/v1/reservas/{id},6.900000,0.000000,5,6,6,6,7,8,12,28,28,28,28,13537,0,5,6.416098693018453,3.0284199965535663,1521.0046399952262,442.0
1789884631,50,POST,POST /api/v1/auth/login,0.000000,0.000000,0,0,0,0,0,0,0,0,0,0,0,50,0,1300.0,1369.1218887201103,628.633758999058,2104.1982940005255,1622.0
1789884631,50,POST,POST /api/v1/auth/refresh,0.000000,0.000000,0,0,0,0,0,0,0,0,0,0,0,100,0,27,29.209557120193494,18.447431997628883,75.96593200287316,1622.0
1789884631,50,,Aggregated,25.300000,0.000000,6,7,8,8,10,14,26,30,50,50,50,54296,0,6,9.529480702374668,3.0284199965535663,2104.1982940005255,6819.771972152645
1789884632,50,GET,GET /api/v1/reservas,18.400000,0.000000,7,8,8,9,13,15,27,35,50,50,50,40622,0,7,8.845318380255025,4.633864002244081,1957.275683998887,8965.0
1789884632,50,GET,GET /api/v1/reservas/{id},6.900000,0.000000,5,6,6,6,8,10,13,28,28,28,28,13542,0,5,6.416176581848287,3.0284199965535663,1521.0046399952262,442.0
1789884632,50,POST,POST /api/v1/auth/login,0.000000,0.000000,0,0,0,0,0,0,0,0,0,0,0,50,0,1300.0,1369.1218887201103,628.633758999058,2104.1982940005255,1622.0
1789884632,50,POST,POST /api/v1/auth/refresh,0.000000,0.000000,0,0,0,0,0,0,0,0,0,0,0,100,0,27,29.209557120193494,18.447431997628883,75.96593200287316,1622.0
1789884632,50,,Aggregated,25.300000,0.000000,6,7,8,8,12,14,27,30,50,50,50,54314,0,6,9.529392728617557,3.0284199965535663,2104.1982940005255,6819.698309828037
1789884633,50,GET,GET /api/v1/reservas,19.000000,0.000000,7,8,9,12,26,51,130,170,190,190,190,40644,0,7,8.872615788842806,4.633864002244081,1957.275683998887,8965.0
1789884633,50,GET,GET /api/v1/reservas/{id},6.700000,0.000000,5,6,6,7,11,28,96,140,140,140,140,13552,0,5,6.43869324287062,3.0284199965535663,1521.0046399952262,442.0
1789884633,50,POST,POST /api/v1/auth/login,0.000000,0.000000,0,0,0,0,0,0,0,0,0,0,0,50,0,1300.0,1369.1218887201103,628.633758999058,2104.1982940005255,1622.0
1789884633,50,POST,POST /api/v1/auth/refresh,0.000000,0.000000,0,0,0,0,0,0,0,0,0,0,0,100,0,27,29.209557120193494,18.447431997628883,75.96593200287316,1622.0
1789884633,50,,Aggregated,25.700000,0.000000,7,8,8,10,15,51,130,160,190,190,190,54346,0,6,9.554572868235649,3.0284199965535663,2104.1982940005255,6819.393221212233
1789884634,50,GET,GET /api/v1/reservas,18.600000,0.000000,7,8,8,10,24,51,130,170,190,190,190,40667,0,7,8.87145010691049,4.633864002244081,1957.275683998887,8965.0
1789884634,50,GET,GET /api/v1/reservas/{id},6.800000,0.000000,5,6,6,7,11,28,96,140,140,140,140,13558,0,5,6.43776342110734,3.0284199965535663,1521.0046399952262,442.0
1789884634,50,POST,POST /api/v1/auth/login,0.000000,0.000000,0,0,0,0,0,0,0,0,0,0,0,50,0,1300.0,1369.1218887201103,628.633758999058,2104.1982940005255,1622.0
1789884634,50,POST,POST /api/v1/auth/refresh,0.000000,0.000000,0,0,0,0,0,0,0,0,0,0,0,100,0,27,29.209557120193494,18.447431997628883,75.96593200287316,1622.0
1789884634,50,,Aggregated,25.400000,0.000000,7,8,8,9,15,50,130,160,190,190,190,54375,0,6,9.552836930742568,3.0284199965535663,2104.1982940005255,6819.597075862069
1789884635,50,GET,GET /api/v1/reservas,18.600000,0.000000,7,8,8,9,24,51,130,170,190,190,190,40684,0,7,8.870550385624469,4.633864002244081,1957.275683998887,8965.0
1789884635,50,GET,GET /api/v1/reservas/{id},7.200000,0.000000,5,6,6,7,12,87,96,140,140,140,140,13562,0,5,6.437190313550453,3.0284199965535663,1521.0046399952262,442.0
1789884635,50,POST,POST /api/v1/auth/login,0.000000,0.000000,0,0,0,0,0,0,0,0,0,0,0,50,0,1300.0,1369.1218887201103,628.633758999058,2104.1982940005255,1622.0
1789884635,50,POST,POST /api/v1/auth/refresh,0.000000,0.000000,0,0,0,0,0,0,0,0,0,0,0,100,0,27,29.209557120193494,18.447431997628883,75.96593200287316,1622.0
1789884635,50,,Aggregated,25.800000,0.000000,7,8,8,9,15,51,130,160,190,190,190,54396,0,6,9.551579106352342,3.0284199965535663,2104.1982940005255,6819.79858813148
1789884636,50,GET,GET /api/v1/reservas,18.600000,0.000000,7,8,8,9,15,51,130,170,190,190,190,40708,0,7,8.869098351423204,4.633864002244081,1957.275683998887,8965.0
1789884636,50,GET,GET /api/v1/reservas/{id},7.100000,0.000000,5,6,6,7,12,87,96,140,140,140,140,13568,0,5,6.43624260055838,3.0284199965535663,1521.0046399952262,442.0
1789884636,50,POST,POST /api/v1/auth/login,0.000000,0.000000,0,0,0,0,0,0,0,0,0,0,0,50,0,1300.0,1369.1218887201103,628.633758999058,2104.1982940005255,1622.0
1789884636,50,POST,POST /api/v1/auth/refresh,0.000000,0.000000,0,0,0,0,0,0,0,0,0,0,0,100,0,27,29.209557120193494,18.447431997628883,75.96593200287316,1622.0
1789884636,50,,Aggregated,25.700000,0.000000,6,7,8,8,14,51,130,160,190,190,190,54426,0,6,9.54961315257665,3.0284199965535663,2104.1982940005255,6820.041450777202
1789884637,50,GET,GET /api/v1/reservas,19.000000,0.000000,7,7,8,9,15,50,130,170,190,190,190,40727,0,7,8.868077651354255,4.633864002244081,1957.275683998887,8965.0
1789884637,50,GET,GET /api/v1/reservas/{id},6.800000,0.000000,5,6,6,7,12,87,96,140,140,140,140,13572,0,5,6.435743482712492,3.0284199965535663,1521.0046399952262,442.0
1789884637,50,POST,POST /api/v1/auth/login,0.000000,0.000000,0,0,0,0,0,0,0,0,0,0,0,50,0,1300.0,1369.1218887201103,628.633758999058,2104.1982940005255,1622.0
1789884637,50,POST,POST /api/v1/auth/refresh,0.000000,0.000000,0,0,0,0,0,0,0,0,0,0,0,100,0,27,29.209557120193494,18.447431997628883,75.96593200287316,1622.0
1789884637,50,,Aggregated,25.800000,0.000000,6,7,8,8,14,50,130,160,190,190,190,54449,0,6,9.548259090196396,3.0284199965535663,2104.1982940005255,6820.321383312825
1789884638,50,GET,GET /api/v1/reservas,19.600000,0.000000,7,8,8,9,15,50,130,170,190,190,190,40750,0,7,8.866950773979692,4.633864002244081,1957.275683998887,8965.0
1789884638,50,GET,GET /api/v1/reservas/{id},6.500000,0.000000,5,5,6,7,12,87,96,140,140,140,140,13578,0,5,6.434711645336039,3.0284199965535663,1521.0046399952262,442.0
1789884638,50,POST,POST /api/v1/auth/login,0.000000,0.000000,0,0,0,0,0,0,0,0,0,0,0,50,0,1300.0,1369.1218887201103,628.633758999058,2104.1982940005255,1622.0
1789884638,50,POST,POST /api/v1/auth/refresh,0.000000,0.000000,0,0,0,0,0,0,0,0,0,0,0,100,0,27,29.209557120193494,18.447431997628883,75.96593200287316,1622.0
1789884638,50,,Aggregated,26.100000,0.000000,6,7,8,8,14,50,130,160,190,190,190,54478,0,6,9.54652903755773,3.0284199965535663,2104.1982940005255,6820.524358456625
1789884639,50,GET,GET /api/v1/reservas,19.800000,0.000000,7,7,8,8,10,31,130,170,190,190,190,40767,0,7,8.865944897555927,4.633864002244081,1957.275683998887,8965.0
1789884639,50,GET,GET /api/v1/reservas/{id},6.200000,0.000000,5,5,6,6,10,87,96,140,140,140,140,13587,0,5,6.433272328502097,3.0284199965535663,1521.0046399952262,442.0
1789884639,50,POST,POST /api/v1/auth/login,0.000000,0.000000,0,0,0,0,0,0,0,0,0,0,0,50,0,1300.0,1369.1218887201103,628.633758999058,2104.1982940005255,1622.0
1789884639,50,POST,POST /api/v1/auth/refresh,0.000000,0.000000,0,0,0,0,0,0,0,0,0,0,0,100,0,27,29.209557120193494,18.447431997628883,75.96593200287316,1622.0
1789884639,50,,Aggregated,26.000000,0.000000,6,7,8,8,10,51,130,160,190,190,190,54504,0,6,9.544692076068642,3.0284199965535663,2104.1982940005255,6820.1399713782475
1789884640,50,GET,GET /api/v1/reservas,20.200000,0.000000,7,7,8,8,12,51,130,170,190,190,190,40779,0,7,8.865666586813733,4.633864002244081,1957.275683998887,8965.0
1789884640,50,GET,GET /api/v1/reservas/{id},6.300000,0.000000,5,5,6,6,10,87,96,140,140,140,140,13593,0,5,6.433187083671534,3.0284199965535663,1521.0046399952262,442.0
1789884640,50,POST,POST /api/v1/auth/login,0.000000,0.000000,0,0,0,0,0,0,0,0,0,0,0,50,0,1300.0,1369.1218887201103,628.633758999058,2104.1982940005255,1622.0
1789884640,50,POST,POST /api/v1/auth/refresh,0.000000,0.000000,0,0,0,0,0,0,0,0,0,0,0,100,0,27,29.209557120193494,18.447431997628883,75.96593200287316,1622.0
1789884640,50,,Aggregated,26.500000,0.000000,6,7,8,8,11,51,130,160,190,190,190,54522,0,6,9.543970872676153,3.0284199965535663,2104.1982940005255,6819.910146362936
1789884641,50,GET,GET /api/v1/reservas,20.100000,0.000000,7,7,8,8,10,51,130,170,190,190,190,40798,0,7,8.86512666730455,4.633864002244081,1957.275683998887,8965.0
1789884641,50,GET,GET /api/v1/reservas/{id},5.900000,0.000000,5,5,6,6,7,87,96,140,140,140,140,13600,0,5,6.43265028509899,3.0284199965535663,1521.0046399952262,442.0
1789884641,50,POST,POST /api/v1/auth/login,0.000000,0.000000,0,0,0,0,0,0,0,0,0,0,0,50,0,1300.0,1369.1218887201103,628.633758999058,2104.1982940005255,1622.0
1789884641,50,POST,POST /api/v1/auth/refresh,0.000000,0.000000,0,0,0,0,0,0,0,0,0,0,0,100,0,27,29.209557120193494,18.447431997628883,75.96593200287316,1622.0
1789884641,50,,Aggregated,26.000000,0.000000,6,7,8,8,10,51,130,160,190,190,190,54548,0,6,9.542797752402693,3.0284199965535663,2104.1982940005255,6819.838857519982
1789884642,50,GET,GET /api/v1/reservas,19.100000,0.000000,6,7,8,8,8,10,12,12,26,26,26,40813,0,7,8.864687728951193,4.633864002244081,1957.275683998887,8965.0
1789884642,50,GET,GET /api/v1/reservas/{id},6.300000,0.000000,5,5,5,6,7,7,12,15,15,15,15,13609,0,5,6.432859490215266,3.0284199965535663,1521.0046399952262,442.0
1789884642,50,POST,POST /api/v1/auth/login,0.000000,0.000000,0,0,0,0,0,0,0,0,0,0,0,50,0,1300.0,1369.1218887201103,628.633758999058,2104.1982940005255,1622.0
1789884642,50,POST,POST /api/v1/auth/refresh,0.000000,0.000000,0,0,0,0,0,0,0,0,0,0,0,100,0,27,29.209557120193494,18.447431997628883,75.96593200287316,1622.0
1789884642,50,,Aggregated,25.400000,0.000000,6,7,7,8,8,10,12,12,26,26,26,54572,0,6,9.541822458990865,3.0284199965535663,2104.1982940005255,6819.376658359598
1789884643,50,GET,GET /api/v1/reservas,18.800000,0.000000,7,7,8,8,11,14,33,52,56,56,56,40833,0,7,8.869775143675154,4.633864002244081,1957.275683998887,8965.0
1789884643,50,GET,GET /api/v1/reservas/{id},6.300000,0.000000,5,5,6,6,7,12,15,19,19,19,19,13615,0,5,6.434145324078107,3.0284199965535663,1521.0046399952262,442.0
1789884643,50,POST,POST /api/v1/auth/login,0.000000,0.000000,0,0,0,0,0,0,0,0,0,0,0,50,0,1300.0,1369.1218887201103,628.633758999058,2104.1982940005255,1622.0
1789884643,50,POST,POST /api/v1/auth/refresh,0.000000,0.000000,0,0,0,0,0,0,0,0,0,0,0,100,0,27,29.209557120193494,18.447431997628883,75.96593200287316,1622.0
1789884643,50,,Aggregated,25.100000,0.000000,6,7,8,8,10,14,32,41,56,56,56,54598,0,6,9.545358203176598,3.0284199965535663,2104.1982940005255,6819.461793472288
1789884644,50,GET,GET /api/v1/reservas,18.900000,0.000000,7,7,8,8,11,14,33,52,56,56,56,40855,0,7,8.868367345825167,4.633864002244081,1957.275683998887,8965.0
1789884644,50,GET,GET /api/v1/reservas/{id},6.600000,0.000000,5,5,6,6,8,12,15,19,19,19,19,13622,0,5,6.433477023369096,3.0284199965535663,1521.0046399952262,442.0
1789884644,50,POST,POST /api/v1/auth/login,0.000000,0.000000,0,0,0,0,0,0,0,0,0,0,0,50,0,1300.0,1369.1218887201103,628.633758999058,2104.1982940005255,1622.0
1789884644,50,POST,POST /api/v1/auth/refresh,0.000000,0.000000,0,0,0,0,0,0,0,0,0,0,0,100,0,27,29.209557120193494,18.447431997628883,75.96593200287316,1622.0
1789884644,50,,Aggregated,25.500000,0.000000,6,7,7,8,10,14,32,41,56,56,56,54627,0,6,9.543467920150217,3.0284199965535663,2104.1982940005255,6819.508649568895
1789884645,50,GET,GET /api/v1/reservas,18.700000,0.000000,7,7,8,8,11,14,33,52,56,56,56,40871,0,7,8.867470784998838,4.633864002244081,1957.275683998887,8965.0
1789884645,50,GET,GET /api/v1/reservas/{id},6.400000,0.000000,5,5,6,6,8,12,15,19,19,19,19,13626,0,5,6.432867544204362,3.0284199965535663,1521.0046399952262,442.0
1789884645,50,POST,POST /api/v1/auth/login,0.000000,0.000000,0,0,0,0,0,0,0,0,0,0,0,50,0,1300.0,1369.1218887201103,628.633758999058,2104.1982940005255,1622.0
1789884645,50,POST,POST /api/v1/auth/refresh,0.000000,0.000000,0,0,0,0,0,0,0,0,0,0,0,100,0,27,29.209557120193494,18.447431997628883,75.96593200287316,1622.0
1789884645,50,,Aggregated,25.100000,0.000000,6,7,8,8,10,14,32,41,56,56,56,54647,0,6,9.542220099164474,3.0284199965535663,2104.1982940005255,6819.670009332625
1789884646,50,GET,GET /api/v1/reservas,18.900000,0.000000,7,7,8,8,11,14,33,52,56,56,56,40893,0,7,8.866001275124484,4.633864002244081,1957.275683998887,8965.0
1789884646,50,GET,GET /api/v1/reservas/{id},6.300000,0.000000,5,5,6,6,7,11,15,19,19,19,19,13635,0,5,6.431357293754694,3.0284199965535663,1521.0046399952262,442.0
1789884646,50,POST,POST /api/v1/auth/login,0.000000,0.000000,0,0,0,0,0,0,0,0,0,0,0,50,0,1300.0,1369.1218887201103,628.633758999058,2104.1982940005255,1622.0
1789884646,50,POST,POST /api/v1/auth/refresh,0.000000,0.000000,0,0,0,0,0,0,0,0,0,0,0,100,0,27,29.209557120193494,18.447431997628883,75.96593200287316,1622.0
1789884646,50,,Aggregated,25.200000,0.000000,6,7,7,8,10,14,32,41,56,56,56,54678,0,6,9.539961172538053,3.0284199965535663,2104.1982940005255,6819.483430264458
1789884647,50,GET,GET /api/v1/reservas,18.500000,0.000000,7,7,8,8,10,14,33,52,56,56,56,40913,0,7,8.86481270920329,4.633864002244081,1957.275683998887,8965.0
1789884647,50,GET,GET /api/v1/reservas/{id},6.400000,0.000000,5,5,6,6,7,11,15,19,19,19,19,13638,0,5,6.430882397590987,3.0284199965535663,1521.0046399952262,442.0
1789884647,50,POST,POST /api/v1/auth/login,0.000000,0.000000,0,0,0,0,0,0,0,0,0,0,0,50,0,1300.0,1369.1218887201103,628.633758999058,2104.1982940005255,1622.0
1789884647,50,POST,POST /api/v1/auth/refresh,0.000000,0.000000,0,0,0,0,0,0,0,0,0,0,0,100,0,27,29.209557120193494,18.447431997628883,75.96593200287316,1622.0
1789884647,50,,Aggregated,24.900000,0.000000,6,7,7,8,10,14,32,41,56,56,56,54701,0,6,9.538536894353028,3.0284199965535663,2104.1982940005255,6819.918118498747
1789884648,50,GET,GET /api/v1/reservas,18.800000,0.000000,6,7,8,8,10,14,33,52,56,56,56,40937,0,7,8.863211360935798,4.633864002244081,1957.275683998887,8965.0
1789884648,50,GET,GET /api/v1/reservas/{id},6.600000,0.000000,5,5,6,6,8,12,15,19,19,19,19,13640,0,5,6.430598058236456,3.0284199965535663,1521.0046399952262,442.0
1789884648,50,POST,POST /api/v1/auth/login,0.000000,0.000000,0,0,0,0,0,0,0,0,0,0,0,50,0,1300.0,1369.1218887201103,628.633758999058,2104.1982940005255,1622.0
1789884648,50,POST,POST /api/v1/auth/refresh,0.000000,0.000000,0,0,0,0,0,0,0,0,0,0,0,100,0,27,29.209557120193494,18.447431997628883,75.96593200287316,1622.0
1789884648,50,,Aggregated,25.400000,0.000000,6,7,7,8,10,14,32,41,56,56,56,54727,0,6,9.53685915809379,3.0284199965535663,2104.1982940005255,6820.625742320975
1789884649,50,GET,GET /api/v1/reservas,18.500000,0.000000,6,7,8,8,10,14,33,52,56,56,56,40952,0,7,8.8623140056319,4.633864002244081,1957.275683998887,8965.0
1789884649,50,GET,GET /api/v1/reservas/{id},6.700000,0.000000,5,5,6,6,8,12,15,19,19,19,19,13647,0,5,6.429544342078917,3.0284199965535663,1521.0046399952262,442.0
1789884649,50,POST,POST /api/v1/auth/login,0.000000,0.000000,0,0,0,0,0,0,0,0,0,0,0,50,0,1300.0,1369.1218887201103,628.633758999058,2104.1982940005255,1622.0
1789884649,50,POST,POST /api/v1/auth/refresh,0.000000,0.000000,0,0,0,0,0,0,0,0,0,0,0,100,0,27,29.209557120193494,18.447431997628883,75.96593200287316,1622.0
1789884649,50,,Aggregated,25.200000,0.000000,6,7,7,8,10,14,32,41,56,56,56,54749,0,6,9.53534356687818,3.0284199965535663,2104.1982940005255,6820.397705894172
1789884650,50,GET,GET /api/v1/reservas,18.800000,0.000000,6,7,7,8,10,14,33,52,56,56,56,40971,0,7,8.861943834923311,4.633864002244081,1957.275683998887,8965.0
1789884650,50,GET,GET /api/v1/reservas/{id},6.100000,0.000000,5,5,5,6,8,12,15,19,19,19,19,13651,0,5,6.429066471199758,3.0284199965535663,1521.0046399952262,442.0
1789884650,50,POST,POST /api/v1/auth/login,0.000000,0.000000,0,0,0,0,0,0,0,0,0,0,0,50,0,1300.0,1369.1218887201103,628.633758999058,2104.1982940005255,1622.0
1789884650,50,POST,POST /api/v1/auth/refresh,0.000000,0.000000,0,0,0,0,0,0,0,0,0,0,0,100,0,27,29.209557120193494,18.447431997628883,75.96593200287316,1622.0
1789884650,50,,Aggregated,24.900000,0.000000,6,7,7,8,10,14,32,41,56,56,56,54772,0,6,9.534487281950918,3.0284199965535663,2104.1982940005255,6820.675838019426
1789884651,50,GET,GET /api/v1/reservas,18.400000,0.000000,6,7,7,8,10,14,33,52,56,56,56,40994,0,7,8.860805362190662,4.633864002244081,1957.275683998887,8965.0
1789884651,50,GET,GET /api/v1/reservas/{id},6.600000,0.000000,4,5,5,5,7,8,19,19,19,19,19,13656,0,5,6.428138920793037,3.0284199965535663,1521.0046399952262,442.0
1789884651,50,POST,POST /api/v1/auth/login,0.000000,0.000000,0,0,0,0,0,0,0,0,0,0,0,50,0,1300.0,1369.1218887201103,628.633758999058,2104.1982940005255,1622.0
1789884651,50,POST,POST /api/v1/auth/refresh,0.000000,0.000000,0,0,0,0,0,0,0,0,0,0,0,100,0,27,29.209557120193494,18.447431997628883,75.96593200287316,1622.0
1789884651,50,,Aggregated,25.000000,0.000000,6,7,7,7,10,13,32,41,56,56,56,54800,0,6,9.532838873503989,3.0284199965535663,2104.1982940005255,6820.993832116788
1789884652,50,GET,GET /api/v1/reservas,19.000000,0.000000,6,7,7,7,8,9,12,19,19,19,19,41014,0,7,8.859838135920672,4.633864002244081,1957.275683998887,8965.0
1789884652,50,GET,GET /api/v1/reservas/{id},5.900000,0.000000,4,5,5,5,6,6,8,8,8,8,8,13659,0,5,6.427738285038755,3.0284199965535663,1521.0046399952262,442.0
1789884652,50,POST,POST /api/v1/auth/login,0.000000,0.000000,0,0,0,0,0,0,0,0,0,0,0,50,0,1300.0,1369.1218887201103,628.633758999058,2104.1982940005255,1622.0
1789884652,50,POST,POST /api/v1/auth/refresh,0.000000,0.000000,0,0,0,0,0,0,0,0,0,0,0,100,0,27,29.209557120193494,18.447431997628883,75.96593200287316,1622.0
1789884652,50,,Aggregated,24.900000,0.000000,6,6,7,7,8,9,11,13,19,19,19,54823,0,6,9.53160039928533,3.0284199965535663,2104.1982940005255,6821.426919358663
1789884653,50,GET,GET /api/v1/reservas,19.400000,0.000000,6,7,7,7,9,11,21,28,36,36,36,41028,0,7,8.861221977543781,4.633864002244081,1957.275683998887,8965.0
1789884653,50,GET,GET /api/v1/reservas/{id},5.600000,0.000000,4,5,5,5,6,9,11,11,11,11,11,13669,0,5,6.427748281099536,3.0284199965535663,1521.0046399952262,442.0
1789884653,50,POST,POST /api/v1/auth/login,0.000000,0.000000,0,0,0,0,0,0,0,0,0,0,0,50,0,1300.0,1369.1218887201103,628.633758999058,2104.1982940005255,1622.0
1789884653,50,POST,POST /api/v1/auth/refresh,0.000000,0.000000,0,0,0,0,0,0,0,0,0,0,0,100,0,27,29.209557120193494,18.447431997628883,75.96593200287316,1622.0
1789884653,50,,Aggregated,25.000000,0.000000,6,7,7,7,8,10,19,24,36,36,36,54847,0,6,9.531900681842957,3.0284199965535663,2104.1982940005255,6820.810946815687
1789884654,50,GET,GET /api/v1/reservas,19.800000,0.000000,6,7,7,7,10,12,24,31,36,36,36,41047,0,7,8.861341732664613,4.633864002244081,1957.275683998887,8965.0
1789884654,50,GET,GET /api/v1/reservas/{id},4.900000,0.000000,4,5,5,5,7,9,11,11,11,11,11,13673,0,5,6.427274715084406,3.0284199965535663,1521.0046399952262,442.0
1789884654,50,POST,POST /api/v1/auth/login,0.000000,0.000000,0,0,0,0,0,0,0,0,0,0,0,50,0,1300.0,1369.1218887201103,628.633758999058,2104.1982940005255,1622.0
1789884654,50,POST,POST /api/v1/auth/refresh,0.000000,0.000000,0,0,0,0,0,0,0,0,0,0,0,100,0,27,29.209557120193494,18.447431997628883,75.96593200287316,1622.0
1789884654,50,,Aggregated,24.700000,0.000000,6,7,7,7,9,12,21,28,36,36,36,54870,0,6,9.531413731147408,3.0284199965535663,2104.1982940005255,6821.088408966649
1789884655,50,GET,GET /api/v1/reservas,19.300000,0.000000,6,7,7,8,10,13,24,31,36,36,36,41063,0,7,8.860444583047942,4.633864002244081,1957.275683998887,8965.0
1789884655,50,GET,GET /api/v1/reservas/{id},5.200000,0.000000,4,5,5,5,7,9,11,11,11,11,11,13677,0,5,6.426603485658539,3.0284199965535663,1521.0046399952262,442.0
1789884655,50,POST,POST /api/v1/auth/login,0.000000,0.000000,0,0,0,0,0,0,0,0,0,0,0,50,0,1300.0,1369.1218887201103,628.633758999058,2104.1982940005255,1622.0
1789884655,50,POST,POST /api/v1/auth/refresh,0.000000,0.000000,0,0,0,0,0,0,0,0,0,0,0,100,0,27,29.209557120193494,18.447431997628883,75.96593200287316,1622.0
1789884655,50,,Aggregated,24.500000,0.000000,6,7,7,7,10,12,21,28,36,36,36,54890,0,6,9.53015379732327,3.0284199965535663,2104.1982940005255,6821.248478775733
1789884656,50,GET,GET /api/v1/reservas,19.100000,0.000000,6,7,7,7,10,13,24,31,36,36,36,41083,0,7,8.859298618642876,4.633864002244081,1957.275683998887,8965.0
1789884656,50,GET,GET /api/v1/reservas/{id},5.200000,0.000000,4,5,5,5,7,9,11,11,11,11,11,13684,0,5,6.425473899690135,3.0284199965535663,1521.0046399952262,442.0
1789884656,50,POST,POST /api/v1/auth/login,0.000000,0.000000,0,0,0,0,0,0,0,0,0,0,0,50,0,1300.0,1369.1218887201103,628.633758999058,2104.1982940005255,1622.0
1789884656,50,POST,POST /api/v1/auth/refresh,0.000000,0.000000,0,0,0,0,0,0,0,0,0,0,0,100,0,27,29.209557120193494,18.447431997628883,75.96593200287316,1622.0
1789884656,50,,Aggregated,24.300000,0.000000,6,7,7,7,10,12,21,28,36,36,36,54917,0,6,9.528375551124242,3.0284199965535663,2104.1982940005255,6821.216071526122
1789884657,50,GET,GET /api/v1/reservas,19.300000,0.000000,7,7,7,8,11,13,24,31,36,36,36,41097,0,7,8.85843921156569,4.633864002244081,1957.275683998887,8965.0
1789884657,50,GET,GET /api/v1/reservas/{id},4.900000,0.000000,4,5,5,5,6,9,10,11,11,11,11,13689,0,5,6.424775042834114,3.0284199965535663,1521.0046399952262,442.0
1789884657,50,POST,POST /api/v1/auth/login,0.000000,0.000000,0,0,0,0,0,0,0,0,0,0,0,50,0,1300.0,1369.1218887201103,628.633758999058,2104.1982940005255,1622.0
1789884657,50,POST,POST /api/v1/auth/refresh,0.000000,0.000000,0,0,0,0,0,0,0,0,0,0,0,100,0,27,29.209557120193494,18.447431997628883,75.96593200287316,1622.0
1789884657,50,,Aggregated,24.200000,0.000000,6,7,7,7,10,12,21,28,36,36,36,54936,0,6,9.527105577164267,3.0284199965535663,2104.1982940005255,6821.181793359546
1789884658,50,GET,GET /api/v1/reservas,19.200000,0.000000,6,7,7,7,10,13,24,31,36,36,36,41122,0,7,8.856760235025547,4.633864002244081,1957.275683998887,8965.0
1789884658,50,GET,GET /api/v1/reservas/{id},4.900000,0.000000,4,5,5,5,7,9,11,11,11,11,11,13695,0,5,6.423883042231741,3.0284199965535663,1521.0046399952262,442.0
1789884658,50,POST,POST /api/v1/auth/login,0.000000,0.000000,0,0,0,0,0,0,0,0,0,0,0,50,0,1300.0,1369.1218887201103,628.633758999058,2104.1982940005255,1622.0
1789884658,50,POST,POST /api/v1/auth/refresh,0.000000,0.000000,0,0,0,0,0,0,0,0,0,0,0,100,0,27,29.209557120193494,18.447431997628883,75.96593200287316,1622.0
1789884658,50,,Aggregated,24.100000,0.000000,6,7,7,7,9,12,21,28,36,36,36,54967,0,6,9.52498449608145,3.0284199965535663,2104.1982940005255,6821.4605126712395
1789884659,50,GET,GET /api/v1/reservas,18.400000,0.000000,6,7,7,7,9,13,24,31,36,36,36,41139,0,7,8.855739191003979,4.633864002244081,1957.275683998887,8965.0
1789884659,50,GET,GET /api/v1/reservas/{id},5.000000,0.000000,4,5,5,5,7,9,11,11,11,11,11,13701,0,5,6.423130560934148,3.0284199965535663,1521.0046399952262,442.0
1789884659,50,POST,POST /api/v1/auth/login,0.000000,0.000000,0,0,0,0,0,0,0,0,0,0,0,50,0,1300.0,1369.1218887201103,628.633758999058,2104.1982940005255,1622.0
1789884659,50,POST,POST /api/v1/auth/refresh,0.000000,0.000000,0,0,0,0,0,0,0,0,0,0,0,100,0,27,29.209557120193494,18.447431997628883,75.96593200287316,1622.0
1789884659,50,,Aggregated,23.400000,0.000000,6,7,7,7,8,12,21,28,36,36,36,54990,0,6,9.523488207712244,3.0284199965535663,2104.1982940005255,6821.427114020731
1789884660,50,GET,GET /api/v1/reservas,18.600000,0.000000,6,7,7,7,10,14,24,31,36,36,36,41156,0,7,8.855086445541547,4.633864002244081,1957.275683998887,8965.0
1789884660,50,GET,GET /api/v1/reservas/{id},5.400000,0.000000,4,5,5,5,7,9,10,11,11,11,11,13706,0,5,6.422727901602414,3.0284199965535663,1521.0046399952262,442.0
1789884660,50,POST,POST /api/v1/auth/login,0.000000,0.000000,0,0,0,0,0,0,0,0,0,0,0,50,0,1300.0,1369.1218887201103,628.633758999058,2104.1982940005255,1622.0
1789884660,50,POST,POST /api/v1/auth/refresh,0.000000,0.000000,0,0,0,0,0,0,0,0,0,0,0,100,0,27,29.209557120193494,18.447431997628883,75.96593200287316,1622.0
1789884660,50,,Aggregated,24.000000,0.000000,6,7,7,7,8,12,21,28,36,36,36,55012,0,6,9.522411410603059,3.0284199965535663,2104.1982940005255,6821.509706973024
1789884661,50,GET,GET /api/v1/reservas,18.300000,0.000000,6,7,7,8,11,15,25,31,36,36,36,41181,0,7,8.855146180197623,4.633864002244081,1957.275683998887,8965.0
1789884661,50,GET,GET /api/v1/reservas/{id},5.200000,0.000000,5,5,5,5,7,9,10,11,11,11,11,13708,0,5,6.422738263303066,3.0284199965535663,1521.0046399952262,442.0
1789884661,50,POST,POST /api/v1/auth/login,0.000000,0.000000,0,0,0,0,0,0,0,0,0,0,0,50,0,1300.0,1369.1218887201103,628.633758999058,2104.1982940005255,1622.0
1789884661,50,POST,POST /api/v1/auth/refresh,0.000000,0.000000,0,0,0,0,0,0,0,0,0,0,0,100,0,27,29.209557120193494,18.447431997628883,75.96593200287316,1622.0
1789884661,50,,Aggregated,23.500000,0.000000,6,7,7,7,10,12,24,28,36,36,36,55039,0,6,9.522042935156918,3.0284199965535663,2104.1982940005255,6822.251512563818
1789884662,50,GET,GET /api/v1/reservas,18.400000,0.000000,6,7,7,8,12,19,27,31,36,36,36,41193,0,7,8.855077045874882,4.633864002244081,1957.275683998887,8965.0
1789884662,50,GET,GET /api/v1/reservas/{id},5.400000,0.000000,5,5,5,6,7,10,11,11,11,11,11,13717,0,5,6.422387845620917,3.0284199965535663,1521.0046399952262,442.0
1789884662,50,POST,POST /api/v1/auth/login,0.000000,0.000000,0,0,0,0,0,0,0,0,0,0,0,50,0,1300.0,1369.1218887201103,628.633758999058,2104.1982940005255,1622.0
1789884662,50,POST,POST /api/v1/auth/refresh,0.000000,0.000000,0,0,0,0,0,0,0,0,0,0,0,100,0,27,29.209557120193494,18.447431997628883,75.96593200287316,1622.0
1789884662,50,,Aggregated,23.800000,0.000000,6,7,7,7,11,15,25,28,36,36,36,55060,0,6,9.521251961081202,3.0284199965535663,2104.1982940005255,6821.67560842717
1789884663,50,GET,GET /api/v1/reservas,18.000000,0.000000,6,7,7,7,8,12,19,25,27,27,27,41211,0,7,8.854032513278538,4.633864002244081,1957.275683998887,8965.0
1789884663,50,GET,GET /api/v1/reservas/{id},5.300000,0.000000,5,5,5,5,6,7,8,11,11,11,11,13725,0,5,6.421554726657699,3.0284199965535663,1521.0046399952262,442.0
1789884663,50,POST,POST /api/v1/auth/login,0.000000,0.000000,0,0,0,0,0,0,0,0,0,0,0,50,0,1300.0,1369.1218887201103,628.633758999058,2104.1982940005255,1622.0
1789884663,50,POST,POST /api/v1/auth/refresh,0.000000,0.000000,0,0,0,0,0,0,0,0,0,0,0,100,0,27,29.209557120193494,18.447431997628883,75.96593200287316,1622.0
1789884663,50,,Aggregated,23.300000,0.000000,6,7,7,7,8,10,16,21,27,27,27,55086,0,6,9.519595227029075,3.0284199965535663,2104.1982940005255,6821.449460843045
1789884664,50,GET,GET /api/v1/reservas,18.400000,0.000000,6,7,7,8,12,21,40,61,68,68,68,41232,0,7,8.860072831216499,4.633864002244081,1957.275683998887,8965.0
1789884664,50,GET,GET /api/v1/reservas/{id},5.600000,0.000000,5,5,5,6,7,9,11,17,17,17,17,13729,0,5,6.422358053126546,3.0284199965535663,1521.0046399952262,442.0
1789884664,50,POST,POST /api/v1/auth/login,0.000000,0.000000,0,0,0,0,0,0,0,0,0,0,0,50,0,1300.0,1369.1218887201103,628.633758999058,2104.1982940005255,1622.0
1789884664,50,POST,POST /api/v1/auth/refresh,0.000000,0.000000,0,0,0,0,0,0,0,0,0,0,0,100,0,27,29.209557120193494,18.447431997628883,75.96593200287316,1622.0
1789884664,50,,Aggregated,24.000000,0.000000,6,7,7,7,11,17,27,54,68,68,68,55111,0,6,9.523836018873146,3.0284199965535663,2104.1982940005255,6821.803233474261
1789884665,50,GET,GET /api/v1/reservas,18.500000,0.000000,6,7,7,8,12,21,40,61,68,68,68,41253,0,7,8.858690978249502,4.633864002244081,1957.275683998887,8965.0
1789884665,50,GET,GET /api/v1/reservas/{id},5.600000,0.000000,5,5,5,6,7,9,17,17,17,17,17,13733,0,5,6.421689236028139,3.0284199965535663,1521.0046399952262,442.0
1789884665,50,POST,POST /api/v1/auth/login,0.000000,0.000000,0,0,0,0,0,0,0,0,0,0,0,50,0,1300.0,1369.1218887201103,628.633758999058,2104.1982940005255,1622.0
1789884665,50,POST,POST /api/v1/auth/refresh,0.000000,0.000000,0,0,0,0,0,0,0,0,0,0,0,100,0,27,29.209557120193494,18.447431997628883,75.96593200287316,1622.0
1789884665,50,,Aggregated,24.100000,0.000000,6,7,7,7,11,17,27,54,68,68,68,55136,0,6,9.522157707344135,3.0284199965535663,2104.1982940005255,6822.156685287289
1789884666,50,GET,GET /api/v1/reservas,18.700000,0.000000,6,7,7,8,12,21,40,61,68,68,68,41272,0,7,8.857535689152678,4.633864002244081,1957.275683998887,8965.0
1789884666,50,GET,GET /api/v1/reservas/{id},5.600000,0.000000,5,5,5,6,7,9,17,17,17,17,17,13737,0,5,6.421129258380729,3.0284199965535663,1521.0046399952262,442.0
1789884666,50,POST,POST /api/v1/auth/login,0.000000,0.000000,0,0,0,0,0,0,0,0,0,0,0,50,0,1300.0,1369.1218887201103,628.633758999058,2104.1982940005255,1622.0
1789884666,50,POST,POST /api/v1/auth/refresh,0.000000,0.000000,0,0,0,0,0,0,0,0,0,0,0,100,0,27,29.209557120193494,18.447431997628883,75.96593200287316,1622.0
1789884666,50,,Aggregated,24.300000,0.000000,6,7,7,8,11,17,27,54,68,68,68,55159,0,6,9.520700442957814,3.0284199965535663,2104.1982940005255,6822.4321325622295
1789884667,50,GET,GET /api/v1/reservas,19.100000,0.000000,7,7,8,8,13,21,40,61,68,68,68,41293,0,7,8.856591825217928,4.633864002244081,1957.275683998887,8965.0
1789884667,50,GET,GET /api/v1/reservas/{id},5.600000,0.000000,5,5,5,6,7,9,11,17,17,17,17,13745,0,5,6.419801658157521,3.0284199965535663,1521.0046399952262,442.0
1789884667,50,POST,POST /api/v1/auth/login,0.000000,0.000000,0,0,0,0,0,0,0,0,0,0,0,50,0,1300.0,1369.1218887201103,628.633758999058,2104.1982940005255,1622.0
1789884667,50,POST,POST /api/v1/auth/refresh,0.000000,0.000000,0,0,0,0,0,0,0,0,0,0,0,100,0,27,29.209557120193494,18.447431997628883,75.96593200287316,1622.0
1789884667,50,,Aggregated,24.700000,0.000000,6,7,7,8,11,19,27,54,68,68,68,55188,0,6,9.518961915237444,3.0284199965535663,2104.1982940005255,6822.322515764296
1789884668,50,GET,GET /api/v1/reservas,18.800000,0.000000,6,7,8,8,13,21,40,61,68,68,68,41307,0,7,8.855854125371494,4.633864002244081,1957.275683998887,8965.0
1789884668,50,GET,GET /api/v1/reservas/{id},5.100000,0.000000,5,5,5,6,7,9,11,17,17,17,17,13751,0,5,6.419297609510791,3.0284199965535663,1521.0046399952262,442.0
1789884668,50,POST,POST /api/v1/auth/login,0.000000,0.000000,0,0,0,0,0,0,0,0,0,0,0,50,0,1300.0,1369.1218887201103,628.633758999058,2104.1982940005255,1622.0
1789884668,50,POST,POST /api/v1/auth/refresh,0.000000,0.000000,0,0,0,0,0,0,0,0,0,0,0,100,0,27,29.209557120193494,18.447431997628883,75.96593200287316,1622.0
1789884668,50,,Aggregated,23.900000,0.000000,6,7,7,8,11,19,27,54,68,68,68,55208,0,6,9.517779632175197,3.0284199965535663,2104.1982940005255,6822.1724568903055
1789884669,50,GET,GET /api/v1/reservas,19.200000,0.000000,7,7,8,8,13,21,40,61,68,68,68,41325,0,7,8.854619272346428,4.633864002244081,1957.275683998887,8965.0
1789884669,50,GET,GET /api/v1/reservas/{id},5.200000,0.000000,5,5,5,6,7,9,11,17,17,17,17,13758,0,5,6.4182760184908,3.0284199965535663,1521.0046399952262,442.0
1789884669,50,POST,POST /api/v1/auth/login,0.000000,0.000000,0,0,0,0,0,0,0,0,0,0,0,50,0,1300.0,1369.1218887201103,628.633758999058,2104.1982940005255,1622.0
1789884669,50,POST,POST /api/v1/auth/refresh,0.000000,0.000000,0,0,0,0,0,0,0,0,0,0,0,100,0,27,29.209557120193494,18.447431997628883,75.96593200287316,1622.0
1789884669,50,,Aggregated,24.400000,0.000000,6,7,7,8,11,19,27,54,68,68,68,55233,0,6,9.515992849204965,3.0284199965535663,2104.1982940005255,6822.062191081419
1789884670,50,GET,GET /api/v1/reservas,18.600000,0.000000,6,7,7,8,10,19,40,61,68,68,68,41343,0,7,8.853591278855662,4.633864002244081,1957.275683998887,8965.0
1789884670,50,GET,GET /api/v1/reservas/{id},5.600000,0.000000,5,5,5,5,6,9,11,17,17,17,17,13763,0,5,6.41745274928418,3.0284199965535663,1521.0046399952262,442.0
1789884670,50,POST,POST /api/v1/auth/login,0.000000,0.000000,0,0,0,0,0,0,0,0,0,0,0,50,0,1300.0,1369.1218887201103,628.633758999058,2104.1982940005255,1622.0
1789884670,50,POST,POST /api/v1/auth/refresh,0.000000,0.000000,0,0,0,0,0,0,0,0,0,0,0,100,0,27,29.209557120193494,18.447431997628883,75.96593200287316,1622.0
1789884670,50,,Aggregated,24.200000,0.000000,6,7,7,7,10,17,27,54,68,68,68,55256,0,6,9.514522885807027,3.0284199965535663,2104.1982940005255,6822.182948458086
1789884671,50,GET,GET /api/v1/reservas,18.900000,0.000000,7,7,7,8,11,15,40,61,68,68,68,41363,0,7,8.85309063807561,4.633864002244081,1957.275683998887,8965.0
1789884671,50,GET,GET /api/v1/reservas/{id},5.800000,0.000000,5,5,5,5,6,9,9,17,17,17,17,13770,0,5,6.4173350014096995,3.0284199965535663,1521.0046399952262,442.0
1789884671,50,POST,POST /api/v1/auth/login,0.000000,0.000000,0,0,0,0,0,0,0,0,0,0,0,50,0,1300.0,1369.1218887201103,628.633758999058,2104.1982940005255,1622.0
1789884671,50,POST,POST /api/v1/auth/refresh,0.000000,0.000000,0,0,0,0,0,0,0,0,0,0,0,100,0,27,29.209557120193494,18.447431997628883,75.96593200287316,1622.0
1789884671,50,,Aggregated,24.700000,0.000000,6,7,7,7,9,13,27,54,68,68,68,55283,0,6,9.51348771195771,3.0284199965535663,2104.1982940005255,6822.150299368703
1789884672,50,GET,GET /api/v1/reservas,18.900000,0.000000,7,7,7,8,10,15,40,61,68,68,68,41379,0,7,8.852101588069877,4.633864002244081,1957.275683998887,8965.0
1789884672,50,GET,GET /api/v1/reservas/{id},5.800000,0.000000,5,5,5,5,6,9,10,17,17,17,17,13777,0,5,6.416611790914088,3.0284199965535663,1521.0046399952262,442.0
1789884672,50,POST,POST /api/v1/auth/login,0.000000,0.000000,0,0,0,0,0,0,0,0,0,0,0,50,0,1300.0,1369.1218887201103,628.633758999058,2104.1982940005255,1622.0
1789884672,50,POST,POST /api/v1/auth/refresh,0.000000,0.000000,0,0,0,0,0,0,0,0,0,0,0,100,0,27,29.209557120193494,18.447431997628883,75.96593200287316,1622.0
1789884672,50,,Aggregated,24.700000,0.000000,6,7,7,7,10,13,27,54,68,68,68,55306,0,6,9.511984638270562,3.0284199965535663,2104.1982940005255,6821.962698441399
1789884673,50,GET,GET /api/v1/reservas,18.900000,0.000000,6,7,7,7,8,9,11,12,19,19,19,41404,0,7,8.850416842255765,4.633864002244081,1957.275683998887,8965.0
1789884673,50,GET,GET /api/v1/reservas/{id},6.000000,0.000000,4,5,5,5,6,6,9,10,10,10,10,13783,0,5,6.415486819953721,3.0284199965535663,1521.0046399952262,442.0
1789884673,50,POST,POST /api/v1/auth/login,0.000000,0.000000,0,0,0,0,0,0,0,0,0,0,0,50,0,1300.0,1369.1218887201103,628.633758999058,2104.1982940005255,1622.0
1789884673,50,POST,POST /api/v1/auth/refresh,0.000000,0.000000,0,0,0,0,0,0,0,0,0,0,0,100,0,27,29.209557120193494,18.447431997628883,75.96593200287316,1622.0
1789884673,50,,Aggregated,24.900000,0.000000,6,7,7,7,8,8,10,11,19,19,19,55337,0,6,9.509810143741165,3.0284199965535663,2104.1982940005255,6822.239116685039
1789884674,50,GET,GET /api/v1/reservas,18.200000,0.000000,6,7,7,7,8,9,11,19,25,25,25,41414,0,7,8.850360769154642,4.633864002244081,1957.275683998887,8965.0
1789884674,50,GET,GET /api/v1/reservas/{id},6.200000,0.000000,5,5,5,6,6,9,9,10,10,10,10,13789,0,5,6.415628718357384,3.0284199965535663,1521.0046399952262,442.0
1789884674,50,POST,POST /api/v1/auth/login,0.000000,0.000000,0,0,0,0,0,0,0,0,0,0,0,50,0,1300.0,1369.1218887201103,628.633758999058,2104.1982940005255,1622.0
1789884674,50,POST,POST /api/v1/auth/refresh,0.000000,0.000000,0,0,0,0,0,0,0,0,0,0,0,100,0,27,29.209557120193494,18.447431997628883,75.96593200287316,1622.0
1789884674,50,,Aggregated,24.400000,0.000000,6,7,7,7,8,9,11,12,25,25,25,55353,0,6,9.509349004376014,3.0284199965535663,2104.1982940005255,6821.934637689014
1789884675,50,GET,GET /api/v1/reservas,18.800000,0.000000,6,7,7,7,8,10,12,19,25,25,25,41443,0,7,8.848515901884122,4.633864002244081,1957.275683998887,8965.0
1789884675,50,GET,GET /api/v1/reservas/{id},5.800000,0.000000,5,5,5,6,6,9,9,10,10,10,10,13793,0,5,6.415305780717119,3.0284199965535663,1521.0046399952262,442.0
1789884675,50,POST,POST /api/v1/auth/login,0.000000,0.000000,0,0,0,0,0,0,0,0,0,0,0,50,0,1300.0,1369.1218887201103,628.633758999058,2104.1982940005255,1622.0
1789884675,50,POST,POST /api/v1/auth/refresh,0.000000,0.000000,0,0,0,0,0,0,0,0,0,0,0,100,0,27,29.209557120193494,18.447431997628883,75.96593200287316,1622.0
1789884675,50,,Aggregated,24.600000,0.000000,6,6,7,7,8,9,12,12,25,25,25,55386,0,6,9.507319671094498,3.0284199965535663,2104.1982940005255,6822.59598093381
1789884676,50,GET,GET /api/v1/reservas,18.200000,0.000000,6,7,7,7,8,10,12,19,25,25,25,41459,0,7,8.847620447231552,4.633864002244081,1957.275683998887,8965.0
1789884676,50,GET,GET /api/v1/reservas/{id},6.000000,0.000000,5,5,6,6,6,9,9,10,10,10,10,13798,0,5,6.414817740572964,3.0284199965535663,1521.0046399952262,442.0
1789884676,50,POST,POST /api/v1/auth/login,0.000000,0.000000,0,0,0,0,0,0,0,0,0,0,0,50,0,1300.0,1369.1218887201103,628.633758999058,2104.1982940005255,1622.0
1789884676,50,POST,POST /api/v1/auth/refresh,0.000000,0.000000,0,0,0,0,0,0,0,0,0,0,0,100,0,27,29.209557120193494,18.447431997628883,75.96593200287316,1622.0
1789884676,50,,Aggregated,24.200000,0.000000,6,6,7,7,8,9,12,12,25,25,25,55407,0,6,9.506058827480713,3.0284199965535663,2104.1982940005255,6822.638854296389
1789884677,50,GET,GET /api/v1/reservas,19.000000,0.000000,6,7,7,7,8,9,12,12,25,25,25,41474,0,7,8.846629894386131,4.633864002244081,1957.275683998887,8965.0
1789884677,50,GET,GET /api/v1/reservas/{id},6.200000,0.000000,5,5,6,6,6,9,9,10,10,10,10,13810,0,5,6.413170939204875,3.0284199965535663,1521.0046399952262,442.0
1789884677,50,POST,POST /api/v1/auth/login,0.000000,0.000000,0,0,0,0,0,0,0,0,0,0,0,50,0,1300.0,1369.1218887201103,628.633758999058,2104.1982940005255,1622.0
1789884677,50,POST,POST /api/v1/auth/refresh,0.000000,0.000000,0,0,0,0,0,0,0,0,0,0,0,100,0,27,29.209557120193494,18.447431997628883,75.96593200287316,1622.0
1789884677,50,,Aggregated,25.200000,0.000000,6,6,7,7,8,9,11,12,25,25,25,55434,0,6,9.504060126604877,3.0284199965535663,2104.1982940005255,6821.837320056283
1789884678,50,GET,GET /api/v1/reservas,18.700000,0.000000,6,7,7,7,8,9,12,12,25,25,25,41497,0,7,8.84518027268835,4.633864002244081,1957.275683998887,8965.0
1789884678,50,GET,GET /api/v1/reservas/{id},6.300000,0.000000,5,5,6,6,6,9,9,10,10,10,10,13812,0,5,6.412920133971346,3.0284199965535663,1521.0046399952262,442.0
1789884678,50,POST,POST /api/v1/auth/login,0.000000,0.000000,0,0,0,0,0,0,0,0,0,0,0,50,0,1300.0,1369.1218887201103,628.633758999058,2104.1982940005255,1622.0
1789884678,50,POST,POST /api/v1/auth/refresh,0.000000,0.000000,0,0,0,0,0,0,0,0,0,0,0,100,0,27,29.209557120193494,18.447431997628883,75.96593200287316,1622.0
1789884678,50,,Aggregated,25.000000,0.000000,6,6,7,7,8,9,11,12,25,25,25,55459,0,6,9.502528873838067,3.0284199965535663,2104.1982940005255,6822.496060152545
1789884679,50,GET,GET /api/v1/reservas,17.900000,0.000000,6,7,7,7,8,10,12,12,25,25,25,41518,0,7,8.84392138450202,4.633864002244081,1957.275683998887,8965.0
1789884679,50,GET,GET /api/v1/reservas/{id},6.800000,0.000000,5,5,6,6,6,9,9,10,10,10,10,13817,0,5,6.412074817790487,3.0284199965535663,1521.0046399952262,442.0
1789884679,50,POST,POST /api/v1/auth/login,0.000000,0.000000,0,0,0,0,0,0,0,0,0,0,0,50,0,1300.0,1369.1218887201103,628.633758999058,2104.1982940005255,1622.0
1789884679,50,POST,POST /api/v1/auth/refresh,0.000000,0.000000,0,0,0,0,0,0,0,0,0,0,0,100,0,27,29.209557120193494,18.447431997628883,75.96593200287316,1622.0
1789884679,50,,Aggregated,24.700000,0.000000,6,6,7,7,8,9,11,12,25,25,25,55485,0,6,9.5008491654896,3.0284199965535663,2104.1982940005255,6822.731981616653
1789884680,50,GET,GET /api/v1/reservas,18.800000,0.000000,6,6,7,7,8,8,11,12,25,25,25,41536,0,7,8.842751827974652,4.633864002244081,1957.275683998887,8965.0
1789884680,50,GET,GET /api/v1/reservas/{id},6.300000,0.000000,5,5,5,6,6,9,9,10,10,10,10,13825,0,5,6.411010070336994,3.0284199965535663,1521.0046399952262,442.0
1789884680,50,POST,POST /api/v1/auth/login,0.000000,0.000000,0,0,0,0,0,0,0,0,0,0,0,50,0,1300.0,1369.1218887201103,628.633758999058,2104.1982940005255,1622.0
1789884680,50,POST,POST /api/v1/auth/refresh,0.000000,0.000000,0,0,0,0,0,0,0,0,0,0,0,100,0,27,29.209557120193494,18.447431997628883,75.96593200287316,1622.0
1789884680,50,,Aggregated,25.100000,0.000000,6,6,7,7,7,8,10,12,25,25,25,55511,0,6,9.49905071602364,3.0284199965535663,2104.1982940005255,6822.507070670678
1789884681,50,GET,GET /api/v1/reservas,18.800000,0.000000,6,7,7,7,8,10,12,20,25,25,25,41554,0,7,8.84270694401901,4.633864002244081,1957.275683998887,8965.0
1789884681,50,GET,GET /api/v1/reservas/{id},5.900000,0.000000,5,5,5,6,6,9,9,17,17,17,17,13830,0,5,6.411300416081494,3.0284199965535663,1521.0046399952262,442.0
1789884681,50,POST,POST /api/v1/auth/login,0.000000,0.000000,0,0,0,0,0,0,0,0,0,0,0,50,0,1300.0,1369.1218887201103,628.633758999058,2104.1982940005255,1622.0
1789884681,50,POST,POST /api/v1/auth/refresh,0.000000,0.000000,0,0,0,0,0,0,0,0,0,0,0,100,0,27,29.209557120193494,18.447431997628883,75.96593200287316,1622.0
1789884681,50,,Aggregated,24.700000,0.000000,6,6,7,7,8,10,12,17,25,25,25,55534,0,6,9.498598682864499,3.0284199965535663,2104.1982940005255,6822.627039291245
1789884682,50,GET,GET /api/v1/reservas,19.300000,0.000000,6,7,7,7,8,10,12,20,25,25,25,41571,0,7,8.841761499549065,4.633864002244081,1957.275683998887,8965.0
1789884682,50,GET,GET /api/v1/reservas/{id},6.100000,0.000000,5,5,5,6,6,9,9,17,17,17,17,13836,0,5,6.410642128894962,3.0284199965535663,1521.0046399952262,442.0
1789884682,50,POST,POST /api/v1/auth/login,0.000000,0.000000,0,0,0,0,0,0,0,0,0,0,0,50,0,1300.0,1369.1218887201103,628.633758999058,2104.1982940005255,1622.0
1789884682,50,POST,POST /api/v1/auth/refresh,0.000000,0.000000,0,0,0,0,0,0,0,0,0,0,0,100,0,27,29.209557120193494,18.447431997628883,75.96593200287316,1622.0
1789884682,50,,Aggregated,25.400000,0.000000,6,6,7,7,8,10,12,17,25,25,25,55557,0,6,9.497193187918151,3.0284199965535663,2104.1982940005255,6822.593498569037
1789884683,50,GET,GET /api/v1/reservas,18.800000,0.000000,6,7,7,7,8,10,12,20,25,25,25,41586,0,7,8.84069087997785,4.633864002244081,1957.275683998887,8965.0
1789884683,50,GET,GET /api/v1/reservas/{id},6.100000,0.000000,5,5,5,5,6,8,9,17,17,17,17,13848,0,5,6.408943978798102,3.0284199965535663,1521.0046399952262,442.0
1789884683,50,POST,POST /api/v1/auth/login,0.000000,0.000000,0,0,0,0,0,0,0,0,0,0,0,50,0,1300.0,1369.1218887201103,628.633758999058,2104.1982940005255,1622.0
1789884683,50,POST,POST /api/v1/auth/refresh,0.000000,0.000000,0,0,0,0,0,0,0,0,0,0,0,100,0,27,29.209557120193494,18.447431997628883,75.96593200287316,1622.0
1789884683,50,,Aggregated,24.900000,0.000000,6,6,7,7,8,10,12,17,25,25,25,55584,0,6,9.495125886967083,3.0284199965535663,2104.1982940005255,6821.7941493955095
1789884684,50,GET,GET /api/v1/reservas,19.500000,0.000000,6,7,7,7,8,10,11,12,20,20,20,41603,0,7,8.840111633770315,4.633864002244081,1957.275683998887,8965.0
1789884684,50,GET,GET /api/v1/reservas/{id},5.800000,0.000000,5,5,5,5,6,7,8,17,17,17,17,13857,0,5,6.408156031710339,3.0284199965535663,1521.0046399952262,442.0
1789884684,50,POST,POST /api/v1/auth/login,0.000000,0.000000,0,0,0,0,0,0,0,0,0,0,0,50,0,1300.0,1369.1218887201103,628.633758999058,2104.1982940005255,1622.0
1789884684,50,POST,POST /api/v1/auth/refresh,0.000000,0.000000,0,0,0,0,0,0,0,0,0,0,0,100,0,27,29.209557120193494,18.447431997628883,75.96593200287316,1622.0
1789884684,50,,Aggregated,25.300000,0.000000,6,6,7,7,8,9,11,12,20,20,20,55610,0,6,9.49379666569286,3.0284199965535663,2104.1982940005255,6821.416813522747
1789884685,50,GET,GET /api/v1/reservas,18.900000,0.000000,6,7,7,8,10,12,29,37,54,54,54,41623,0,7,8.843155214154518,4.633864002244081,1957.275683998887,8965.0
1789884685,50,GET,GET /api/v1/reservas/{id},6.400000,0.000000,5,5,5,5,6,7,17,59,59,59,59,13862,0,5,6.411351555071595,3.0284199965535663,1521.0046399952262,442.0
1789884685,50,POST,POST /api/v1/auth/login,0.000000,0.000000,0,0,0,0,0,0,0,0,0,0,0,50,0,1300.0,1369.1218887201103,628.633758999058,2104.1982940005255,1622.0
1789884685,50,POST,POST /api/v1/auth/refresh,0.000000,0.000000,0,0,0,0,0,0,0,0,0,0,0,100,0,27,29.209557120193494,18.447431997628883,75.96593200287316,1622.0
1789884685,50,,Aggregated,25.300000,0.000000,6,7,7,7,8,12,29,37,59,59,59,55635,0,6,9.496357596534184,3.0284199965535663,2104.1982940005255,6821.61407387436
1789884686,50,GET,GET /api/v1/reservas,18.600000,0.000000,6,7,7,8,10,12,29,37,54,54,54,41637,0,7,8.842340677204,4.633864002244081,1957.275683998887,8965.0
1789884686,50,GET,GET /api/v1/reservas/{id},6.500000,0.000000,5,5,5,5,6,7,17,59,59,59,59,13870,0,5,6.410218846099384,3.0284199965535663,1521.0046399952262,442.0
1789884686,50,POST,POST /api/v1/auth/login,0.000000,0.000000,0,0,0,0,0,0,0,0,0,0,0,50,0,1300.0,1369.1218887201103,628.633758999058,2104.1982940005255,1622.0
1789884686,50,POST,POST /api/v1/auth/refresh,0.000000,0.000000,0,0,0,0,0,0,0,0,0,0,0,100,0,27,29.209557120193494,18.447431997628883,75.96593200287316,1622.0
1789884686,50,,Aggregated,25.100000,0.000000,6,7,7,7,8,12,29,37,59,59,59,55657,0,6,9.494858226641119,3.0284199965535663,2104.1982940005255,6821.236232639201
1789884687,50,GET,GET /api/v1/reservas,17.600000,0.000000,6,7,7,8,10,12,29,37,54,54,54,41658,0,7,8.840975665556604,4.633864002244081,1957.275683998887,8965.0
1789884687,50,GET,GET /api/v1/reservas/{id},6.800000,0.000000,5,5,5,5,6,7,17,59,59,59,59,13878,0,5,6.4092044274684,3.0284199965535663,1521.0046399952262,442.0
1789884687,50,POST,POST /api/v1/auth/login,0.000000,0.000000,0,0,0,0,0,0,0,0,0,0,0,50,0,1300.0,1369.1218887201103,628.633758999058,2104.1982940005255,1622.0
1789884687,50,POST,POST /api/v1/auth/refresh,0.000000,0.000000,0,0,0,0,0,0,0,0,0,0,0,100,0,27,29.209557120193494,18.447431997628883,75.96593200287316,1622.0
1789884687,50,,Aggregated,24.400000,0.000000,6,7,7,7,8,12,29,37,59,59,59,55686,0,6,9.492895044862024,3.0284199965535663,2104.1982940005255,6821.128218941924
1789884688,50,GET,GET /api/v1/reservas,17.500000,0.000000,6,7,7,8,10,12,29,37,54,54,54,41678,0,7,8.83979780953373,4.633864002244081,1957.275683998887,8965.0
1789884688,50,GET,GET /api/v1/reservas/{id},6.900000,0.000000,5,5,5,5,6,8,17,59,59,59,59,13885,0,5,6.408439152351295,3.0284199965535663,1521.0046399952262,442.0
1789884688,50,POST,POST /api/v1/auth/login,0.000000,0.000000,0,0,0,0,0,0,0,0,0,0,0,50,0,1300.0,1369.1218887201103,628.633758999058,2104.1982940005255,1622.0
1789884688,50,POST,POST /api/v1/auth/refresh,0.000000,0.000000,0,0,0,0,0,0,0,0,0,0,0,100,0,27,29.209557120193494,18.447431997628883,75.96593200287316,1622.0
1789884688,50,,Aggregated,24.400000,0.000000,6,7,7,7,9,12,29,37,59,59,59,55713,0,6,9.491201710268122,3.0284199965535663,2104.1982940005255,6821.0963329923
1789884689,50,GET,GET /api/v1/reservas,18.800000,0.000000,6,7,7,8,10,12,29,37,54,54,54,41697,0,7,8.838509215669081,4.633864002244081,1957.275683998887,8965.0
1789884689,50,GET,GET /api/v1/reservas/{id},6.900000,0.000000,5,5,5,5,6,8,17,59,59,59,59,13894,0,5,6.407289549329866,3.0284199965535663,1521.0046399952262,442.0
1789884689,50,POST,POST /api/v1/auth/login,0.000000,0.000000,0,0,0,0,0,0,0,0,0,0,0,50,0,1300.0,1369.1218887201103,628.633758999058,2104.1982940005255,1622.0
1789884689,50,POST,POST /api/v1/auth/refresh,0.000000,0.000000,0,0,0,0,0,0,0,0,0,0,0,100,0,27,29.209557120193494,18.447431997628883,75.96593200287316,1622.0
1789884689,50,,Aggregated,25.700000,0.000000,6,7,7,7,8,12,29,37,59,59,59,55741,0,6,9.489231443859392,3.0284199965535663,2104.1982940005255,6820.79713316948
1789884690,50,GET,GET /api/v1/reservas,17.900000,0.000000,6,7,7,8,10,12,29,37,54,54,54,41711,0,7,8.837707908579372,4.633864002244081,1957.275683998887,8965.0
1789884690,50,GET,GET /api/v1/reservas/{id},7.200000,0.000000,4,5,5,5,6,7,8,59,59,59,59,13902,0,5,6.406099997582173,3.0284199965535663,1521.0046399952262,442.0
1789884690,50,POST,POST /api/v1/auth/login,0.000000,0.000000,0,0,0,0,0,0,0,0,0,0,0,50,0,1300.0,1369.1218887201103,628.633758999058,2104.1982940005255,1622.0
1789884690,50,POST,POST /api/v1/auth/refresh,0.000000,0.000000,0,0,0,0,0,0,0,0,0,0,0,100,0,27,29.209557120193494,18.447431997628883,75.96593200287316,1622.0
1789884690,50,,Aggregated,25.100000,0.000000,6,6,7,7,8,12,29,37,59,59,59,55763,0,6,9.48772998025869,3.0284199965535663,2104.1982940005255,6820.420332478525
1789884691,50,GET,GET /api/v1/reservas,18.000000,0.000000,6,7,7,7,10,13,29,37,54,54,54,41736,0,7,8.836912325037446,4.633864002244081,1957.275683998887,8965.0
1789884691,50,GET,GET /api/v1/reservas/{id},7.700000,0.000000,4,5,5,5,6,7,8,59,59,59,59,13905,0,5,6.405559480430559,3.0284199965535663,1521.0046399952262,442.0
1789884691,50,POST,POST /api/v1/auth/login,0.000000,0.000000,0,0,0,0,0,0,0,0,0,0,0,50,0,1300.0,1369.1218887201103,628.633758999058,2104.1982940005255,1622.0
1789884691,50,POST,POST /api/v1/auth/refresh,0.000000,0.000000,0,0,0,0,0,0,0,0,0,0,0,100,0,27,29.209557120193494,18.447431997628883,75.96593200287316,1622.0
1789884691,50,,Aggregated,25.700000,0.000000,6,6,7,7,8,12,29,37,59,59,59,55791,0,6,9.486543125614764,3.0284199965535663,2104.1982940005255,6821.038339517127
1789884692,50,GET,GET /api/v1/reservas,17.600000,0.000000,6,7,7,8,10,13,29,37,54,54,54,41753,0,7,8.836470106836966,4.633864002244081,1957.275683998887,8965.0
1789884692,50,GET,GET /api/v1/reservas/{id},7.700000,0.000000,4,5,5,6,6,8,8,59,59,59,59,13916,0,5,6.404584390370601,3.0284199965535663,1521.0046399952262,442.0
1789884692,50,POST,POST /api/v1/auth/login,0.000000,0.000000,0,0,0,0,0,0,0,0,0,0,0,50,0,1300.0,1369.1218887201103,628.633758999058,2104.1982940005255,1622.0
1789884692,50,POST,POST /api/v1/auth/refresh,0.000000,0.000000,0,0,0,0,0,0,0,0,0,0,0,100,0,27,29.209557120193494,18.447431997628883,75.96593200287316,1622.0
1789884692,50,,Aggregated,25.300000,0.000000,6,7,7,7,9,12,29,37,59,59,59,55819,0,6,9.485164243271731,3.0284199965535663,2104.1982940005255,6820.4342069904515
1789884693,50,GET,GET /api/v1/reservas,18.600000,0.000000,6,7,7,7,9,13,29,37,54,54,54,41773,0,7,8.835113373369055,4.633864002244081,1957.275683998887,8965.0
1789884693,50,GET,GET /api/v1/reservas/{id},7.600000,0.000000,4,5,5,5,6,7,8,59,59,59,59,13919,0,5,6.40419384211515,3.0284199965535663,1521.0046399952262,442.0
1789884693,50,POST,POST /api/v1/auth/login,0.000000,0.000000,0,0,0,0,0,0,0,0,0,0,0,50,0,1300.0,1369.1218887201103,628.633758999058,2104.1982940005255,1622.0
1789884693,50,POST,POST /api/v1/auth/refresh,0.000000,0.000000,0,0,0,0,0,0,0,0,0,0,0,100,0,27,29.209557120193494,18.447431997628883,75.96593200287316,1622.0
1789884693,50,,Aggregated,26.200000,0.000000,6,6,7,7,8,11,29,37,59,59,59,55842,0,6,9.483654152468933,3.0284199965535663,2104.1982940005255,6820.85962179005
1789884694,50,GET,GET /api/v1/reservas,17.600000,0.000000,6,7,7,7,8,9,14,16,23,23,23,41793,0,7,8.834096355699392,4.633864002244081,1957.275683998887,8965.0
1789884694,50,GET,GET /api/v1/reservas/{id},8.200000,0.000000,5,5,5,5,6,6,8,8,8,8,8,13928,0,5,6.403116569458362,3.0284199965535663,1521.0046399952262,442.0
1789884694,50,POST,POST /api/v1/auth/login,0.000000,0.000000,0,0,0,0,0,0,0,0,0,0,0,50,0,1300.0,1369.1218887201103,628.633758999058,2104.1982940005255,1622.0
1789884694,50,POST,POST /api/v1/auth/refresh,0.000000,0.000000,0,0,0,0,0,0,0,0,0,0,0,100,0,27,29.209557120193494,18.447431997628883,75.96593200287316,1622.0
1789884694,50,,Aggregated,25.800000,0.000000,6,6,7,7,8,9,10,14,23,23,23,55871,0,6,9.481896631905368,3.0284199965535663,2104.1982940005255,6820.599613395142
1789884695,50,GET,GET /api/v1/reservas,18.200000,0.000000,6,7,7,7,9,11,19,23,23,23,23,41811,0,7,8.834623955077257,4.633864002244081,1957.275683998887,8965.0
1789884695,50,GET,GET /api/v1/reservas/{id},7.200000,0.000000,5,5,5,5,6,8,12,22,22,22,22,13933,0,5,6.40425035716738,3.0284199965535663,1521.0046399952262,442.0
1789884695,50,POST,POST /api/v1/auth/login,0.000000,0.000000,0,0,0,0,0,0,0,0,0,0,0,50,0,1300.0,1369.1218887201103,628.633758999058,2104.1982940005255,1622.0
1789884695,50,POST,POST /api/v1/auth/refresh,0.000000,0.000000,0,0,0,0,0,0,0,0,0,0,0,100,0,27,29.209557120193494,18.447431997628883,75.96593200287316,1622.0
1789884695,50,,Aggregated,25.400000,0.000000,6,6,7,7,8,10,19,22,23,23,23,55894,0,6,9.482089894446137,3.0284199965535663,2104.1982940005255,6820.7195942319395
1789884696,50,GET,GET /api/v1/reservas,18.800000,0.000000,6,7,7,8,10,12,20,23,55,55,55,41830,0,7,8.835083677808601,4.633864002244081,1957.275683998887,8965.0
1789884696,50,GET,GET /api/v1/reservas/{id},7.300000,0.000000,5,5,5,6,7,8,19,22,22,22,22,13941,0,5,6.404599028578607,3.0284199965535663,1521.0046399952262,442.0
1789884696,50,POST,POST /api/v1/auth/login,0.000000,0.000000,0,0,0,0,0,0,0,0,0,0,0,50,0,1300.0,1369.1218887201103,628.633758999058,2104.1982940005255,1622.0
1789884696,50,POST,POST /api/v1/auth/refresh,0.000000,0.000000,0,0,0,0,0,0,0,0,0,0,0,100,0,27,29.209557120193494,18.447431997628883,75.96593200287316,1622.0
1789884696,50,,Aggregated,26.100000,0.000000,6,7,7,7,9,12,20,23,55,55,55,55921,0,6,9.481860400353582,3.0284199965535663,2104.1982940005255,6820.535612739401
1789884697,50,GET,GET /api/v1/reservas,18.900000,0.000000,6,7,7,8,10,12,20,23,55,55,55,41847,0,7,8.8339662024933,4.633864002244081,1957.275683998887,8965.0
1789884697,50,GET,GET /api/v1/reservas/{id},7.000000,0.000000,5,5,5,5,7,8,19,22,22,22,22,13949,0,5,6.403367810840286,3.0284199965535663,1521.0046399952262,442.0
1789884697,50,POST,POST /api/v1/auth/login,0.000000,0.000000,0,0,0,0,0,0,0,0,0,0,0,50,0,1300.0,1369.1218887201103,628.633758999058,2104.1982940005255,1622.0
1789884697,50,POST,POST /api/v1/auth/refresh,0.000000,0.000000,0,0,0,0,0,0,0,0,0,0,0,100,0,27,29.209557120193494,18.447431997628883,75.96593200287316,1622.0
1789884697,50,,Aggregated,25.900000,0.000000,6,7,7,7,9,12,20,23,55,55,55,55946,0,6,9.480080996267343,3.0284199965535663,2104.1982940005255,6820.2751403138745
1789884698,50,GET,GET /api/v1/reservas,19.000000,0.000000,6,7,7,8,10,12,20,23,55,55,55,41863,0,7,8.832942992349656,4.633864002244081,1957.275683998887,8965.0
1789884698,50,GET,GET /api/v1/reservas/{id},7.400000,0.000000,5,5,5,5,7,8,19,22,22,22,22,13958,0,5,6.401977295057825,3.0284199965535663,1521.0046399952262,442.0
1789884698,50,POST,POST /api/v1/auth/login,0.000000,0.000000,0,0,0,0,0,0,0,0,0,0,0,50,0,1300.0,1369.1218887201103,628.633758999058,2104.1982940005255,1622.0
1789884698,50,POST,POST /api/v1/auth/refresh,0.000000,0.000000,0,0,0,0,0,0,0,0,0,0,0,100,0,27,29.209557120193494,18.447431997628883,75.96593200287316,1622.0
1789884698,50,,Aggregated,26.400000,0.000000,6,7,7,7,9,12,20,23,55,55,55,55971,0,6,9.47828950208457,3.0284199965535663,2104.1982940005255,6819.862625288096
1789884699,50,GET,GET /api/v1/reservas,18.600000,0.000000,6,7,7,7,10,12,20,23,55,55,55,41885,0,7,8.831436595266304,4.633864002244081,1957.275683998887,8965.0
1789884699,50,GET,GET /api/v1/reservas/{id},6.600000,0.000000,5,5,5,5,7,12,19,22,22,22,22,13961,0,5,6.401527450426691,3.0284199965535663,1521.0046399952262,442.0
1789884699,50,POST,POST /api/v1/auth/login,0.000000,0.000000,0,0,0,0,0,0,0,0,0,0,0,50,0,1300.0,1369.1218887201103,628.633758999058,2104.1982940005255,1622.0
1789884699,50,POST,POST /api/v1/auth/refresh,0.000000,0.000000,0,0,0,0,0,0,0,0,0,0,0,100,0,27,29.209557120193494,18.447431997628883,75.96593200287316,1622.0
1789884699,50,,Aggregated,25.200000,0.000000,6,7,7,7,9,12,20,23,55,55,55,55996,0,6,9.476632200088595,3.0284199965535663,2104.1982940005255,6820.363722408743
1789884700,50,GET,GET /api/v1/reservas,18.500000,0.000000,6,7,7,7,9,12,20,23,55,55,55,41910,0,7,8.829712226073221,4.633864002244081,1957.275683998887,8965.0
1789884700,50,GET,GET /api/v1/reservas/{id},7.300000,0.000000,5,5,5,5,7,12,19,22,22,22,22,13965,0,5,6.401017303287101,3.0284199965535663,1521.0046399952262,442.0
1789884700,50,POST,POST /api/v1/auth/login,0.000000,0.000000,0,0,0,0,0,0,0,0,0,0,0,50,0,1300.0,1369.1218887201103,628.633758999058,2104.1982940005255,1622.0
1789884700,50,POST,POST /api/v1/auth/refresh,0.000000,0.000000,0,0,0,0,0,0,0,0,0,0,0,100,0,27,29.209557120193494,18.447431997628883,75.96593200287316,1622.0
1789884700,50,,Aggregated,25.800000,0.000000,6,7,7,7,8,12,20,23,55,55,55,56025,0,6,9.474707651640484,3.0284199965535663,2104.1982940005255,6820.865327978581
1789884701,50,GET,GET /api/v1/reservas,18.900000,0.000000,6,7,7,7,8,10,19,23,55,55,55,41927,0,7,8.828578665602484,4.633864002244081,1957.275683998887,8965.0
1789884701,50,GET,GET /api/v1/reservas/{id},6.700000,0.000000,5,5,5,5,7,12,19,22,22,22,22,13973,0,5,6.400472516739438,3.0284199965535663,1521.0046399952262,442.0
1789884701,50,POST,POST /api/v1/auth/login,0.000000,0.000000,0,0,0,0,0,0,0,0,0,0,0,50,0,1300.0,1369.1218887201103,628.633758999058,2104.1982940005255,1622.0
1789884701,50,POST,POST /api/v1/auth/refresh,0.000000,0.000000,0,0,0,0,0,0,0,0,0,0,0,100,0,27,29.209557120193494,18.447431997628883,75.96593200287316,1622.0
1789884701,50,,Aggregated,25.600000,0.000000,6,6,7,7,8,11,19,22,55,55,55,56050,0,6,9.473089568905273,3.0284199965535663,2104.1982940005255,6820.605191793042
1789884702,50,GET,GET /api/v1/reservas,19.000000,0.000000,6,7,7,7,9,12,20,23,55,55,55,41941,0,7,8.828584873124516,4.633864002244081,1957.275683998887,8965.0
1789884702,50,GET,GET /api/v1/reservas/{id},6.100000,0.000000,5,5,5,5,8,11,19,22,22,22,22,13981,0,5,6.400544644259415,3.0284199965535663,1521.0046399952262,442.0
1789884702,50,POST,POST /api/v1/auth/login,0.000000,0.000000,0,0,0,0,0,0,0,0,0,0,0,50,0,1300.0,1369.1218887201103,628.633758999058,2104.1982940005255,1622.0
1789884702,50,POST,POST /api/v1/auth/refresh,0.000000,0.000000,0,0,0,0,0,0,0,0,0,0,0,100,0,27,29.209557120193494,18.447431997628883,75.96593200287316,1622.0
1789884702,50,,Aggregated,25.100000,0.000000,6,7,7,7,9,12,20,22,55,55,55,56072,0,6,9.472512893835267,3.0284199965535663,2104.1982940005255,6820.230542873448
1789884703,50,GET,GET /api/v1/reservas,18.500000,0.000000,6,7,7,7,9,12,20,23,55,55,55,41961,0,7,8.827434615588738,4.633864002244081,1957.275683998887,8965.0
1789884703,50,GET,GET /api/v1/reservas/{id},6.500000,0.000000,5,5,5,5,9,12,19,22,22,22,22,13983,0,5,6.400218027704273,3.0284199965535663,1521.0046399952262,442.0
1789884703,50,POST,POST /api/v1/auth/login,0.000000,0.000000,0,0,0,0,0,0,0,0,0,0,0,50,0,1300.0,1369.1218887201103,628.633758999058,2104.1982940005255,1622.0
1789884703,50,POST,POST /api/v1/auth/refresh,0.000000,0.000000,0,0,0,0,0,0,0,0,0,0,0,100,0,27,29.209557120193494,18.447431997628883,75.96593200287316,1622.0
1789884703,50,,Aggregated,25.000000,0.000000,6,7,7,7,9,12,20,22,55,55,55,56094,0,6,9.471231909547061,3.0284199965535663,2104.1982940005255,6820.767836132207
1789884704,50,GET,GET /api/v1/reservas,19.000000,0.000000,6,7,7,7,8,11,20,23,55,55,55,41984,0,7,8.826063552037368,4.633864002244081,1957.275683998887,8965.0
1789884704,50,GET,GET /api/v1/reservas/{id},6.400000,0.000000,5,5,5,5,9,12,19,22,22,22,22,13990,0,5,6.399101909391317,3.0284199965535663,1521.0046399952262,442.0
1789884704,50,POST,POST /api/v1/auth/login,0.000000,0.000000,0,0,0,0,0,0,0,0,0,0,0,50,0,1300.0,1369.1218887201103,628.633758999058,2104.1982940005255,1622.0
1789884704,50,POST,POST /api/v1/auth/refresh,0.000000,0.000000,0,0,0,0,0,0,0,0,0,0,0,100,0,27,29.209557120193494,18.447431997628883,75.96593200287316,1622.0
1789884704,50,,Aggregated,25.400000,0.000000,6,7,7,7,8,11,20,22,55,55,55,56124,0,6,9.469281199293471,3.0284199965535663,2104.1982940005255,6820.850972845841
1789884705,50,GET,GET /api/v1/reservas,19.100000,0.000000,6,7,7,7,8,9,12,14,21,21,21,42000,0,7,8.825672784993783,4.633864002244081,1957.275683998887,8965.0
1789884705,50,GET,GET /api/v1/reservas/{id},6.500000,0.000000,4,5,5,5,6,8,9,11,11,11,11,14001,0,5,6.397778326860763,3.0284199965535663,1521.0046399952262,442.0
1789884705,50,POST,POST /api/v1/auth/login,0.000000,0.000000,0,0,0,0,0,0,0,0,0,0,0,50,0,1300.0,1369.1218887201103,628.633758999058,2104.1982940005255,1622.0
1789884705,50,POST,POST /api/v1/auth/refresh,0.000000,0.000000,0,0,0,0,0,0,0,0,0,0,0,100,0,27,29.209557120193494,18.447431997628883,75.96593200287316,1622.0
1789884705,50,,Aggregated,25.600000,0.000000,6,7,7,7,8,9,12,13,21,21,21,56151,0,6,9.467874151344441,3.0284199965535663,2104.1982940005255,6820.212320350483
1789884706,50,GET,GET /api/v1/reservas,19.300000,0.000000,6,7,7,7,9,12,14,21,39,39,39,42015,0,7,8.82680804719113,4.633864002244081,1957.275683998887,8965.0
1789884706,50,GET,GET /api/v1/reservas/{id},6.300000,0.000000,5,5,5,6,9,10,11,14,14,14,14,14011,0,5,6.398967725598683,3.0284199965535663,1521.0046399952262,442.0
1789884706,50,POST,POST /api/v1/auth/login,0.000000,0.000000,0,0,0,0,0,0,0,0,0,0,0,50,0,1300.0,1369.1218887201103,628.633758999058,2104.1982940005255,1622.0
1789884706,50,POST,POST /api/v1/auth/refresh,0.000000,0.000000,0,0,0,0,0,0,0,0,0,0,0,100,0,27,29.209557120193494,18.447431997628883,75.96593200287316,1622.0
1789884706,50,,Aggregated,25.600000,0.000000,6,7,7,7,9,11,14,21,39,39,39,56176,0,6,9.46830189145051,3.0284199965535663,2104.1982940005255,6819.6496190544
1789884707,50,GET,GET /api/v1/reservas,19.000000,0.000000,6,7,7,7,9,12,14,21,39,39,39,42036,0,7,8.825624427222419,4.633864002244081,1957.275683998887,8965.0
1789884707,50,GET,GET /api/v1/reservas/{id},6.500000,0.000000,5,5,6,6,9,10,11,14,14,14,14,14018,0,5,6.397917227589907,3.0284199965535663,1521.0046399952262,442.0
1789884707,50,POST,POST /api/v1/auth/login,0.000000,0.000000,0,0,0,0,0,0,0,0,0,0,0,50,0,1300.0,1369.1218887201103,628.633758999058,2104.1982940005255,1622.0
1789884707,50,POST,POST /api/v1/auth/refresh,0.000000,0.000000,0,0,0,0,0,0,0,0,0,0,0,100,0,27,29.209557120193494,18.447431997628883,75.96593200287316,1622.0
1789884707,50,,Aggregated,25.500000,0.000000,6,7,7,7,9,11,14,21,39,39,39,56204,0,6,9.466532671466478,3.0284199965535663,2104.1982940005255,6819.656892747847
1789884708,50,GET,GET /api/v1/reservas,18.900000,0.000000,6,7,7,7,9,12,14,21,39,39,39,42052,0,7,8.824620812273505,4.633864002244081,1957.275683998887,8965.0
1789884708,50,GET,GET /api/v1/reservas/{id},7.000000,0.000000,5,5,6,7,9,10,11,14,14,14,14,14025,0,5,6.397086032681311,3.0284199965535663,1521.0046399952262,442.0
1789884708,50,POST,POST /api/v1/auth/login,0.000000,0.000000,0,0,0,0,0,0,0,0,0,0,0,50,0,1300.0,1369.1218887201103,628.633758999058,2104.1982940005255,1622.0
1789884708,50,POST,POST /api/v1/auth/refresh,0.000000,0.000000,0,0,0,0,0,0,0,0,0,0,0,100,0,27,29.209557120193494,18.447431997628883,75.96593200287316,1622.0
1789884708,50,,Aggregated,25.900000,0.000000,6,7,7,7,9,11,14,21,39,39,39,56227,0,6,9.46501033585476,3.0284199965535663,2104.1982940005255,6819.473384672844
1789884709,50,GET,GET /api/v1/reservas,19.000000,0.000000,6,7,7,7,9,12,14,21,39,39,39,42072,0,7,8.823357245976693,4.633864002244081,1957.275683998887,8965.0
1789884709,50,GET,GET /api/v1/reservas/{id},6.900000,0.000000,5,5,6,6,9,10,11,14,14,14,14,14029,0,5,6.396364552667273,3.0284199965535663,1521.0046399952262,442.0
1789884709,50,POST,POST /api/v1/auth/login,0.000000,0.000000,0,0,0,0,0,0,0,0,0,0,0,50,0,1300.0,1369.1218887201103,628.633758999058,2104.1982940005255,1622.0
1789884709,50,POST,POST /api/v1/auth/refresh,0.000000,0.000000,0,0,0,0,0,0,0,0,0,0,0,100,0,27,29.209557120193494,18.447431997628883,75.96593200287316,1622.0
1789884709,50,,Aggregated,25.900000,0.000000,6,7,7,7,9,11,14,21,39,39,39,56251,0,6,9.463439485700263,3.0284199965535663,2104.1982940005255,6819.782723862687
1789884710,50,GET,GET /api/v1/reservas,18.900000,0.000000,6,7,7,7,9,12,14,21,39,39,39,42088,0,7,8.8223620849822,4.633864002244081,1957.275683998887,8965.0
1789884710,50,GET,GET /api/v1/reservas/{id},6.700000,0.000000,5,5,6,6,9,9,10,14,14,14,14,14036,0,5,6.395384133256685,3.0284199965535663,1521.0046399952262,442.0
1789884710,50,POST,POST /api/v1/auth/login,0.000000,0.000000,0,0,0,0,0,0,0,0,0,0,0,50,0,1300.0,1369.1218887201103,628.633758999058,2104.1982940005255,1622.0
1789884710,50,POST,POST /api/v1/auth/refresh,0.000000,0.000000,0,0,0,0,0,0,0,0,0,0,0,100,0,27,29.209557120193494,18.447431997628883,75.96593200287316,1622.0
1789884710,50,,Aggregated,25.600000,0.000000,6,7,7,7,9,11,14,21,39,39,39,56274,0,6,9.461887146375705,3.0284199965535663,2104.1982940005255,6819.59931762448
1789884711,50,GET,GET /api/v1/reservas,18.900000,0.000000,6,7,7,7,9,12,13,21,39,39,39,42109,0,7,8.821558479155573,4.633864002244081,1957.275683998887,8965.0
1789884711,50,GET,GET /api/v1/reservas/{id},6.700000,0.000000,5,5,6,6,7,9,10,14,14,14,14,14043,0,5,6.395066828055884,3.0284199965535663,1521.0046399952262,442.0
1789884711,50,POST,POST /api/v1/auth/login,0.000000,0.000000,0,0,0,0,0,0,0,0,0,0,0,50,0,1300.0,1369.1218887201103,628.633758999058,2104.1982940005255,1622.0
1789884711,50,POST,POST /api/v1/auth/refresh,0.000000,0.000000,0,0,0,0,0,0,0,0,0,0,0,100,0,27,29.209557120193494,18.447431997628883,75.96593200287316,1622.0
1789884711,50,,Aggregated,25.600000,0.000000,6,7,7,7,9,11,13,14,39,39,39,56302,0,6,9.46058718363781,3.0284199965535663,2104.1982940005255,6819.606603673049
1789884712,50,GET,GET /api/v1/reservas,18.700000,0.000000,7,7,8,9,13,21,42,82,120,120,120,42124,0,7,8.831072427208461,4.633864002244081,1957.275683998887,8965.0
1789884712,50,GET,GET /api/v1/reservas/{id},7.300000,0.000000,5,6,7,9,41,88,110,120,120,120,120,14053,0,5,6.437408853441238,3.0284199965535663,1521.0046399952262,442.0
1789884712,50,POST,POST /api/v1/auth/login,0.000000,0.000000,0,0,0,0,0,0,0,0,0,0,0,50,0,1300.0,1369.1218887201103,628.633758999058,2104.1982940005255,1622.0
1789884712,50,POST,POST /api/v1/auth/refresh,0.000000,0.000000,0,0,0,0,0,0,0,0,0,0,0,100,0,27,29.209557120193494,18.447431997628883,75.96593200287316,1622.0
1789884712,50,,Aggregated,26.000000,0.000000,6,7,8,9,14,41,88,110,120,120,120,56327,0,6,9.477551648217796,3.0284199965535663,2104.1982940005255,6819.0456796918
1789884713,50,GET,GET /api/v1/reservas,18.400000,0.000000,7,8,10,12,21,42,84,120,190,190,190,42139,0,7,8.843102454418053,4.633864002244081,1957.275683998887,8965.0
1789884713,50,GET,GET /api/v1/reservas/{id},7.100000,0.000000,5,7,9,14,48,88,110,120,120,120,120,14059,0,5,6.442016730593599,3.0284199965535663,1521.0046399952262,442.0
1789884713,50,POST,POST /api/v1/auth/login,0.000000,0.000000,0,0,0,0,0,0,0,0,0,0,0,50,0,1300.0,1369.1218887201103,628.633758999058,2104.1982940005255,1622.0
1789884713,50,POST,POST /api/v1/auth/refresh,0.000000,0.000000,0,0,0,0,0,0,0,0,0,0,0,100,0,27,29.209557120193494,18.447431997628883,75.96593200287316,1622.0
1789884713,50,,Aggregated,25.500000,0.000000,7,8,9,12,28,52,100,120,190,190,190,56348,0,6,9.487201989248288,3.0284199965535663,2104.1982940005255,6818.937903741038
1789884714,50,GET,GET /api/v1/reservas,18.600000,0.000000,7,9,11,13,25,41,84,120,190,190,190,42161,0,7,8.844731095223501,4.633864002244081,1957.275683998887,8965.0
1789884714,50,GET,GET /api/v1/reservas/{id},7.000000,0.000000,6,7,9,14,48,88,110,120,120,120,120,14062,0,5,6.441827718561227,3.0284199965535663,1521.0046399952262,442.0
1789884714,50,POST,POST /api/v1/auth/login,0.000000,0.000000,0,0,0,0,0,0,0,0,0,0,0,50,0,1300.0,1369.1218887201103,628.633758999058,2104.1982940005255,1622.0
1789884714,50,POST,POST /api/v1/auth/refresh,0.000000,0.000000,0,0,0,0,0,0,0,0,0,0,0,100,0,27,29.209557120193494,18.447431997628883,75.96593200287316,1622.0
1789884714,50,,Aggregated,25.600000,0.000000,7,9,11,13,28,52,100,120,190,190,190,56373,0,6,9.487959470529342,3.0284199965535663,2104.1982940005255,6819.436059815869
1789884715,50,GET,GET /api/v1/reservas,17.600000,0.000000,7,8,9,11,21,41,84,120,190,190,190,42185,0,7,8.843580252263289,4.633864002244081,1957.275683998887,8965.0
1789884715,50,GET,GET /api/v1/reservas/{id},7.400000,0.000000,5,7,8,18,50,90,110,120,120,120,120,14067,0,5,6.441035858776795,3.0284199965535663,1521.0046399952262,442.0
1789884715,50,POST,POST /api/v1/auth/login,0.000000,0.000000,0,0,0,0,0,0,0,0,0,0,0,50,0,1300.0,1369.1218887201103,628.633758999058,2104.1982940005255,1622.0
1789884715,50,POST,POST /api/v1/auth/refresh,0.000000,0.000000,0,0,0,0,0,0,0,0,0,0,0,100,0,27,29.209557120193494,18.447431997628883,75.96593200287316,1622.0
1789884715,50,,Aggregated,25.000000,0.000000,7,8,9,11,26,52,100,120,190,190,190,56402,0,6,9.486357478727072,3.0284199965535663,2104.1982940005255,6819.783677883763
1789884716,50,GET,GET /api/v1/reservas,17.800000,0.000000,7,9,10,12,21,41,84,120,190,190,190,42207,0,7,8.844022900626008,4.633864002244081,1957.275683998887,8965.0
1789884716,50,GET,GET /api/v1/reservas/{id},7.300000,0.000000,5,7,8,18,50,90,110,120,120,120,120,14071,0,5,6.4404901035759705,3.0284199965535663,1521.0046399952262,442.0
1789884716,50,POST,POST /api/v1/auth/login,0.000000,0.000000,0,0,0,0,0,0,0,0,0,0,0,50,0,1300.0,1369.1218887201103,628.633758999058,2104.1982940005255,1622.0
1789884716,50,POST,POST /api/v1/auth/refresh,0.000000,0.000000,0,0,0,0,0,0,0,0,0,0,0,100,0,27,29.209557120193494,18.447431997628883,75.96593200287316,1622.0
1789884716,50,,Aggregated,25.100000,0.000000,7,8,10,12,28,52,100,120,190,190,190,56428,0,6,9.486086002732042,3.0284199965535663,2104.1982940005255,6820.167948536187
1789884717,50,GET,GET /api/v1/reservas,18.000000,0.000000,7,9,11,13,25,41,84,120,190,190,190,42222,0,7,8.844281840929453,4.633864002244081,1957.275683998887,8965.0
1789884717,50,GET,GET /api/v1/reservas/{id},7.000000,0.000000,5,7,9,20,50,90,110,120,120,120,120,14078,0,5,6.439749318966734,3.0284199965535663,1521.0046399952262,442.0
1789884717,50,POST,POST /api/v1/auth/login,0.000000,0.000000,0,0,0,0,0,0,0,0,0,0,0,50,0,1300.0,1369.1218887201103,628.633758999058,2104.1982940005255,1622.0
1789884717,50,POST,POST /api/v1/auth/refresh,0.000000,0.000000,0,0,0,0,0,0,0,0,0,0,0,100,0,27,29.209557120193494,18.447431997628883,75.96593200287316,1622.0
1789884717,50,,Aggregated,25.000000,0.000000,7,8,11,13,29,52,100,120,190,190,190,56450,0,6,9.485546659843429,3.0284199965535663,2104.1982940005255,6819.946961913198
1789884718,50,GET,GET /api/v1/reservas,19.000000,0.000000,7,9,11,13,25,41,84,120,190,190,190,42240,0,7,8.843040095613539,4.633864002244081,1957.275683998887,8965.0
1789884718,50,GET,GET /api/v1/reservas/{id},6.100000,0.000000,5,7,8,18,50,90,110,120,120,120,120,14087,0,5,6.438448188217553,3.0284199965535663,1521.0046399952262,442.0
1789884718,50,POST,POST /api/v1/auth/login,0.000000,0.000000,0,0,0,0,0,0,0,0,0,0,0,50,0,1300.0,1369.1218887201103,628.633758999058,2104.1982940005255,1622.0
1789884718,50,POST,POST /api/v1/auth/refresh,0.000000,0.000000,0,0,0,0,0,0,0,0,0,0,0,100,0,27,29.209557120193494,18.447431997628883,75.96593200287316,1622.0
1789884718,50,,Aggregated,25.100000,0.000000,7,8,11,13,29,52,100,120,190,190,190,56477,0,6,9.483603651294523,3.0284199965535663,2104.1982940005255,6819.614250048692
1789884719,50,GET,GET /api/v1/reservas,19.000000,0.000000,7,9,11,13,25,41,84,120,190,190,190,42259,0,7,8.841881436042373,4.633864002244081,1957.275683998887,8965.0
1789884719,50,GET,GET /api/v1/reservas/{id},6.300000,0.000000,5,7,8,18,50,90,110,120,120,120,120,14092,0,5,6.437727130315627,3.0284199965535663,1521.0046399952262,442.0
1789884719,50,POST,POST /api/v1/auth/login,0.000000,0.000000,0,0,0,0,0,0,0,0,0,0,0,50,0,1300.0,1369.1218887201103,628.633758999058,2104.1982940005255,1622.0
1789884719,50,POST,POST /api/v1/auth/refresh,0.000000,0.000000,0,0,0,0,0,0,0,0,0,0,0,100,0,27,29.209557120193494,18.447431997628883,75.96593200287316,1622.0
1789884719,50,,Aggregated,25.300000,0.000000,7,9,11,13,30,52,100,120,190,190,190,56501,0,6,9.482072325695944,3.0284199965535663,2104.1982940005255,6819.771313782057
1789884720,50,GET,GET /api/v1/reservas,18.600000,0.000000,7,9,11,12,25,41,84,120,190,190,190,42278,0,7,8.840778550870786,4.633864002244081,1957.275683998887,8965.0
1789884720,50,GET,GET /api/v1/reservas/{id},5.900000,0.000000,5,7,9,20,50,90,110,120,120,120,120,14095,0,5,6.437318942420143,3.0284199965535663,1521.0046399952262,442.0
1789884720,50,POST,POST /api/v1/auth/login,0.000000,0.000000,0,0,0,0,0,0,0,0,0,0,0,50,0,1300.0,1369.1218887201103,628.633758999058,2104.1982940005255,1622.0
1789884720,50,POST,POST /api/v1/auth/refresh,0.000000,0.000000,0,0,0,0,0,0,0,0,0,0,0,100,0,27,29.209557120193494,18.447431997628883,75.96593200287316,1622.0
1789884720,50,,Aggregated,24.500000,0.000000,7,8,11,13,29,52,100,120,190,190,190,56523,0,6,9.480768823578925,3.0284199965535663,2104.1982940005255,6820.153919643331
1789884721,50,GET,GET /api/v1/reservas,18.600000,0.000000,7,8,9,11,18,35,84,120,190,190,190,42302,0,7,8.839893904253328,4.633864002244081,1957.275683998887,8965.0
1789884721,50,GET,GET /api/v1/reservas/{id},6.500000,0.000000,5,5,7,8,26,90,110,120,120,120,120,14103,0,5,6.436975262384817,3.0284199965535663,1521.0046399952262,442.0
1789884721,50,POST,POST /api/v1/auth/login,0.000000,0.000000,0,0,0,0,0,0,0,0,0,0,0,50,0,1300.0,1369.1218887201103,628.633758999058,2104.1982940005255,1622.0
1789884721,50,POST,POST /api/v1/auth/refresh,0.000000,0.000000,0,0,0,0,0,0,0,0,0,0,0,100,0,27,29.209557120193494,18.447431997628883,75.96593200287316,1622.0
1789884721,50,,Aggregated,25.100000,0.000000,6,7,9,10,20,36,100,120,190,190,190,56555,0,6,9.479319321212309,3.0284199965535663,2104.1982940005255,6820.161895499956
1789884722,50,GET,GET /api/v1/reservas,18.800000,0.000000,7,7,8,9,12,17,28,30,36,36,36,42317,0,7,8.839218877253682,4.633864002244081,1957.275683998887,8965.0
1789884722,50,GET,GET /api/v1/reservas/{id},5.900000,0.000000,5,5,5,6,7,9,11,17,17,17,17,14109,0,5,6.436685934255939,3.0284199965535663,1521.0046399952262,442.0
1789884722,50,POST,POST /api/v1/auth/login,0.000000,0.000000,0,0,0,0,0,0,0,0,0,0,0,50,0,1300.0,1369.1218887201103,628.633758999058,2104.1982940005255,1622.0
1789884722,50,POST,POST /api/v1/auth/refresh,0.000000,0.000000,0,0,0,0,0,0,0,0,0,0,0,100,0,27,29.209557120193494,18.447431997628883,75.96593200287316,1622.0
1789884722,50,,Aggregated,24.700000,0.000000,6,7,7,8,11,17,26,29,36,36,36,56576,0,6,9.478250092321582,3.0284199965535663,2104.1982940005255,6820.05413956448
1789884723,50,GET,GET /api/v1/reservas,19.500000,0.000000,7,7,8,8,10,12,20,29,36,36,36,42336,0,7,8.838877250442575,4.633864002244081,1957.275683998887,8965.0
1789884723,50,GET,GET /api/v1/reservas/{id},5.700000,0.000000,5,5,5,5,7,10,11,17,17,17,17,14114,0,5,6.436815948520316,3.0284199965535663,1521.0046399952262,442.0
1789884723,50,POST,POST /api/v1/auth/login,0.000000,0.000000,0,0,0,0,0,0,0,0,0,0,0,50,0,1300.0,1369.1218887201103,628.633758999058,2104.1982940005255,1622.0
1789884723,50,POST,POST /api/v1/auth/refresh,0.000000,0.000000,0,0,0,0,0,0,0,0,0,0,0,100,0,27,29.209557120193494,18.447431997628883,75.96593200287316,1622.0
1789884723,50,,Aggregated,25.200000,0.000000,6,7,7,8,9,11,20,26,36,36,36,56600,0,6,9.477543775974867,3.0284199965535663,2104.1982940005255,6820.21074204947
1789884724,50,GET,GET /api/v1/reservas,18.800000,0.000000,7,7,8,8,10,11,20,29,36,36,36,42357,0,7,8.838135230770437,4.633864002244081,1957.275683998887,8965.0
1789884724,50,GET,GET /api/v1/reservas/{id},5.800000,0.000000,5,5,5,5,7,10,11,17,17,17,17,14122,0,5,6.435806360671571,3.0284199965535663,1521.0046399952262,442.0
1789884724,50,POST,POST /api/v1/auth/login,0.000000,0.000000,0,0,0,0,0,0,0,0,0,0,0,50,0,1300.0,1369.1218887201103,628.633758999058,2104.1982940005255,1622.0
1789884724,50,POST,POST /api/v1/auth/refresh,0.000000,0.000000,0,0,0,0,0,0,0,0,0,0,0,100,0,27,29.209557120193494,18.447431997628883,75.96593200287316,1622.0
1789884724,50,,Aggregated,24.600000,0.000000,6,7,7,8,9,11,20,26,36,36,36,56629,0,6,9.47607059180229,3.0284199965535663,2104.1982940005255,6820.105052181744
1789884725,50,GET,GET /api/v1/reservas,19.700000,0.000000,6,7,8,8,10,12,20,29,36,36,36,42375,0,7,8.837123398719374,4.633864002244081,1957.275683998887,8965.0
1789884725,50,GET,GET /api/v1/reservas/{id},5.600000,0.000000,5,5,5,6,7,10,11,17,17,17,17,14127,0,5,6.435528179543546,3.0284199965535663,1521.0046399952262,442.0
1789884725,50,POST,POST /api/v1/auth/login,0.000000,0.000000,0,0,0,0,0,0,0,0,0,0,0,50,0,1300.0,1369.1218887201103,628.633758999058,2104.1982940005255,1622.0
1789884725,50,POST,POST /api/v1/auth/refresh,0.000000,0.000000,0,0,0,0,0,0,0,0,0,0,0,100,0,27,29.209557120193494,18.447431997628883,75.96593200287316,1622.0
1789884725,50,,Aggregated,25.300000,0.000000,6,7,7,8,9,11,20,26,36,36,36,56652,0,6,9.474773366539043,3.0284199965535663,2104.1982940005255,6820.223628468545
1789884726,50,GET,GET /api/v1/reservas,19.000000,0.000000,6,7,7,8,9,10,11,13,20,20,20,42395,0,7,8.8357409851572,4.633864002244081,1957.275683998887,8965.0
1789884726,50,GET,GET /api/v1/reservas/{id},5.500000,0.000000,5,5,5,5,7,10,11,17,17,17,17,14132,0,5,6.43473254885453,3.0284199965535663,1521.0046399952262,442.0
1789884726,50,POST,POST /api/v1/auth/login,0.000000,0.000000,0,0,0,0,0,0,0,0,0,0,0,50,0,1300.0,1369.1218887201103,628.633758999058,2104.1982940005255,1622.0
1789884726,50,POST,POST /api/v1/auth/refresh,0.000000,0.000000,0,0,0,0,0,0,0,0,0,0,0,100,0,27,29.209557120193494,18.447431997628883,75.96593200287316,1622.0
1789884726,50,,Aggregated,24.500000,0.000000,6,7,7,7,9,10,11,13,20,20,20,56677,0,6,9.47304779000611,3.0284199965535663,2104.1982940005255,6820.4177885209165
1789884727,50,GET,GET /api/v1/reservas,19.900000,0.000000,6,7,7,8,9,10,14,18,20,20,20,42413,0,7,8.835768238859032,4.633864002244081,1957.275683998887,8965.0
1789884727,50,GET,GET /api/v1/reservas/{id},5.900000,0.000000,5,5,5,6,7,11,17,17,17,17,17,14138,0,5,6.435127250559631,3.0284199965535663,1521.0046399952262,442.0
1789884727,50,POST,POST /api/v1/auth/login,0.000000,0.000000,0,0,0,0,0,0,0,0,0,0,0,50,0,1300.0,1369.1218887201103,628.633758999058,2104.1982940005255,1622.0
1789884727,50,POST,POST /api/v1/auth/refresh,0.000000,0.000000,0,0,0,0,0,0,0,0,0,0,0,100,0,27,29.209557120193494,18.447431997628883,75.96593200287316,1622.0
1789884727,50,,Aggregated,25.800000,0.000000,6,7,7,8,9,11,16,17,20,20,20,56701,0,6,9.472642766991138,3.0284199965535663,2104.1982940005255,6820.423643321988
1789884728,50,GET,GET /api/v1/reservas,18.900000,0.000000,7,7,8,8,9,11,14,18,20,20,20,42429,0,7,8.834694410443696,4.633864002244081,1957.275683998887,8965.0
1789884728,50,GET,GET /api/v1/reservas/{id},6.000000,0.000000,5,5,5,6,7,11,17,17,17,17,17,14148,0,5,6.433812937617583,3.0284199965535663,1521.0046399952262,442.0
1789884728,50,POST,POST /api/v1/auth/login,0.000000,0.000000,0,0,0,0,0,0,0,0,0,0,0,50,0,1300.0,1369.1218887201103,628.633758999058,2104.1982940005255,1622.0
1789884728,50,POST,POST /api/v1/auth/refresh,0.000000,0.000000,0,0,0,0,0,0,0,0,0,0,0,100,0,27,29.209557120193494,18.447431997628883,75.96593200287316,1622.0
1789884728,50,,Aggregated,24.900000,0.000000,6,7,7,8,9,11,16,17,20,20,20,56727,0,6,9.470796705804176,3.0284199965535663,2104.1982940005255,6819.9041197313445
1789884729,50,GET,GET /api/v1/reservas,18.500000,0.000000,6,7,7,8,9,11,14,18,20,20,20,42447,0,7,8.833572207687801,4.633864002244081,1957.275683998887,8965.0
1789884729,50,GET,GET /api/v1/reservas/{id},6.100000,0.000000,5,5,5,6,7,11,17,17,17,17,17,14154,0,5,6.432904684712202,3.0284199965535663,1521.0046399952262,442.0
1789884729,50,POST,POST /api/v1/auth/login,0.000000,0.000000,0,0,0,0,0,0,0,0,0,0,0,50,0,1300.0,1369.1218887201103,628.633758999058,2104.1982940005255,1622.0
1789884729,50,POST,POST /api/v1/auth/refresh,0.000000,0.000000,0,0,0,0,0,0,0,0,0,0,0,100,0,27,29.209557120193494,18.447431997628883,75.96593200287316,1622.0
1789884729,50,,Aggregated,24.600000,0.000000,6,7,7,8,9,11,16,17,20,20,20,56751,0,6,9.469207988496498,3.0284199965535663,2104.1982940005255,6819.910186604641
1789884730,50,GET,GET /api/v1/reservas,19.100000,0.000000,6,7,7,8,9,10,13,16,18,18,18,42467,0,7,8.832544283225399,4.633864002244081,1957.275683998887,8965.0
1789884730,50,GET,GET /api/v1/reservas/{id},6.400000,0.000000,5,5,5,6,7,11,17,17,17,17,17,14157,0,5,6.432521216388806,3.0284199965535663,1521.0046399952262,442.0
1789884730,50,POST,POST /api/v1/auth/login,0.000000,0.000000,0,0,0,0,0,0,0,0,0,0,0,50,0,1300.0,1369.1218887201103,628.633758999058,2104.1982940005255,1622.0
1789884730,50,POST,POST /api/v1/auth/refresh,0.000000,0.000000,0,0,0,0,0,0,0,0,0,0,0,100,0,27,29.209557120193494,18.447431997628883,75.96593200287316,1622.0
1789884730,50,,Aggregated,25.500000,0.000000,6,7,7,7,9,10,14,17,18,18,18,56774,0,6,9.467959120093237,3.0284199965535663,2104.1982940005255,6820.328830098284
1789884731,50,GET,GET /api/v1/reservas,18.600000,0.000000,6,7,7,8,9,10,14,16,18,18,18,42487,0,7,8.831635883087536,4.633864002244081,1957.275683998887,8965.0
1789884731,50,GET,GET /api/v1/reservas/{id},6.000000,0.000000,5,5,5,6,7,8,10,17,17,17,17,14164,0,5,6.431747953150225,3.0284199965535663,1521.0046399952262,442.0
1789884731,50,POST,POST /api/v1/auth/login,0.000000,0.000000,0,0,0,0,0,0,0,0,0,0,0,50,0,1300.0,1369.1218887201103,628.633758999058,2104.1982940005255,1622.0
1789884731,50,POST,POST /api/v1/auth/refresh,0.000000,0.000000,0,0,0,0,0,0,0,0,0,0,0,100,0,27,29.209557120193494,18.447431997628883,75.96593200287316,1622.0
1789884731,50,,Aggregated,24.600000,0.000000,6,7,7,7,9,10,14,16,18,18,18,56801,0,6,9.466489004087675,3.0284199965535663,2104.1982940005255,6820.297934895512
1789884732,50,GET,GET /api/v1/reservas,18.300000,0.000000,6,7,7,7,9,11,14,18,18,18,18,42506,0,7,8.830646153195538,4.633864002244081,1957.275683998887,8965.0
1789884732,50,GET,GET /api/v1/reservas/{id},6.300000,0.000000,5,5,5,5,7,8,10,17,17,17,17,14169,0,5,6.4312381907276785,3.0284199965535663,1521.0046399952262,442.0
1789884732,50,POST,POST /api/v1/auth/login,0.000000,0.000000,0,0,0,0,0,0,0,0,0,0,0,50,0,1300.0,1369.1218887201103,628.633758999058,2104.1982940005255,1622.0
1789884732,50,POST,POST /api/v1/auth/refresh,0.000000,0.000000,0,0,0,0,0,0,0,0,0,0,0,100,0,27,29.209557120193494,18.447431997628883,75.96593200287316,1622.0
1789884732,50,,Aggregated,24.600000,0.000000,6,7,7,7,8,10,14,17,18,18,18,56825,0,6,9.465142269426737,3.0284199965535663,2104.1982940005255,6820.453814342279
1789884733,50,GET,GET /api/v1/reservas,18.100000,0.000000,6,7,7,7,9,11,14,18,18,18,18,42525,0,7,8.83005375858252,4.633864002244081,1957.275683998887,8965.0
1789884733,50,GET,GET /api/v1/reservas/{id},6.400000,0.000000,5,5,5,5,7,7,8,17,17,17,17,14175,0,5,6.430570745074422,3.0284199965535663,1521.0046399952262,442.0
1789884733,50,POST,POST /api/v1/auth/login,0.000000,0.000000,0,0,0,0,0,0,0,0,0,0,0,50,0,1300.0,1369.1218887201103,628.633758999058,2104.1982940005255,1622.0
1789884733,50,POST,POST /api/v1/auth/refresh,0.000000,0.000000,0,0,0,0,0,0,0,0,0,0,0,100,0,27,29.209557120193494,18.447431997628883,75.96593200287316,1622.0
1789884733,50,,Aggregated,24.500000,0.000000,6,6,7,7,8,10,14,17,18,18,18,56850,0,6,9.464000466898431,3.0284199965535663,2104.1982940005255,6820.497361477573
1789884734,50,GET,GET /api/v1/reservas,18.800000,0.000000,6,7,7,7,9,11,14,18,18,18,18,42546,0,7,8.8288384802033,4.633864002244081,1957.275683998887,8965.0
1789884734,50,GET,GET /api/v1/reservas/{id},6.100000,0.000000,5,5,5,6,7,7,8,17,17,17,17,14180,0,5,6.42980113846422,3.0284199965535663,1521.0046399952262,442.0
1789884734,50,POST,POST /api/v1/auth/login,0.000000,0.000000,0,0,0,0,0,0,0,0,0,0,0,50,0,1300.0,1369.1218887201103,628.633758999058,2104.1982940005255,1622.0
1789884734,50,POST,POST /api/v1/auth/refresh,0.000000,0.000000,0,0,0,0,0,0,0,0,0,0,0,100,0,27,29.209557120193494,18.447431997628883,75.96593200287316,1622.0
1789884734,50,,Aggregated,24.900000,0.000000,6,7,7,7,8,10,14,17,18,18,18,56876,0,6,9.462398766969837,3.0284199965535663,2104.1982940005255,6820.728426752936
1789884735,50,GET,GET /api/v1/reservas,19.000000,0.000000,6,7,7,7,9,11,14,18,18,18,18,42567,0,7,8.827556025459872,4.633864002244081,1957.275683998887,8965.0
1789884735,50,GET,GET /api/v1/reservas/{id},6.100000,0.000000,5,5,5,6,6,7,7,17,17,17,17,14184,0,5,6.429372223168683,3.0284199965535663,1521.0046399952262,442.0
1789884735,50,POST,POST /api/v1/auth/login,0.000000,0.000000,0,0,0,0,0,0,0,0,0,0,0,50,0,1300.0,1369.1218887201103,628.633758999058,2104.1982940005255,1622.0
1789884735,50,POST,POST /api/v1/auth/refresh,0.000000,0.000000,0,0,0,0,0,0,0,0,0,0,0,100,0,27,29.209557120193494,18.447431997628883,75.96593200287316,1622.0
1789884735,50,,Aggregated,25.100000,0.000000,6,6,7,7,8,10,14,17,18,18,18,56901,0,6,9.460885451876054,3.0284199965535663,2104.1982940005255,6821.071387146096
1789884736,50,GET,GET /api/v1/reservas,19.000000,0.000000,6,7,7,7,8,10,12,14,18,18,18,42586,0,7,8.826850776188003,4.633864002244081,1957.275683998887,8965.0
1789884736,50,GET,GET /api/v1/reservas/{id},6.100000,0.000000,5,5,5,6,6,7,10,10,10,10,10,14191,0,5,6.42938966122376,3.0284199965535663,1521.0046399952262,442.0
1789884736,50,POST,POST /api/v1/auth/login,0.000000,0.000000,0,0,0,0,0,0,0,0,0,0,0,50,0,1300.0,1369.1218887201103,628.633758999058,2104.1982940005255,1622.0
1789884736,50,POST,POST /api/v1/auth/refresh,0.000000,0.000000,0,0,0,0,0,0,0,0,0,0,0,100,0,27,29.209557120193494,18.447431997628883,75.96593200287316,1622.0
1789884736,50,,Aggregated,25.100000,0.000000,6,6,7,7,8,10,12,13,18,18,18,56927,0,6,9.459778066386649,3.0284199965535663,2104.1982940005255,6821.002547121752
1789884737,50,GET,GET /api/v1/reservas,18.300000,0.000000,6,7,7,7,9,12,14,20,31,31,31,42600,0,7,8.827410208655815,4.633864002244081,1957.275683998887,8965.0
1789884737,50,GET,GET /api/v1/reservas/{id},5.800000,0.000000,5,5,6,6,6,10,11,23,23,23,23,14198,0,5,6.430501815214351,3.0284199965535663,1521.0046399952262,442.0
1789884737,50,POST,POST /api/v1/auth/login,0.000000,0.000000,0,0,0,0,0,0,0,0,0,0,0,50,0,1300.0,1369.1218887201103,628.633758999058,2104.1982940005255,1622.0
1789884737,50,POST,POST /api/v1/auth/refresh,0.000000,0.000000,0,0,0,0,0,0,0,0,0,0,0,100,0,27,29.209557120193494,18.447431997628883,75.96593200287316,1622.0
1789884737,50,,Aggregated,24.100000,0.000000,6,7,7,7,9,11,14,20,31,31,31,56948,0,6,9.459945736622446,3.0284199965535663,2104.1982940005255,6820.745522230807
1789884738,50,GET,GET /api/v1/reservas,19.200000,0.000000,6,7,7,8,9,12,14,20,31,31,31,42619,0,7,8.826231139275103,4.633864002244081,1957.275683998887,8965.0
1789884738,50,GET,GET /api/v1/reservas/{id},5.700000,0.000000,5,5,6,6,6,10,11,23,23,23,23,14206,0,5,6.429332789976623,3.0284199965535663,1521.0046399952262,442.0
1789884738,50,POST,POST /api/v1/auth/login,0.000000,0.000000,0,0,0,0,0,0,0,0,0,0,0,50,0,1300.0,1369.1218887201103,628.633758999058,2104.1982940005255,1622.0
1789884738,50,POST,POST /api/v1/auth/refresh,0.000000,0.000000,0,0,0,0,0,0,0,0,0,0,0,100,0,27,29.209557120193494,18.447431997628883,75.96593200287316,1622.0
1789884738,50,,Aggregated,24.900000,0.000000,6,7,7,7,9,11,14,20,31,31,31,56975,0,6,9.458135966427337,3.0284199965535663,2104.1982940005255,6820.564931987714
1789884739,50,GET,GET /api/v1/reservas,19.000000,0.000000,6,7,7,8,9,12,14,20,31,31,31,42633,0,7,8.825434046765604,4.633864002244081,1957.275683998887,8965.0
1789884739,50,GET,GET /api/v1/reservas/{id},6.000000,0.000000,5,5,5,6,6,10,11,23,23,23,23,14214,0,5,6.428384253441258,3.0284199965535663,1521.0046399952262,442.0
1789884739,50,POST,POST /api/v1/auth/login,0.000000,0.000000,0,0,0,0,0,0,0,0,0,0,0,50,0,1300.0,1369.1218887201103,628.633758999058,2104.1982940005255,1622.0
1789884739,50,POST,POST /api/v1/auth/refresh,0.000000,0.000000,0,0,0,0,0,0,0,0,0,0,0,100,0,27,29.209557120193494,18.447431997628883,75.96593200287316,1622.0
1789884739,50,,Aggregated,25.000000,0.000000,6,7,7,7,9,11,14,20,31,31,31,56997,0,6,9.456722873873991,3.0284199965535663,2104.1982940005255,6820.1963787567765
1789884740,50,GET,GET /api/v1/reservas,18.600000,0.000000,6,7,7,8,9,12,14,20,31,31,31,42649,0,7,8.82458303117889,4.633864002244081,1957.275683998887,8965.0
1789884740,50,GET,GET /api/v1/reservas/{id},5.600000,0.000000,5,5,5,6,6,10,11,23,23,23,23,14223,0,5,6.4272119178381155,3.0284199965535663,1521.0046399952262,442.0
1789884740,50,POST,POST /api/v1/auth/login,0.000000,0.000000,0,0,0,0,0,0,0,0,0,0,0,50,0,1300.0,1369.1218887201103,628.633758999058,2104.1982940005255,1622.0
1789884740,50,POST,POST /api/v1/auth/refresh,0.000000,0.000000,0,0,0,0,0,0,0,0,0,0,0,100,0,27,29.209557120193494,18.447431997628883,75.96593200287316,1622.0
1789884740,50,,Aggregated,24.200000,0.000000,6,6,7,7,8,11,14,20,31,31,31,57022,0,6,9.45513884031047,3.0284199965535663,2104.1982940005255,6819.791501525727
1789884741,50,GET,GET /api/v1/reservas,18.800000,0.000000,6,7,7,8,8,10,12,20,31,31,31,42666,0,7,8.823539136003633,4.633864002244081,1957.275683998887,8965.0
1789884741,50,GET,GET /api/v1/reservas/{id},5.800000,0.000000,5,5,6,6,6,10,11,23,23,23,23,14230,0,5,6.426759982320107,3.0284199965535663,1521.0046399952262,442.0
1789884741,50,POST,POST /api/v1/auth/login,0.000000,0.000000,0,0,0,0,0,0,0,0,0,0,0,50,0,1300.0,1369.1218887201103,628.633758999058,2104.1982940005255,1622.0
1789884741,50,POST,POST /api/v1/auth/refresh,0.000000,0.000000,0,0,0,0,0,0,0,0,0,0,0,100,0,27,29.209557120193494,18.447431997628883,75.96593200287316,1622.0
1789884741,50,,Aggregated,24.600000,0.000000,6,6,7,7,8,10,12,20,31,31,31,57046,0,6,9.453685893369736,3.0284199965535663,2104.1982940005255,6819.648178662834
1789884742,50,GET,GET /api/v1/reservas,18.800000,0.000000,6,7,7,7,8,10,12,20,31,31,31,42686,0,7,8.822230041811185,4.633864002244081,1957.275683998887,8965.0
1789884742,50,GET,GET /api/v1/reservas/{id},6.300000,0.000000,5,5,6,6,6,10,11,23,23,23,23,14235,0,5,6.426103340246787,3.0284199965535663,1521.0046399952262,442.0
1789884742,50,POST,POST /api/v1/auth/login,0.000000,0.000000,0,0,0,0,0,0,0,0,0,0,0,50,0,1300.0,1369.1218887201103,628.633758999058,2104.1982940005255,1622.0
1789884742,50,POST,POST /api/v1/auth/refresh,0.000000,0.000000,0,0,0,0,0,0,0,0,0,0,0,100,0,27,29.209557120193494,18.447431997628883,75.96593200287316,1622.0
1789884742,50,,Aggregated,25.100000,0.000000,6,6,7,7,8,10,12,20,31,31,31,57071,0,6,9.452056959947942,3.0284199965535663,2104.1982940005255,6819.841250372343
1789884743,50,GET,GET /api/v1/reservas,18.200000,0.000000,6,7,7,8,8,10,12,20,31,31,31,42708,0,7,8.821477168604806,4.633864002244081,1957.275683998887,8965.0
1789884743,50,GET,GET /api/v1/reservas/{id},6.700000,0.000000,5,5,6,6,7,10,11,23,23,23,23,14243,0,5,6.425533275603129,3.0284199965535663,1521.0046399952262,442.0
1789884743,50,POST,POST /api/v1/auth/login,0.000000,0.000000,0,0,0,0,0,0,0,0,0,0,0,50,0,1300.0,1369.1218887201103,628.633758999058,2104.1982940005255,1622.0
1789884743,50,POST,POST /api/v1/auth/refresh,0.000000,0.000000,0,0,0,0,0,0,0,0,0,0,0,100,0,27,29.209557120193494,18.447431997628883,75.96593200287316,1622.0
1789884743,50,,Aggregated,24.900000,0.000000,6,7,7,7,8,10,12,20,31,31,31,57101,0,6,9.450685058216376,3.0284199965535663,2104.1982940005255,6819.774189593878
1789884744,50,GET,GET /api/v1/reservas,18.000000,0.000000,6,7,7,8,8,10,12,20,31,31,31,42727,0,7,8.82060968803716,4.633864002244081,1957.275683998887,8965.0
1789884744,50,GET,GET /api/v1/reservas/{id},6.700000,0.000000,5,5,5,6,7,10,11,23,23,23,23,14246,0,5,6.425076530915719,3.0284199965535663,1521.0046399952262,442.0
1789884744,50,POST,POST /api/v1/auth/login,0.000000,0.000000,0,0,0,0,0,0,0,0,0,0,0,50,0,1300.0,1369.1218887201103,628.633758999058,2104.1982940005255,1622.0
1789884744,50,POST,POST /api/v1/auth/refresh,0.000000,0.000000,0,0,0,0,0,0,0,0,0,0,0,100,0,27,29.209557120193494,18.447431997628883,75.96593200287316,1622.0
1789884744,50,,Aggregated,24.700000,0.000000,6,7,7,8,8,10,12,20,31,31,31,57123,0,6,9.449554129653773,3.0284199965535663,2104.1982940005255,6820.152775589518
1789884745,50,GET,GET /api/v1/reservas,17.600000,0.000000,6,7,7,7,8,10,12,20,31,31,31,42745,0,7,8.81952040605289,4.633864002244081,1957.275683998887,8965.0
1789884745,50,GET,GET /api/v1/reservas/{id},6.600000,0.000000,5,5,5,5,6,8,11,23,23,23,23,14252,0,5,6.424184102681481,3.0284199965535663,1521.0046399952262,442.0
1789884745,50,POST,POST /api/v1/auth/login,0.000000,0.000000,0,0,0,0,0,0,0,0,0,0,0,50,0,1300.0,1369.1218887201103,628.633758999058,2104.1982940005255,1622.0
1789884745,50,POST,POST /api/v1/auth/refresh,0.000000,0.000000,0,0,0,0,0,0,0,0,0,0,0,100,0,27,29.209557120193494,18.447431997628883,75.96593200287316,1622.0
1789884745,50,,Aggregated,24.200000,0.000000,6,7,7,7,8,10,12,20,31,31,31,57147,0,6,9.448001150299596,3.0284199965535663,2104.1982940005255,6820.158695994541
1789884746,50,GET,GET /api/v1/reservas,18.300000,0.000000,6,7,7,7,8,10,12,20,31,31,31,42763,0,7,8.818541168667744,4.633864002244081,1957.275683998887,8965.0
1789884746,50,GET,GET /api/v1/reservas/{id},6.600000,0.000000,5,5,5,5,6,8,11,23,23,23,23,14260,0,5,6.423272269383419,3.0284199965535663,1521.0046399952262,442.0
1789884746,50,POST,POST /api/v1/auth/login,0.000000,0.000000,0,0,0,0,0,0,0,0,0,0,0,50,0,1300.0,1369.1218887201103,628.633758999058,2104.1982940005255,1622.0
1789884746,50,POST,POST /api/v1/auth/refresh,0.000000,0.000000,0,0,0,0,0,0,0,0,0,0,0,100,0,27,29.209557120193494,18.447431997628883,75.96593200287316,1622.0
1789884746,50,,Aggregated,24.900000,0.000000,6,6,7,7,8,10,12,20,31,31,31,57173,0,6,9.446420315623984,3.0284199965535663,2104.1982940005255,6819.941493362251
1789884747,50,GET,GET /api/v1/reservas,18.100000,0.000000,6,7,7,7,8,9,10,12,12,12,12,42779,0,7,8.817745029844833,4.633864002244081,1957.275683998887,8965.0
1789884747,50,GET,GET /api/v1/reservas/{id},6.800000,0.000000,5,5,5,6,6,8,8,10,10,10,10,14266,0,5,6.422748308383359,3.0284199965535663,1521.0046399952262,442.0
1789884747,50,POST,POST /api/v1/auth/login,0.000000,0.000000,0,0,0,0,0,0,0,0,0,0,0,50,0,1300.0,1369.1218887201103,628.633758999058,2104.1982940005255,1622.0
1789884747,50,POST,POST /api/v1/auth/refresh,0.000000,0.000000,0,0,0,0,0,0,0,0,0,0,0,100,0,27,29.209557120193494,18.447431997628883,75.96593200287316,1622.0
1789884747,50,,Aggregated,24.900000,0.000000,6,6,7,7,8,8,10,11,12,12,12,57195,0,6,9.4452013663284,3.0284199965535663,2104.1982940005255,6819.872488853921
1789884748,50,GET,GET /api/v1/reservas,17.400000,0.000000,6,7,7,8,9,11,12,17,23,23,23,42798,0,7,8.817885966860922,4.633864002244081,1957.275683998887,8965.0
1789884748,50,GET,GET /api/v1/reservas/{id},6.800000,0.000000,5,5,6,6,8,10,14,18,18,18,18,14277,0,5,6.423959262197367,3.0284199965535663,1521.0046399952262,442.0
1789884748,50,POST,POST /api/v1/auth/login,0.000000,0.000000,0,0,0,0,0,0,0,0,0,0,0,50,0,1300.0,1369.1218887201103,628.633758999058,2104.1982940005255,1622.0
1789884748,50,POST,POST /api/v1/auth/refresh,0.000000,0.000000,0,0,0,0,0,0,0,0,0,0,0,100,0,27,29.209557120193494,18.447431997628883,75.96593200287316,1622.0
1789884748,50,,Aggregated,24.200000,0.000000,6,7,7,7,8,11,12,17,23,23,23,57225,0,6,9.44481957438408,3.0284199965535663,2104.1982940005255,6819.35874180865
1789884749,50,GET,GET /api/v1/reservas,17.900000,0.000000,6,7,7,7,9,11,12,17,23,23,23,42814,0,7,8.816914441717696,4.633864002244081,1957.275683998887,8965.0
1789884749,50,GET,GET /api/v1/reservas/{id},6.700000,0.000000,5,5,6,6,8,10,14,18,18,18,18,14285,0,5,6.422546358375083,3.0284199965535663,1521.0046399952262,442.0
1789884749,50,POST,POST /api/v1/auth/login,0.000000,0.000000,0,0,0,0,0,0,0,0,0,0,0,50,0,1300.0,1369.1218887201103,628.633758999058,2104.1982940005255,1622.0
1789884749,50,POST,POST /api/v1/auth/refresh,0.000000,0.000000,0,0,0,0,0,0,0,0,0,0,0,100,0,27,29.209557120193494,18.447431997628883,75.96593200287316,1622.0
1789884749,50,,Aggregated,24.600000,0.000000,6,7,7,7,8,11,12,17,23,23,23,57249,0,6,9.443143107916518,3.0284199965535663,2104.1982940005255,6819.067232615417
1789884750,50,GET,GET /api/v1/reservas,17.900000,0.000000,6,7,7,7,9,11,12,17,23,23,23,42835,0,7,8.815844914339147,4.633864002244081,1957.275683998887,8965.0
1789884750,50,GET,GET /api/v1/reservas/{id},7.100000,0.000000,4,5,5,6,8,8,14,18,18,18,18,14291,0,5,6.42145430070612,3.0284199965535663,1521.0046399952262,442.0
1789884750,50,POST,POST /api/v1/auth/login,0.000000,0.000000,0,0,0,0,0,0,0,0,0,0,0,50,0,1300.0,1369.1218887201103,628.633758999058,2104.1982940005255,1622.0
1789884750,50,POST,POST /api/v1/auth/refresh,0.000000,0.000000,0,0,0,0,0,0,0,0,0,0,0,100,0,27,29.209557120193494,18.447431997628883,75.96593200287316,1622.0
1789884750,50,,Aggregated,25.000000,0.000000,6,7,7,7,8,11,14,17,23,23,23,57276,0,6,9.4415247305177,3.0284199965535663,2104.1982940005255,6819.185994133669
1789884751,50,GET,GET /api/v1/reservas,18.500000,0.000000,6,7,7,7,9,11,12,17,23,23,23,42853,0,7,8.814710823062844,4.633864002244081,1957.275683998887,8965.0
1789884751,50,GET,GET /api/v1/reservas/{id},7.000000,0.000000,4,5,6,6,8,8,14,18,18,18,18,14298,0,5,6.4206026230519795,3.0284199965535663,1521.0046399952262,442.0
1789884751,50,POST,POST /api/v1/auth/login,0.000000,0.000000,0,0,0,0,0,0,0,0,0,0,0,50,0,1300.0,1369.1218887201103,628.633758999058,2104.1982940005255,1622.0
1789884751,50,POST,POST /api/v1/auth/refresh,0.000000,0.000000,0,0,0,0,0,0,0,0,0,0,0,100,0,27,29.209557120193494,18.447431997628883,75.96593200287316,1622.0
1789884751,50,,Aggregated,25.500000,0.000000,6,7,7,7,8,11,14,17,23,23,23,57301,0,6,9.43989859432004,3.0284199965535663,2104.1982940005255,6819.0810108026035
1789884752,50,GET,GET /api/v1/reservas,18.200000,0.000000,6,7,7,7,10,11,12,17,23,23,23,42876,0,7,8.813488118731405,4.633864002244081,1957.275683998887,8965.0
1789884752,50,GET,GET /api/v1/reservas/{id},6.900000,0.000000,4,5,6,6,8,8,14,18,18,18,18,14300,0,5,6.42052631079652,3.0284199965535663,1521.0046399952262,442.0
1789884752,50,POST,POST /api/v1/auth/login,0.000000,0.000000,0,0,0,0,0,0,0,0,0,0,0,50,0,1300.0,1369.1218887201103,628.633758999058,2104.1982940005255,1622.0
1789884752,50,POST,POST /api/v1/auth/refresh,0.000000,0.000000,0,0,0,0,0,0,0,0,0,0,0,100,0,27,29.209557120193494,18.447431997628883,75.96593200287316,1622.0
1789884752,50,,Aggregated,25.100000,0.000000,6,7,7,7,8,11,14,17,23,23,23,57326,0,6,9.438608885516892,3.0284199965535663,2104.1982940005255,6819.719499005687
1789884753,50,GET,GET /api/v1/reservas,18.500000,0.000000,6,7,7,7,9,11,12,17,23,23,23,42891,0,7,8.812661366504079,4.633864002244081,1957.275683998887,8965.0
1789884753,50,GET,GET /api/v1/reservas/{id},6.700000,0.000000,4,5,6,6,8,8,14,18,18,18,18,14305,0,5,6.420155798699012,3.0284199965535663,1521.0046399952262,442.0
1789884753,50,POST,POST /api/v1/auth/login,0.000000,0.000000,0,0,0,0,0,0,0,0,0,0,0,50,0,1300.0,1369.1218887201103,628.633758999058,2104.1982940005255,1622.0
1789884753,50,POST,POST /api/v1/auth/refresh,0.000000,0.000000,0,0,0,0,0,0,0,0,0,0,0,100,0,27,29.209557120193494,18.447431997628883,75.96593200287316,1622.0
1789884753,50,,Aggregated,25.200000,0.000000,6,6,7,7,8,11,14,17,23,23,23,57346,0,6,9.437471445595847,3.0284199965535663,2104.1982940005255,6819.724566665504
1789884754,50,GET,GET /api/v1/reservas,18.500000,0.000000,6,7,7,7,10,11,12,17,23,23,23,42907,0,7,8.812279598916758,4.633864002244081,1957.275683998887,8965.0
1789884754,50,GET,GET /api/v1/reservas/{id},6.300000,0.000000,5,5,6,6,8,8,14,18,18,18,18,14313,0,5,6.419278382058602,3.0284199965535663,1521.0046399952262,442.0
1789884754,50,POST,POST /api/v1/auth/login,0.000000,0.000000,0,0,0,0,0,0,0,0,0,0,0,50,0,1300.0,1369.1218887201103,628.633758999058,2104.1982940005255,1622.0
1789884754,50,POST,POST /api/v1/auth/refresh,0.000000,0.000000,0,0,0,0,0,0,0,0,0,0,0,100,0,27,29.209557120193494,18.447431997628883,75.96593200287316,1622.0
1789884754,50,,Aggregated,24.800000,0.000000,6,7,7,7,9,11,14,17,23,23,23,57370,0,6,9.436372012918765,3.0284199965535663,2104.1982940005255,6819.433519260938
1789884755,50,GET,GET /api/v1/reservas,18.800000,0.000000,6,7,7,7,10,11,12,17,23,23,23,42924,0,7,8.811220557630277,4.633864002244081,1957.275683998887,8965.0
1789884755,50,GET,GET /api/v1/reservas/{id},6.400000,0.000000,4,5,5,6,7,8,14,18,18,18,18,14325,0,5,6.417352070742515,3.0284199965535663,1521.0046399952262,442.0
1789884755,50,POST,POST /api/v1/auth/login,0.000000,0.000000,0,0,0,0,0,0,0,0,0,0,0,50,0,1300.0,1369.1218887201103,628.633758999058,2104.1982940005255,1622.0
1789884755,50,POST,POST /api/v1/auth/refresh,0.000000,0.000000,0,0,0,0,0,0,0,0,0,0,0,100,0,27,29.209557120193494,18.447431997628883,75.96593200287316,1622.0
1789884755,50,,Aggregated,25.200000,0.000000,6,6,7,7,9,11,14,17,23,23,23,57399,0,6,9.434283694439483,3.0284199965535663,2104.1982940005255,6818.735692259447
1789884756,50,GET,GET /api/v1/reservas,18.000000,0.000000,6,7,7,7,10,11,12,17,23,23,23,42945,0,7,8.810281497490543,4.633864002244081,1957.275683998887,8965.0
1789884756,50,GET,GET /api/v1/reservas/{id},6.400000,0.000000,4,5,6,6,7,8,14,18,18,18,18,14326,0,5,6.417282121414515,3.0284199965535663,1521.0046399952262,442.0
1789884756,50,POST,POST /api/v1/auth/login,0.000000,0.000000,0,0,0,0,0,0,0,0,0,0,0,50,0,1300.0,1369.1218887201103,628.633758999058,2104.1982940005255,1622.0
1789884756,50,POST,POST /api/v1/auth/refresh,0.000000,0.000000,0,0,0,0,0,0,0,0,0,0,0,100,0,27,29.209557120193494,18.447431997628883,75.96593200287316,1622.0
1789884756,50,,Aggregated,24.400000,0.000000,6,7,7,7,9,11,14,17,23,23,23,57421,0,6,9.433283515249457,3.0284199965535663,2104.1982940005255,6819.409571411156
1789884757,50,GET,GET /api/v1/reservas,17.900000,0.000000,6,7,7,7,8,9,10,12,15,15,15,42963,0,7,8.80921124457663,4.633864002244081,1957.275683998887,8965.0
1789884757,50,GET,GET /api/v1/reservas/{id},7.100000,0.000000,4,5,5,5,6,6,6,7,7,7,7,14335,0,5,6.415917976936779,3.0284199965535663,1521.0046399952262,442.0
1789884757,50,POST,POST /api/v1/auth/login,0.000000,0.000000,0,0,0,0,0,0,0,0,0,0,0,50,0,1300.0,1369.1218887201103,628.633758999058,2104.1982940005255,1622.0
1789884757,50,POST,POST /api/v1/auth/refresh,0.000000,0.000000,0,0,0,0,0,0,0,0,0,0,0,100,0,27,29.209557120193494,18.447431997628883,75.96593200287316,1622.0
1789884757,50,,Aggregated,25.000000,0.000000,6,6,7,7,8,9,10,10,15,15,15,57448,0,6,9.43147502172674,3.0284199965535663,2104.1982940005255,6819.082735691408
1789884758,50,GET,GET /api/v1/reservas,17.800000,0.000000,6,7,7,7,9,10,13,15,15,15,15,42976,0,7,8.809505692357455,4.633864002244081,1957.275683998887,8965.0
1789884758,50,GET,GET /api/v1/reservas/{id},7.000000,0.000000,4,5,5,6,6,6,8,8,8,8,8,14345,0,5,6.415504689465766,3.0284199965535663,1521.0046399952262,442.0
1789884758,50,POST,POST /api/v1/auth/login,0.000000,0.000000,0,0,0,0,0,0,0,0,0,0,0,50,0,1300.0,1369.1218887201103,628.633758999058,2104.1982940005255,1622.0
1789884758,50,POST,POST /api/v1/auth/refresh,0.000000,0.000000,0,0,0,0,0,0,0,0,0,0,0,100,0,27,29.209557120193494,18.447431997628883,75.96593200287316,1622.0
1789884758,50,,Aggregated,24.800000,0.000000,6,6,7,7,8,10,13,14,15,15,15,57471,0,6,9.430926581287322,3.0284199965535663,2104.1982940005255,6818.458526909224
1789884759,50,GET,GET /api/v1/reservas,18.000000,0.000000,6,7,7,7,9,10,13,15,15,15,15,43000,0,7,8.807869084458934,4.633864002244081,1957.275683998887,8965.0
1789884759,50,GET,GET /api/v1/reservas/{id},6.700000,0.000000,5,5,5,6,6,6,8,8,8,8,8,14351,0,5,6.414745419719263,3.0284199965535663,1521.0046399952262,442.0
1789884759,50,POST,POST /api/v1/auth/login,0.000000,0.000000,0,0,0,0,0,0,0,0,0,0,0,50,0,1300.0,1369.1218887201103,628.633758999058,2104.1982940005255,1622.0
1789884759,50,POST,POST /api/v1/auth/refresh,0.000000,0.000000,0,0,0,0,0,0,0,0,0,0,0,100,0,27,29.209557120193494,18.447431997628883,75.96593200287316,1622.0
1789884759,50,,Aggregated,24.700000,0.000000,6,6,7,7,8,10,13,14,15,15,15,57501,0,6,9.428939188851473,3.0284199965535663,2104.1982940005255,6818.689101059112
1789884760,50,GET,GET /api/v1/reservas,18.400000,0.000000,6,7,7,7,9,10,13,14,15,15,15,43019,0,7,8.807024258507091,4.633864002244081,1957.275683998887,8965.0
1789884760,50,GET,GET /api/v1/reservas/{id},6.800000,0.000000,5,5,5,6,6,7,8,8,8,8,8,14354,0,5,6.414403409181754,3.0284199965535663,1521.0046399952262,442.0
1789884760,50,POST,POST /api/v1/auth/login,0.000000,0.000000,0,0,0,0,0,0,0,0,0,0,0,50,0,1300.0,1369.1218887201103,628.633758999058,2104.1982940005255,1622.0
1789884760,50,POST,POST /api/v1/auth/refresh,0.000000,0.000000,0,0,0,0,0,0,0,0,0,0,0,100,0,27,29.209557120193494,18.447431997628883,75.96593200287316,1622.0
1789884760,50,,Aggregated,25.200000,0.000000,6,6,7,7,8,10,13,13,15,15,15,57523,0,6,9.427859695428523,3.0284199965535663,2104.1982940005255,6819.065469464388
1789884761,50,GET,GET /api/v1/reservas,17.800000,0.000000,6,7,7,7,9,10,13,14,15,15,15,43031,0,7,8.806423290993195,4.633864002244081,1957.275683998887,8965.0
1789884761,50,GET,GET /api/v1/reservas/{id},6.700000,0.000000,5,5,5,6,6,6,8,8,8,8,8,14360,0,5,6.413531230807817,3.0284199965535663,1521.0046399952262,442.0
1789884761,50,POST,POST /api/v1/auth/login,0.000000,0.000000,0,0,0,0,0,0,0,0,0,0,0,50,0,1300.0,1369.1218887201103,628.633758999058,2104.1982940005255,1622.0
1789884761,50,POST,POST /api/v1/auth/refresh,0.000000,0.000000,0,0,0,0,0,0,0,0,0,0,0,100,0,27,29.209557120193494,18.447431997628883,75.96593200287316,1622.0
1789884761,50,,Aggregated,24.500000,0.000000,6,6,7,7,8,10,13,13,15,15,15,57541,0,6,9.426748913942264,3.0284199965535663,2104.1982940005255,6818.8480387897325
1789884762,50,GET,GET /api/v1/reservas,17.800000,0.000000,6,7,7,7,9,10,13,14,15,15,15,43053,0,7,8.8049925385851,4.633864002244081,1957.275683998887,8965.0
1789884762,50,GET,GET /api/v1/reservas/{id},6.300000,0.000000,4,5,5,5,6,6,8,8,8,8,8,14370,0,5,6.411878153820064,3.0284199965535663,1521.0046399952262,442.0
1789884762,50,POST,POST /api/v1/auth/login,0.000000,0.000000,0,0,0,0,0,0,0,0,0,0,0,50,0,1300.0,1369.1218887201103,628.633758999058,2104.1982940005255,1622.0
1789884762,50,POST,POST /api/v1/auth/refresh,0.000000,0.000000,0,0,0,0,0,0,0,0,0,0,0,100,0,27,29.209557120193494,18.447431997628883,75.96593200287316,1622.0
1789884762,50,,Aggregated,24.100000,0.000000,6,6,7,7,8,10,13,13,15,15,15,57573,0,6,9.42450598339711,3.0284199965535663,2104.1982940005255,6818.560523161899
1789884763,50,GET,GET /api/v1/reservas,18.100000,0.000000,6,7,7,7,8,10,13,14,15,15,15,43066,0,7,8.804368780306788,4.633864002244081,1957.275683998887,8965.0
1789884763,50,GET,GET /api/v1/reservas/{id},6.100000,0.000000,4,5,5,5,6,6,8,8,8,8,8,14379,0,5,6.41052988277305,3.0284199965535663,1521.0046399952262,442.0
1789884763,50,POST,POST /api/v1/auth/login,0.000000,0.000000,0,0,0,0,0,0,0,0,0,0,0,50,0,1300.0,1369.1218887201103,628.633758999058,2104.1982940005255,1622.0
1789884763,50,POST,POST /api/v1/auth/refresh,0.000000,0.000000,0,0,0,0,0,0,0,0,0,0,0,100,0,27,29.209557120193494,18.447431997628883,75.96593200287316,1622.0
1789884763,50,,Aggregated,24.200000,0.000000,6,6,7,7,8,9,13,13,15,15,15,57595,0,6,9.423092373037745,3.0284199965535663,2104.1982940005255,6818.048580605955
1789884764,50,GET,GET /api/v1/reservas,18.400000,0.000000,6,7,7,7,8,10,13,14,15,15,15,43089,0,7,8.803384456512527,4.633864002244081,1957.275683998887,8965.0
1789884764,50,GET,GET /api/v1/reservas/{id},6.600000,0.000000,4,5,5,5,6,7,8,10,10,10,10,14386,0,5,6.410296556470576,3.0284199965535663,1521.0046399952262,442.0
1789884764,50,POST,POST /api/v1/auth/login,0.000000,0.000000,0,0,0,0,0,0,0,0,0,0,0,50,0,1300.0,1369.1218887201103,628.633758999058,2104.1982940005255,1622.0
1789884764,50,POST,POST /api/v1/auth/refresh,0.000000,0.000000,0,0,0,0,0,0,0,0,0,0,0,100,0,27,29.209557120193494,18.447431997628883,75.96593200287316,1622.0
1789884764,50,,Aggregated,25.000000,0.000000,6,7,7,7,8,10,13,13,15,15,15,57625,0,6,9.421685193164024,3.0284199965535663,2104.1982940005255,6818.130967462039
1789884765,50,GET,GET /api/v1/reservas,17.400000,0.000000,6,7,7,7,8,10,13,14,15,15,15,43107,0,7,8.80235923051184,4.633864002244081,1957.275683998887,8965.0
1789884765,50,GET,GET /api/v1/reservas/{id},7.200000,0.000000,4,5,5,6,6,7,8,10,10,10,10,14389,0,5,6.410199025045204,3.0284199965535663,1521.0046399952262,442.0
1789884765,50,POST,POST /api/v1/auth/login,0.000000,0.000000,0,0,0,0,0,0,0,0,0,0,0,50,0,1300.0,1369.1218887201103,628.633758999058,2104.1982940005255,1622.0
1789884765,50,POST,POST /api/v1/auth/refresh,0.000000,0.000000,0,0,0,0,0,0,0,0,0,0,0,100,0,27,29.209557120193494,18.447431997628883,75.96593200287316,1622.0
1789884765,50,,Aggregated,24.600000,0.000000,6,7,7,7,8,10,13,13,15,15,15,57646,0,6,9.4205444136466,3.0284199965535663,2104.1982940005255,6818.469503521494
1789884766,50,GET,GET /api/v1/reservas,18.000000,0.000000,6,7,7,7,8,11,13,14,15,15,15,43131,0,7,8.801433271908197,4.633864002244081,1957.275683998887,8965.0
1789884766,50,GET,GET /api/v1/reservas/{id},7.600000,0.000000,4,5,5,6,6,7,8,10,10,10,10,14394,0,5,6.409733455911055,3.0284199965535663,1521.0046399952262,442.0
1789884766,50,POST,POST /api/v1/auth/login,0.000000,0.000000,0,0,0,0,0,0,0,0,0,0,0,50,0,1300.0,1369.1218887201103,628.633758999058,2104.1982940005255,1622.0
1789884766,50,POST,POST /api/v1/auth/refresh,0.000000,0.000000,0,0,0,0,0,0,0,0,0,0,0,100,0,27,29.209557120193494,18.447431997628883,75.96593200287316,1622.0
1789884766,50,,Aggregated,25.600000,0.000000,6,7,7,7,8,10,13,13,15,15,15,57675,0,6,9.41921754595715,3.0284199965535663,2104.1982940005255,6818.809934980494
1789884767,50,GET,GET /api/v1/reservas,18.500000,0.000000,6,7,7,7,8,9,11,13,15,15,15,43149,0,7,8.800744765016232,4.633864002244081,1957.275683998887,8965.0
1789884767,50,GET,GET /api/v1/reservas/{id},6.600000,0.000000,4,5,5,6,7,8,8,10,10,10,10,14401,0,5,6.408851858717946,3.0284199965535663,1521.0046399952262,442.0
1789884767,50,POST,POST /api/v1/auth/login,0.000000,0.000000,0,0,0,0,0,0,0,0,0,0,0,50,0,1300.0,1369.1218887201103,628.633758999058,2104.1982940005255,1622.0
1789884767,50,POST,POST /api/v1/auth/refresh,0.000000,0.000000,0,0,0,0,0,0,0,0,0,0,0,100,0,27,29.209557120193494,18.447431997628883,75.96593200287316,1622.0
1789884767,50,,Aggregated,25.100000,0.000000,6,7,7,7,8,9,11,13,15,15,15,57700,0,6,9.417924811630936,3.0284199965535663,2104.1982940005255,6818.705840554593
1789884768,50,GET,GET /api/v1/reservas,18.400000,0.000000,7,7,7,8,8,10,13,15,16,16,16,43171,0,7,8.80040963861555,4.633864002244081,1957.275683998887,8965.0
1789884768,50,GET,GET /api/v1/reservas/{id},6.600000,0.000000,4,5,5,5,7,7,8,10,10,10,10,14404,0,5,6.408851000305347,3.0284199965535663,1521.0046399952262,442.0
1789884768,50,POST,POST /api/v1/auth/login,0.000000,0.000000,0,0,0,0,0,0,0,0,0,0,0,50,0,1300.0,1369.1218887201103,628.633758999058,2104.1982940005255,1622.0
1789884768,50,POST,POST /api/v1/auth/refresh,0.000000,0.000000,0,0,0,0,0,0,0,0,0,0,0,100,0,27,29.209557120193494,18.447431997628883,75.96593200287316,1622.0
1789884768,50,,Aggregated,25.000000,0.000000,6,7,7,7,8,9,13,13,16,16,16,57725,0,6,9.417282364055309,3.0284199965535663,2104.1982940005255,6819.192429623214
1789884769,50,GET,GET /api/v1/reservas,18.600000,0.000000,7,7,7,8,9,13,15,19,21,21,21,43190,0,7,8.800725658732704,4.633864002244081,1957.275683998887,8965.0
1789884769,50,GET,GET /api/v1/reservas/{id},6.900000,0.000000,4,5,5,6,7,8,8,10,10,10,10,14408,0,5,6.408833175763181,3.0284199965535663,1521.0046399952262,442.0
1789884769,50,POST,POST /api/v1/auth/login,0.000000,0.000000,0,0,0,0,0,0,0,0,0,0,0,50,0,1300.0,1369.1218887201103,628.633758999058,2104.1982940005255,1622.0
1789884769,50,POST,POST /api/v1/auth/refresh,0.000000,0.000000,0,0,0,0,0,0,0,0,0,0,0,100,0,27,29.209557120193494,18.447431997628883,75.96593200287316,1622.0
1789884769,50,,Aggregated,25.500000,0.000000,6,7,7,8,8,11,15,16,21,21,21,57748,0,6,9.41710292555732,3.0284199965535663,2104.1982940005255,6819.4567084574355
1789884770,50,GET,GET /api/v1/reservas,19.000000,0.000000,7,7,7,8,10,13,16,21,21,21,21,43209,0,7,8.800089768373486,4.633864002244081,1957.275683998887,8965.0
1789884770,50,GET,GET /api/v1/reservas/{id},6.100000,0.000000,4,5,5,6,7,8,10,17,17,17,17,14414,0,5,6.408817827418865,3.0284199965535663,1521.0046399952262,442.0
1789884770,50,POST,POST /api/v1/auth/login,0.000000,0.000000,0,0,0,0,0,0,0,0,0,0,0,50,0,1300.0,1369.1218887201103,628.633758999058,2104.1982940005255,1622.0
1789884770,50,POST,POST /api/v1/auth/refresh,0.000000,0.000000,0,0,0,0,0,0,0,0,0,0,0,100,0,27,29.209557120193494,18.447431997628883,75.96593200287316,1622.0
1789884770,50,,Aggregated,25.100000,0.000000,6,7,7,7,9,11,16,19,21,21,21,57773,0,6,9.416108374397869,3.0284199965535663,2104.1982940005255,6819.4999913454385
1789884771,50,GET,GET /api/v1/reservas,19.200000,0.000000,7,7,8,8,10,13,16,21,21,21,21,43226,0,7,8.79991074331792,4.633864002244081,1957.275683998887,8965.0
1789884771,50,GET,GET /api/v1/reservas/{id},6.000000,0.000000,5,5,6,6,8,10,17,25,25,25,25,14420,0,5,6.41017978671442,3.0284199965535663,1521.0046399952262,442.0
1789884771,50,POST,POST /api/v1/auth/login,0.000000,0.000000,0,0,0,0,0,0,0,0,0,0,0,50,0,1300.0,1369.1218887201103,628.633758999058,2104.1982940005255,1622.0
1789884771,50,POST,POST /api/v1/auth/refresh,0.000000,0.000000,0,0,0,0,0,0,0,0,0,0,0,100,0,27,29.209557120193494,18.447431997628883,75.96593200287316,1622.0
1789884771,50,,Aggregated,25.200000,0.000000,6,7,8,8,9,13,17,21,25,25,25,57796,0,6,9.415820895271382,3.0284199965535663,2104.1982940005255,6819.468994394076
1789884772,50,GET,GET /api/v1/reservas,19.500000,0.000000,7,7,8,8,10,13,19,21,23,23,23,43246,0,7,8.799405499274814,4.633864002244081,1957.275683998887,8965.0
1789884772,50,GET,GET /api/v1/reservas/{id},5.800000,0.000000,5,6,7,7,8,15,17,25,25,25,25,14426,0,5,6.41027610671199,3.0284199965535663,1521.0046399952262,442.0
1789884772,50,POST,POST /api/v1/auth/login,0.000000,0.000000,0,0,0,0,0,0,0,0,0,0,0,50,0,1300.0,1369.1218887201103,628.633758999058,2104.1982940005255,1622.0
1789884772,50,POST,POST /api/v1/auth/refresh,0.000000,0.000000,0,0,0,0,0,0,0,0,0,0,0,100,0,27,29.209557120193494,18.447431997628883,75.96593200287316,1622.0
1789884772,50,,Aggregated,25.300000,0.000000,7,7,8,8,10,13,19,21,25,25,25,57822,0,6,9.414942123847116,3.0284199965535663,2104.1982940005255,6819.54934108125
1789884773,50,GET,GET /api/v1/reservas,19.700000,0.000000,7,7,8,8,10,13,19,21,23,23,23,43270,0,7,8.798094566942822,4.633864002244081,1957.275683998887,8965.0
1789884773,50,GET,GET /api/v1/reservas/{id},5.800000,0.000000,5,6,6,7,9,15,25,25,25,25,25,14433,0,5,6.40938235976106,3.0284199965535663,1521.0046399952262,442.0
1789884773,50,POST,POST /api/v1/auth/login,0.000000,0.000000,0,0,0,0,0,0,0,0,0,0,0,50,0,1300.0,1369.1218887201103,628.633758999058,2104.1982940005255,1622.0
1789884773,50,POST,POST /api/v1/auth/refresh,0.000000,0.000000,0,0,0,0,0,0,0,0,0,0,0,100,0,27,29.209557120193494,18.447431997628883,75.96593200287316,1622.0
1789884773,50,,Aggregated,25.500000,0.000000,6,7,8,8,10,13,19,21,25,25,25,57853,0,6,9.413119763159543,3.0284199965535663,2104.1982940005255,6819.667709539695
1789884774,50,GET,GET /api/v1/reservas,18.700000,0.000000,7,7,8,8,10,13,19,21,23,23,23,43290,0,7,8.797224697080406,4.633864002244081,1957.275683998887,8965.0
1789884774,50,GET,GET /api/v1/reservas/{id},5.800000,0.000000,5,6,6,7,8,15,25,25,25,25,25,14434,0,5,6.409294556078465,3.0284199965535663,1521.0046399952262,442.0
1789884774,50,POST,POST /api/v1/auth/login,0.000000,0.000000,0,0,0,0,0,0,0,0,0,0,0,50,0,1300.0,1369.1218887201103,628.633758999058,2104.1982940005255,1622.0
1789884774,50,POST,POST /api/v1/auth/refresh,0.000000,0.000000,0,0,0,0,0,0,0,0,0,0,0,100,0,27,29.209557120193494,18.447431997628883,75.96593200287316,1622.0
1789884774,50,,Aggregated,24.500000,0.000000,6,7,8,8,10,13,19,21,25,25,25,57874,0,6,9.412182757491601,3.0284199965535663,2104.1982940005255,6820.298890693576
1789884775,50,GET,GET /api/v1/reservas,20.200000,0.000000,7,8,8,8,10,13,19,21,23,23,23,43309,0,7,8.796727631661028,4.633864002244081,1957.275683998887,8965.0
1789884775,50,GET,GET /api/v1/reservas/{id},5.400000,0.000000,5,5,6,7,8,15,25,25,25,25,25,14442,0,5,6.40818511656553,3.0284199965535663,1521.0046399952262,442.0
1789884775,50,POST,POST /api/v1/auth/login,0.000000,0.000000,0,0,0,0,0,0,0,0,0,0,0,50,0,1300.0,1369.1218887201103,628.633758999058,2104.1982940005255,1622.0
1789884775,50,POST,POST /api/v1/auth/refresh,0.000000,0.000000,0,0,0,0,0,0,0,0,0,0,0,100,0,27,29.209557120193494,18.447431997628883,75.96593200287316,1622.0
1789884775,50,,Aggregated,25.600000,0.000000,7,7,8,8,10,13,19,21,25,25,25,57901,0,6,9.410917542029818,3.0284199965535663,2104.1982940005255,6820.121396867066
1789884776,50,GET,GET /api/v1/reservas,20.100000,0.000000,7,7,8,8,10,13,19,21,23,23,23,43327,0,7,8.795553808747295,4.633864002244081,1957.275683998887,8965.0
1789884776,50,GET,GET /api/v1/reservas/{id},5.000000,0.000000,5,5,6,6,8,15,17,25,25,25,25,14450,0,5,6.407272741346073,3.0284199965535663,1521.0046399952262,442.0
1789884776,50,POST,POST /api/v1/auth/login,0.000000,0.000000,0,0,0,0,0,0,0,0,0,0,0,50,0,1300.0,1369.1218887201103,628.633758999058,2104.1982940005255,1622.0
1789884776,50,POST,POST /api/v1/auth/refresh,0.000000,0.000000,0,0,0,0,0,0,0,0,0,0,0,100,0,27,29.209557120193494,18.447431997628883,75.96593200287316,1622.0
1789884776,50,,Aggregated,25.100000,0.000000,6,7,8,8,10,13,19,21,25,25,25,57927,0,6,9.409206434513552,3.0284199965535663,2104.1982940005255,6819.90703816873
1789884777,50,GET,GET /api/v1/reservas,19.800000,0.000000,7,7,8,9,10,13,19,21,23,23,23,43348,0,7,8.794603334815212,4.633864002244081,1957.275683998887,8965.0
1789884777,50,GET,GET /api/v1/reservas/{id},4.800000,0.000000,5,5,6,7,8,15,17,25,25,25,25,14455,0,5,6.406887855305532,3.0284199965535663,1521.0046399952262,442.0
1789884777,50,POST,POST /api/v1/auth/login,0.000000,0.000000,0,0,0,0,0,0,0,0,0,0,0,50,0,1300.0,1369.1218887201103,628.633758999058,2104.1982940005255,1622.0
1789884777,50,POST,POST /api/v1/auth/refresh,0.000000,0.000000,0,0,0,0,0,0,0,0,0,0,0,100,0,27,29.209557120193494,18.447431997628883,75.96593200287316,1622.0
1789884777,50,,Aggregated,24.600000,0.000000,6,7,8,8,10,13,19,21,25,25,25,57953,0,6,9.407918131141324,3.0284199965535663,2104.1982940005255,6820.134074163547
1789884778,50,GET,GET /api/v1/reservas,20.500000,0.000000,6,7,8,8,9,10,13,21,23,23,23,43366,0,7,8.793431165811265,4.633864002244081,1957.275683998887,8965.0
1789884778,50,GET,GET /api/v1/reservas/{id},5.500000,0.000000,5,5,5,6,8,15,17,25,25,25,25,14464,0,5,6.4055301647151515,3.0284199965535663,1521.0046399952262,442.0
1789884778,50,POST,POST /api/v1/auth/login,0.000000,0.000000,0,0,0,0,0,0,0,0,0,0,0,50,0,1300.0,1369.1218887201103,628.633758999058,2104.1982940005255,1622.0
1789884778,50,POST,POST /api/v1/auth/refresh,0.000000,0.000000,0,0,0,0,0,0,0,0,0,0,0,100,0,27,29.209557120193494,18.447431997628883,75.96593200287316,1622.0
1789884778,50,,Aggregated,26.000000,0.000000,6,7,7,8,9,10,16,21,25,25,25,57980,0,6,9.406046470973331,3.0284199965535663,2104.1982940005255,6819.809899965506
1789884779,50,GET,GET /api/v1/reservas,20.000000,0.000000,7,7,8,8,9,11,16,23,36,36,36,43381,0,7,8.794024941807884,4.633864002244081,1957.275683998887,8965.0
1789884779,50,GET,GET /api/v1/reservas/{id},5.400000,0.000000,5,5,6,6,8,10,17,25,25,25,25,14471,0,5,6.405524281420422,3.0284199965535663,1521.0046399952262,442.0
1789884779,50,POST,POST /api/v1/auth/login,0.000000,0.000000,0,0,0,0,0,0,0,0,0,0,0,50,0,1300.0,1369.1218887201103,628.633758999058,2104.1982940005255,1622.0
1789884779,50,POST,POST /api/v1/auth/refresh,0.000000,0.000000,0,0,0,0,0,0,0,0,0,0,0,100,0,27,29.209557120193494,18.447431997628883,75.96593200287316,1622.0
1789884779,50,,Aggregated,25.400000,0.000000,6,7,8,8,9,11,17,23,36,36,36,58002,0,6,9.40596855323997,3.0284199965535663,2104.1982940005255,6819.5949622426815
1789884780,50,GET,GET /api/v1/reservas,19.400000,0.000000,6,7,8,8,9,11,12,23,36,36,36,43396,0,7,8.793137495680911,4.633864002244081,1957.275683998887,8965.0
1789884780,50,GET,GET /api/v1/reservas/{id},5.800000,0.000000,5,5,6,6,7,8,15,25,25,25,25,14479,0,5,6.404538985663869,3.0284199965535663,1521.0046399952262,442.0
1789884780,50,POST,POST /api/v1/auth/login,0.000000,0.000000,0,0,0,0,0,0,0,0,0,0,0,50,0,1300.0,1369.1218887201103,628.633758999058,2104.1982940005255,1622.0
1789884780,50,POST,POST /api/v1/auth/refresh,0.000000,0.000000,0,0,0,0,0,0,0,0,0,0,0,100,0,27,29.209557120193494,18.447431997628883,75.96593200287316,1622.0
1789884780,50,,Aggregated,25.200000,0.000000,6,7,7,8,9,10,13,23,36,36,36,58025,0,6,9.404487115622883,3.0284199965535663,2104.1982940005255,6819.270280051702
1789884781,50,GET,GET /api/v1/reservas,18.900000,0.000000,6,7,7,8,9,11,13,17,36,36,36,43416,0,7,8.792806857508817,4.633864002244081,1957.275683998887,8965.0
1789884781,50,GET,GET /api/v1/reservas/{id},6.200000,0.000000,5,5,5,6,6,7,10,12,12,12,12,14484,0,5,6.4043930783232215,3.0284199965535663,1521.0046399952262,442.0
1789884781,50,POST,POST /api/v1/auth/login,0.000000,0.000000,0,0,0,0,0,0,0,0,0,0,0,50,0,1300.0,1369.1218887201103,628.633758999058,2104.1982940005255,1622.0
1789884781,50,POST,POST /api/v1/auth/refresh,0.000000,0.000000,0,0,0,0,0,0,0,0,0,0,0,100,0,27,29.209557120193494,18.447431997628883,75.96593200287316,1622.0
1789884781,50,,Aggregated,25.100000,0.000000,6,7,7,7,9,10,12,14,36,36,36,58050,0,6,9.403734401723652,3.0284199965535663,2104.1982940005255,6819.460258397933
1789884782,50,GET,GET /api/v1/reservas,18.900000,0.000000,6,7,7,8,9,11,13,17,36,36,36,43438,0,7,8.791524227855538,4.633864002244081,1957.275683998887,8965.0
1789884782,50,GET,GET /api/v1/reservas/{id},6.500000,0.000000,4,5,5,6,6,7,10,12,12,12,12,14491,0,5,6.403289733795861,3.0284199965535663,1521.0046399952262,442.0
1789884782,50,POST,POST /api/v1/auth/login,0.000000,0.000000,0,0,0,0,0,0,0,0,0,0,0,50,0,1300.0,1369.1218887201103,628.633758999058,2104.1982940005255,1622.0
1789884782,50,POST,POST /api/v1/auth/refresh,0.000000,0.000000,0,0,0,0,0,0,0,0,0,0,0,100,0,27,29.209557120193494,18.447431997628883,75.96593200287316,1622.0
1789884782,50,,Aggregated,25.400000,0.000000,6,7,7,7,9,11,12,14,36,36,36,58079,0,6,9.40190690421746,3.0284199965535663,2104.1982940005255,6819.504330308718
1789884783,50,GET,GET /api/v1/reservas,18.700000,0.000000,6,7,8,8,9,11,13,17,36,36,36,43457,0,7,8.790432967199052,4.633864002244081,1957.275683998887,8965.0
1789884783,50,GET,GET /api/v1/reservas/{id},6.900000,0.000000,5,5,5,6,6,7,10,12,12,12,12,14496,0,5,6.402604725333181,3.0284199965535663,1521.0046399952262,442.0
1789884783,50,POST,POST /api/v1/auth/login,0.000000,0.000000,0,0,0,0,0,0,0,0,0,0,0,50,0,1300.0,1369.1218887201103,628.633758999058,2104.1982940005255,1622.0
1789884783,50,POST,POST /api/v1/auth/refresh,0.000000,0.000000,0,0,0,0,0,0,0,0,0,0,0,100,0,27,29.209557120193494,18.447431997628883,75.96593200287316,1622.0
1789884783,50,,Aggregated,25.600000,0.000000,6,7,7,8,9,11,12,14,36,36,36,58103,0,6,9.400462174104948,3.0284199965535663,2104.1982940005255,6819.65710892725
1789884784,50,GET,GET /api/v1/reservas,19.300000,0.000000,6,7,7,8,9,11,12,17,36,36,36,43469,0,7,8.789942864813348,4.633864002244081,1957.275683998887,8965.0
1789884784,50,GET,GET /api/v1/reservas/{id},6.700000,0.000000,5,5,5,6,7,8,12,16,16,16,16,14504,0,5,6.402445685149792,3.0284199965535663,1521.0046399952262,442.0
1789884784,50,POST,POST /api/v1/auth/login,0.000000,0.000000,0,0,0,0,0,0,0,0,0,0,0,50,0,1300.0,1369.1218887201103,628.633758999058,2104.1982940005255,1622.0
1789884784,50,POST,POST /api/v1/auth/refresh,0.000000,0.000000,0,0,0,0,0,0,0,0,0,0,0,100,0,27,29.209557120193494,18.447431997628883,75.96593200287316,1622.0
1789884784,50,,Aggregated,26.000000,0.000000,6,7,7,7,8,11,12,16,36,36,36,58123,0,6,9.39951738134654,3.0284199965535663,2104.1982940005255,6819.222218398912
1789884785,50,GET,GET /api/v1/reservas,19.000000,0.000000,7,7,8,9,11,12,16,20,36,36,36,43494,0,7,8.790424388986487,4.633864002244081,1957.275683998887,8965.0
1789884785,50,GET,GET /api/v1/reservas/{id},6.500000,0.000000,5,5,6,6,7,10,12,16,16,16,16,14509,0,5,6.40241003676464,3.0284199965535663,1521.0046399952262,442.0
1789884785,50,POST,POST /api/v1/auth/login,0.000000,0.000000,0,0,0,0,0,0,0,0,0,0,0,50,0,1300.0,1369.1218887201103,628.633758999058,2104.1982940005255,1622.0
1789884785,50,POST,POST /api/v1/auth/refresh,0.000000,0.000000,0,0,0,0,0,0,0,0,0,0,0,100,0,27,29.209557120193494,18.447431997628883,75.96593200287316,1622.0
1789884785,50,,Aggregated,25.500000,0.000000,6,7,7,8,10,12,16,17,36,36,36,58153,0,6,9.399348885629584,3.0284199965535663,2104.1982940005255,6819.596375079532
1789884786,50,GET,GET /api/v1/reservas,18.400000,0.000000,7,7,8,8,11,12,16,20,36,36,36,43514,0,7,8.789337890508293,4.633864002244081,1957.275683998887,8965.0
1789884786,50,GET,GET /api/v1/reservas/{id},6.600000,0.000000,5,5,6,6,7,10,12,16,16,16,16,14511,0,5,6.402251673173341,3.0284199965535663,1521.0046399952262,442.0
1789884786,50,POST,POST /api/v1/auth/login,0.000000,0.000000,0,0,0,0,0,0,0,0,0,0,0,50,0,1300.0,1369.1218887201103,628.633758999058,2104.1982940005255,1622.0
1789884786,50,POST,POST /api/v1/auth/refresh,0.000000,0.000000,0,0,0,0,0,0,0,0,0,0,0,100,0,27,29.209557120193494,18.447431997628883,75.96593200287316,1622.0
1789884786,50,,Aggregated,25.000000,0.000000,6,7,7,8,10,12,16,17,36,36,36,58175,0,6,9.398184325655643,3.0284199965535663,2104.1982940005255,6820.114688440051
1789884787,50,GET,GET /api/v1/reservas,18.500000,0.000000,7,7,8,9,11,12,16,20,36,36,36,43537,0,7,8.788538967809943,4.633864002244081,1957.275683998887,8965.0
1789884787,50,GET,GET /api/v1/reservas/{id},7.000000,0.000000,5,5,6,6,7,10,12,16,16,16,16,14516,0,5,6.401753635947202,3.0284199965535663,1521.0046399952262,442.0
1789884787,50,POST,POST /api/v1/auth/login,0.000000,0.000000,0,0,0,0,0,0,0,0,0,0,0,50,0,1300.0,1369.1218887201103,628.633758999058,2104.1982940005255,1622.0
1789884787,50,POST,POST /api/v1/auth/refresh,0.000000,0.000000,0,0,0,0,0,0,0,0,0,0,0,100,0,27,29.209557120193494,18.447431997628883,75.96593200287316,1622.0
1789884787,50,,Aggregated,25.500000,0.000000,6,7,8,8,10,12,16,17,36,36,36,58203,0,6,9.396964537377313,3.0284199965535663,2104.1982940005255,6820.414360084532
1789884788,50,GET,GET /api/v1/reservas,17.900000,0.000000,7,7,8,8,10,12,16,20,36,36,36,43557,0,7,8.78729445291326,4.633864002244081,1957.275683998887,8965.0
1789884788,50,GET,GET /api/v1/reservas/{id},6.300000,0.000000,5,5,5,6,6,10,12,16,16,16,16,14520,0,5,6.401272157397289,3.0284199965535663,1521.0046399952262,442.0
1789884788,50,POST,POST /api/v1/auth/login,0.000000,0.000000,0,0,0,0,0,0,0,0,0,0,0,50,0,1300.0,1369.1218887201103,628.633758999058,2104.1982940005255,1622.0
1789884788,50,POST,POST /api/v1/auth/refresh,0.000000,0.000000,0,0,0,0,0,0,0,0,0,0,0,100,0,27,29.209557120193494,18.447431997628883,75.96593200287316,1622.0
1789884788,50,,Aggregated,24.200000,0.000000,6,7,7,8,10,12,16,17,36,36,36,58227,0,6,9.395498761038212,3.0284199965535663,2104.1982940005255,6820.712813643156
1789884789,50,GET,GET /api/v1/reservas,18.300000,0.000000,7,7,8,8,11,12,14,17,20,20,20,43572,0,7,8.787231646069163,4.633864002244081,1957.275683998887,8965.0
1789884789,50,GET,GET /api/v1/reservas/{id},5.900000,0.000000,5,5,5,6,6,10,12,16,16,16,16,14528,0,5,6.40077921526719,3.0284199965535663,1521.0046399952262,442.0
1789884789,50,POST,POST /api/v1/auth/login,0.000000,0.000000,0,0,0,0,0,0,0,0,0,0,0,50,0,1300.0,1369.1218887201103,628.633758999058,2104.1982940005255,1622.0
1789884789,50,POST,POST /api/v1/auth/refresh,0.000000,0.000000,0,0,0,0,0,0,0,0,0,0,0,100,0,27,29.209557120193494,18.447431997628883,75.96593200287316,1622.0
1789884789,50,,Aggregated,24.200000,0.000000,6,7,8,8,10,12,14,16,20,20,20,58250,0,6,9.394760993475494,3.0284199965535663,2104.1982940005255,6820.388944206009
1789884790,50,GET,GET /api/v1/reservas,19.100000,0.000000,6,7,8,8,10,12,13,16,20,20,20,43590,0,7,8.786380411368071,4.633864002244081,1957.275683998887,8965.0
1789884790,50,GET,GET /api/v1/reservas/{id},5.700000,0.000000,5,5,5,6,6,10,16,16,16,16,16,14534,0,5,6.400020968516314,3.0284199965535663,1521.0046399952262,442.0
1789884790,50,POST,POST /api/v1/auth/login,0.000000,0.000000,0,0,0,0,0,0,0,0,0,0,0,50,0,1300.0,1369.1218887201103,628.633758999058,2104.1982940005255,1622.0
1789884790,50,POST,POST /api/v1/auth/refresh,0.000000,0.000000,0,0,0,0,0,0,0,0,0,0,0,100,0,27,29.209557120193494,18.447431997628883,75.96593200287316,1622.0
1789884790,50,,Aggregated,24.800000,0.000000,6,7,7,8,10,12,13,16,20,20,20,58274,0,6,9.393439218793466,3.0284199965535663,2104.1982940005255,6820.394652846896
1789884791,50,GET,GET /api/v1/reservas,19.500000,0.000000,6,7,8,8,10,12,13,16,20,20,20,43612,0,7,8.785096652654396,4.633864002244081,1957.275683998887,8965.0
1789884791,50,GET,GET /api/v1/reservas/{id},5.700000,0.000000,5,5,5,5,6,10,10,16,16,16,16,14542,0,5,6.39879302609109,3.0284199965535663,1521.0046399952262,442.0
1789884791,50,POST,POST /api/v1/auth/login,0.000000,0.000000,0,0,0,0,0,0,0,0,0,0,0,50,0,1300.0,1369.1218887201103,628.633758999058,2104.1982940005255,1622.0
1789884791,50,POST,POST /api/v1/auth/refresh,0.000000,0.000000,0,0,0,0,0,0,0,0,0,0,0,100,0,27,29.209557120193494,18.447431997628883,75.96593200287316,1622.0
1789884791,50,,Aggregated,25.200000,0.000000,6,7,7,8,10,12,13,16,20,20,20,58304,0,6,9.391532888806955,3.0284199965535663,2104.1982940005255,6820.328690998902
1789884792,50,GET,GET /api/v1/reservas,19.100000,0.000000,7,7,8,9,10,12,13,16,20,20,20,43627,0,7,8.784433799357588,4.633864002244081,1957.275683998887,8965.0
1789884792,50,GET,GET /api/v1/reservas/{id},5.400000,0.000000,5,5,5,6,6,10,16,16,16,16,16,14542,0,5,6.39879302609109,3.0284199965535663,1521.0046399952262,442.0
1789884792,50,POST,POST /api/v1/auth/login,0.000000,0.000000,0,0,0,0,0,0,0,0,0,0,0,50,0,1300.0,1369.1218887201103,628.633758999058,2104.1982940005255,1622.0
1789884792,50,POST,POST /api/v1/auth/refresh,0.000000,0.000000,0,0,0,0,0,0,0,0,0,0,0,100,0,27,29.209557120193494,18.447431997628883,75.96593200287316,1622.0
1789884792,50,,Aggregated,24.500000,0.000000,6,7,7,8,10,12,13,16,20,20,20,58319,0,6,9.390881045594243,3.0284199965535663,2104.1982940005255,6820.880313448447
1789884793,50,GET,GET /api/v1/reservas,19.300000,0.000000,7,7,8,8,10,12,13,16,20,20,20,43652,0,7,8.783093236749021,4.633864002244081,1957.275683998887,8965.0
1789884793,50,GET,GET /api/v1/reservas/{id},5.200000,0.000000,5,5,6,6,7,10,16,16,16,16,16,14545,0,5,6.398799944683395,3.0284199965535663,1521.0046399952262,442.0
1789884793,50,POST,POST /api/v1/auth/login,0.000000,0.000000,0,0,0,0,0,0,0,0,0,0,0,50,0,1300.0,1369.1218887201103,628.633758999058,2104.1982940005255,1622.0
1789884793,50,POST,POST /api/v1/auth/refresh,0.000000,0.000000,0,0,0,0,0,0,0,0,0,0,0,100,0,27,29.209557120193494,18.447431997628883,75.96593200287316,1622.0
1789884793,50,,Aggregated,24.500000,0.000000,6,7,7,8,10,12,13,16,20,20,20,58347,0,6,9.38946614759986,3.0284199965535663,2104.1982940005255,6821.47102678801
1789884794,50,GET,GET /api/v1/reservas,19.000000,0.000000,6,7,7,7,9,10,12,12,13,13,13,43674,0,7,8.781665113901704,4.633864002244081,1957.275683998887,8965.0
1789884794,50,GET,GET /api/v1/reservas/{id},5.300000,0.000000,5,5,5,5,6,7,10,10,10,10,10,14551,0,5,6.397757692902875,3.0284199965535663,1521.0046399952262,442.0
1789884794,50,POST,POST /api/v1/auth/login,0.000000,0.000000,0,0,0,0,0,0,0,0,0,0,0,50,0,1300.0,1369.1218887201103,628.633758999058,2104.1982940005255,1622.0
1789884794,50,POST,POST /api/v1/auth/refresh,0.000000,0.000000,0,0,0,0,0,0,0,0,0,0,0,100,0,27,29.209557120193494,18.447431997628883,75.96593200287316,1622.0
1789884794,50,,Aggregated,24.300000,0.000000,6,7,7,7,8,10,11,12,13,13,13,58375,0,6,9.387601961832868,3.0284199965535663,2104.1982940005255,6821.623160599572
1789884795,50,GET,GET /api/v1/reservas,19.000000,0.000000,6,7,7,8,9,10,12,13,14,14,14,43692,0,7,8.781575141273978,4.633864002244081,1957.275683998887,8965.0
1789884795,50,GET,GET /api/v1/reservas/{id},4.900000,0.000000,5,5,5,6,7,7,10,10,10,10,10,14554,0,5,6.397773239207822,3.0284199965535663,1521.0046399952262,442.0
1789884795,50,POST,POST /api/v1/auth/login,0.000000,0.000000,0,0,0,0,0,0,0,0,0,0,0,50,0,1300.0,1369.1218887201103,628.633758999058,2104.1982940005255,1622.0
1789884795,50,POST,POST /api/v1/auth/refresh,0.000000,0.000000,0,0,0,0,0,0,0,0,0,0,0,100,0,27,29.209557120193494,18.447431997628883,75.96593200287316,1622.0
1789884795,50,,Aggregated,23.900000,0.000000,6,7,7,7,9,10,12,12,14,14,14,58396,0,6,9.387198146174295,3.0284199965535663,2104.1982940005255,6821.956092883074
1789884796,50,GET,GET /api/v1/reservas,19.700000,0.000000,6,7,7,8,9,10,12,13,14,14,14,43710,0,7,8.780445933781074,4.633864002244081,1957.275683998887,8965.0
1789884796,50,GET,GET /api/v1/reservas/{id},4.800000,0.000000,5,5,5,5,6,7,8,10,10,10,10,14564,0,5,6.396525916810922,3.0284199965535663,1521.0046399952262,442.0
1789884796,50,POST,POST /api/v1/auth/login,0.000000,0.000000,0,0,0,0,0,0,0,0,0,0,0,50,0,1300.0,1369.1218887201103,628.633758999058,2104.1982940005255,1622.0
1789884796,50,POST,POST /api/v1/auth/refresh,0.000000,0.000000,0,0,0,0,0,0,0,0,0,0,0,100,0,27,29.209557120193494,18.447431997628883,75.96593200287316,1622.0
1789884796,50,,Aggregated,24.500000,0.000000,6,7,7,7,9,10,12,12,14,14,14,58424,0,6,9.385344128543508,3.0284199965535663,2104.1982940005255,6821.524339312611
1789884797,50,GET,GET /api/v1/reservas,19.900000,0.000000,6,7,7,8,9,11,12,13,14,14,14,43726,0,7,8.779774066975582,4.633864002244081,1957.275683998887,8965.0
1789884797,50,GET,GET /api/v1/reservas/{id},4.600000,0.000000,5,5,5,5,6,7,8,10,10,10,10,14571,0,5,6.395564750011852,3.0284199965535663,1521.0046399952262,442.0
1789884797,50,POST,POST /api/v1/auth/login,0.000000,0.000000,0,0,0,0,0,0,0,0,0,0,0,50,0,1300.0,1369.1218887201103,628.633758999058,2104.1982940005255,1622.0
1789884797,50,POST,POST /api/v1/auth/refresh,0.000000,0.000000,0,0,0,0,0,0,0,0,0,0,0,100,0,27,29.209557120193494,18.447431997628883,75.96593200287316,1622.0
1789884797,50,,Aggregated,24.500000,0.000000,6,7,7,7,9,10,12,12,14,14,14,58447,0,6,9.384078309802351,3.0284199965535663,2104.1982940005255,6821.347066573135
1789884798,50,GET,GET /api/v1/reservas,19.800000,0.000000,6,7,7,8,9,11,12,13,14,14,14,43751,0,7,8.77847126281846,4.633864002244081,1957.275683998887,8965.0
1789884798,50,GET,GET /api/v1/reservas/{id},4.800000,0.000000,5,5,5,5,7,7,10,10,10,10,10,14575,0,5,6.395119376837813,3.0284199965535663,1521.0046399952262,442.0
1789884798,50,POST,POST /api/v1/auth/login,0.000000,0.000000,0,0,0,0,0,0,0,0,0,0,0,50,0,1300.0,1369.1218887201103,628.633758999058,2104.1982940005255,1622.0
1789884798,50,POST,POST /api/v1/auth/refresh,0.000000,0.000000,0,0,0,0,0,0,0,0,0,0,0,100,0,27,29.209557120193494,18.447431997628883,75.96593200287316,1622.0
1789884798,50,,Aggregated,24.600000,0.000000,6,7,7,7,9,10,12,12,14,14,14,58476,0,6,9.382529777772122,3.0284199965535663,2104.1982940005255,6821.827159860455
1789884799,50,GET,GET /api/v1/reservas,19.200000,0.000000,6,7,7,7,9,10,11,11,14,14,14,43766,0,7,8.777742348845623,4.633864002244081,1957.275683998887,8965.0
1789884799,50,GET,GET /api/v1/reservas/{id},5.700000,0.000000,5,5,5,5,6,7,7,8,8,8,8,14585,0,5,6.3938738838137334,3.0284199965535663,1521.0046399952262,442.0
1789884799,50,POST,POST /api/v1/auth/login,0.000000,0.000000,0,0,0,0,0,0,0,0,0,0,0,50,0,1300.0,1369.1218887201103,628.633758999058,2104.1982940005255,1622.0
1789884799,50,POST,POST /api/v1/auth/refresh,0.000000,0.000000,0,0,0,0,0,0,0,0,0,0,0,100,0,27,29.209557120193494,18.447431997628883,75.96593200287316,1622.0
1789884799,50,,Aggregated,24.900000,0.000000,6,7,7,7,8,9,11,11,14,14,14,58501,0,6,9.381008399566191,3.0284199965535663,2104.1982940005255,6821.286131860994
1789884800,50,GET,GET /api/v1/reservas,18.900000,0.000000,6,7,7,7,9,10,12,14,16,16,16,43784,0,7,8.77714600659109,4.633864002244081,1957.275683998887,8965.0
1789884800,50,GET,GET /api/v1/reservas/{id},5.500000,0.000000,5,5,5,6,7,7,8,8,8,8,8,14591,0,5,6.393599223317087,3.0284199965535663,1521.0046399952262,442.0
1789884800,50,POST,POST /api/v1/auth/login,0.000000,0.000000,0,0,0,0,0,0,0,0,0,0,0,50,0,1300.0,1369.1218887201103,628.633758999058,2104.1982940005255,1622.0
1789884800,50,POST,POST /api/v1/auth/refresh,0.000000,0.000000,0,0,0,0,0,0,0,0,0,0,0,100,0,27,29.209557120193494,18.447431997628883,75.96593200287316,1622.0
1789884800,50,,Aggregated,24.400000,0.000000,6,7,7,7,8,10,11,12,16,16,16,58525,0,6,9.380002002016658,3.0284199965535663,2104.1982940005255,6821.291448099103
1789884801,50,GET,GET /api/v1/reservas,19.100000,0.000000,6,7,7,7,9,11,13,16,20,20,20,43799,0,7,8.776799138715143,4.633864002244081,1957.275683998887,8965.0
1789884801,50,GET,GET /api/v1/reservas/{id},5.600000,0.000000,5,5,5,6,7,7,8,8,8,8,8,14597,0,5,6.392966286251898,3.0284199965535663,1521.0046399952262,442.0
1789884801,50,POST,POST /api/v1/auth/login,0.000000,0.000000,0,0,0,0,0,0,0,0,0,0,0,50,0,1300.0,1369.1218887201103,628.633758999058,2104.1982940005255,1622.0
1789884801,50,POST,POST /api/v1/auth/refresh,0.000000,0.000000,0,0,0,0,0,0,0,0,0,0,0,100,0,27,29.209557120193494,18.447431997628883,75.96593200287316,1622.0
1789884801,50,,Aggregated,24.700000,0.000000,6,7,7,7,8,10,12,14,20,20,20,58546,0,6,9.379124184487834,3.0284199965535663,2104.1982940005255,6821.186912854849
1789884802,50,GET,GET /api/v1/reservas,19.100000,0.000000,6,7,7,7,9,11,13,16,20,20,20,43821,0,7,8.775605875415398,4.633864002244081,1957.275683998887,8965.0
1789884802,50,GET,GET /api/v1/reservas/{id},5.800000,0.000000,5,5,5,6,7,8,10,12,12,12,12,14606,0,5,6.392696743832226,3.0284199965535663,1521.0046399952262,442.0
1789884802,50,POST,POST /api/v1/auth/login,0.000000,0.000000,0,0,0,0,0,0,0,0,0,0,0,50,0,1300.0,1369.1218887201103,628.633758999058,2104.1982940005255,1622.0
1789884802,50,POST,POST /api/v1/auth/refresh,0.000000,0.000000,0,0,0,0,0,0,0,0,0,0,0,100,0,27,29.209557120193494,18.447431997628883,75.96593200287316,1622.0
1789884802,50,,Aggregated,24.900000,0.000000,6,7,7,7,8,10,12,14,20,20,20,58577,0,6,9.37747928120274,3.0284199965535663,2104.1982940005255,6821.011950082797
1789884803,50,GET,GET /api/v1/reservas,19.100000,0.000000,6,7,7,7,9,11,13,16,20,20,20,43837,0,7,8.774613941751896,4.633864002244081,1957.275683998887,8965.0
1789884803,50,GET,GET /api/v1/reservas/{id},5.900000,0.000000,5,5,5,6,7,7,10,12,12,12,12,14614,0,5,6.391759476009768,3.0284199965535663,1521.0046399952262,442.0
1789884803,50,POST,POST /api/v1/auth/login,0.000000,0.000000,0,0,0,0,0,0,0,0,0,0,0,50,0,1300.0,1369.1218887201103,628.633758999058,2104.1982940005255,1622.0
1789884803,50,POST,POST /api/v1/auth/refresh,0.000000,0.000000,0,0,0,0,0,0,0,0,0,0,0,100,0,27,29.209557120193494,18.447431997628883,75.96593200287316,1622.0
1789884803,50,,Aggregated,25.000000,0.000000,6,6,7,7,8,10,12,14,20,20,20,58601,0,6,9.375931716097101,3.0284199965535663,2104.1982940005255,6820.726489309056
1789884804,50,GET,GET /api/v1/reservas,19.000000,0.000000,6,7,7,7,9,11,13,16,20,20,20,43855,0,7,8.77376456571796,4.633864002244081,1957.275683998887,8965.0
1789884804,50,GET,GET /api/v1/reservas/{id},6.000000,0.000000,5,5,5,6,7,7,10,12,12,12,12,14620,0,5,6.390965579165351,3.0284199965535663,1521.0046399952262,442.0
1789884804,50,POST,POST /api/v1/auth/login,0.000000,0.000000,0,0,0,0,0,0,0,0,0,0,0,50,0,1300.0,1369.1218887201103,628.633758999058,2104.1982940005255,1622.0
1789884804,50,POST,POST /api/v1/auth/refresh,0.000000,0.000000,0,0,0,0,0,0,0,0,0,0,0,100,0,27,29.209557120193494,18.447431997628883,75.96593200287316,1622.0
1789884804,50,,Aggregated,25.000000,0.000000,6,6,7,7,8,10,12,14,20,20,20,58625,0,6,9.374608306097743,3.0284199965535663,2104.1982940005255,6820.732025586354
1789884805,50,GET,GET /api/v1/reservas,18.500000,0.000000,6,7,7,7,8,11,13,16,20,20,20,43870,0,7,8.773496151733614,4.633864002244081,1957.275683998887,8965.0
1789884805,50,GET,GET /api/v1/reservas/{id},6.600000,0.000000,4,5,5,5,6,7,10,12,12,12,12,14625,0,5,6.390323771856343,3.0284199965535663,1521.0046399952262,442.0
1789884805,50,POST,POST /api/v1/auth/login,0.000000,0.000000,0,0,0,0,0,0,0,0,0,0,0,50,0,1300.0,1369.1218887201103,628.633758999058,2104.1982940005255,1622.0
1789884805,50,POST,POST /api/v1/auth/refresh,0.000000,0.000000,0,0,0,0,0,0,0,0,0,0,0,100,0,27,29.209557120193494,18.447431997628883,75.96593200287316,1622.0
1789884805,50,,Aggregated,25.100000,0.000000,6,6,7,7,8,10,12,15,20,20,20,58645,0,6,9.373839397868087,3.0284199965535663,2104.1982940005255,6820.736635689317
1789884806,50,GET,GET /api/v1/reservas,18.200000,0.000000,6,7,7,7,9,11,13,16,20,20,20,43898,0,7,8.772190006003411,4.633864002244081,1957.275683998887,8965.0
1789884806,50,GET,GET /api/v1/reservas/{id},6.800000,0.000000,5,5,5,6,7,8,10,12,12,12,12,14629,0,5,6.389953021218353,3.0284199965535663,1521.0046399952262,442.0
1789884806,50,POST,POST /api/v1/auth/login,0.000000,0.000000,0,0,0,0,0,0,0,0,0,0,0,50,0,1300.0,1369.1218887201103,628.633758999058,2104.1982940005255,1622.0
1789884806,50,POST,POST /api/v1/auth/refresh,0.000000,0.000000,0,0,0,0,0,0,0,0,0,0,0,100,0,27,29.209557120193494,18.447431997628883,75.96593200287316,1622.0
1789884806,50,,Aggregated,25.000000,0.000000,6,7,7,7,8,10,12,15,20,20,20,58677,0,6,9.372279935561842,3.0284199965535663,2104.1982940005255,6821.325016616392
1789884807,50,GET,GET /api/v1/reservas,18.000000,0.000000,6,7,7,7,9,10,13,16,20,20,20,43913,0,7,8.771260905325079,4.633864002244081,1957.275683998887,8965.0
1789884807,50,GET,GET /api/v1/reservas/{id},7.100000,0.000000,4,5,5,6,7,8,10,12,12,12,12,14634,0,5,6.389244761063778,3.0284199965535663,1521.0046399952262,442.0
1789884807,50,POST,POST /api/v1/auth/login,0.000000,0.000000,0,0,0,0,0,0,0,0,0,0,0,50,0,1300.0,1369.1218887201103,628.633758999058,2104.1982940005255,1622.0
1789884807,50,POST,POST /api/v1/auth/refresh,0.000000,0.000000,0,0,0,0,0,0,0,0,0,0,0,100,0,27,29.209557120193494,18.447431997628883,75.96593200287316,1622.0
1789884807,50,,Aggregated,25.100000,0.000000,6,7,7,7,8,9,12,15,20,20,20,58697,0,6,9.37100087086169,3.0284199965535663,2104.1982940005255,6821.3294205836755
1789884808,50,GET,GET /api/v1/reservas,18.000000,0.000000,6,7,7,7,9,10,13,16,20,20,20,43935,0,7,8.770132281245747,4.633864002244081,1957.275683998887,8965.0
1789884808,50,GET,GET /api/v1/reservas/{id},6.900000,0.000000,5,5,5,6,7,8,10,12,12,12,12,14637,0,5,6.389222901578616,3.0284199965535663,1521.0046399952262,442.0
1789884808,50,POST,POST /api/v1/auth/login,0.000000,0.000000,0,0,0,0,0,0,0,0,0,0,0,50,0,1300.0,1369.1218887201103,628.633758999058,2104.1982940005255,1622.0
1789884808,50,POST,POST /api/v1/auth/refresh,0.000000,0.000000,0,0,0,0,0,0,0,0,0,0,0,100,0,27,29.209557120193494,18.447431997628883,75.96593200287316,1622.0
1789884808,50,,Aggregated,24.900000,0.000000,6,7,7,7,8,10,12,15,20,20,20,58722,0,6,9.369773977980302,3.0284199965535663,2104.1982940005255,6821.806631245529
1789884809,50,GET,GET /api/v1/reservas,18.900000,0.000000,6,7,7,7,8,9,12,15,20,20,20,43954,0,7,8.769151007133651,4.633864002244081,1957.275683998887,8965.0
1789884809,50,GET,GET /api/v1/reservas/{id},6.300000,0.000000,5,5,5,6,7,8,10,12,12,12,12,14641,0,5,6.388806842115257,3.0284199965535663,1521.0046399952262,442.0
1789884809,50,POST,POST /api/v1/auth/login,0.000000,0.000000,0,0,0,0,0,0,0,0,0,0,0,50,0,1300.0,1369.1218887201103,628.633758999058,2104.1982940005255,1622.0
1789884809,50,POST,POST /api/v1/auth/refresh,0.000000,0.000000,0,0,0,0,0,0,0,0,0,0,0,100,0,27,29.209557120193494,18.447431997628883,75.96593200287316,1622.0
1789884809,50,,Aggregated,25.200000,0.000000,6,7,7,7,8,9,12,13,20,20,20,58745,0,6,9.368539186160232,3.0284199965535663,2104.1982940005255,6822.06540131075
1789884810,50,GET,GET /api/v1/reservas,18.500000,0.000000,6,7,7,8,9,11,14,20,20,20,20,43973,0,7,8.769167046972877,4.633864002244081,1957.275683998887,8965.0
1789884810,50,GET,GET /api/v1/reservas/{id},6.500000,0.000000,5,5,5,6,7,9,10,12,12,12,12,14646,0,5,6.388917988420394,3.0284199965535663,1521.0046399952262,442.0
1789884810,50,POST,POST /api/v1/auth/login,0.000000,0.000000,0,0,0,0,0,0,0,0,0,0,0,50,0,1300.0,1369.1218887201103,628.633758999058,2104.1982940005255,1622.0
1789884810,50,POST,POST /api/v1/auth/refresh,0.000000,0.000000,0,0,0,0,0,0,0,0,0,0,0,100,0,27,29.209557120193494,18.447431997628883,75.96593200287316,1622.0
1789884810,50,,Aggregated,25.000000,0.000000,6,7,7,7,9,10,13,15,20,20,20,58769,0,6,9.368131592556697,3.0284199965535663,2104.1982940005255,6822.215402678283
1789884811,50,GET,GET /api/v1/reservas,18.500000,0.000000,6,7,7,8,9,10,14,15,20,20,20,43996,0,7,8.76820802883284,4.633864002244081,1957.275683998887,8965.0
1789884811,50,GET,GET /api/v1/reservas/{id},5.800000,0.000000,5,5,5,6,7,8,9,9,9,9,9,14650,0,5,6.388491575659111,3.0284199965535663,1521.0046399952262,442.0
1789884811,50,POST,POST /api/v1/auth/login,0.000000,0.000000,0,0,0,0,0,0,0,0,0,0,0,50,0,1300.0,1369.1218887201103,628.633758999058,2104.1982940005255,1622.0
1789884811,50,POST,POST /api/v1/auth/refresh,0.000000,0.000000,0,0,0,0,0,0,0,0,0,0,0,100,0,27,29.209557120193494,18.447431997628883,75.96593200287316,1622.0
1789884811,50,,Aggregated,24.300000,0.000000,6,7,7,7,9,9,12,15,20,20,20,58796,0,6,9.366870742362698,3.0284199965535663,2104.1982940005255,6822.6195659568675
1789884812,50,GET,GET /api/v1/reservas,19.400000,0.000000,6,7,7,8,9,10,14,15,20,20,20,44017,0,7,8.767104987403215,4.633864002244081,1957.275683998887,8965.0
1789884812,50,GET,GET /api/v1/reservas/{id},5.600000,0.000000,5,5,5,6,7,8,9,9,9,9,9,14656,0,5,6.387846900955531,3.0284199965535663,1521.0046399952262,442.0
1789884812,50,POST,POST /api/v1/auth/login,0.000000,0.000000,0,0,0,0,0,0,0,0,0,0,0,50,0,1300.0,1369.1218887201103,628.633758999058,2104.1982940005255,1622.0
1789884812,50,POST,POST /api/v1/auth/refresh,0.000000,0.000000,0,0,0,0,0,0,0,0,0,0,0,100,0,27,29.209557120193494,18.447431997628883,75.96593200287316,1622.0
1789884812,50,,Aggregated,25.000000,0.000000,6,7,7,7,9,9,12,15,20,20,20,58823,0,6,9.365367195806964,3.0284199965535663,2104.1982940005255,6822.733573602162
1789884813,50,GET,GET /api/v1/reservas,19.200000,0.000000,6,7,7,8,9,10,14,15,20,20,20,44031,0,7,8.766484838761922,4.633864002244081,1957.275683998887,8965.0
1789884813,50,GET,GET /api/v1/reservas/{id},5.300000,0.000000,5,5,5,6,7,8,9,9,9,9,9,14661,0,5,6.387351106637392,3.0284199965535663,1521.0046399952262,442.0
1789884813,50,POST,POST /api/v1/auth/login,0.000000,0.000000,0,0,0,0,0,0,0,0,0,0,0,50,0,1300.0,1369.1218887201103,628.633758999058,2104.1982940005255,1622.0
1789884813,50,POST,POST /api/v1/auth/refresh,0.000000,0.000000,0,0,0,0,0,0,0,0,0,0,0,100,0,27,29.209557120193494,18.447431997628883,75.96593200287316,1622.0
1789884813,50,,Aggregated,24.500000,0.000000,6,7,7,8,9,10,12,15,20,20,20,58842,0,6,9.364384260527485,3.0284199965535663,2104.1982940005255,6822.70108086061
1789884814,50,GET,GET /api/v1/reservas,19.600000,0.000000,6,7,8,8,9,10,14,15,20,20,20,44053,0,7,8.765487269958955,4.633864002244081,1957.275683998887,8965.0
1789884814,50,GET,GET /api/v1/reservas/{id},5.000000,0.000000,5,5,5,6,7,8,9,9,9,9,9,14667,0,5,6.3865901693881435,3.0284199965535663,1521.0046399952262,442.0
1789884814,50,POST,POST /api/v1/auth/login,0.000000,0.000000,0,0,0,0,0,0,0,0,0,0,0,50,0,1300.0,1369.1218887201103,628.633758999058,2104.1982940005255,1622.0
1789884814,50,POST,POST /api/v1/auth/refresh,0.000000,0.000000,0,0,0,0,0,0,0,0,0,0,0,100,0,27,29.209557120193494,18.447431997628883,75.96593200287316,1622.0
1789884814,50,,Aggregated,24.600000,0.000000,6,7,7,8,9,10,12,15,20,20,20,58870,0,6,9.362921332867996,3.0284199965535663,2104.1982940005255,6822.851350433158
1789884815,50,GET,GET /api/v1/reservas,20.000000,0.000000,6,7,7,8,9,10,14,16,20,20,20,44078,0,7,8.7643127203026,4.633864002244081,1957.275683998887,8965.0
1789884815,50,GET,GET /api/v1/reservas/{id},4.900000,0.000000,5,5,5,6,7,7,9,9,9,9,9,14672,0,5,6.385924913536808,3.0284199965535663,1521.0046399952262,442.0
1789884815,50,POST,POST /api/v1/auth/login,0.000000,0.000000,0,0,0,0,0,0,0,0,0,0,0,50,0,1300.0,1369.1218887201103,628.633758999058,2104.1982940005255,1622.0
1789884815,50,POST,POST /api/v1/auth/refresh,0.000000,0.000000,0,0,0,0,0,0,0,0,0,0,0,100,0,27,29.209557120193494,18.447431997628883,75.96593200287316,1622.0
1789884815,50,,Aggregated,24.900000,0.000000,6,7,7,7,8,9,12,15,20,20,20,58900,0,6,9.361370400083725,3.0284199965535663,2104.1982940005255,6823.218913412564
1789884816,50,GET,GET /api/v1/reservas,20.400000,0.000000,6,7,7,8,9,10,14,16,20,20,20,44096,0,7,8.76341379089928,4.633864002244081,1957.275683998887,8965.0
1789884816,50,GET,GET /api/v1/reservas/{id},4.600000,0.000000,5,5,5,6,7,7,9,9,9,9,9,14678,0,5,6.385257600519089,3.0284199965535663,1521.0046399952262,442.0
1789884816,50,POST,POST /api/v1/auth/login,0.000000,0.000000,0,0,0,0,0,0,0,0,0,0,0,50,0,1300.0,1369.1218887201103,628.633758999058,2104.1982940005255,1622.0
1789884816,50,POST,POST /api/v1/auth/refresh,0.000000,0.000000,0,0,0,0,0,0,0,0,0,0,0,100,0,27,29.209557120193494,18.447431997628883,75.96593200287316,1622.0
1789884816,50,,Aggregated,25.000000,0.000000,6,7,7,8,9,9,12,15,20,20,20,58924,0,6,9.36004608872336,3.0284199965535663,2104.1982940005255,6823.223406421832
1789884817,50,GET,GET /api/v1/reservas,20.300000,0.000000,6,7,7,8,9,10,14,16,20,20,20,44115,0,7,8.762326881638879,4.633864002244081,1957.275683998887,8965.0
1789884817,50,GET,GET /api/v1/reservas/{id},4.700000,0.000000,5,5,5,6,7,7,9,9,9,9,9,14681,0,5,6.384992597671512,3.0284199965535663,1521.0046399952262,442.0
1789884817,50,POST,POST /api/v1/auth/login,0.000000,0.000000,0,0,0,0,0,0,0,0,0,0,0,50,0,1300.0,1369.1218887201103,628.633758999058,2104.1982940005255,1622.0
1789884817,50,POST,POST /api/v1/auth/refresh,0.000000,0.000000,0,0,0,0,0,0,0,0,0,0,0,100,0,27,29.209557120193494,18.447431997628883,75.96593200287316,1622.0
1789884817,50,,Aggregated,25.000000,0.000000,6,7,7,7,9,9,12,15,20,20,20,58946,0,6,9.358822937229599,3.0284199965535663,2104.1982940005255,6823.588996708852
1789884818,50,GET,GET /api/v1/reservas,20.300000,0.000000,6,7,8,8,9,10,15,16,20,20,20,44140,0,7,8.761749432362938,4.633864002244081,1957.275683998887,8965.0
1789884818,50,GET,GET /api/v1/reservas/{id},4.700000,0.000000,5,5,5,6,7,7,9,9,9,9,9,14689,0,5,6.384225964968255,3.0284199965535663,1521.0046399952262,442.0
1789884818,50,POST,POST /api/v1/auth/login,0.000000,0.000000,0,0,0,0,0,0,0,0,0,0,0,50,0,1300.0,1369.1218887201103,628.633758999058,2104.1982940005255,1622.0
1789884818,50,POST,POST /api/v1/auth/refresh,0.000000,0.000000,0,0,0,0,0,0,0,0,0,0,0,100,0,27,29.209557120193494,18.447431997628883,75.96593200287316,1622.0
1789884818,50,,Aggregated,25.000000,0.000000,6,7,7,8,9,10,14,15,20,20,20,58979,0,6,9.357543622169581,3.0284199965535663,2104.1982940005255,6823.631089031689
1789884819,50,GET,GET /api/v1/reservas,20.100000,0.000000,6,7,7,8,9,10,12,15,16,16,16,44156,0,7,8.76100080010654,4.633864002244081,1957.275683998887,8965.0
1789884819,50,GET,GET /api/v1/reservas/{id},4.800000,0.000000,5,5,5,5,6,7,7,9,9,9,9,14696,0,5,6.383148383330295,3.0284199965535663,1521.0046399952262,442.0
1789884819,50,POST,POST /api/v1/auth/login,0.000000,0.000000,0,0,0,0,0,0,0,0,0,0,0,50,0,1300.0,1369.1218887201103,628.633758999058,2104.1982940005255,1622.0
1789884819,50,POST,POST /api/v1/auth/refresh,0.000000,0.000000,0,0,0,0,0,0,0,0,0,0,0,100,0,27,29.209557120193494,18.447431997628883,75.96593200287316,1622.0
1789884819,50,,Aggregated,24.900000,0.000000,6,7,7,7,9,10,12,15,16,16,16,59002,0,6,9.35620063928253,3.0284199965535663,2104.1982940005255,6823.454662553811
1789884820,50,GET,GET /api/v1/reservas,20.200000,0.000000,6,7,8,8,9,11,14,15,16,16,16,44176,0,7,8.760808472235572,4.633864002244081,1957.275683998887,8965.0
1789884820,50,GET,GET /api/v1/reservas/{id},4.800000,0.000000,5,5,5,5,6,7,7,7,7,7,7,14700,0,5,6.382723125606557,3.0284199965535663,1521.0046399952262,442.0
1789884820,50,POST,POST /api/v1/auth/login,0.000000,0.000000,0,0,0,0,0,0,0,0,0,0,0,50,0,1300.0,1369.1218887201103,628.633758999058,2104.1982940005255,1622.0
1789884820,50,POST,POST /api/v1/auth/refresh,0.000000,0.000000,0,0,0,0,0,0,0,0,0,0,0,100,0,27,29.209557120193494,18.447431997628883,75.96593200287316,1622.0
1789884820,50,,Aggregated,25.000000,0.000000,6,7,7,8,9,10,12,15,16,16,16,59026,0,6,9.355547642800067,3.0284199965535663,2104.1982940005255,6823.747839934944
1789884821,50,GET,GET /api/v1/reservas,20.400000,0.000000,7,7,8,8,10,11,15,17,21,21,21,44193,0,7,8.760686910223255,4.633864002244081,1957.275683998887,8965.0
1789884821,50,GET,GET /api/v1/reservas/{id},5.200000,0.000000,5,5,5,5,6,7,7,8,8,8,8,14707,0,5,6.382298753343007,3.0284199965535663,1521.0046399952262,442.0
1789884821,50,POST,POST /api/v1/auth/login,0.000000,0.000000,0,0,0,0,0,0,0,0,0,0,0,50,0,1300.0,1369.1218887201103,628.633758999058,2104.1982940005255,1622.0
1789884821,50,POST,POST /api/v1/auth/refresh,0.000000,0.000000,0,0,0,0,0,0,0,0,0,0,0,100,0,27,29.209557120193494,18.447431997628883,75.96593200287316,1622.0
1789884821,50,,Aggregated,25.600000,0.000000,6,7,7,8,9,10,14,16,21,21,21,59050,0,6,9.354827341861707,3.0284199965535663,2104.1982940005255,6823.607773073666
1789884822,50,GET,GET /api/v1/reservas,19.800000,0.000000,6,7,8,8,10,11,16,21,21,21,21,44210,0,7,8.760082647059637,4.633864002244081,1957.275683998887,8965.0
1789884822,50,GET,GET /api/v1/reservas/{id},5.700000,0.000000,5,5,5,5,7,8,16,23,23,23,23,14717,0,5,6.383073485249557,3.0284199965535663,1521.0046399952262,442.0
1789884822,50,POST,POST /api/v1/auth/login,0.000000,0.000000,0,0,0,0,0,0,0,0,0,0,0,50,0,1300.0,1369.1218887201103,628.633758999058,2104.1982940005255,1622.0
1789884822,50,POST,POST /api/v1/auth/refresh,0.000000,0.000000,0,0,0,0,0,0,0,0,0,0,0,100,0,27,29.209557120193494,18.447431997628883,75.96593200287316,1622.0
1789884822,50,,Aggregated,25.500000,0.000000,6,7,7,8,9,11,16,21,23,23,23,59077,0,6,9.353894010476939,3.0284199965535663,2104.1982940005255,6823.143761531561
1789884823,50,GET,GET /api/v1/reservas,19.900000,0.000000,6,7,7,8,10,11,16,21,21,21,21,44234,0,7,8.758745680302606,4.633864002244081,1957.275683998887,8965.0
1789884823,50,GET,GET /api/v1/reservas/{id},5.700000,0.000000,5,5,5,5,7,8,16,23,23,23,23,14720,0,5,6.382800647990102,3.0284199965535663,1521.0046399952262,442.0
1789884823,50,POST,POST /api/v1/auth/login,0.000000,0.000000,0,0,0,0,0,0,0,0,0,0,0,50,0,1300.0,1369.1218887201103,628.633758999058,2104.1982940005255,1622.0
1789884823,50,POST,POST /api/v1/auth/refresh,0.000000,0.000000,0,0,0,0,0,0,0,0,0,0,0,100,0,27,29.209557120193494,18.447431997628883,75.96593200287316,1622.0
1789884823,50,,Aggregated,25.600000,0.000000,6,7,7,7,9,11,16,21,23,23,23,59104,0,6,9.352433542720316,3.0284199965535663,2104.1982940005255,6823.689597996751
1789884824,50,GET,GET /api/v1/reservas,20.000000,0.000000,6,7,7,8,10,11,16,21,21,21,21,44249,0,7,8.757910511119064,4.633864002244081,1957.275683998887,8965.0
1789884824,50,GET,GET /api/v1/reservas/{id},6.100000,0.000000,5,5,5,5,7,8,16,23,23,23,23,14728,0,5,6.381795696591516,3.0284199965535663,1521.0046399952262,442.0
1789884824,50,POST,POST /api/v1/auth/login,0.000000,0.000000,0,0,0,0,0,0,0,0,0,0,0,50,0,1300.0,1369.1218887201103,628.633758999058,2104.1982940005255,1622.0
1789884824,50,POST,POST /api/v1/auth/refresh,0.000000,0.000000,0,0,0,0,0,0,0,0,0,0,0,100,0,27,29.209557120193494,18.447431997628883,75.96593200287316,1622.0
1789884824,50,,Aggregated,26.100000,0.000000,6,7,7,7,9,11,16,21,23,23,23,59127,0,6,9.35100579048369,3.0284199965535663,2104.1982940005255,6823.369374397484
1789884825,50,GET,GET /api/v1/reservas,19.400000,0.000000,6,7,7,8,9,11,15,21,21,21,21,44272,0,7,8.756882563595646,4.633864002244081,1957.275683998887,8965.0
1789884825,50,GET,GET /api/v1/reservas/{id},5.900000,0.000000,5,5,5,5,6,7,16,23,23,23,23,14735,0,5,6.380778830567094,3.0284199965535663,1521.0046399952262,442.0
1789884825,50,POST,POST /api/v1/auth/login,0.000000,0.000000,0,0,0,0,0,0,0,0,0,0,0,50,0,1300.0,1369.1218887201103,628.633758999058,2104.1982940005255,1622.0
1789884825,50,POST,POST /api/v1/auth/refresh,0.000000,0.000000,0,0,0,0,0,0,0,0,0,0,0,100,0,27,29.209557120193494,18.447431997628883,75.96593200287316,1622.0
1789884825,50,,Aggregated,25.300000,0.000000,6,7,7,7,9,11,15,21,23,23,23,59157,0,6,9.349401272409587,3.0284199965535663,2104.1982940005255,6823.446929357472
1789884826,50,GET,GET /api/v1/reservas,19.400000,0.000000,7,7,8,8,10,12,15,21,21,21,21,44285,0,7,8.75669105267039,4.633864002244081,1957.275683998887,8965.0
1789884826,50,GET,GET /api/v1/reservas/{id},6.200000,0.000000,5,5,5,5,6,7,16,23,23,23,23,14742,0,5,6.38032409357062,3.0284199965535663,1521.0046399952262,442.0
1789884826,50,POST,POST /api/v1/auth/login,0.000000,0.000000,0,0,0,0,0,0,0,0,0,0,0,50,0,1300.0,1369.1218887201103,628.633758999058,2104.1982940005255,1622.0
1789884826,50,POST,POST /api/v1/auth/refresh,0.000000,0.000000,0,0,0,0,0,0,0,0,0,0,0,100,0,27,29.209557120193494,18.447431997628883,75.96593200287316,1622.0
1789884826,50,,Aggregated,25.600000,0.000000,6,7,7,8,9,11,16,21,23,23,23,59177,0,6,9.348663352365739,3.0284199965535663,2104.1982940005255,6823.16252936107
1789884827,50,GET,GET /api/v1/reservas,18.800000,0.000000,7,7,8,8,10,12,14,21,21,21,21,44303,0,7,8.755803588052608,4.633864002244081,1957.275683998887,8965.0
1789884827,50,GET,GET /api/v1/reservas/{id},6.200000,0.000000,5,5,5,5,6,7,16,23,23,23,23,14749,0,5,6.379727149461583,3.0284199965535663,1521.0046399952262,442.0
1789884827,50,POST,POST /api/v1/auth/login,0.000000,0.000000,0,0,0,0,0,0,0,0,0,0,0,50,0,1300.0,1369.1218887201103,628.633758999058,2104.1982940005255,1622.0
1789884827,50,POST,POST /api/v1/auth/refresh,0.000000,0.000000,0,0,0,0,0,0,0,0,0,0,0,100,0,27,29.209557120193494,18.447431997628883,75.96593200287316,1622.0
1789884827,50,,Aggregated,25.000000,0.000000,6,7,7,8,9,11,16,21,23,23,23,59202,0,6,9.347319554017169,3.0284199965535663,2104.1982940005255,6823.059237863586
1789884828,50,GET,GET /api/v1/reservas,19.700000,0.000000,7,7,7,8,9,12,14,21,21,21,21,44325,0,7,8.755108706790478,4.633864002244081,1957.275683998887,8965.0
1789884828,50,GET,GET /api/v1/reservas/{id},6.400000,0.000000,5,5,5,5,6,8,16,23,23,23,23,14754,0,5,6.379511765515209,3.0284199965535663,1521.0046399952262,442.0
1789884828,50,POST,POST /api/v1/auth/login,0.000000,0.000000,0,0,0,0,0,0,0,0,0,0,0,50,0,1300.0,1369.1218887201103,628.633758999058,2104.1982940005255,1622.0
1789884828,50,POST,POST /api/v1/auth/refresh,0.000000,0.000000,0,0,0,0,0,0,0,0,0,0,0,100,0,27,29.209557120193494,18.447431997628883,75.96593200287316,1622.0
1789884828,50,,Aggregated,26.100000,0.000000,6,7,7,7,9,11,16,21,23,23,23,59229,0,6,9.346275644784145,3.0284199965535663,2104.1982940005255,6823.316162690574
1789884829,50,GET,GET /api/v1/reservas,18.300000,0.000000,7,7,7,8,9,11,14,21,21,21,21,44344,0,7,8.754062587373298,4.633864002244081,1957.275683998887,8965.0
1789884829,50,GET,GET /api/v1/reservas/{id},6.400000,0.000000,5,5,5,5,6,8,16,23,23,23,23,14763,0,5,6.378419289196773,3.0284199965535663,1521.0046399952262,442.0
1789884829,50,POST,POST /api/v1/auth/login,0.000000,0.000000,0,0,0,0,0,0,0,0,0,0,0,50,0,1300.0,1369.1218887201103,628.633758999058,2104.1982940005255,1622.0
1789884829,50,POST,POST /api/v1/auth/refresh,0.000000,0.000000,0,0,0,0,0,0,0,0,0,0,0,100,0,27,29.209557120193494,18.447431997628883,75.96593200287316,1622.0
1789884829,50,,Aggregated,24.700000,0.000000,6,7,7,7,9,11,16,21,23,23,23,59257,0,6,9.344580479756218,3.0284199965535663,2104.1982940005255,6823.033666908551
1789884830,50,GET,GET /api/v1/reservas,19.100000,0.000000,7,7,7,8,9,10,17,21,21,21,21,44362,0,7,8.753505402697968,4.633864002244081,1957.275683998887,8965.0
1789884830,50,GET,GET /api/v1/reservas/{id},6.600000,0.000000,5,5,5,5,6,7,16,23,23,23,23,14768,0,5,6.377783541062311,3.0284199965535663,1521.0046399952262,442.0
1789884830,50,POST,POST /api/v1/auth/login,0.000000,0.000000,0,0,0,0,0,0,0,0,0,0,0,50,0,1300.0,1369.1218887201103,628.633758999058,2104.1982940005255,1622.0
1789884830,50,POST,POST /api/v1/auth/refresh,0.000000,0.000000,0,0,0,0,0,0,0,0,0,0,0,100,0,27,29.209557120193494,18.447431997628883,75.96593200287316,1622.0
1789884830,50,,Aggregated,25.700000,0.000000,6,7,7,7,8,10,17,21,23,23,23,59280,0,6,9.343575643672676,3.0284199965535663,2104.1982940005255,6823.145850202429
1789884831,50,GET,GET /api/v1/reservas,18.700000,0.000000,6,7,7,8,8,10,14,17,19,19,19,44377,0,7,8.753377821946184,4.633864002244081,1957.275683998887,8965.0
1789884831,50,GET,GET /api/v1/reservas/{id},6.600000,0.000000,5,5,5,5,6,7,9,11,11,11,11,14779,0,5,6.37726406261621,3.0284199965535663,1521.0046399952262,442.0
1789884831,50,POST,POST /api/v1/auth/login,0.000000,0.000000,0,0,0,0,0,0,0,0,0,0,0,50,0,1300.0,1369.1218887201103,628.633758999058,2104.1982940005255,1622.0
1789884831,50,POST,POST /api/v1/auth/refresh,0.000000,0.000000,0,0,0,0,0,0,0,0,0,0,0,100,0,27,29.209557120193494,18.447431997628883,75.96593200287316,1622.0
1789884831,50,,Aggregated,25.300000,0.000000,6,7,7,7,8,10,14,14,19,19,19,59306,0,6,9.342651389976252,3.0284199965535663,2104.1982940005255,6822.504013084679
1789884832,50,GET,GET /api/v1/reservas,18.700000,0.000000,6,7,7,7,8,10,14,17,19,19,19,44394,0,7,8.75237332886259,4.633864002244081,1957.275683998887,8965.0
1789884832,50,GET,GET /api/v1/reservas/{id},6.500000,0.000000,5,5,5,5,6,7,9,11,11,11,11,14785,0,5,6.376482381427313,3.0284199965535663,1521.0046399952262,442.0
1789884832,50,POST,POST /api/v1/auth/login,0.000000,0.000000,0,0,0,0,0,0,0,0,0,0,0,50,0,1300.0,1369.1218887201103,628.633758999058,2104.1982940005255,1622.0
1789884832,50,POST,POST /api/v1/auth/refresh,0.000000,0.000000,0,0,0,0,0,0,0,0,0,0,0,100,0,27,29.209557120193494,18.447431997628883,75.96593200287316,1622.0
1789884832,50,,Aggregated,25.200000,0.000000,6,7,7,7,8,10,14,14,19,19,19,59329,0,6,9.34123622038041,3.0284199965535663,2104.1982940005255,6822.472652497093
1789884833,50,GET,GET /api/v1/reservas,18.100000,0.000000,7,7,7,8,9,10,14,17,19,19,19,44412,0,7,8.75162460108821,4.633864002244081,1957.275683998887,8965.0
1789884833,50,GET,GET /api/v1/reservas/{id},6.900000,0.000000,5,5,5,5,6,7,9,11,11,11,11,14791,0,5,6.375690391684854,3.0284199965535663,1521.0046399952262,442.0
1789884833,50,POST,POST /api/v1/auth/login,0.000000,0.000000,0,0,0,0,0,0,0,0,0,0,0,50,0,1300.0,1369.1218887201103,628.633758999058,2104.1982940005255,1622.0
1789884833,50,POST,POST /api/v1/auth/refresh,0.000000,0.000000,0,0,0,0,0,0,0,0,0,0,0,100,0,27,29.209557120193494,18.447431997628883,75.96593200287316,1622.0
1789884833,50,,Aggregated,25.000000,0.000000,6,7,7,7,8,10,14,14,19,19,19,59353,0,6,9.340000311946504,3.0284199965535663,2104.1982940005255,6822.47741478948
1789884834,50,GET,GET /api/v1/reservas,18.200000,0.000000,7,7,7,7,9,10,14,17,19,19,19,44432,0,7,8.750636601739894,4.633864002244081,1957.275683998887,8965.0
1789884834,50,GET,GET /api/v1/reservas/{id},7.000000,0.000000,5,5,5,5,6,7,9,11,11,11,11,14801,0,5,6.374348224403903,3.0284199965535663,1521.0046399952262,442.0
1789884834,50,POST,POST /api/v1/auth/login,0.000000,0.000000,0,0,0,0,0,0,0,0,0,0,0,50,0,1300.0,1369.1218887201103,628.633758999058,2104.1982940005255,1622.0
1789884834,50,POST,POST /api/v1/auth/refresh,0.000000,0.000000,0,0,0,0,0,0,0,0,0,0,0,100,0,27,29.209557120193494,18.447431997628883,75.96593200287316,1622.0
1789884834,50,,Aggregated,25.200000,0.000000,6,7,7,7,8,10,14,14,19,19,19,59383,0,6,9.338229185220177,3.0284199965535663,2104.1982940005255,6822.124547429399
1789884835,50,GET,GET /api/v1/reservas,18.200000,0.000000,7,7,7,7,8,10,14,17,19,19,19,44453,0,7,8.749512770983259,4.633864002244081,1957.275683998887,8965.0
1789884835,50,GET,GET /api/v1/reservas/{id},7.100000,0.000000,5,5,5,5,6,7,9,11,11,11,11,14804,0,5,6.374036557038766,3.0284199965535663,1521.0046399952262,442.0
1789884835,50,POST,POST /api/v1/auth/login,0.000000,0.000000,0,0,0,0,0,0,0,0,0,0,0,50,0,1300.0,1369.1218887201103,628.633758999058,2104.1982940005255,1622.0
1789884835,50,POST,POST /api/v1/auth/refresh,0.000000,0.000000,0,0,0,0,0,0,0,0,0,0,0,100,0,27,29.209557120193494,18.447431997628883,75.96593200287316,1622.0
1789884835,50,,Aggregated,25.300000,0.000000,6,7,7,7,8,10,13,14,19,19,19,59407,0,6,9.336953196541511,3.0284199965535663,2104.1982940005255,6822.559849849345
1789884836,50,GET,GET /api/v1/reservas,18.200000,0.000000,7,7,7,7,9,10,14,17,19,19,19,44468,0,7,8.749134520700865,4.633864002244081,1957.275683998887,8965.0
1789884836,50,GET,GET /api/v1/reservas/{id},7.000000,0.000000,5,5,5,6,7,8,10,11,11,11,11,14811,0,5,6.373822582769251,3.0284199965535663,1521.0046399952262,442.0
1789884836,50,POST,POST /api/v1/auth/login,0.000000,0.000000,0,0,0,0,0,0,0,0,0,0,0,50,0,1300.0,1369.1218887201103,628.633758999058,2104.1982940005255,1622.0
1789884836,50,POST,POST /api/v1/auth/refresh,0.000000,0.000000,0,0,0,0,0,0,0,0,0,0,0,100,0,27,29.209557120193494,18.447431997628883,75.96593200287316,1622.0
1789884836,50,,Aggregated,25.200000,0.000000,6,7,7,7,8,10,13,14,19,19,19,59429,0,6,9.336119576098245,3.0284199965535663,2104.1982940005255,6822.349055175083
1789884837,50,GET,GET /api/v1/reservas,18.800000,0.000000,7,7,7,8,9,10,14,17,19,19,19,44491,0,7,8.748080830179953,4.633864002244081,1957.275683998887,8965.0
1789884837,50,GET,GET /api/v1/reservas/{id},7.000000,0.000000,4,5,5,5,7,8,10,11,11,11,11,14818,0,5,6.372757621837686,3.0284199965535663,1521.0046399952262,442.0
1789884837,50,POST,POST /api/v1/auth/login,0.000000,0.000000,0,0,0,0,0,0,0,0,0,0,0,50,0,1300.0,1369.1218887201103,628.633758999058,2104.1982940005255,1622.0
1789884837,50,POST,POST /api/v1/auth/refresh,0.000000,0.000000,0,0,0,0,0,0,0,0,0,0,0,100,0,27,29.209557120193494,18.447431997628883,75.96593200287316,1622.0
1789884837,50,,Aggregated,25.800000,0.000000,6,7,7,7,8,10,13,14,19,19,19,59459,0,6,9.334489930943136,3.0284199965535663,2104.1982940005255,6822.42673102474
1789884838,50,GET,GET /api/v1/reservas,17.800000,0.000000,7,7,7,7,8,9,13,17,19,19,19,44509,0,7,8.747170554169509,4.633864002244081,1957.275683998887,8965.0
1789884838,50,GET,GET /api/v1/reservas/{id},7.000000,0.000000,4,5,5,5,6,7,9,10,10,10,10,14822,0,5,6.372253491593407,3.0284199965535663,1521.0046399952262,442.0
1789884838,50,POST,POST /api/v1/auth/login,0.000000,0.000000,0,0,0,0,0,0,0,0,0,0,0,50,0,1300.0,1369.1218887201103,628.633758999058,2104.1982940005255,1622.0
1789884838,50,POST,POST /api/v1/auth/refresh,0.000000,0.000000,0,0,0,0,0,0,0,0,0,0,0,100,0,27,29.209557120193494,18.447431997628883,75.96593200287316,1622.0
1789884838,50,,Aggregated,24.800000,0.000000,6,7,7,7,8,9,11,14,19,19,19,59481,0,6,9.333306528066927,3.0284199965535663,2104.1982940005255,6822.646038230696
1789884839,50,GET,GET /api/v1/reservas,19.000000,0.000000,7,7,7,8,9,10,14,17,19,19,19,44529,0,7,8.746811242483231,4.633864002244081,1957.275683998887,8965.0
1789884839,50,GET,GET /api/v1/reservas/{id},7.100000,0.000000,5,5,5,6,6,7,9,10,10,10,10,14828,0,5,6.371795606312165,3.0284199965535663,1521.0046399952262,442.0
1789884839,50,POST,POST /api/v1/auth/login,0.000000,0.000000,0,0,0,0,0,0,0,0,0,0,0,50,0,1300.0,1369.1218887201103,628.633758999058,2104.1982940005255,1622.0
1789884839,50,POST,POST /api/v1/auth/refresh,0.000000,0.000000,0,0,0,0,0,0,0,0,0,0,0,100,0,27,29.209557120193494,18.447431997628883,75.96593200287316,1622.0
1789884839,50,,Aggregated,26.100000,0.000000,6,7,7,7,8,10,13,16,19,19,19,59507,0,6,9.332428003679453,3.0284199965535663,2104.1982940005255,6822.722721696608
1789884840,50,GET,GET /api/v1/reservas,18.300000,0.000000,7,7,7,8,9,10,13,16,19,19,19,44539,0,7,8.746596858473055,4.633864002244081,1957.275683998887,8965.0
1789884840,50,GET,GET /api/v1/reservas/{id},6.800000,0.000000,5,5,5,5,6,6,7,10,10,10,10,14834,0,5,6.371063402414559,3.0284199965535663,1521.0046399952262,442.0
1789884840,50,POST,POST /api/v1/auth/login,0.000000,0.000000,0,0,0,0,0,0,0,0,0,0,0,50,0,1300.0,1369.1218887201103,628.633758999058,2104.1982940005255,1622.0
1789884840,50,POST,POST /api/v1/auth/refresh,0.000000,0.000000,0,0,0,0,0,0,0,0,0,0,0,100,0,27,29.209557120193494,18.447431997628883,75.96593200287316,1622.0
1789884840,50,,Aggregated,25.100000,0.000000,6,7,7,7,8,9,12,14,19,19,19,59523,0,6,9.331688290895448,3.0284199965535663,2104.1982940005255,6822.4394435764325
1789884841,50,GET,GET /api/v1/reservas,18.600000,0.000000,7,7,8,8,10,14,44,53,88,88,88,44561,0,7,8.752165203216569,4.633864002244081,1957.275683998887,8965.0
1789884841,50,GET,GET /api/v1/reservas/{id},6.600000,0.000000,5,5,6,6,7,21,68,75,75,75,75,14844,0,5,6.3842934227584465,3.0284199965535663,1521.0046399952262,442.0
1789884841,50,POST,POST /api/v1/auth/login,0.000000,0.000000,0,0,0,0,0,0,0,0,0,0,0,50,0,1300.0,1369.1218887201103,628.633758999058,2104.1982940005255,1622.0
1789884841,50,POST,POST /api/v1/auth/refresh,0.000000,0.000000,0,0,0,0,0,0,0,0,0,0,0,100,0,27,29.209557120193494,18.447431997628883,75.96593200287316,1622.0
1789884841,50,,Aggregated,25.200000,0.000000,6,7,7,8,9,16,53,68,88,88,88,59555,0,6,9.338439011602404,3.0284199965535663,2104.1982940005255,6822.159566787003
1789884842,50,GET,GET /api/v1/reservas,18.300000,0.000000,7,8,9,9,16,44,76,110,120,120,120,44579,0,7,8.762730786099748,4.633864002244081,1957.275683998887,8965.0
1789884842,50,GET,GET /api/v1/reservas/{id},6.700000,0.000000,5,6,6,7,10,58,75,91,91,91,91,14849,0,5,6.391419070874985,3.0284199965535663,1521.0046399952262,442.0
1789884842,50,POST,POST /api/v1/auth/login,0.000000,0.000000,0,0,0,0,0,0,0,0,0,0,0,50,0,1300.0,1369.1218887201103,628.633758999058,2104.1982940005255,1622.0
1789884842,50,POST,POST /api/v1/auth/refresh,0.000000,0.000000,0,0,0,0,0,0,0,0,0,0,0,100,0,27,29.209557120193494,18.447431997628883,75.96593200287316,1622.0
1789884842,50,,Aggregated,25.000000,0.000000,7,7,8,9,16,51,76,91,120,120,120,59578,0,6,9.3476955863739,3.0284199965535663,2104.1982940005255,6822.271526402364
1789884843,50,GET,GET /api/v1/reservas,18.200000,0.000000,7,9,11,13,24,53,83,110,120,120,120,44602,0,7,8.768445289147353,4.633864002244081,1957.275683998887,8965.0
1789884843,50,GET,GET /api/v1/reservas/{id},6.400000,0.000000,5,6,7,8,25,68,75,91,91,91,91,14852,0,5,6.3960343091444685,3.0284199965535663,1521.0046399952262,442.0
1789884843,50,POST,POST /api/v1/auth/login,0.000000,0.000000,0,0,0,0,0,0,0,0,0,0,0,50,0,1300.0,1369.1218887201103,628.633758999058,2104.1982940005255,1622.0
1789884843,50,POST,POST /api/v1/auth/refresh,0.000000,0.000000,0,0,0,0,0,0,0,0,0,0,0,100,0,27,29.209557120193494,18.447431997628883,75.96593200287316,1622.0
1789884843,50,,Aggregated,24.600000,0.000000,7,8,10,13,24,56,83,91,120,120,120,59604,0,6,9.35274727357199,3.0284199965535663,2104.1982940005255,6822.777229716126
1789884844,50,GET,GET /api/v1/reservas,18.100000,0.000000,8,9,11,13,24,53,83,110,120,120,120,44622,0,7,8.768005812145681,4.633864002244081,1957.275683998887,8965.0
1789884844,50,GET,GET /api/v1/reservas/{id},6.300000,0.000000,6,6,7,8,25,68,75,91,91,91,91,14860,0,5,6.396060277888393,3.0284199965535663,1521.0046399952262,442.0
1789884844,50,POST,POST /api/v1/auth/login,0.000000,0.000000,0,0,0,0,0,0,0,0,0,0,0,50,0,1300.0,1369.1218887201103,628.633758999058,2104.1982940005255,1622.0
1789884844,50,POST,POST /api/v1/auth/refresh,0.000000,0.000000,0,0,0,0,0,0,0,0,0,0,0,100,0,27,29.209557120193494,18.447431997628883,75.96593200287316,1622.0
1789884844,50,,Aggregated,24.400000,0.000000,7,9,10,13,24,56,83,91,120,120,120,59632,0,6,9.351832258301028,3.0284199965535663,2104.1982940005255,6822.639690099276
1789884845,50,GET,GET /api/v1/reservas,18.800000,0.000000,8,9,11,13,24,51,83,110,120,120,120,44640,0,7,8.767199527880058,4.633864002244081,1957.275683998887,8965.0
1789884845,50,GET,GET /api/v1/reservas/{id},6.300000,0.000000,6,6,8,8,25,68,75,91,91,91,91,14863,0,5,6.3957717097100915,3.0284199965535663,1521.0046399952262,442.0
1789884845,50,POST,POST /api/v1/auth/login,0.000000,0.000000,0,0,0,0,0,0,0,0,0,0,0,50,0,1300.0,1369.1218887201103,628.633758999058,2104.1982940005255,1622.0
1789884845,50,POST,POST /api/v1/auth/refresh,0.000000,0.000000,0,0,0,0,0,0,0,0,0,0,0,100,0,27,29.209557120193494,18.447431997628883,75.96593200287316,1622.0
1789884845,50,,Aggregated,25.100000,0.000000,7,8,10,13,24,56,83,91,120,120,120,59653,0,6,9.350832179337294,3.0284199965535663,2104.1982940005255,6822.965249023519
1789884846,50,GET,GET /api/v1/reservas,18.700000,0.000000,8,9,11,13,24,51,83,110,120,120,120,44668,0,7,8.766496949820496,4.633864002244081,1957.275683998887,8965.0
1789884846,50,GET,GET /api/v1/reservas/{id},6.300000,0.000000,6,7,7,8,25,68,75,91,91,91,91,14870,0,5,6.395250363646106,3.0284199965535663,1521.0046399952262,442.0
1789884846,50,POST,POST /api/v1/auth/login,0.000000,0.000000,0,0,0,0,0,0,0,0,0,0,0,50,0,1300.0,1369.1218887201103,628.633758999058,2104.1982940005255,1622.0
1789884846,50,POST,POST /api/v1/auth/refresh,0.000000,0.000000,0,0,0,0,0,0,0,0,0,0,0,100,0,27,29.209557120193494,18.447431997628883,75.96593200287316,1622.0
1789884846,50,,Aggregated,25.000000,0.000000,7,8,10,13,24,53,83,91,120,120,120,59688,0,6,9.349556172262773,3.0284199965535663,2104.1982940005255,6823.221753116204
1789884847,50,GET,GET /api/v1/reservas,18.700000,0.000000,8,9,12,13,24,51,83,110,120,120,120,44682,0,7,8.765984526287651,4.633864002244081,1957.275683998887,8965.0
1789884847,50,GET,GET /api/v1/reservas/{id},5.900000,0.000000,6,6,7,8,25,68,75,91,91,91,91,14875,0,5,6.3946421918260645,3.0284199965535663,1521.0046399952262,442.0
1789884847,50,POST,POST /api/v1/auth/login,0.000000,0.000000,0,0,0,0,0,0,0,0,0,0,0,50,0,1300.0,1369.1218887201103,628.633758999058,2104.1982940005255,1622.0
1789884847,50,POST,POST /api/v1/auth/refresh,0.000000,0.000000,0,0,0,0,0,0,0,0,0,0,0,100,0,27,29.209557120193494,18.447431997628883,75.96593200287316,1622.0
1789884847,50,,Aggregated,24.600000,0.000000,7,9,10,13,24,53,83,91,120,120,120,59707,0,6,9.348637066927138,3.0284199965535663,2104.1982940005255,6823.189575761636
1789884848,50,GET,GET /api/v1/reservas,19.200000,0.000000,8,9,11,13,24,51,83,110,120,120,120,44700,0,7,8.76493478356994,4.633864002244081,1957.275683998887,8965.0
1789884848,50,GET,GET /api/v1/reservas/{id},5.900000,0.000000,6,6,7,8,25,68,75,91,91,91,91,14883,0,5,6.39349895742965,3.0284199965535663,1521.0046399952262,442.0
1789884848,50,POST,POST /api/v1/auth/login,0.000000,0.000000,0,0,0,0,0,0,0,0,0,0,0,50,0,1300.0,1369.1218887201103,628.633758999058,2104.1982940005255,1622.0
1789884848,50,POST,POST /api/v1/auth/refresh,0.000000,0.000000,0,0,0,0,0,0,0,0,0,0,0,100,0,27,29.209557120193494,18.447431997628883,75.96593200287316,1622.0
1789884848,50,,Aggregated,25.100000,0.000000,7,8,10,12,24,56,83,91,120,120,120,59733,0,6,9.346995462424838,3.0284199965535663,2104.1982940005255,6822.980362613631
1789884849,50,GET,GET /api/v1/reservas,19.300000,0.000000,8,9,11,13,24,51,83,110,120,120,120,44716,0,7,8.764115220738907,4.633864002244081,1957.275683998887,8965.0
1789884849,50,GET,GET /api/v1/reservas/{id},5.700000,0.000000,6,6,7,8,25,68,75,91,91,91,91,14891,0,5,6.392660337815915,3.0284199965535663,1521.0046399952262,442.0
1789884849,50,POST,POST /api/v1/auth/login,0.000000,0.000000,0,0,0,0,0,0,0,0,0,0,0,50,0,1300.0,1369.1218887201103,628.633758999058,2104.1982940005255,1622.0
1789884849,50,POST,POST /api/v1/auth/refresh,0.000000,0.000000,0,0,0,0,0,0,0,0,0,0,0,100,0,27,29.209557120193494,18.447431997628883,75.96593200287316,1622.0
1789884849,50,,Aggregated,25.000000,0.000000,7,8,10,12,24,53,83,91,120,120,120,59757,0,6,9.34562195975365,3.0284199965535663,2104.1982940005255,6822.699633515739
1789884850,50,GET,GET /api/v1/reservas,19.500000,0.000000,7,9,11,13,24,51,83,110,120,120,120,44734,0,7,8.763129200151521,4.633864002244081,1957.275683998887,8965.0
1789884850,50,GET,GET /api/v1/reservas/{id},6.000000,0.000000,5,6,7,7,21,65,75,91,91,91,91,14900,0,5,6.391501949827386,3.0284199965535663,1521.0046399952262,442.0
1789884850,50,POST,POST /api/v1/auth/login,0.000000,0.000000,0,0,0,0,0,0,0,0,0,0,0,50,0,1300.0,1369.1218887201103,628.633758999058,2104.1982940005255,1622.0
1789884850,50,POST,POST /api/v1/auth/refresh,0.000000,0.000000,0,0,0,0,0,0,0,0,0,0,0,100,0,27,29.209557120193494,18.447431997628883,75.96593200287316,1622.0
1789884850,50,,Aggregated,25.500000,0.000000,7,8,10,12,24,53,83,91,120,120,120,59784,0,6,9.343975826977577,3.0284199965535663,2104.1982940005255,6822.384082697712
1789884851,50,GET,GET /api/v1/reservas,18.400000,0.000000,7,8,10,11,14,20,51,76,83,83,83,44750,0,7,8.762798909577391,4.633864002244081,1957.275683998887,8965.0
1789884851,50,GET,GET /api/v1/reservas/{id},6.300000,0.000000,5,6,6,7,8,14,25,65,65,65,65,14904,0,5,6.3913617180240685,3.0284199965535663,1521.0046399952262,442.0
1789884851,50,POST,POST /api/v1/auth/login,0.000000,0.000000,0,0,0,0,0,0,0,0,0,0,0,50,0,1300.0,1369.1218887201103,628.633758999058,2104.1982940005255,1622.0
1789884851,50,POST,POST /api/v1/auth/refresh,0.000000,0.000000,0,0,0,0,0,0,0,0,0,0,0,100,0,27,29.209557120193494,18.447431997628883,75.96593200287316,1622.0
1789884851,50,,Aggregated,24.700000,0.000000,7,8,9,10,13,20,51,69,83,83,83,59804,0,6,9.343340853405127,3.0284199965535663,2104.1982940005255,6822.53056651729
1789884852,50,GET,GET /api/v1/reservas,19.000000,0.000000,7,8,8,9,11,12,13,20,29,29,29,44775,0,7,8.762208490644596,4.633864002244081,1957.275683998887,8965.0
1789884852,50,GET,GET /api/v1/reservas/{id},6.200000,0.000000,5,6,6,6,7,8,8,10,10,10,10,14911,0,5,6.391049399666343,3.0284199965535663,1521.0046399952262,442.0
1789884852,50,POST,POST /api/v1/auth/login,0.000000,0.000000,0,0,0,0,0,0,0,0,0,0,0,50,0,1300.0,1369.1218887201103,628.633758999058,2104.1982940005255,1622.0
1789884852,50,POST,POST /api/v1/auth/refresh,0.000000,0.000000,0,0,0,0,0,0,0,0,0,0,0,100,0,27,29.209557120193494,18.447431997628883,75.96593200287316,1622.0
1789884852,50,,Aggregated,25.200000,0.000000,6,7,8,8,10,12,13,16,29,29,29,59836,0,6,9.34223331965803,3.0284199965535663,2104.1982940005255,6822.679273347149
1789884853,50,GET,GET /api/v1/reservas,19.300000,0.000000,7,7,8,8,9,11,12,12,16,16,16,44792,0,7,8.761403824602503,4.633864002244081,1957.275683998887,8965.0
1789884853,50,GET,GET /api/v1/reservas/{id},6.500000,0.000000,5,5,6,6,7,7,8,10,10,10,10,14917,0,5,6.3904036897783225,3.0284199965535663,1521.0046399952262,442.0
1789884853,50,POST,POST /api/v1/auth/login,0.000000,0.000000,0,0,0,0,0,0,0,0,0,0,0,50,0,1300.0,1369.1218887201103,628.633758999058,2104.1982940005255,1622.0
1789884853,50,POST,POST /api/v1/auth/refresh,0.000000,0.000000,0,0,0,0,0,0,0,0,0,0,0,100,0,27,29.209557120193494,18.447431997628883,75.96593200287316,1622.0
1789884853,50,,Aggregated,25.800000,0.000000,6,7,7,8,9,10,12,12,16,16,16,59859,0,6,9.34100974122588,3.0284199965535663,2104.1982940005255,6822.64812308926
1789884854,50,GET,GET /api/v1/reservas,19.100000,0.000000,6,7,7,8,9,11,12,12,12,12,12,44810,0,7,8.760438779325558,4.633864002244081,1957.275683998887,8965.0
1789884854,50,GET,GET /api/v1/reservas/{id},6.100000,0.000000,5,5,6,6,7,7,7,8,8,8,8,14919,0,5,6.390143541083483,3.0284199965535663,1521.0046399952262,442.0
1789884854,50,POST,POST /api/v1/auth/login,0.000000,0.000000,0,0,0,0,0,0,0,0,0,0,0,50,0,1300.0,1369.1218887201103,628.633758999058,2104.1982940005255,1622.0
1789884854,50,POST,POST /api/v1/auth/refresh,0.000000,0.000000,0,0,0,0,0,0,0,0,0,0,0,100,0,27,29.209557120193494,18.447431997628883,75.96593200287316,1622.0
1789884854,50,,Aggregated,25.200000,0.000000,6,7,7,7,9,10,12,12,12,12,12,59879,0,6,9.339949954725766,3.0284199965535663,2104.1982940005255,6823.0790093354935
1789884855,50,GET,GET /api/v1/reservas,19.200000,0.000000,6,7,7,8,9,10,12,12,12,12,12,44833,0,7,8.75931397668184,4.633864002244081,1957.275683998887,8965.0
1789884855,50,GET,GET /api/v1/reservas/{id},6.200000,0.000000,5,5,6,6,7,7,7,8,8,8,8,14926,0,5,6.3892831785759485,3.0284199965535663,1521.0046399952262,442.0
1789884855,50,POST,POST /api/v1/auth/login,0.000000,0.000000,0,0,0,0,0,0,0,0,0,0,0,50,0,1300.0,1369.1218887201103,628.633758999058,2104.1982940005255,1622.0
1789884855,50,POST,POST /api/v1/auth/refresh,0.000000,0.000000,0,0,0,0,0,0,0,0,0,0,0,100,0,27,29.209557120193494,18.447431997628883,75.96593200287316,1622.0
1789884855,50,,Aggregated,25.400000,0.000000,6,7,7,7,9,10,12,12,12,12,12,59909,0,6,9.338326701965027,3.0284199965535663,2104.1982940005255,6823.155736199903
1789884856,50,GET,GET /api/v1/reservas,18.900000,0.000000,6,7,7,8,9,10,12,12,12,12,12,44850,0,7,8.758713123981696,4.633864002244081,1957.275683998887,8965.0
1789884856,50,GET,GET /api/v1/reservas/{id},6.100000,0.000000,5,5,5,6,6,7,7,8,8,8,8,14935,0,5,6.38845907247464,3.0284199965535663,1521.0046399952262,442.0
1789884856,50,POST,POST /api/v1/auth/login,0.000000,0.000000,0,0,0,0,0,0,0,0,0,0,0,50,0,1300.0,1369.1218887201103,628.633758999058,2104.1982940005255,1622.0
1789884856,50,POST,POST /api/v1/auth/refresh,0.000000,0.000000,0,0,0,0,0,0,0,0,0,0,0,100,0,27,29.209557120193494,18.447431997628883,75.96593200287316,1622.0
1789884856,50,,Aggregated,25.000000,0.000000,6,7,7,7,8,10,11,12,12,12,12,59935,0,6,9.33706465347474,3.0284199965535663,2104.1982940005255,6822.805038792025
1789884857,50,GET,GET /api/v1/reservas,19.500000,0.000000,7,7,8,8,9,11,12,12,13,13,13,44868,0,7,8.758343809298065,4.633864002244081,1957.275683998887,8965.0
1789884857,50,GET,GET /api/v1/reservas/{id},6.100000,0.000000,5,5,6,6,6,7,7,8,8,8,8,14940,0,5,6.3881805061850745,3.0284199965535663,1521.0046399952262,442.0
1789884857,50,POST,POST /api/v1/auth/login,0.000000,0.000000,0,0,0,0,0,0,0,0,0,0,0,50,0,1300.0,1369.1218887201103,628.633758999058,2104.1982940005255,1622.0
1789884857,50,POST,POST /api/v1/auth/refresh,0.000000,0.000000,0,0,0,0,0,0,0,0,0,0,0,100,0,27,29.209557120193494,18.447431997628883,75.96593200287316,1622.0
1789884857,50,,Aggregated,25.600000,0.000000,6,7,7,7,9,10,12,12,13,13,13,59958,0,6,9.33629935865125,3.0284199965535663,2104.1982940005255,6822.91604122886
1789884858,50,GET,GET /api/v1/reservas,19.300000,0.000000,7,7,8,8,9,11,12,12,13,13,13,44883,0,7,8.757673051056837,4.633864002244081,1957.275683998887,8965.0
1789884858,50,GET,GET /api/v1/reservas/{id},6.300000,0.000000,5,5,6,6,6,7,7,8,8,8,8,14948,0,5,6.387168246414373,3.0284199965535663,1521.0046399952262,442.0
1789884858,50,POST,POST /api/v1/auth/login,0.000000,0.000000,0,0,0,0,0,0,0,0,0,0,0,50,0,1300.0,1369.1218887201103,628.633758999058,2104.1982940005255,1622.0
1789884858,50,POST,POST /api/v1/auth/refresh,0.000000,0.000000,0,0,0,0,0,0,0,0,0,0,0,100,0,27,29.209557120193494,18.447431997628883,75.96593200287316,1622.0
1789884858,50,,Aggregated,25.600000,0.000000,6,7,7,7,9,10,12,12,13,13,13,59981,0,6,9.335007429786216,3.0284199965535663,2104.1982940005255,6822.6006735466235
1789884859,50,GET,GET /api/v1/reservas,18.200000,0.000000,7,7,8,8,10,11,12,12,13,13,13,44906,0,7,8.757016146340645,4.633864002244081,1957.275683998887,8965.0
1789884859,50,GET,GET /api/v1/reservas/{id},6.500000,0.000000,5,5,6,6,6,7,7,8,8,8,8,14952,0,5,6.386562674384446,3.0284199965535663,1521.0046399952262,442.0
1789884859,50,POST,POST /api/v1/auth/login,0.000000,0.000000,0,0,0,0,0,0,0,0,0,0,0,50,0,1300.0,1369.1218887201103,628.633758999058,2104.1982940005255,1622.0
1789884859,50,POST,POST /api/v1/auth/refresh,0.000000,0.000000,0,0,0,0,0,0,0,0,0,0,0,100,0,27,29.209557120193494,18.447431997628883,75.96593200287316,1622.0
1789884859,50,,Aggregated,24.700000,0.000000,6,7,7,8,9,11,12,12,13,13,13,60008,0,6,9.333947179092618,3.0284199965535663,2104.1982940005255,6822.996500466605
1789884860,50,GET,GET /api/v1/reservas,18.200000,0.000000,7,7,8,8,9,11,12,12,13,13,13,44926,0,7,8.75607116432754,4.633864002244081,1957.275683998887,8965.0
1789884860,50,GET,GET /api/v1/reservas/{id},6.500000,0.000000,5,5,6,6,6,8,8,9,9,9,9,14959,0,5,6.386571240215423,3.0284199965535663,1521.0046399952262,442.0
1789884860,50,POST,POST /api/v1/auth/login,0.000000,0.000000,0,0,0,0,0,0,0,0,0,0,0,50,0,1300.0,1369.1218887201103,628.633758999058,2104.1982940005255,1622.0
1789884860,50,POST,POST /api/v1/auth/refresh,0.000000,0.000000,0,0,0,0,0,0,0,0,0,0,0,100,0,27,29.209557120193494,18.447431997628883,75.96593200287316,1622.0
1789884860,50,,Aggregated,24.700000,0.000000,6,7,7,8,9,11,12,12,13,13,13,60035,0,6,9.332706295643911,3.0284199965535663,2104.1982940005255,6822.966069792621
1789884861,50,GET,GET /api/v1/reservas,18.700000,0.000000,7,7,8,8,9,11,12,17,30,30,30,44949,0,7,8.756108046821478,4.633864002244081,1957.275683998887,8965.0
1789884861,50,GET,GET /api/v1/reservas/{id},6.200000,0.000000,5,5,6,6,7,9,10,13,13,13,13,14964,0,5,6.386945425714146,3.0284199965535663,1521.0046399952262,442.0
1789884861,50,POST,POST /api/v1/auth/login,0.000000,0.000000,0,0,0,0,0,0,0,0,0,0,0,50,0,1300.0,1369.1218887201103,628.633758999058,2104.1982940005255,1622.0
1789884861,50,POST,POST /api/v1/auth/refresh,0.000000,0.000000,0,0,0,0,0,0,0,0,0,0,0,100,0,27,29.209557120193494,18.447431997628883,75.96593200287316,1622.0
1789884861,50,,Aggregated,24.900000,0.000000,6,7,7,8,9,10,12,13,30,30,30,60063,0,6,9.332361055807835,3.0284199965535663,2104.1982940005255,6823.255132111283
1789884862,50,GET,GET /api/v1/reservas,19.200000,0.000000,7,7,8,8,9,11,13,17,30,30,30,44963,0,7,8.756128406168877,4.633864002244081,1957.275683998887,8965.0
1789884862,50,GET,GET /api/v1/reservas/{id},5.800000,0.000000,5,6,6,6,9,10,13,13,13,13,13,14972,0,5,6.387842705542677,3.0284199965535663,1521.0046399952262,442.0
1789884862,50,POST,POST /api/v1/auth/login,0.000000,0.000000,0,0,0,0,0,0,0,0,0,0,0,50,0,1300.0,1369.1218887201103,628.633758999058,2104.1982940005255,1622.0
1789884862,50,POST,POST /api/v1/auth/refresh,0.000000,0.000000,0,0,0,0,0,0,0,0,0,0,0,100,0,27,29.209557120193494,18.447431997628883,75.96593200287316,1622.0
1789884862,50,,Aggregated,25.000000,0.000000,6,7,8,8,9,11,13,13,30,30,30,60085,0,6,9.33207344032582,3.0284199965535663,2104.1982940005255,6822.904535241741
1789884863,50,GET,GET /api/v1/reservas,19.300000,0.000000,7,8,8,8,9,11,13,17,30,30,30,44980,0,7,8.75547117798077,4.633864002244081,1957.275683998887,8965.0
1789884863,50,GET,GET /api/v1/reservas/{id},5.700000,0.000000,5,6,6,6,8,10,13,13,13,13,13,14983,0,5,6.386839119627803,3.0284199965535663,1521.0046399952262,442.0
1789884863,50,POST,POST /api/v1/auth/login,0.000000,0.000000,0,0,0,0,0,0,0,0,0,0,0,50,0,1300.0,1369.1218887201103,628.633758999058,2104.1982940005255,1622.0
1789884863,50,POST,POST /api/v1/auth/refresh,0.000000,0.000000,0,0,0,0,0,0,0,0,0,0,0,100,0,27,29.209557120193494,18.447431997628883,75.96593200287316,1622.0
1789884863,50,,Aggregated,25.000000,0.000000,6,7,8,8,9,11,13,13,30,30,30,60113,0,6,9.330629884766674,3.0284199965535663,2104.1982940005255,6822.3426879377175
1789884864,50,GET,GET /api/v1/reservas,19.900000,0.000000,7,8,8,8,9,11,13,17,30,30,30,45001,0,7,8.754650302894776,4.633864002244081,1957.275683998887,8965.0
1789884864,50,GET,GET /api/v1/reservas/{id},6.000000,0.000000,5,6,6,6,8,10,13,13,13,13,13,14988,0,5,6.386512899077796,3.0284199965535663,1521.0046399952262,442.0
1789884864,50,POST,POST /api/v1/auth/login,0.000000,0.000000,0,0,0,0,0,0,0,0,0,0,0,50,0,1300.0,1369.1218887201103,628.633758999058,2104.1982940005255,1622.0
1789884864,50,POST,POST /api/v1/auth/refresh,0.000000,0.000000,0,0,0,0,0,0,0,0,0,0,0,100,0,27,29.209557120193494,18.447431997628883,75.96593200287316,1622.0
1789884864,50,,Aggregated,25.900000,0.000000,7,7,8,8,9,11,13,13,30,30,30,60139,0,6,9.329488747068737,3.0284199965535663,2104.1982940005255,6822.5604183641235
1789884865,50,GET,GET /api/v1/reservas,19.100000,0.000000,7,8,8,8,9,11,13,17,30,30,30,45020,0,7,8.754025412673831,4.633864002244081,1957.275683998887,8965.0
1789884865,50,GET,GET /api/v1/reservas/{id},6.300000,0.000000,5,6,6,6,8,10,13,13,13,13,13,14993,0,5,6.386216727830484,3.0284199965535663,1521.0046399952262,442.0
1789884865,50,POST,POST /api/v1/auth/login,0.000000,0.000000,0,0,0,0,0,0,0,0,0,0,0,50,0,1300.0,1369.1218887201103,628.633758999058,2104.1982940005255,1622.0
1789884865,50,POST,POST /api/v1/auth/refresh,0.000000,0.000000,0,0,0,0,0,0,0,0,0,0,0,100,0,27,29.209557120193494,18.447431997628883,75.96593200287316,1622.0
1789884865,50,,Aggregated,25.400000,0.000000,7,7,8,8,9,11,13,13,30,30,30,60163,0,6,9.328521211159009,3.0284199965535663,2104.1982940005255,6822.7067466715425
1789884866,50,GET,GET /api/v1/reservas,18.600000,0.000000,7,8,8,8,9,10,12,17,30,30,30,45045,0,7,8.753292021280538,4.633864002244081,1957.275683998887,8965.0
1789884866,50,GET,GET /api/v1/reservas/{id},6.700000,0.000000,5,6,6,6,9,10,13,13,13,13,13,14997,0,5,6.386032888601351,3.0284199965535663,1521.0046399952262,442.0
1789884866,50,POST,POST /api/v1/auth/login,0.000000,0.000000,0,0,0,0,0,0,0,0,0,0,0,50,0,1300.0,1369.1218887201103,628.633758999058,2104.1982940005255,1622.0
1789884866,50,POST,POST /api/v1/auth/refresh,0.000000,0.000000,0,0,0,0,0,0,0,0,0,0,0,100,0,27,29.209557120193494,18.447431997628883,75.96593200287316,1622.0
1789884866,50,,Aggregated,25.300000,0.000000,7,7,8,8,9,10,12,13,30,30,30,60192,0,6,9.327492432166363,3.0284199965535663,2104.1982940005255,6823.17249800638
1789884867,50,GET,GET /api/v1/reservas,18.500000,0.000000,7,8,8,8,10,11,13,17,30,30,30,45062,0,7,8.753520843983678,4.633864002244081,1957.275683998887,8965.0
1789884867,50,GET,GET /api/v1/reservas/{id},6.700000,0.000000,5,6,6,6,9,10,13,13,13,13,13,14999,0,5,6.385797470921771,3.0284199965535663,1521.0046399952262,442.0
1789884867,50,POST,POST /api/v1/auth/login,0.000000,0.000000,0,0,0,0,0,0,0,0,0,0,0,50,0,1300.0,1369.1218887201103,628.633758999058,2104.1982940005255,1622.0
1789884867,50,POST,POST /api/v1/auth/refresh,0.000000,0.000000,0,0,0,0,0,0,0,0,0,0,0,100,0,27,29.209557120193494,18.447431997628883,75.96593200287316,1622.0
1789884867,50,,Aggregated,25.200000,0.000000,7,8,8,8,9,11,13,13,30,30,30,60211,0,6,9.327345214096589,3.0284199965535663,2104.1982940005255,6823.565262161399
1789884868,50,GET,GET /api/v1/reservas,18.400000,0.000000,7,8,8,8,10,11,13,17,30,30,30,45077,0,7,8.753142382358467,4.633864002244081,1957.275683998887,8965.0
1789884868,50,GET,GET /api/v1/reservas/{id},6.400000,0.000000,5,6,6,7,9,10,13,13,13,13,13,15003,0,5,6.385622272769343,3.0284199965535663,1521.0046399952262,442.0
1789884868,50,POST,POST /api/v1/auth/login,0.000000,0.000000,0,0,0,0,0,0,0,0,0,0,0,50,0,1300.0,1369.1218887201103,628.633758999058,2104.1982940005255,1622.0
1789884868,50,POST,POST /api/v1/auth/refresh,0.000000,0.000000,0,0,0,0,0,0,0,0,0,0,0,100,0,27,29.209557120193494,18.447431997628883,75.96593200287316,1622.0
1789884868,50,,Aggregated,24.800000,0.000000,7,8,8,8,9,11,13,13,30,30,30,60230,0,6,9.326680064352534,3.0284199965535663,2104.1982940005255,6823.67476340694
1789884869,50,GET,GET /api/v1/reservas,19.800000,0.000000,7,8,8,8,9,11,13,17,30,30,30,45103,0,7,8.752072999502948,4.633864002244081,1957.275683998887,8965.0
1789884869,50,GET,GET /api/v1/reservas/{id},6.200000,0.000000,5,6,6,7,9,10,13,13,13,13,13,15006,0,5,6.385370039874459,3.0284199965535663,1521.0046399952262,442.0
1789884869,50,POST,POST /api/v1/auth/login,0.000000,0.000000,0,0,0,0,0,0,0,0,0,0,0,50,0,1300.0,1369.1218887201103,628.633758999058,2104.1982940005255,1622.0
1789884869,50,POST,POST /api/v1/auth/refresh,0.000000,0.000000,0,0,0,0,0,0,0,0,0,0,0,100,0,27,29.209557120193494,18.447431997628883,75.96593200287316,1622.0
1789884869,50,,Aggregated,26.000000,0.000000,7,8,8,8,9,11,13,13,30,30,30,60259,0,6,9.3254229486543,3.0284199965535663,2104.1982940005255,6824.280970477439
1789884870,50,GET,GET /api/v1/reservas,19.100000,0.000000,7,8,8,8,9,11,13,17,30,30,30,45119,0,7,8.751443681499614,4.633864002244081,1957.275683998887,8965.0
1789884870,50,GET,GET /api/v1/reservas/{id},5.600000,0.000000,5,6,6,7,9,10,13,13,13,13,13,15012,0,5,6.385250636847332,3.0284199965535663,1521.0046399952262,442.0
1789884870,50,POST,POST /api/v1/auth/login,0.000000,0.000000,0,0,0,0,0,0,0,0,0,0,0,50,0,1300.0,1369.1218887201103,628.633758999058,2104.1982940005255,1622.0
1789884870,50,POST,POST /api/v1/auth/refresh,0.000000,0.000000,0,0,0,0,0,0,0,0,0,0,0,100,0,27,29.209557120193494,18.447431997628883,75.96593200287316,1622.0
1789884870,50,,Aggregated,24.700000,0.000000,7,8,8,8,9,11,13,13,30,30,30,60281,0,6,9.324477367229397,3.0284199965535663,2104.1982940005255,6824.213914832202
1789884871,50,GET,GET /api/v1/reservas,19.500000,0.000000,7,8,8,8,9,10,12,13,19,19,19,45142,0,7,8.750718967692599,4.633864002244081,1957.275683998887,8965.0
1789884871,50,GET,GET /api/v1/reservas/{id},5.500000,0.000000,5,6,6,6,8,9,10,10,10,10,10,15016,0,5,6.385094298439236,3.0284199965535663,1521.0046399952262,442.0
1789884871,50,POST,POST /api/v1/auth/login,0.000000,0.000000,0,0,0,0,0,0,0,0,0,0,0,50,0,1300.0,1369.1218887201103,628.633758999058,2104.1982940005255,1622.0
1789884871,50,POST,POST /api/v1/auth/refresh,0.000000,0.000000,0,0,0,0,0,0,0,0,0,0,0,100,0,27,29.209557120193494,18.447431997628883,75.96593200287316,1622.0
1789884871,50,,Aggregated,25.000000,0.000000,7,7,8,8,9,10,12,13,19,19,19,60308,0,6,9.323482486120664,3.0284199965535663,2104.1982940005255,6824.607050474232
1789884872,50,GET,GET /api/v1/reservas,19.300000,0.000000,7,8,8,8,10,11,13,16,19,19,19,45162,0,7,8.750882402563953,4.633864002244081,1957.275683998887,8965.0
1789884872,50,GET,GET /api/v1/reservas/{id},5.700000,0.000000,5,5,6,6,7,8,9,9,9,9,9,15021,0,5,6.384553943303561,3.0284199965535663,1521.0046399952262,442.0
1789884872,50,POST,POST /api/v1/auth/login,0.000000,0.000000,0,0,0,0,0,0,0,0,0,0,0,50,0,1300.0,1369.1218887201103,628.633758999058,2104.1982940005255,1622.0
1789884872,50,POST,POST /api/v1/auth/refresh,0.000000,0.000000,0,0,0,0,0,0,0,0,0,0,0,100,0,27,29.209557120193494,18.447431997628883,75.96593200287316,1622.0
1789884872,50,,Aggregated,25.000000,0.000000,7,8,8,8,9,11,12,13,19,19,19,60333,0,6,9.32303691172291,3.0284199965535663,2104.1982940005255,6824.787628660932
1789884873,50,GET,GET /api/v1/reservas,19.300000,0.000000,7,8,8,8,10,11,13,16,19,19,19,45178,0,7,8.75028247216792,4.633864002244081,1957.275683998887,8965.0
1789884873,50,GET,GET /api/v1/reservas/{id},5.300000,0.000000,5,6,6,6,8,8,9,9,9,9,9,15035,0,5,6.383452900457785,3.0284199965535663,1521.0046399952262,442.0
1789884873,50,POST,POST /api/v1/auth/login,0.000000,0.000000,0,0,0,0,0,0,0,0,0,0,0,50,0,1300.0,1369.1218887201103,628.633758999058,2104.1982940005255,1622.0
1789884873,50,POST,POST /api/v1/auth/refresh,0.000000,0.000000,0,0,0,0,0,0,0,0,0,0,0,100,0,27,29.209557120193494,18.447431997628883,75.96593200287316,1622.0
1789884873,50,,Aggregated,24.600000,0.000000,7,8,8,8,9,11,12,13,19,19,19,60363,0,6,9.32148047701419,3.0284199965535663,2104.1982940005255,6823.874558918543
1789884874,50,GET,GET /api/v1/reservas,19.100000,0.000000,7,8,8,9,10,11,13,16,19,19,19,45190,0,7,8.749648173215128,4.633864002244081,1957.275683998887,8965.0
1789884874,50,GET,GET /api/v1/reservas/{id},5.300000,0.000000,5,5,6,6,7,8,9,9,9,9,9,15047,0,5,6.381997377243194,3.0284199965535663,1521.0046399952262,442.0
1789884874,50,POST,POST /api/v1/auth/login,0.000000,0.000000,0,0,0,0,0,0,0,0,0,0,0,50,0,1300.0,1369.1218887201103,628.633758999058,2104.1982940005255,1622.0
1789884874,50,POST,POST /api/v1/auth/refresh,0.000000,0.000000,0,0,0,0,0,0,0,0,0,0,0,100,0,27,29.209557120193494,18.447431997628883,75.96593200287316,1622.0
1789884874,50,,Aggregated,24.400000,0.000000,7,7,8,8,9,11,12,13,19,19,19,60387,0,6,9.319945776922054,3.0284199965535663,2104.1982940005255,6823.031844602315
1789884875,50,GET,GET /api/v1/reservas,19.500000,0.000000,7,8,8,9,10,11,13,16,19,19,19,45206,0,7,8.748784226354742,4.633864002244081,1957.275683998887,8965.0
1789884875,50,GET,GET /api/v1/reservas/{id},5.100000,0.000000,5,5,6,6,6,8,9,9,9,9,9,15055,0,5,6.3810563545930385,3.0284199965535663,1521.0046399952262,442.0
1789884875,50,POST,POST /api/v1/auth/login,0.000000,0.000000,0,0,0,0,0,0,0,0,0,0,0,50,0,1300.0,1369.1218887201103,628.633758999058,2104.1982940005255,1622.0
1789884875,50,POST,POST /api/v1/auth/refresh,0.000000,0.000000,0,0,0,0,0,0,0,0,0,0,0,100,0,27,29.209557120193494,18.447431997628883,75.96593200287316,1622.0
1789884875,50,,Aggregated,24.600000,0.000000,6,7,8,8,9,11,12,13,19,19,19,60411,0,6,9.318524661121533,3.0284199965535663,2104.1982940005255,6822.754134180861
1789884876,50,GET,GET /api/v1/reservas,19.300000,0.000000,7,7,8,8,10,11,13,16,19,19,19,45223,0,7,8.74805819582105,4.633864002244081,1957.275683998887,8965.0
1789884876,50,GET,GET /api/v1/reservas/{id},5.200000,0.000000,5,5,6,6,7,8,9,9,9,9,9,15061,0,5,6.380634763588472,3.0284199965535663,1521.0046399952262,442.0
1789884876,50,POST,POST /api/v1/auth/login,0.000000,0.000000,0,0,0,0,0,0,0,0,0,0,0,50,0,1300.0,1369.1218887201103,628.633758999058,2104.1982940005255,1622.0
1789884876,50,POST,POST /api/v1/auth/refresh,0.000000,0.000000,0,0,0,0,0,0,0,0,0,0,0,100,0,27,29.209557120193494,18.447431997628883,75.96593200287316,1622.0
1789884876,50,,Aggregated,24.500000,0.000000,6,7,8,8,9,11,12,13,19,19,19,60434,0,6,9.317424398716678,3.0284199965535663,2104.1982940005255,6822.7232518118935
1789884877,50,GET,GET /api/v1/reservas,18.700000,0.000000,7,7,8,8,9,11,12,16,19,19,19,45250,0,7,8.747203303373178,4.633864002244081,1957.275683998887,8965.0
1789884877,50,GET,GET /api/v1/reservas/{id},6.000000,0.000000,5,5,6,6,7,8,9,9,9,9,9,15067,0,5,6.380436026375428,3.0284199965535663,1521.0046399952262,442.0
1789884877,50,POST,POST /api/v1/auth/login,0.000000,0.000000,0,0,0,0,0,0,0,0,0,0,0,50,0,1300.0,1369.1218887201103,628.633758999058,2104.1982940005255,1622.0
1789884877,50,POST,POST /api/v1/auth/refresh,0.000000,0.000000,0,0,0,0,0,0,0,0,0,0,0,100,0,27,29.209557120193494,18.447431997628883,75.96593200287316,1622.0
1789884877,50,,Aggregated,24.700000,0.000000,6,7,8,8,9,10,11,12,19,19,19,60467,0,6,9.316189479138332,3.0284199965535663,2104.1982940005255,6823.046686622455
1789884878,50,GET,GET /api/v1/reservas,18.800000,0.000000,7,7,8,8,9,11,12,16,19,19,19,45266,0,7,8.746444009845005,4.633864002244081,1957.275683998887,8965.0
1789884878,50,GET,GET /api/v1/reservas/{id},6.200000,0.000000,5,5,6,6,7,8,9,9,9,9,9,15073,0,5,6.380023434379256,3.0284199965535663,1521.0046399952262,442.0
1789884878,50,POST,POST /api/v1/auth/login,0.000000,0.000000,0,0,0,0,0,0,0,0,0,0,0,50,0,1300.0,1369.1218887201103,628.633758999058,2104.1982940005255,1622.0
1789884878,50,POST,POST /api/v1/auth/refresh,0.000000,0.000000,0,0,0,0,0,0,0,0,0,0,0,100,0,27,29.209557120193494,18.447431997628883,75.96593200287316,1622.0
1789884878,50,,Aggregated,25.000000,0.000000,6,7,7,8,9,10,11,12,19,19,19,60489,0,6,9.315076756502263,3.0284199965535663,2104.1982940005255,6822.980310469672
1789884879,50,GET,GET /api/v1/reservas,17.900000,0.000000,7,7,8,8,9,11,12,16,19,19,19,45288,0,7,8.745300213801512,4.633864002244081,1957.275683998887,8965.0
1789884879,50,GET,GET /api/v1/reservas/{id},6.500000,0.000000,5,5,6,6,7,8,9,9,9,9,9,15078,0,5,6.37940249863375,3.0284199965535663,1521.0046399952262,442.0
1789884879,50,POST,POST /api/v1/auth/login,0.000000,0.000000,0,0,0,0,0,0,0,0,0,0,0,50,0,1300.0,1369.1218887201103,628.633758999058,2104.1982940005255,1622.0
1789884879,50,POST,POST /api/v1/auth/refresh,0.000000,0.000000,0,0,0,0,0,0,0,0,0,0,0,100,0,27,29.209557120193494,18.447431997628883,75.96593200287316,1622.0
1789884879,50,,Aggregated,24.400000,0.000000,6,7,7,8,9,10,11,12,19,19,19,60516,0,6,9.313616846868028,3.0284199965535663,2104.1982940005255,6823.231806464406
1789884880,50,GET,GET /api/v1/reservas,18.800000,0.000000,7,7,8,8,9,11,12,16,19,19,19,45303,0,7,8.744961265471275,4.633864002244081,1957.275683998887,8965.0
1789884880,50,GET,GET /api/v1/reservas/{id},6.900000,0.000000,5,5,6,6,7,8,9,9,9,9,9,15083,0,5,6.378724028402996,3.0284199965535663,1521.0046399952262,442.0
1789884880,50,POST,POST /api/v1/auth/login,0.000000,0.000000,0,0,0,0,0,0,0,0,0,0,0,50,0,1300.0,1369.1218887201103,628.633758999058,2104.1982940005255,1622.0
1789884880,50,POST,POST /api/v1/auth/refresh,0.000000,0.000000,0,0,0,0,0,0,0,0,0,0,0,100,0,27,29.209557120193494,18.447431997628883,75.96593200287316,1622.0
1789884880,50,,Aggregated,25.700000,0.000000,6,7,7,8,9,10,11,12,19,19,19,60536,0,6,9.312810969969451,3.0284199965535663,2104.1982940005255,6823.235446676358
1789884881,50,GET,GET /api/v1/reservas,18.700000,0.000000,7,7,8,8,10,11,12,16,17,17,17,45321,0,7,8.744432028874783,4.633864002244081,1957.275683998887,8965.0
1789884881,50,GET,GET /api/v1/reservas/{id},7.000000,0.000000,5,5,6,6,7,7,8,9,9,9,9,15090,0,5,6.37811302136618,3.0284199965535663,1521.0046399952262,442.0
1789884881,50,POST,POST /api/v1/auth/login,0.000000,0.000000,0,0,0,0,0,0,0,0,0,0,0,50,0,1300.0,1369.1218887201103,628.633758999058,2104.1982940005255,1622.0
1789884881,50,POST,POST /api/v1/auth/refresh,0.000000,0.000000,0,0,0,0,0,0,0,0,0,0,0,100,0,27,29.209557120193494,18.447431997628883,75.96593200287316,1622.0
1789884881,50,,Aggregated,25.700000,0.000000,6,7,7,8,9,10,12,14,17,17,17,60561,0,6,9.31175475340686,3.0284199965535663,2104.1982940005255,6823.13444295834
1789884882,50,GET,GET /api/v1/reservas,18.600000,0.000000,7,7,8,8,9,11,13,14,17,17,17,45343,0,7,8.744220797711366,4.633864002244081,1957.275683998887,8965.0
1789884882,50,GET,GET /api/v1/reservas/{id},7.100000,0.000000,5,5,6,6,7,7,7,9,9,9,9,15095,0,5,6.377972611156635,3.0284199965535663,1521.0046399952262,442.0
1789884882,50,POST,POST /api/v1/auth/login,0.000000,0.000000,0,0,0,0,0,0,0,0,0,0,0,50,0,1300.0,1369.1218887201103,628.633758999058,2104.1982940005255,1622.0
1789884882,50,POST,POST /api/v1/auth/refresh,0.000000,0.000000,0,0,0,0,0,0,0,0,0,0,0,100,0,27,29.209557120193494,18.447431997628883,75.96593200287316,1622.0
1789884882,50,,Aggregated,25.700000,0.000000,6,7,7,7,8,9,12,14,17,17,17,60588,0,6,9.31111359252755,3.0284199965535663,2104.1982940005255,6823.3855714002775
1789884883,50,GET,GET /api/v1/reservas,18.100000,0.000000,7,7,8,8,9,12,14,15,17,17,17,45363,0,7,8.744010999550728,4.633864002244081,1957.275683998887,8965.0
1789884883,50,GET,GET /api/v1/reservas/{id},7.000000,0.000000,5,5,6,6,7,7,8,9,9,9,9,15100,0,5,6.377969454265711,3.0284199965535663,1521.0046399952262,442.0
1789884883,50,POST,POST /api/v1/auth/login,0.000000,0.000000,0,0,0,0,0,0,0,0,0,0,0,50,0,1300.0,1369.1218887201103,628.633758999058,2104.1982940005255,1622.0
1789884883,50,POST,POST /api/v1/auth/refresh,0.000000,0.000000,0,0,0,0,0,0,0,0,0,0,0,100,0,27,29.209557120193494,18.447431997628883,75.96593200287316,1622.0
1789884883,50,,Aggregated,25.100000,0.000000,6,7,7,8,9,11,13,14,17,17,17,60613,0,6,9.31052678270429,3.0284199965535663,2104.1982940005255,6823.5658192137
1789884884,50,GET,GET /api/v1/reservas,18.400000,0.000000,7,7,8,8,9,12,14,15,17,17,17,45381,0,7,8.743054481294205,4.633864002244081,1957.275683998887,8965.0
1789884884,50,GET,GET /api/v1/reservas/{id},7.200000,0.000000,5,5,6,6,7,7,8,9,9,9,9,15106,0,5,6.377233994465971,3.0284199965535663,1521.0046399952262,442.0
1789884884,50,POST,POST /api/v1/auth/login,0.000000,0.000000,0,0,0,0,0,0,0,0,0,0,0,50,0,1300.0,1369.1218887201103,628.633758999058,2104.1982940005255,1622.0
1789884884,50,POST,POST /api/v1/auth/refresh,0.000000,0.000000,0,0,0,0,0,0,0,0,0,0,0,100,0,27,29.209557120193494,18.447431997628883,75.96593200287316,1622.0
1789884884,50,,Aggregated,25.600000,0.000000,6,7,7,8,9,11,13,14,17,17,17,60637,0,6,9.309169356730028,3.0284199965535663,2104.1982940005255,6823.570047990501
1789884885,50,GET,GET /api/v1/reservas,18.000000,0.000000,7,7,8,8,10,12,14,15,17,17,17,45402,0,7,8.74243847827497,4.633864002244081,1957.275683998887,8965.0
1789884885,50,GET,GET /api/v1/reservas/{id},7.000000,0.000000,5,5,6,6,7,7,8,9,9,9,9,15114,0,5,6.376609169737057,3.0284199965535663,1521.0046399952262,442.0
1789884885,50,POST,POST /api/v1/auth/login,0.000000,0.000000,0,0,0,0,0,0,0,0,0,0,0,50,0,1300.0,1369.1218887201103,628.633758999058,2104.1982940005255,1622.0
1789884885,50,POST,POST /api/v1/auth/refresh,0.000000,0.000000,0,0,0,0,0,0,0,0,0,0,0,100,0,27,29.209557120193494,18.447431997628883,75.96593200287316,1622.0
1789884885,50,,Aggregated,25.000000,0.000000,7,7,7,8,9,11,13,14,17,17,17,60666,0,6,9.307970080936103,3.0284199965535663,2104.1982940005255,6823.469785382257
1789884886,50,GET,GET /api/v1/reservas,18.900000,0.000000,7,7,8,8,10,12,14,15,17,17,17,45418,0,7,8.7417732074205,4.633864002244081,1957.275683998887,8965.0
1789884886,50,GET,GET /api/v1/reservas/{id},6.400000,0.000000,5,5,6,6,7,7,7,8,8,8,8,15120,0,5,6.376110727407611,3.0284199965535663,1521.0046399952262,442.0
1789884886,50,POST,POST /api/v1/auth/login,0.000000,0.000000,0,0,0,0,0,0,0,0,0,0,0,50,0,1300.0,1369.1218887201103,628.633758999058,2104.1982940005255,1622.0
1789884886,50,POST,POST /api/v1/auth/refresh,0.000000,0.000000,0,0,0,0,0,0,0,0,0,0,0,100,0,27,29.209557120193494,18.447431997628883,75.96593200287316,1622.0
1789884886,50,,Aggregated,25.300000,0.000000,6,7,7,8,9,11,13,14,17,17,17,60688,0,6,9.306909106924778,3.0284199965535663,2104.1982940005255,6823.403473503823
1789884887,50,GET,GET /api/v1/reservas,19.200000,0.000000,7,7,8,8,10,11,14,15,17,17,17,45440,0,7,8.740860774727942,4.633864002244081,1957.275683998887,8965.0
1789884887,50,GET,GET /api/v1/reservas/{id},5.900000,0.000000,5,5,5,6,7,7,7,8,8,8,8,15126,0,5,6.375452115721589,3.0284199965535663,1521.0046399952262,442.0
1789884887,50,POST,POST /api/v1/auth/login,0.000000,0.000000,0,0,0,0,0,0,0,0,0,0,0,50,0,1300.0,1369.1218887201103,628.633758999058,2104.1982940005255,1622.0
1789884887,50,POST,POST /api/v1/auth/refresh,0.000000,0.000000,0,0,0,0,0,0,0,0,0,0,0,100,0,27,29.209557120193494,18.447431997628883,75.96593200287316,1622.0
1789884887,50,,Aggregated,25.100000,0.000000,6,7,7,8,9,11,13,14,17,17,17,60716,0,6,9.305567765565351,3.0284199965535663,2104.1982940005255,6823.548850385401
1789884888,50,GET,GET /api/v1/reservas,19.500000,0.000000,7,7,8,8,10,12,14,15,17,17,17,45456,0,7,8.740456985648553,4.633864002244081,1957.275683998887,8965.0
1789884888,50,GET,GET /api/v1/reservas/{id},6.000000,0.000000,5,5,6,6,7,8,8,8,8,8,8,15133,0,5,6.375376141042494,3.0284199965535663,1521.0046399952262,442.0
1789884888,50,POST,POST /api/v1/auth/login,0.000000,0.000000,0,0,0,0,0,0,0,0,0,0,0,50,0,1300.0,1369.1218887201103,628.633758999058,2104.1982940005255,1622.0
1789884888,50,POST,POST /api/v1/auth/refresh,0.000000,0.000000,0,0,0,0,0,0,0,0,0,0,0,100,0,27,29.209557120193494,18.447431997628883,75.96593200287316,1622.0
1789884888,50,,Aggregated,25.500000,0.000000,6,7,7,8,9,11,13,14,17,17,17,60739,0,6,9.304760203988543,3.0284199965535663,2104.1982940005255,6823.377500452757
1789884889,50,GET,GET /api/v1/reservas,19.400000,0.000000,7,7,8,8,10,12,14,15,17,17,17,45471,0,7,8.739638983365934,4.633864002244081,1957.275683998887,8965.0
1789884889,50,GET,GET /api/v1/reservas/{id},5.900000,0.000000,5,5,6,6,7,7,8,8,8,8,8,15145,0,5,6.373841950768409,3.0284199965535663,1521.0046399952262,442.0
1789884889,50,POST,POST /api/v1/auth/login,0.000000,0.000000,0,0,0,0,0,0,0,0,0,0,0,50,0,1300.0,1369.1218887201103,628.633758999058,2104.1982940005255,1622.0
1789884889,50,POST,POST /api/v1/auth/refresh,0.000000,0.000000,0,0,0,0,0,0,0,0,0,0,0,100,0,27,29.209557120193494,18.447431997628883,75.96593200287316,1622.0
1789884889,50,,Aggregated,25.300000,0.000000,6,7,7,8,9,11,13,14,17,17,17,60766,0,6,9.303047933137664,3.0284199965535663,2104.1982940005255,6822.645969785735
1789884890,50,GET,GET /api/v1/reservas,19.100000,0.000000,7,7,8,8,10,12,14,15,17,17,17,45487,0,7,8.738900123038254,4.633864002244081,1957.275683998887,8965.0
1789884890,50,GET,GET /api/v1/reservas/{id},6.000000,0.000000,5,5,6,6,7,7,8,8,8,8,8,15148,0,5,6.373576944903106,3.0284199965535663,1521.0046399952262,442.0
1789884890,50,POST,POST /api/v1/auth/login,0.000000,0.000000,0,0,0,0,0,0,0,0,0,0,0,50,0,1300.0,1369.1218887201103,628.633758999058,2104.1982940005255,1622.0
1789884890,50,POST,POST /api/v1/auth/refresh,0.000000,0.000000,0,0,0,0,0,0,0,0,0,0,0,100,0,27,29.209557120193494,18.447431997628883,75.96593200287316,1622.0
1789884890,50,,Aggregated,25.100000,0.000000,6,7,7,8,9,11,13,14,17,17,17,60785,0,6,9.302136112627402,3.0284199965535663,2104.1982940005255,6822.894974089002
1789884891,50,GET,GET /api/v1/reservas,18.800000,0.000000,7,7,7,8,9,10,13,15,22,22,22,45511,0,7,8.737948893315107,4.633864002244081,1957.275683998887,8965.0
1789884891,50,GET,GET /api/v1/reservas/{id},6.500000,0.000000,5,5,6,6,7,7,8,8,8,8,8,15153,0,5,6.373035668144952,3.0284199965535663,1521.0046399952262,442.0
1789884891,50,POST,POST /api/v1/auth/login,0.000000,0.000000,0,0,0,0,0,0,0,0,0,0,0,50,0,1300.0,1369.1218887201103,628.633758999058,2104.1982940005255,1622.0
1789884891,50,POST,POST /api/v1/auth/refresh,0.000000,0.000000,0,0,0,0,0,0,0,0,0,0,0,100,0,27,29.209557120193494,18.447431997628883,75.96593200287316,1622.0
1789884891,50,,Aggregated,25.300000,0.000000,6,7,7,7,8,10,12,13,22,22,22,60814,0,6,9.300826318135426,3.0284199965535663,2104.1982940005255,6823.215723353175
1789884892,50,GET,GET /api/v1/reservas,18.600000,0.000000,7,7,8,8,9,10,12,14,22,22,22,45530,0,7,8.737537022065816,4.633864002244081,1957.275683998887,8965.0
1789884892,50,GET,GET /api/v1/reservas/{id},6.600000,0.000000,5,5,5,6,6,7,8,8,8,8,8,15161,0,5,6.372319038810243,3.0284199965535663,1521.0046399952262,442.0
1789884892,50,POST,POST /api/v1/auth/login,0.000000,0.000000,0,0,0,0,0,0,0,0,0,0,0,50,0,1300.0,1369.1218887201103,628.633758999058,2104.1982940005255,1622.0
1789884892,50,POST,POST /api/v1/auth/refresh,0.000000,0.000000,0,0,0,0,0,0,0,0,0,0,0,100,0,27,29.209557120193494,18.447431997628883,75.96593200287316,1622.0
1789884892,50,,Aggregated,25.200000,0.000000,6,7,7,7,8,10,11,13,22,22,22,60841,0,6,9.299778762842202,3.0284199965535663,2104.1982940005255,6823.045512072451
1789884893,50,GET,GET /api/v1/reservas,18.800000,0.000000,7,7,8,8,9,10,13,14,22,22,22,45546,0,7,8.737290415725733,4.633864002244081,1957.275683998887,8965.0
1789884893,50,GET,GET /api/v1/reservas/{id},6.600000,0.000000,5,5,5,6,7,8,8,13,13,13,13,15170,0,5,6.372212674119778,3.0284199965535663,1521.0046399952262,442.0
1789884893,50,POST,POST /api/v1/auth/login,0.000000,0.000000,0,0,0,0,0,0,0,0,0,0,0,50,0,1300.0,1369.1218887201103,628.633758999058,2104.1982940005255,1622.0
1789884893,50,POST,POST /api/v1/auth/refresh,0.000000,0.000000,0,0,0,0,0,0,0,0,0,0,0,100,0,27,29.209557120193494,18.447431997628883,75.96593200287316,1622.0
1789884893,50,,Aggregated,25.400000,0.000000,6,7,7,7,9,10,13,14,22,22,22,60866,0,6,9.2989870484189,3.0284199965535663,2104.1982940005255,6822.665034666316
1789884894,50,GET,GET /api/v1/reservas,18.200000,0.000000,7,7,8,8,9,10,13,14,22,22,22,45561,0,7,8.736564581015342,4.633864002244081,1957.275683998887,8965.0
1789884894,50,GET,GET /api/v1/reservas/{id},6.500000,0.000000,5,5,5,6,6,8,8,13,13,13,13,15179,0,5,6.371112934212201,3.0284199965535663,1521.0046399952262,442.0
1789884894,50,POST,POST /api/v1/auth/login,0.000000,0.000000,0,0,0,0,0,0,0,0,0,0,0,50,0,1300.0,1369.1218887201103,628.633758999058,2104.1982940005255,1622.0
1789884894,50,POST,POST /api/v1/auth/refresh,0.000000,0.000000,0,0,0,0,0,0,0,0,0,0,0,100,0,27,29.209557120193494,18.447431997628883,75.96593200287316,1622.0
1789884894,50,,Aggregated,24.700000,0.000000,6,7,7,8,9,10,13,14,22,22,22,60890,0,6,9.297598821679603,3.0284199965535663,2104.1982940005255,6822.249679750369
1789884895,50,GET,GET /api/v1/reservas,18.800000,0.000000,7,7,7,8,9,10,13,14,22,22,22,45581,0,7,8.735458968729423,4.633864002244081,1957.275683998887,8965.0
1789884895,50,GET,GET /api/v1/reservas/{id},6.400000,0.000000,5,5,5,6,6,8,8,13,13,13,13,15188,0,5,6.3701502214523416,3.0284199965535663,1521.0046399952262,442.0
1789884895,50,POST,POST /api/v1/auth/login,0.000000,0.000000,0,0,0,0,0,0,0,0,0,0,0,50,0,1300.0,1369.1218887201103,628.633758999058,2104.1982940005255,1622.0
1789884895,50,POST,POST /api/v1/auth/refresh,0.000000,0.000000,0,0,0,0,0,0,0,0,0,0,0,100,0,27,29.209557120193494,18.447431997628883,75.96593200287316,1622.0
1789884895,50,,Aggregated,25.200000,0.000000,6,7,7,7,8,10,13,14,22,22,22,60919,0,6,9.29591501773007,3.0284199965535663,2104.1982940005255,6822.010554999261
1789884896,50,GET,GET /api/v1/reservas,18.200000,0.000000,7,7,7,8,9,10,13,14,22,22,22,45598,0,7,8.734710479355227,4.633864002244081,1957.275683998887,8965.0
1789884896,50,GET,GET /api/v1/reservas/{id},7.400000,0.000000,5,5,5,5,6,8,8,13,13,13,13,15194,0,5,6.369415474820795,3.0284199965535663,1521.0046399952262,442.0
1789884896,50,POST,POST /api/v1/auth/login,0.000000,0.000000,0,0,0,0,0,0,0,0,0,0,0,50,0,1300.0,1369.1218887201103,628.633758999058,2104.1982940005255,1622.0
1789884896,50,POST,POST /api/v1/auth/refresh,0.000000,0.000000,0,0,0,0,0,0,0,0,0,0,0,100,0,27,29.209557120193494,18.447431997628883,75.96593200287316,1622.0
1789884896,50,,Aggregated,25.600000,0.000000,6,7,7,7,8,10,13,14,22,22,22,60942,0,6,9.294727401629272,3.0284199965535663,2104.1982940005255,6821.980210692133
1789884897,50,GET,GET /api/v1/reservas,17.900000,0.000000,6,7,7,7,9,10,13,14,22,22,22,45622,0,7,8.733376382438326,4.633864002244081,1957.275683998887,8965.0
1789884897,50,GET,GET /api/v1/reservas/{id},7.300000,0.000000,5,5,5,5,6,7,8,13,13,13,13,15199,0,5,6.368815601975492,3.0284199965535663,1521.0046399952262,442.0
1789884897,50,POST,POST /api/v1/auth/login,0.000000,0.000000,0,0,0,0,0,0,0,0,0,0,0,50,0,1300.0,1369.1218887201103,628.633758999058,2104.1982940005255,1622.0
1789884897,50,POST,POST /api/v1/auth/refresh,0.000000,0.000000,0,0,0,0,0,0,0,0,0,0,0,100,0,27,29.209557120193494,18.447431997628883,75.96593200287316,1622.0
1789884897,50,,Aggregated,25.200000,0.000000,6,7,7,7,8,9,13,14,22,22,22,60971,0,6,9.293119282971425,3.0284199965535663,2104.1982940005255,6822.3005691230255
1789884898,50,GET,GET /api/v1/reservas,17.600000,0.000000,6,7,7,8,9,10,13,14,22,22,22,45638,0,7,8.733100232911017,4.633864002244081,1957.275683998887,8965.0
1789884898,50,GET,GET /api/v1/reservas/{id},7.300000,0.000000,5,5,5,6,6,7,8,13,13,13,13,15206,0,5,6.368552717048034,3.0284199965535663,1521.0046399952262,442.0
1789884898,50,POST,POST /api/v1/auth/login,0.000000,0.000000,0,0,0,0,0,0,0,0,0,0,0,50,0,1300.0,1369.1218887201103,628.633758999058,2104.1982940005255,1622.0
1789884898,50,POST,POST /api/v1/auth/refresh,0.000000,0.000000,0,0,0,0,0,0,0,0,0,0,0,100,0,27,29.209557120193494,18.447431997628883,75.96593200287316,1622.0
1789884898,50,,Aggregated,24.900000,0.000000,6,7,7,7,9,10,13,14,22,22,22,60994,0,6,9.29236467837901,3.0284199965535663,2104.1982940005255,6822.130406269469
1789884899,50,GET,GET /api/v1/reservas,18.200000,0.000000,6,7,7,8,9,10,13,14,22,22,22,45660,0,7,8.731805664489466,4.633864002244081,1957.275683998887,8965.0
1789884899,50,GET,GET /api/v1/reservas/{id},7.200000,0.000000,5,5,5,6,7,7,8,13,13,13,13,15211,0,5,6.3681130980504586,3.0284199965535663,1521.0046399952262,442.0
1789884899,50,POST,POST /api/v1/auth/login,0.000000,0.000000,0,0,0,0,0,0,0,0,0,0,0,50,0,1300.0,1369.1218887201103,628.633758999058,2104.1982940005255,1622.0
1789884899,50,POST,POST /api/v1/auth/refresh,0.000000,0.000000,0,0,0,0,0,0,0,0,0,0,0,100,0,27,29.209557120193494,18.447431997628883,75.96593200287316,1622.0
1789884899,50,,Aggregated,25.400000,0.000000,6,7,7,7,9,10,13,14,22,22,22,61021,0,6,9.290845202849155,3.0284199965535663,2104.1982940005255,6822.380196981367
1789884900,50,GET,GET /api/v1/reservas,18.200000,0.000000,7,7,8,8,9,11,14,17,22,22,22,45683,0,7,8.73170418539873,4.633864002244081,1957.275683998887,8965.0
1789884900,50,GET,GET /api/v1/reservas/{id},7.100000,0.000000,5,5,5,5,7,7,8,13,13,13,13,15215,0,5,6.36754242001001,3.0284199965535663,1521.0046399952262,442.0
1789884900,50,POST,POST /api/v1/auth/login,0.000000,0.000000,0,0,0,0,0,0,0,0,0,0,0,50,0,1300.0,1369.1218887201103,628.633758999058,2104.1982940005255,1622.0
1789884900,50,POST,POST /api/v1/auth/refresh,0.000000,0.000000,0,0,0,0,0,0,0,0,0,0,0,100,0,27,29.209557120193494,18.447431997628883,75.96593200287316,1622.0
1789884900,50,,Aggregated,25.300000,0.000000,6,7,7,7,9,10,14,15,22,22,22,61048,0,6,9.29022491105435,3.0284199965535663,2104.1982940005255,6822.769378194208
1789884901,50,GET,GET /api/v1/reservas,18.200000,0.000000,7,7,8,8,10,11,14,15,17,17,17,45699,0,7,8.731316208879376,4.633864002244081,1957.275683998887,8965.0
1789884901,50,GET,GET /api/v1/reservas/{id},6.900000,0.000000,5,5,5,6,7,7,8,13,13,13,13,15220,0,5,6.36713586310477,3.0284199965535663,1521.0046399952262,442.0
1789884901,50,POST,POST /api/v1/auth/login,0.000000,0.000000,0,0,0,0,0,0,0,0,0,0,0,50,0,1300.0,1369.1218887201103,628.633758999058,2104.1982940005255,1622.0
1789884901,50,POST,POST /api/v1/auth/refresh,0.000000,0.000000,0,0,0,0,0,0,0,0,0,0,0,100,0,27,29.209557120193494,18.447431997628883,75.96593200287316,1622.0
1789884901,50,,Aggregated,25.100000,0.000000,6,7,7,8,9,10,14,14,17,17,17,61069,0,6,9.289447631597975,3.0284199965535663,2104.1982940005255,6822.808216934943
1789884902,50,GET,GET /api/v1/reservas,18.300000,0.000000,7,7,8,8,10,13,14,16,17,17,17,45718,0,7,8.731221948698336,4.633864002244081,1957.275683998887,8965.0
1789884902,50,GET,GET /api/v1/reservas/{id},6.600000,0.000000,5,5,5,6,7,8,8,13,13,13,13,15225,0,5,6.367155749652625,3.0284199965535663,1521.0046399952262,442.0
1789884902,50,POST,POST /api/v1/auth/login,0.000000,0.000000,0,0,0,0,0,0,0,0,0,0,0,50,0,1300.0,1369.1218887201103,628.633758999058,2104.1982940005255,1622.0
1789884902,50,POST,POST /api/v1/auth/refresh,0.000000,0.000000,0,0,0,0,0,0,0,0,0,0,0,100,0,27,29.209557120193494,18.447431997628883,75.96593200287316,1622.0
1789884902,50,,Aggregated,24.900000,0.000000,6,7,7,8,9,11,14,15,17,17,17,61093,0,6,9.288969300690345,3.0284199965535663,2104.1982940005255,6822.952220385314
1789884903,50,GET,GET /api/v1/reservas,19.200000,0.000000,7,7,8,8,10,11,14,16,17,17,17,45738,0,7,8.730340726214045,4.633864002244081,1957.275683998887,8965.0
1789884903,50,GET,GET /api/v1/reservas/{id},6.700000,0.000000,5,5,5,6,7,8,8,8,8,8,8,15232,0,5,6.366442046182611,3.0284199965535663,1521.0046399952262,442.0
1789884903,50,POST,POST /api/v1/auth/login,0.000000,0.000000,0,0,0,0,0,0,0,0,0,0,0,50,0,1300.0,1369.1218887201103,628.633758999058,2104.1982940005255,1622.0
1789884903,50,POST,POST /api/v1/auth/refresh,0.000000,0.000000,0,0,0,0,0,0,0,0,0,0,0,100,0,27,29.209557120193494,18.447431997628883,75.96593200287316,1622.0
1789884903,50,,Aggregated,25.900000,0.000000,6,7,7,8,9,11,14,15,17,17,17,61120,0,6,9.287614848348415,3.0284199965535663,2104.1982940005255,6822.92234947644
1789884904,50,GET,GET /api/v1/reservas,19.300000,0.000000,6,7,8,8,10,11,14,16,17,17,17,45762,0,7,8.729096638643375,4.633864002244081,1957.275683998887,8965.0
1789884904,50,GET,GET /api/v1/reservas/{id},6.400000,0.000000,5,5,6,6,7,8,8,8,8,8,8,15238,0,5,6.366052949104918,3.0284199965535663,1521.0046399952262,442.0
1789884904,50,POST,POST /api/v1/auth/login,0.000000,0.000000,0,0,0,0,0,0,0,0,0,0,0,50,0,1300.0,1369.1218887201103,628.633758999058,2104.1982940005255,1622.0
1789884904,50,POST,POST /api/v1/auth/refresh,0.000000,0.000000,0,0,0,0,0,0,0,0,0,0,0,100,0,27,29.209557120193494,18.447431997628883,75.96593200287316,1622.0
1789884904,50,,Aggregated,25.700000,0.000000,6,7,7,8,9,11,13,15,17,17,17,61150,0,6,9.286081526804292,3.0284199965535663,2104.1982940005255,6823.136974652494
1789884905,50,GET,GET /api/v1/reservas,19.100000,0.000000,7,7,8,8,10,12,14,16,17,17,17,45782,0,7,8.728337636900905,4.633864002244081,1957.275683998887,8965.0
1789884905,50,GET,GET /api/v1/reservas/{id},6.800000,0.000000,5,5,6,6,7,8,8,8,8,8,8,15242,0,5,6.365587256624226,3.0284199965535663,1521.0046399952262,442.0
1789884905,50,POST,POST /api/v1/auth/login,0.000000,0.000000,0,0,0,0,0,0,0,0,0,0,0,50,0,1300.0,1369.1218887201103,628.633758999058,2104.1982940005255,1622.0
1789884905,50,POST,POST /api/v1/auth/refresh,0.000000,0.000000,0,0,0,0,0,0,0,0,0,0,0,100,0,27,29.209557120193494,18.447431997628883,75.96593200287316,1622.0
1789884905,50,,Aggregated,25.900000,0.000000,6,7,7,8,9,11,14,15,17,17,17,61174,0,6,9.285024435317085,3.0284199965535663,2104.1982940005255,6823.419982345441
1789884906,50,GET,GET /api/v1/reservas,19.300000,0.000000,7,7,8,8,10,12,14,16,17,17,17,45800,0,7,8.72753146700047,4.633864002244081,1957.275683998887,8965.0
1789884906,50,GET,GET /api/v1/reservas/{id},5.800000,0.000000,5,5,6,6,7,8,8,8,8,8,8,15250,0,5,6.364750894456892,3.0284199965535663,1521.0046399952262,442.0
1789884906,50,POST,POST /api/v1/auth/login,0.000000,0.000000,0,0,0,0,0,0,0,0,0,0,0,50,0,1300.0,1369.1218887201103,628.633758999058,2104.1982940005255,1622.0
1789884906,50,POST,POST /api/v1/auth/refresh,0.000000,0.000000,0,0,0,0,0,0,0,0,0,0,0,100,0,27,29.209557120193494,18.447431997628883,75.96593200287316,1622.0
1789884906,50,,Aggregated,25.100000,0.000000,6,7,7,8,9,11,14,15,17,17,17,61200,0,6,9.283667360737141,3.0284199965535663,2104.1982940005255,6823.21568627451
1789884907,50,GET,GET /api/v1/reservas,19.900000,0.000000,7,7,8,8,9,12,14,16,17,17,17,45818,0,7,8.726674977031395,4.633864002244081,1957.275683998887,8965.0
1789884907,50,GET,GET /api/v1/reservas/{id},5.700000,0.000000,5,5,6,6,7,8,8,8,8,8,8,15253,0,5,6.364461517043067,3.0284199965535663,1521.0046399952262,442.0
1789884907,50,POST,POST /api/v1/auth/login,0.000000,0.000000,0,0,0,0,0,0,0,0,0,0,0,50,0,1300.0,1369.1218887201103,628.633758999058,2104.1982940005255,1622.0
1789884907,50,POST,POST /api/v1/auth/refresh,0.000000,0.000000,0,0,0,0,0,0,0,0,0,0,0,100,0,27,29.209557120193494,18.447431997628883,75.96593200287316,1622.0
1789884907,50,,Aggregated,25.600000,0.000000,6,7,7,8,9,11,14,15,17,17,17,61221,0,6,9.282647715083167,3.0284199965535663,2104.1982940005255,6823.532709364434
1789884908,50,GET,GET /api/v1/reservas,20.300000,0.000000,7,7,8,8,9,12,14,16,17,17,17,45841,0,7,8.725840552052215,4.633864002244081,1957.275683998887,8965.0
1789884908,50,GET,GET /api/v1/reservas/{id},5.400000,0.000000,5,5,6,6,7,8,10,10,10,10,10,15259,0,5,6.3643656281833305,3.0284199965535663,1521.0046399952262,442.0
1789884908,50,POST,POST /api/v1/auth/login,0.000000,0.000000,0,0,0,0,0,0,0,0,0,0,0,50,0,1300.0,1369.1218887201103,628.633758999058,2104.1982940005255,1622.0
1789884908,50,POST,POST /api/v1/auth/refresh,0.000000,0.000000,0,0,0,0,0,0,0,0,0,0,0,100,0,27,29.209557120193494,18.447431997628883,75.96593200287316,1622.0
1789884908,50,,Aggregated,25.700000,0.000000,6,7,7,8,9,11,14,15,17,17,17,61250,0,6,9.281504685960801,3.0284199965535663,2104.1982940005255,6823.711722448979
1789884909,50,GET,GET /api/v1/reservas,19.800000,0.000000,7,7,8,8,9,12,14,16,17,17,17,45857,0,7,8.7250400415776,4.633864002244081,1957.275683998887,8965.0
1789884909,50,GET,GET /api/v1/reservas/{id},5.600000,0.000000,5,5,6,6,7,8,10,10,10,10,10,15265,0,5,6.3636949552870785,3.0284199965535663,1521.0046399952262,442.0
1789884909,50,POST,POST /api/v1/auth/login,0.000000,0.000000,0,0,0,0,0,0,0,0,0,0,0,50,0,1300.0,1369.1218887201103,628.633758999058,2104.1982940005255,1622.0
1789884909,50,POST,POST /api/v1/auth/refresh,0.000000,0.000000,0,0,0,0,0,0,0,0,0,0,0,100,0,27,29.209557120193494,18.447431997628883,75.96593200287316,1622.0
1789884909,50,,Aggregated,25.400000,0.000000,6,7,7,8,9,11,14,15,17,17,17,61272,0,6,9.280307723382704,3.0284199965535663,2104.1982940005255,6823.645955738347
1789884910,50,GET,GET /api/v1/reservas,19.500000,0.000000,7,7,7,8,9,11,13,16,19,19,19,45875,0,7,8.724527079512573,4.633864002244081,1957.275683998887,8965.0
1789884910,50,GET,GET /api/v1/reservas/{id},5.500000,0.000000,5,5,6,6,7,8,10,10,10,10,10,15271,0,5,6.363116647269401,3.0284199965535663,1521.0046399952262,442.0
1789884910,50,POST,POST /api/v1/auth/login,0.000000,0.000000,0,0,0,0,0,0,0,0,0,0,0,50,0,1300.0,1369.1218887201103,628.633758999058,2104.1982940005255,1622.0
1789884910,50,POST,POST /api/v1/auth/refresh,0.000000,0.000000,0,0,0,0,0,0,0,0,0,0,0,100,0,27,29.209557120193494,18.447431997628883,75.96593200287316,1622.0
1789884910,50,,Aggregated,25.000000,0.000000,6,7,7,7,8,10,13,14,19,19,19,61296,0,6,9.279331183782208,3.0284199965535663,2104.1982940005255,6823.650107674236
1789884911,50,GET,GET /api/v1/reservas,20.100000,0.000000,7,7,7,8,10,11,15,19,22,22,22,45896,0,7,8.724423748663417,4.633864002244081,1957.275683998887,8965.0
1789884911,50,GET,GET /api/v1/reservas/{id},5.200000,0.000000,5,5,6,6,7,8,10,10,10,10,10,15275,0,5,6.362853555315812,3.0284199965535663,1521.0046399952262,442.0
1789884911,50,POST,POST /api/v1/auth/login,0.000000,0.000000,0,0,0,0,0,0,0,0,0,0,0,50,0,1300.0,1369.1218887201103,628.633758999058,2104.1982940005255,1622.0
1789884911,50,POST,POST /api/v1/auth/refresh,0.000000,0.000000,0,0,0,0,0,0,0,0,0,0,0,100,0,27,29.209557120193494,18.447431997628883,75.96593200287316,1622.0
1789884911,50,,Aggregated,25.300000,0.000000,6,7,7,7,9,11,14,16,22,22,22,61321,0,6,9.278808084899614,3.0284199965535663,2104.1982940005255,6823.9671564390665
1789884912,50,GET,GET /api/v1/reservas,20.000000,0.000000,7,7,7,8,8,10,13,19,22,22,22,45910,0,7,8.723671198032044,4.633864002244081,1957.275683998887,8965.0
1789884912,50,GET,GET /api/v1/reservas/{id},5.500000,0.000000,5,5,5,6,6,7,10,10,10,10,10,15282,0,5,6.362013219700425,3.0284199965535663,1521.0046399952262,442.0
1789884912,50,POST,POST /api/v1/auth/login,0.000000,0.000000,0,0,0,0,0,0,0,0,0,0,0,50,0,1300.0,1369.1218887201103,628.633758999058,2104.1982940005255,1622.0
1789884912,50,POST,POST /api/v1/auth/refresh,0.000000,0.000000,0,0,0,0,0,0,0,0,0,0,0,100,0,27,29.209557120193494,18.447431997628883,75.96593200287316,1622.0
1789884912,50,,Aggregated,25.500000,0.000000,6,7,7,7,8,10,11,15,22,22,22,61342,0,6,9.277576226290904,3.0284199965535663,2104.1982940005255,6823.727527631965
1789884913,50,GET,GET /api/v1/reservas,19.200000,0.000000,6,7,7,8,8,10,13,19,22,22,22,45935,0,7,8.722612371778109,4.633864002244081,1957.275683998887,8965.0
1789884913,50,GET,GET /api/v1/reservas/{id},5.700000,0.000000,5,5,5,5,6,7,10,10,10,10,10,15284,0,5,6.361704680153415,3.0284199965535663,1521.0046399952262,442.0
1789884913,50,POST,POST /api/v1/auth/login,0.000000,0.000000,0,0,0,0,0,0,0,0,0,0,0,50,0,1300.0,1369.1218887201103,628.633758999058,2104.1982940005255,1622.0
1789884913,50,POST,POST /api/v1/auth/refresh,0.000000,0.000000,0,0,0,0,0,0,0,0,0,0,0,100,0,27,29.209557120193494,18.447431997628883,75.96593200287316,1622.0
1789884913,50,,Aggregated,24.900000,0.000000,6,7,7,7,8,10,12,15,22,22,22,61369,0,6,9.276386184834621,3.0284199965535663,2104.1982940005255,6824.391842787075
1789884914,50,GET,GET /api/v1/reservas,19.400000,0.000000,7,7,7,8,9,11,18,20,22,22,22,45952,0,7,8.722786279653757,4.633864002244081,1957.275683998887,8965.0
1789884914,50,GET,GET /api/v1/reservas/{id},5.600000,0.000000,5,5,5,6,6,10,10,11,11,11,11,15291,0,5,6.3614887530868325,3.0284199965535663,1521.0046399952262,442.0
1789884914,50,POST,POST /api/v1/auth/login,0.000000,0.000000,0,0,0,0,0,0,0,0,0,0,0,50,0,1300.0,1369.1218887201103,628.633758999058,2104.1982940005255,1622.0
1789884914,50,POST,POST /api/v1/auth/refresh,0.000000,0.000000,0,0,0,0,0,0,0,0,0,0,0,100,0,27,29.209557120193494,18.447431997628883,75.96593200287316,1622.0
1789884914,50,,Aggregated,25.000000,0.000000,6,7,7,8,9,11,15,19,22,22,22,61393,0,6,9.275976899550828,3.0284199965535663,2104.1982940005255,6824.256869675696
1789884915,50,GET,GET /api/v1/reservas,19.100000,0.000000,7,7,7,8,9,11,18,20,22,22,22,45971,0,7,8.721657739828323,4.633864002244081,1957.275683998887,8965.0
1789884915,50,GET,GET /api/v1/reservas/{id},5.400000,0.000000,5,5,5,6,6,10,10,11,11,11,11,15298,0,5,6.360763443420435,3.0284199965535663,1521.0046399952262,442.0
1789884915,50,POST,POST /api/v1/auth/login,0.000000,0.000000,0,0,0,0,0,0,0,0,0,0,0,50,0,1300.0,1369.1218887201103,628.633758999058,2104.1982940005255,1622.0
1789884915,50,POST,POST /api/v1/auth/refresh,0.000000,0.000000,0,0,0,0,0,0,0,0,0,0,0,100,0,27,29.209557120193494,18.447431997628883,75.96593200287316,1622.0
1789884915,50,,Aggregated,24.500000,0.000000,6,7,7,7,9,11,15,19,22,22,22,61419,0,6,9.27444825319718,3.0284199965535663,2104.1982940005255,6824.191715918527
1789884916,50,GET,GET /api/v1/reservas,19.500000,0.000000,7,7,8,8,9,11,18,20,22,22,22,45990,0,7,8.721118302014647,4.633864002244081,1957.275683998887,8965.0
1789884916,50,GET,GET /api/v1/reservas/{id},5.400000,0.000000,5,5,5,6,7,10,11,11,11,11,11,15301,0,5,6.3605883917035975,3.0284199965535663,1521.0046399952262,442.0
1789884916,50,POST,POST /api/v1/auth/login,0.000000,0.000000,0,0,0,0,0,0,0,0,0,0,0,50,0,1300.0,1369.1218887201103,628.633758999058,2104.1982940005255,1622.0
1789884916,50,POST,POST /api/v1/auth/refresh,0.000000,0.000000,0,0,0,0,0,0,0,0,0,0,0,100,0,27,29.209557120193494,18.447431997628883,75.96593200287316,1622.0
1789884916,50,,Aggregated,24.900000,0.000000,6,7,7,8,9,11,15,19,22,22,22,61441,0,6,9.273687665225738,3.0284199965535663,2104.1982940005255,6824.54211357237
1789884917,50,GET,GET /api/v1/reservas,18.900000,0.000000,7,7,8,8,9,11,18,20,22,22,22,46005,0,7,8.720374483874764,4.633864002244081,1957.275683998887,8965.0
1789884917,50,GET,GET /api/v1/reservas/{id},5.400000,0.000000,5,5,5,6,7,10,11,12,12,12,12,15306,0,5,6.360392732683308,3.0284199965535663,1521.0046399952262,442.0
1789884917,50,POST,POST /api/v1/auth/login,0.000000,0.000000,0,0,0,0,0,0,0,0,0,0,0,50,0,1300.0,1369.1218887201103,628.633758999058,2104.1982940005255,1622.0
1789884917,50,POST,POST /api/v1/auth/refresh,0.000000,0.000000,0,0,0,0,0,0,0,0,0,0,0,100,0,27,29.209557120193494,18.447431997628883,75.96593200287316,1622.0
1789884917,50,,Aggregated,24.300000,0.000000,6,7,7,8,9,11,15,19,22,22,22,61461,0,6,9.272710327608294,3.0284199965535663,2104.1982940005255,6824.5452726119
1789884918,50,GET,GET /api/v1/reservas,18.900000,0.000000,7,7,7,8,9,11,18,20,22,22,22,46029,0,7,8.71944524553254,4.633864002244081,1957.275683998887,8965.0
1789884918,50,GET,GET /api/v1/reservas/{id},5.700000,0.000000,5,5,5,5,6,7,11,12,12,12,12,15312,0,5,6.3596989090546,3.0284199965535663,1521.0046399952262,442.0
1789884918,50,POST,POST /api/v1/auth/login,0.000000,0.000000,0,0,0,0,0,0,0,0,0,0,0,50,0,1300.0,1369.1218887201103,628.633758999058,2104.1982940005255,1622.0
1789884918,50,POST,POST /api/v1/auth/refresh,0.000000,0.000000,0,0,0,0,0,0,0,0,0,0,0,100,0,27,29.209557120193494,18.447431997628883,75.96593200287316,1622.0
1789884918,50,,Aggregated,24.600000,0.000000,6,7,7,8,9,11,15,19,22,22,22,61491,0,6,9.271342229758588,3.0284199965535663,2104.1982940005255,6824.757915792555
1789884919,50,GET,GET /api/v1/reservas,19.100000,0.000000,7,7,8,8,10,11,18,20,22,22,22,46052,0,7,8.718559652927537,4.633864002244081,1957.275683998887,8965.0
1789884919,50,GET,GET /api/v1/reservas/{id},5.100000,0.000000,5,5,5,6,7,11,12,17,17,17,17,15318,0,5,6.359770452633478,3.0284199965535663,1521.0046399952262,442.0
1789884919,50,POST,POST /api/v1/auth/login,0.000000,0.000000,0,0,0,0,0,0,0,0,0,0,0,50,0,1300.0,1369.1218887201103,628.633758999058,2104.1982940005255,1622.0
1789884919,50,POST,POST /api/v1/auth/refresh,0.000000,0.000000,0,0,0,0,0,0,0,0,0,0,0,100,0,27,29.209557120193494,18.447431997628883,75.96593200287316,1622.0
1789884919,50,,Aggregated,24.200000,0.000000,6,7,7,8,9,11,17,19,22,22,22,61520,0,6,9.270206812062456,3.0284199965535663,2104.1982940005255,6824.935565669701
1789884920,50,GET,GET /api/v1/reservas,18.500000,0.000000,7,7,8,8,9,10,15,20,22,22,22,46073,0,7,8.717560808730326,4.633864002244081,1957.275683998887,8965.0
1789884920,50,GET,GET /api/v1/reservas/{id},5.200000,0.000000,5,5,5,5,7,11,17,17,17,17,17,15321,0,5,6.359430990759947,3.0284199965535663,1521.0046399952262,442.0
1789884920,50,POST,POST /api/v1/auth/login,0.000000,0.000000,0,0,0,0,0,0,0,0,0,0,0,50,0,1300.0,1369.1218887201103,628.633758999058,2104.1982940005255,1622.0
1789884920,50,POST,POST /api/v1/auth/refresh,0.000000,0.000000,0,0,0,0,0,0,0,0,0,0,0,100,0,27,29.209557120193494,18.447431997628883,75.96593200287316,1622.0
1789884920,50,,Aggregated,23.700000,0.000000,6,7,7,8,9,10,15,18,22,22,22,61544,0,6,9.269044447843646,3.0284199965535663,2104.1982940005255,6825.354656830885
1789884921,50,GET,GET /api/v1/reservas,19.000000,0.000000,6,7,7,8,9,12,15,20,23,23,23,46097,0,7,8.716896199506289,4.633864002244081,1957.275683998887,8965.0
1789884921,50,GET,GET /api/v1/reservas/{id},5.200000,0.000000,5,5,5,6,7,11,17,17,17,17,17,15326,0,5,6.359216024496329,3.0284199965535663,1521.0046399952262,442.0
1789884921,50,POST,POST /api/v1/auth/login,0.000000,0.000000,0,0,0,0,0,0,0,0,0,0,0,50,0,1300.0,1369.1218887201103,628.633758999058,2104.1982940005255,1622.0
1789884921,50,POST,POST /api/v1/auth/refresh,0.000000,0.000000,0,0,0,0,0,0,0,0,0,0,0,100,0,27,29.209557120193494,18.447431997628883,75.96593200287316,1622.0
1789884921,50,,Aggregated,24.200000,0.000000,6,7,7,8,9,11,15,18,23,23,23,61573,0,6,9.268042145877184,3.0284199965535663,2104.1982940005255,6825.670293797606
1789884922,50,GET,GET /api/v1/reservas,19.300000,0.000000,6,7,7,8,9,10,15,20,23,23,23,46106,0,7,8.716469382089704,4.633864002244081,1957.275683998887,8965.0
1789884922,50,GET,GET /api/v1/reservas/{id},5.100000,0.000000,5,5,5,6,7,11,17,17,17,17,17,15329,0,5,6.358816575603807,3.0284199965535663,1521.0046399952262,442.0
1789884922,50,POST,POST /api/v1/auth/login,0.000000,0.000000,0,0,0,0,0,0,0,0,0,0,0,50,0,1300.0,1369.1218887201103,628.633758999058,2104.1982940005255,1622.0
1789884922,50,POST,POST /api/v1/auth/refresh,0.000000,0.000000,0,0,0,0,0,0,0,0,0,0,0,100,0,27,29.209557120193494,18.447431997628883,75.96593200287316,1622.0
1789884922,50,,Aggregated,24.400000,0.000000,6,7,7,8,9,11,15,18,23,23,23,61585,0,6,9.267400937989485,3.0284199965535663,2104.1982940005255,6825.6719655760335
1789884923,50,GET,GET /api/v1/reservas,19.800000,0.000000,6,7,7,8,9,12,15,20,23,23,23,46128,0,7,8.715657035827052,4.633864002244081,1957.275683998887,8965.0
1789884923,50,GET,GET /api/v1/reservas/{id},4.900000,0.000000,5,5,5,5,7,10,12,17,17,17,17,15339,0,5,6.358017683383714,3.0284199965535663,1521.0046399952262,442.0
1789884923,50,POST,POST /api/v1/auth/login,0.000000,0.000000,0,0,0,0,0,0,0,0,0,0,0,50,0,1300.0,1369.1218887201103,628.633758999058,2104.1982940005255,1622.0
1789884923,50,POST,POST /api/v1/auth/refresh,0.000000,0.000000,0,0,0,0,0,0,0,0,0,0,0,100,0,27,29.209557120193494,18.447431997628883,75.96593200287316,1622.0
1789884923,50,,Aggregated,24.700000,0.000000,6,7,7,7,9,11,15,18,23,23,23,61617,0,6,9.265925169061735,3.0284199965535663,2104.1982940005255,6825.399776035834
1789884924,50,GET,GET /api/v1/reservas,19.900000,0.000000,6,7,7,8,9,10,14,15,23,23,23,46149,0,7,8.715023103396371,4.633864002244081,1957.275683998887,8965.0
1789884924,50,GET,GET /api/v1/reservas/{id},4.900000,0.000000,5,5,5,6,7,12,14,17,17,17,17,15343,0,5,6.358247470274572,3.0284199965535663,1521.0046399952262,442.0
1789884924,50,POST,POST /api/v1/auth/login,0.000000,0.000000,0,0,0,0,0,0,0,0,0,0,0,50,0,1300.0,1369.1218887201103,628.633758999058,2104.1982940005255,1622.0
1789884924,50,POST,POST /api/v1/auth/refresh,0.000000,0.000000,0,0,0,0,0,0,0,0,0,0,0,100,0,27,29.209557120193494,18.447431997628883,75.96593200287316,1622.0
1789884924,50,,Aggregated,24.800000,0.000000,6,7,7,8,9,10,14,15,23,23,23,61642,0,6,9.265131603177798,3.0284199965535663,2104.1982940005255,6825.714464164044
1789884925,50,GET,GET /api/v1/reservas,19.200000,0.000000,7,7,7,8,9,10,14,15,23,23,23,46167,0,7,8.714191262777078,4.633864002244081,1957.275683998887,8965.0
1789884925,50,GET,GET /api/v1/reservas/{id},4.800000,0.000000,5,5,5,5,8,12,17,17,17,17,17,15348,0,5,6.357687341766439,3.0284199965535663,1521.0046399952262,442.0
1789884925,50,POST,POST /api/v1/auth/login,0.000000,0.000000,0,0,0,0,0,0,0,0,0,0,0,50,0,1300.0,1369.1218887201103,628.633758999058,2104.1982940005255,1622.0
1789884925,50,POST,POST /api/v1/auth/refresh,0.000000,0.000000,0,0,0,0,0,0,0,0,0,0,0,100,0,27,29.209557120193494,18.447431997628883,75.96593200287316,1622.0
1789884925,50,,Aggregated,24.000000,0.000000,6,7,7,8,9,10,14,15,23,23,23,61665,0,6,9.263973137080757,3.0284199965535663,2104.1982940005255,6825.821308684019
1789884926,50,GET,GET /api/v1/reservas,19.700000,0.000000,7,7,7,8,9,10,14,15,23,23,23,46190,0,7,8.713408288690374,4.633864002244081,1957.275683998887,8965.0
1789884926,50,GET,GET /api/v1/reservas/{id},5.200000,0.000000,5,5,5,6,8,12,14,17,17,17,17,15355,0,5,6.357424501883496,3.0284199965535663,1521.0046399952262,442.0
1789884926,50,POST,POST /api/v1/auth/login,0.000000,0.000000,0,0,0,0,0,0,0,0,0,0,0,50,0,1300.0,1369.1218887201103,628.633758999058,2104.1982940005255,1622.0
1789884926,50,POST,POST /api/v1/auth/refresh,0.000000,0.000000,0,0,0,0,0,0,0,0,0,0,0,100,0,27,29.209557120193494,18.447431997628883,75.96593200287316,1622.0
1789884926,50,,Aggregated,24.900000,0.000000,6,7,7,8,9,10,14,15,23,23,23,61695,0,6,9.262786809774758,3.0284199965535663,2104.1982940005255,6825.894480914175
1789884927,50,GET,GET /api/v1/reservas,19.600000,0.000000,7,7,7,8,9,10,14,15,23,23,23,46203,0,7,8.7129383898147,4.633864002244081,1957.275683998887,8965.0
1789884927,50,GET,GET /api/v1/reservas/{id},5.200000,0.000000,5,5,5,5,7,10,14,17,17,17,17,15363,0,5,6.356486534559164,3.0284199965535663,1521.0046399952262,442.0
1789884927,50,POST,POST /api/v1/auth/login,0.000000,0.000000,0,0,0,0,0,0,0,0,0,0,0,50,0,1300.0,1369.1218887201103,628.633758999058,2104.1982940005255,1622.0
1789884927,50,POST,POST /api/v1/auth/refresh,0.000000,0.000000,0,0,0,0,0,0,0,0,0,0,0,100,0,27,29.209557120193494,18.447431997628883,75.96593200287316,1622.0
1789884927,50,,Aggregated,24.800000,0.000000,6,7,7,8,9,10,14,15,23,23,23,61716,0,6,9.261709203497722,3.0284199965535663,2104.1982940005255,6825.517548123663
1789884928,50,GET,GET /api/v1/reservas,19.600000,0.000000,6,7,7,8,9,10,14,15,23,23,23,46224,0,7,8.712028661336397,4.633864002244081,1957.275683998887,8965.0
1789884928,50,GET,GET /api/v1/reservas/{id},5.000000,0.000000,5,5,5,5,7,10,14,17,17,17,17,15367,0,5,6.355903360150081,3.0284199965535663,1521.0046399952262,442.0
1789884928,50,POST,POST /api/v1/auth/login,0.000000,0.000000,0,0,0,0,0,0,0,0,0,0,0,50,0,1300.0,1369.1218887201103,628.633758999058,2104.1982940005255,1622.0
1789884928,50,POST,POST /api/v1/auth/refresh,0.000000,0.000000,0,0,0,0,0,0,0,0,0,0,0,100,0,27,29.209557120193494,18.447431997628883,75.96593200287316,1622.0
1789884928,50,,Aggregated,24.600000,0.000000,6,7,7,7,9,10,14,15,23,23,23,61741,0,6,9.260508089034262,3.0284199965535663,2104.1982940005255,6825.831683970133
1789884929,50,GET,GET /api/v1/reservas,19.900000,0.000000,7,7,8,8,10,11,15,17,23,23,23,46242,0,7,8.712168233632113,4.633864002244081,1957.275683998887,8965.0
1789884929,50,GET,GET /api/v1/reservas/{id},5.300000,0.000000,5,5,5,6,7,8,10,14,14,14,14,15372,0,5,6.3556958318653685,3.0284199965535663,1521.0046399952262,442.0
1789884929,50,POST,POST /api/v1/auth/login,0.000000,0.000000,0,0,0,0,0,0,0,0,0,0,0,50,0,1300.0,1369.1218887201103,628.633758999058,2104.1982940005255,1622.0
1789884929,50,POST,POST /api/v1/auth/refresh,0.000000,0.000000,0,0,0,0,0,0,0,0,0,0,0,100,0,27,29.209557120193494,18.447431997628883,75.96593200287316,1622.0
1789884929,50,,Aggregated,25.200000,0.000000,6,7,7,8,9,11,14,15,23,23,23,61764,0,6,9.260165953226394,3.0284199965535663,2104.1982940005255,6825.938313580727
1789884930,50,GET,GET /api/v1/reservas,20.300000,0.000000,7,7,8,8,10,11,15,17,23,23,23,46263,0,7,8.710884344868,4.633864002244081,1957.275683998887,8965.0
1789884930,50,GET,GET /api/v1/reservas/{id},5.600000,0.000000,5,5,5,6,7,8,10,14,14,14,14,15378,0,5,6.354849871793856,3.0284199965535663,1521.0046399952262,442.0
1789884930,50,POST,POST /api/v1/auth/login,0.000000,0.000000,0,0,0,0,0,0,0,0,0,0,0,50,0,1300.0,1369.1218887201103,628.633758999058,2104.1982940005255,1622.0
1789884930,50,POST,POST /api/v1/auth/refresh,0.000000,0.000000,0,0,0,0,0,0,0,0,0,0,0,100,0,27,29.209557120193494,18.447431997628883,75.96593200287316,1622.0
1789884930,50,,Aggregated,25.900000,0.000000,6,7,7,8,9,10,14,15,23,23,23,61791,0,6,9.258525900585827,3.0284199965535663,2104.1982940005255,6826.045394960431
1789884931,50,GET,GET /api/v1/reservas,19.300000,0.000000,7,7,8,8,10,11,17,29,33,33,33,46282,0,7,8.711494414127074,4.633864002244081,1957.275683998887,8965.0
1789884931,50,GET,GET /api/v1/reservas/{id},5.600000,0.000000,5,5,5,6,7,8,10,14,14,14,14,15384,0,5,6.3542576442693735,3.0284199965535663,1521.0046399952262,442.0
1789884931,50,POST,POST /api/v1/auth/login,0.000000,0.000000,0,0,0,0,0,0,0,0,0,0,0,50,0,1300.0,1369.1218887201103,628.633758999058,2104.1982940005255,1622.0
1789884931,50,POST,POST /api/v1/auth/refresh,0.000000,0.000000,0,0,0,0,0,0,0,0,0,0,0,100,0,27,29.209557120193494,18.447431997628883,75.96593200287316,1622.0
1789884931,50,,Aggregated,24.900000,0.000000,6,7,7,8,9,10,15,23,33,33,33,61816,0,6,9.258385114243794,3.0284199965535663,2104.1982940005255,6826.083182347612
1789884932,50,GET,GET /api/v1/reservas,19.100000,0.000000,7,7,8,8,9,11,17,29,33,33,33,46304,0,7,8.710250287072824,4.633864002244081,1957.275683998887,8965.0
1789884932,50,GET,GET /api/v1/reservas/{id},5.600000,0.000000,5,5,5,6,7,8,10,14,14,14,14,15391,0,5,6.353301065001226,3.0284199965535663,1521.0046399952262,442.0
1789884932,50,POST,POST /api/v1/auth/login,0.000000,0.000000,0,0,0,0,0,0,0,0,0,0,0,50,0,1300.0,1369.1218887201103,628.633758999058,2104.1982940005255,1622.0
1789884932,50,POST,POST /api/v1/auth/refresh,0.000000,0.000000,0,0,0,0,0,0,0,0,0,0,0,100,0,27,29.209557120193494,18.447431997628883,75.96593200287316,1622.0
1789884932,50,,Aggregated,24.700000,0.000000,6,7,7,8,9,10,14,23,33,33,33,61845,0,6,9.256692313559364,3.0284199965535663,2104.1982940005255,6826.121464952705
1789884933,50,GET,GET /api/v1/reservas,19.500000,0.000000,7,7,8,8,10,11,17,29,33,33,33,46320,0,7,8.709863974603184,4.633864002244081,1957.275683998887,8965.0
1789884933,50,GET,GET /api/v1/reservas/{id},5.700000,0.000000,5,5,5,6,6,8,8,14,14,14,14,15395,0,5,6.352862615682976,3.0284199965535663,1521.0046399952262,442.0
1789884933,50,POST,POST /api/v1/auth/login,0.000000,0.000000,0,0,0,0,0,0,0,0,0,0,0,50,0,1300.0,1369.1218887201103,628.633758999058,2104.1982940005255,1622.0
1789884933,50,POST,POST /api/v1/auth/refresh,0.000000,0.000000,0,0,0,0,0,0,0,0,0,0,0,100,0,27,29.209557120193494,18.447431997628883,75.96593200287316,1622.0
1789884933,50,,Aggregated,25.200000,0.000000,6,7,7,8,9,10,15,23,33,33,33,61865,0,6,9.255964914250127,3.0284199965535663,2104.1982940005255,6826.261860502707
1789884934,50,GET,GET /api/v1/reservas,18.300000,0.000000,7,7,8,8,10,12,23,29,33,33,33,46339,0,7,8.709928124487053,4.633864002244081,1957.275683998887,8965.0
1789884934,50,GET,GET /api/v1/reservas/{id},5.800000,0.000000,5,5,5,6,6,8,8,11,11,11,11,15400,0,5,6.352772576651836,3.0284199965535663,1521.0046399952262,442.0
1789884934,50,POST,POST /api/v1/auth/login,0.000000,0.000000,0,0,0,0,0,0,0,0,0,0,0,50,0,1300.0,1369.1218887201103,628.633758999058,2104.1982940005255,1622.0
1789884934,50,POST,POST /api/v1/auth/refresh,0.000000,0.000000,0,0,0,0,0,0,0,0,0,0,0,100,0,27,29.209557120193494,18.447431997628883,75.96593200287316,1622.0
1789884934,50,,Aggregated,24.100000,0.000000,6,7,7,8,9,11,17,25,33,33,33,61889,0,6,9.255588346702467,3.0284199965535663,2104.1982940005255,6826.40267252662
1789884935,50,GET,GET /api/v1/reservas,19.900000,0.000000,7,7,8,8,10,12,23,29,33,33,33,46359,0,7,8.709098379357075,4.633864002244081,1957.275683998887,8965.0
1789884935,50,GET,GET /api/v1/reservas/{id},6.000000,0.000000,5,5,5,6,6,8,8,11,11,11,11,15405,0,5,6.352557953485474,3.0284199965535663,1521.0046399952262,442.0
1789884935,50,POST,POST /api/v1/auth/login,0.000000,0.000000,0,0,0,0,0,0,0,0,0,0,0,50,0,1300.0,1369.1218887201103,628.633758999058,2104.1982940005255,1622.0
1789884935,50,POST,POST /api/v1/auth/refresh,0.000000,0.000000,0,0,0,0,0,0,0,0,0,0,0,100,0,27,29.209557120193494,18.447431997628883,75.96593200287316,1622.0
1789884935,50,,Aggregated,25.900000,0.000000,6,7,7,8,10,11,17,25,33,33,33,61914,0,6,9.254502974934319,3.0284199965535663,2104.1982940005255,6826.5779145266015
1789884936,50,GET,GET /api/v1/reservas,18.900000,0.000000,7,7,7,8,10,12,23,29,33,33,33,46377,0,7,8.708147267149982,4.633864002244081,1957.275683998887,8965.0
1789884936,50,GET,GET /api/v1/reservas/{id},5.700000,0.000000,5,5,5,5,6,7,8,11,11,11,11,15412,0,5,6.351580920675428,3.0284199965535663,1521.0046399952262,442.0
1789884936,50,POST,POST /api/v1/auth/login,0.000000,0.000000,0,0,0,0,0,0,0,0,0,0,0,50,0,1300.0,1369.1218887201103,628.633758999058,2104.1982940005255,1622.0
1789884936,50,POST,POST /api/v1/auth/refresh,0.000000,0.000000,0,0,0,0,0,0,0,0,0,0,0,100,0,27,29.209557120193494,18.447431997628883,75.96593200287316,1622.0
1789884936,50,,Aggregated,24.600000,0.000000,6,7,7,7,9,11,17,25,33,33,33,61939,0,6,9.253061255527042,3.0284199965535663,2104.1982940005255,6826.477808811896
1789884937,50,GET,GET /api/v1/reservas,19.000000,0.000000,7,7,7,8,10,12,23,29,33,33,33,46396,0,7,8.707210828597574,4.633864002244081,1957.275683998887,8965.0
1789884937,50,GET,GET /api/v1/reservas/{id},5.600000,0.000000,5,5,5,6,6,7,8,11,11,11,11,15416,0,5,6.351101205140406,3.0284199965535663,1521.0046399952262,442.0
1789884937,50,POST,POST /api/v1/auth/login,0.000000,0.000000,0,0,0,0,0,0,0,0,0,0,0,50,0,1300.0,1369.1218887201103,628.633758999058,2104.1982940005255,1622.0
1789884937,50,POST,POST /api/v1/auth/refresh,0.000000,0.000000,0,0,0,0,0,0,0,0,0,0,0,100,0,27,29.209557120193494,18.447431997628883,75.96593200287316,1622.0
1789884937,50,,Aggregated,24.600000,0.000000,6,7,7,7,9,11,17,25,33,33,33,61962,0,6,9.251886316291964,3.0284199965535663,2104.1982940005255,6826.721409896388
1789884938,50,GET,GET /api/v1/reservas,19.000000,0.000000,7,7,7,7,10,12,23,29,33,33,33,46419,0,7,8.706050651557037,4.633864002244081,1957.275683998887,8965.0
1789884938,50,GET,GET /api/v1/reservas/{id},5.500000,0.000000,5,5,5,6,6,7,8,11,11,11,11,15424,0,5,6.350349312139706,3.0284199965535663,1521.0046399952262,442.0
1789884938,50,POST,POST /api/v1/auth/login,0.000000,0.000000,0,0,0,0,0,0,0,0,0,0,0,50,0,1300.0,1369.1218887201103,628.633758999058,2104.1982940005255,1622.0
1789884938,50,POST,POST /api/v1/auth/refresh,0.000000,0.000000,0,0,0,0,0,0,0,0,0,0,0,100,0,27,29.209557120193494,18.447431997628883,75.96593200287316,1622.0
1789884938,50,,Aggregated,24.500000,0.000000,6,7,7,7,9,11,17,25,33,33,33,61993,0,6,9.250254111481848,3.0284199965535663,2104.1982940005255,6826.690803800429
1789884939,50,GET,GET /api/v1/reservas,18.500000,0.000000,7,7,7,8,10,13,25,29,33,33,33,46433,0,7,8.70676729312351,4.633864002244081,1957.275683998887,8965.0
1789884939,50,GET,GET /api/v1/reservas/{id},5.900000,0.000000,5,5,5,6,7,7,8,11,11,11,11,15430,0,5,6.350236232368252,3.0284199965535663,1521.0046399952262,442.0
1789884939,50,POST,POST /api/v1/auth/login,0.000000,0.000000,0,0,0,0,0,0,0,0,0,0,0,50,0,1300.0,1369.1218887201103,628.633758999058,2104.1982940005255,1622.0
1789884939,50,POST,POST /api/v1/auth/refresh,0.000000,0.000000,0,0,0,0,0,0,0,0,0,0,0,100,0,27,29.209557120193494,18.447431997628883,75.96593200287316,1622.0
1789884939,50,,Aggregated,24.400000,0.000000,6,7,7,7,9,12,23,25,33,33,33,62013,0,6,9.25035913332803,3.0284199965535663,2104.1982940005255,6826.555802815538
1789884940,50,GET,GET /api/v1/reservas,19.000000,0.000000,7,7,7,8,10,15,25,29,33,33,33,46451,0,7,8.705986888002931,4.633864002244081,1957.275683998887,8965.0
1789884940,50,GET,GET /api/v1/reservas/{id},5.300000,0.000000,5,5,5,6,7,8,8,11,11,11,11,15435,0,5,6.349896367828596,3.0284199965535663,1521.0046399952262,442.0
1789884940,50,POST,POST /api/v1/auth/login,0.000000,0.000000,0,0,0,0,0,0,0,0,0,0,0,50,0,1300.0,1369.1218887201103,628.633758999058,2104.1982940005255,1622.0
1789884940,50,POST,POST /api/v1/auth/refresh,0.000000,0.000000,0,0,0,0,0,0,0,0,0,0,0,100,0,27,29.209557120193494,18.447431997628883,75.96593200287316,1622.0
1789884940,50,,Aggregated,24.300000,0.000000,6,7,7,7,9,12,23,25,33,33,33,62036,0,6,9.24929875427306,3.0284199965535663,2104.1982940005255,6826.661696434328
1789884941,50,GET,GET /api/v1/reservas,19.500000,0.000000,7,7,7,8,9,12,17,25,25,25,25,46473,0,7,8.705317790214243,4.633864002244081,1957.275683998887,8965.0
1789884941,50,GET,GET /api/v1/reservas/{id},5.600000,0.000000,5,5,5,6,7,7,8,11,11,11,11,15440,0,5,6.3494497272949015,3.0284199965535663,1521.0046399952262,442.0
1789884941,50,POST,POST /api/v1/auth/login,0.000000,0.000000,0,0,0,0,0,0,0,0,0,0,0,50,0,1300.0,1369.1218887201103,628.633758999058,2104.1982940005255,1622.0
1789884941,50,POST,POST /api/v1/auth/refresh,0.000000,0.000000,0,0,0,0,0,0,0,0,0,0,0,100,0,27,29.209557120193494,18.447431997628883,75.96593200287316,1622.0
1789884941,50,,Aggregated,25.100000,0.000000,6,7,7,7,9,11,15,20,25,25,25,62063,0,6,9.248260438620191,3.0284199965535663,2104.1982940005255,6826.905322011505
1789884942,50,GET,GET /api/v1/reservas,18.900000,0.000000,7,7,7,8,10,12,17,25,25,25,25,46494,0,7,8.704545590218556,4.633864002244081,1957.275683998887,8965.0
1789884942,50,GET,GET /api/v1/reservas/{id},5.600000,0.000000,5,5,5,6,7,8,9,11,11,11,11,15446,0,5,6.348936564704518,3.0284199965535663,1521.0046399952262,442.0
1789884942,50,POST,POST /api/v1/auth/login,0.000000,0.000000,0,0,0,0,0,0,0,0,0,0,0,50,0,1300.0,1369.1218887201103,628.633758999058,2104.1982940005255,1622.0
1789884942,50,POST,POST /api/v1/auth/refresh,0.000000,0.000000,0,0,0,0,0,0,0,0,0,0,0,100,0,27,29.209557120193494,18.447431997628883,75.96593200287316,1622.0
1789884942,50,,Aggregated,24.500000,0.000000,6,7,7,8,9,12,15,20,25,25,25,62090,0,6,9.247090787535395,3.0284199965535663,2104.1982940005255,6827.011467224996
1789884943,50,GET,GET /api/v1/reservas,18.200000,0.000000,7,7,7,8,10,13,17,25,25,25,25,46512,0,7,8.70396563696768,4.633864002244081,1957.275683998887,8965.0
1789884943,50,GET,GET /api/v1/reservas/{id},5.600000,0.000000,5,5,5,6,7,8,9,11,11,11,11,15449,0,5,6.348758475397764,3.0284199965535663,1521.0046399952262,442.0
1789884943,50,POST,POST /api/v1/auth/login,0.000000,0.000000,0,0,0,0,0,0,0,0,0,0,0,50,0,1300.0,1369.1218887201103,628.633758999058,2104.1982940005255,1622.0
1789884943,50,POST,POST /api/v1/auth/refresh,0.000000,0.000000,0,0,0,0,0,0,0,0,0,0,0,100,0,27,29.209557120193494,18.447431997628883,75.96593200287316,1622.0
1789884943,50,,Aggregated,23.800000,0.000000,6,7,7,8,9,12,15,20,25,25,25,62111,0,6,9.246314977074691,3.0284199965535663,2104.1982940005255,6827.322664262369
1789884944,50,GET,GET /api/v1/reservas,19.300000,0.000000,7,7,7,8,9,12,15,20,25,25,25,46530,0,7,8.703049901496982,4.633864002244081,1957.275683998887,8965.0
1789884944,50,GET,GET /api/v1/reservas/{id},5.600000,0.000000,5,5,5,6,7,7,8,9,9,9,9,15455,0,5,6.348055296759462,3.0284199965535663,1521.0046399952262,442.0
1789884944,50,POST,POST /api/v1/auth/login,0.000000,0.000000,0,0,0,0,0,0,0,0,0,0,0,50,0,1300.0,1369.1218887201103,628.633758999058,2104.1982940005255,1622.0
1789884944,50,POST,POST /api/v1/auth/refresh,0.000000,0.000000,0,0,0,0,0,0,0,0,0,0,0,100,0,27,29.209557120193494,18.447431997628883,75.96593200287316,1622.0
1789884944,50,,Aggregated,24.900000,0.000000,6,7,7,7,8,10,15,17,25,25,25,62135,0,6,9.245017408483093,3.0284199965535663,2104.1982940005255,6827.325339985516
1789884945,50,GET,GET /api/v1/reservas,19.000000,0.000000,7,7,8,8,10,12,15,20,25,25,25,46551,0,7,8.702770105790457,4.633864002244081,1957.275683998887,8965.0
1789884945,50,GET,GET /api/v1/reservas/{id},5.600000,0.000000,5,5,5,6,7,8,9,9,9,9,9,15459,0,5,6.348155196805789,3.0284199965535663,1521.0046399952262,442.0
1789884945,50,POST,POST /api/v1/auth/login,0.000000,0.000000,0,0,0,0,0,0,0,0,0,0,0,50,0,1300.0,1369.1218887201103,628.633758999058,2104.1982940005255,1622.0
1789884945,50,POST,POST /api/v1/auth/refresh,0.000000,0.000000,0,0,0,0,0,0,0,0,0,0,0,100,0,27,29.209557120193494,18.447431997628883,75.96593200287316,1622.0
1789884945,50,,Aggregated,24.600000,0.000000,6,7,7,8,9,12,15,17,25,25,25,62160,0,6,9.244463200291138,3.0284199965535663,2104.1982940005255,6827.636631274131
1789884946,50,GET,GET /api/v1/reservas,19.200000,0.000000,7,7,8,8,10,12,15,20,25,25,25,46573,0,7,8.701729384678428,4.633864002244081,1957.275683998887,8965.0
1789884946,50,GET,GET /api/v1/reservas/{id},5.300000,0.000000,5,5,6,7,7,8,9,9,9,9,9,15466,0,5,6.347415301656622,3.0284199965535663,1521.0046399952262,442.0
1789884946,50,POST,POST /api/v1/auth/login,0.000000,0.000000,0,0,0,0,0,0,0,0,0,0,0,50,0,1300.0,1369.1218887201103,628.633758999058,2104.1982940005255,1622.0
1789884946,50,POST,POST /api/v1/auth/refresh,0.000000,0.000000,0,0,0,0,0,0,0,0,0,0,0,100,0,27,29.209557120193494,18.447431997628883,75.96593200287316,1622.0
1789884946,50,,Aggregated,24.500000,0.000000,6,7,7,8,9,12,15,17,25,25,25,62189,0,6,9.242982164628382,3.0284199965535663,2104.1982940005255,6827.673977713101
1789884947,50,GET,GET /api/v1/reservas,19.300000,0.000000,7,7,8,8,10,12,15,20,25,25,25,46590,0,7,8.70098303090039,4.633864002244081,1957.275683998887,8965.0
1789884947,50,GET,GET /api/v1/reservas/{id},5.600000,0.000000,5,5,6,7,7,8,9,9,9,9,9,15468,0,5,6.347141087304704,3.0284199965535663,1521.0046399952262,442.0
1789884947,50,POST,POST /api/v1/auth/login,0.000000,0.000000,0,0,0,0,0,0,0,0,0,0,0,50,0,1300.0,1369.1218887201103,628.633758999058,2104.1982940005255,1622.0
1789884947,50,POST,POST /api/v1/auth/refresh,0.000000,0.000000,0,0,0,0,0,0,0,0,0,0,0,100,0,27,29.209557120193494,18.447431997628883,75.96593200287316,1622.0
1789884947,50,,Aggregated,24.900000,0.000000,6,7,7,8,9,12,15,17,25,25,25,62208,0,6,9.242114002959472,3.0284199965535663,2104.1982940005255,6828.0527584876545
1789884948,50,GET,GET /api/v1/reservas,18.800000,0.000000,7,7,8,8,10,12,15,20,25,25,25,46611,0,7,8.69994070521219,4.633864002244081,1957.275683998887,8965.0
1789884948,50,GET,GET /api/v1/reservas/{id},5.500000,0.000000,5,5,5,6,7,8,9,9,9,9,9,15472,0,5,6.346550959761792,3.0284199965535663,1521.0046399952262,442.0
1789884948,50,POST,POST /api/v1/auth/login,0.000000,0.000000,0,0,0,0,0,0,0,0,0,0,0,50,0,1300.0,1369.1218887201103,628.633758999058,2104.1982940005255,1622.0
1789884948,50,POST,POST /api/v1/auth/refresh,0.000000,0.000000,0,0,0,0,0,0,0,0,0,0,0,100,0,27,29.209557120193494,18.447431997628883,75.96593200287316,1622.0
1789884948,50,,Aggregated,24.300000,0.000000,7,7,7,8,9,12,15,17,25,25,25,62233,0,6,9.240817939165785,3.0284199965535663,2104.1982940005255,6828.363392412386
1789884949,50,GET,GET /api/v1/reservas,19.600000,0.000000,7,7,7,8,9,10,13,15,20,20,20,46633,0,7,8.699074123917693,4.633864002244081,1957.275683998887,8965.0
1789884949,50,GET,GET /api/v1/reservas/{id},5.200000,0.000000,5,5,5,5,7,8,9,9,9,9,9,15476,0,5,6.346070228769623,3.0284199965535663,1521.0046399952262,442.0
1789884949,50,POST,POST /api/v1/auth/login,0.000000,0.000000,0,0,0,0,0,0,0,0,0,0,0,50,0,1300.0,1369.1218887201103,628.633758999058,2104.1982940005255,1622.0
1789884949,50,POST,POST /api/v1/auth/refresh,0.000000,0.000000,0,0,0,0,0,0,0,0,0,0,0,100,0,27,29.209557120193494,18.447431997628883,75.96593200287316,1622.0
1789884949,50,,Aggregated,24.800000,0.000000,6,7,7,8,8,10,13,14,20,20,20,62259,0,6,9.239672282386756,3.0284199965535663,2104.1982940005255,6828.708090396569
1789884950,50,GET,GET /api/v1/reservas,19.700000,0.000000,7,7,7,8,9,10,13,15,20,20,20,46653,0,7,8.698117138011503,4.633864002244081,1957.275683998887,8965.0
1789884950,50,GET,GET /api/v1/reservas/{id},5.300000,0.000000,5,5,5,5,7,7,9,9,9,9,9,15479,0,5,6.345815595480564,3.0284199965535663,1521.0046399952262,442.0
1789884950,50,POST,POST /api/v1/auth/login,0.000000,0.000000,0,0,0,0,0,0,0,0,0,0,0,50,0,1300.0,1369.1218887201103,628.633758999058,2104.1982940005255,1622.0
1789884950,50,POST,POST /api/v1/auth/refresh,0.000000,0.000000,0,0,0,0,0,0,0,0,0,0,0,100,0,27,29.209557120193494,18.447431997628883,75.96593200287316,1622.0
1789884950,50,,Aggregated,25.000000,0.000000,6,7,7,8,8,10,13,14,20,20,20,62282,0,6,9.238579181627419,3.0284199965535663,2104.1982940005255,6829.086461577984
1789884951,50,GET,GET /api/v1/reservas,19.500000,0.000000,7,7,7,8,9,10,13,14,15,15,15,46672,0,7,8.697622735272988,4.633864002244081,1957.275683998887,8965.0
1789884951,50,GET,GET /api/v1/reservas/{id},4.900000,0.000000,5,5,5,5,7,9,9,9,9,9,9,15487,0,5,6.345078891033947,3.0284199965535663,1521.0046399952262,442.0
1789884951,50,POST,POST /api/v1/auth/login,0.000000,0.000000,0,0,0,0,0,0,0,0,0,0,0,50,0,1300.0,1369.1218887201103,628.633758999058,2104.1982940005255,1622.0
1789884951,50,POST,POST /api/v1/auth/refresh,0.000000,0.000000,0,0,0,0,0,0,0,0,0,0,0,100,0,27,29.209557120193494,18.447431997628883,75.96593200287316,1622.0
1789884951,50,,Aggregated,24.400000,0.000000,6,7,7,8,9,10,12,13,15,15,15,62309,0,6,9.237489531755099,3.0284199965535663,2104.1982940005255,6828.917716541751
1789884952,50,GET,GET /api/v1/reservas,19.900000,0.000000,7,7,7,8,9,10,12,13,14,14,14,46687,0,7,8.697015286667888,4.633864002244081,1957.275683998887,8965.0
1789884952,50,GET,GET /api/v1/reservas/{id},4.600000,0.000000,5,5,5,6,7,7,9,9,9,9,9,15489,0,5,6.344953578504031,3.0284199965535663,1521.0046399952262,442.0
1789884952,50,POST,POST /api/v1/auth/login,0.000000,0.000000,0,0,0,0,0,0,0,0,0,0,0,50,0,1300.0,1369.1218887201103,628.633758999058,2104.1982940005255,1622.0
1789884952,50,POST,POST /api/v1/auth/refresh,0.000000,0.000000,0,0,0,0,0,0,0,0,0,0,0,100,0,27,29.209557120193494,18.447431997628883,75.96593200287316,1622.0
1789884952,50,,Aggregated,24.500000,0.000000,6,7,7,8,9,10,12,13,14,14,14,62326,0,6,9.236780618267453,3.0284199965535663,2104.1982940005255,6829.226855565896
1789884953,50,GET,GET /api/v1/reservas,20.200000,0.000000,6,7,7,8,9,10,12,13,14,14,14,46707,0,7,8.695797649360019,4.633864002244081,1957.275683998887,8965.0
1789884953,50,GET,GET /api/v1/reservas/{id},4.600000,0.000000,5,5,5,5,6,7,9,9,9,9,9,15497,0,5,6.343884752239441,3.0284199965535663,1521.0046399952262,442.0
1789884953,50,POST,POST /api/v1/auth/login,0.000000,0.000000,0,0,0,0,0,0,0,0,0,0,0,50,0,1300.0,1369.1218887201103,628.633758999058,2104.1982940005255,1622.0
1789884953,50,POST,POST /api/v1/auth/refresh,0.000000,0.000000,0,0,0,0,0,0,0,0,0,0,0,100,0,27,29.209557120193494,18.447431997628883,75.96593200287316,1622.0
1789884953,50,,Aggregated,24.800000,0.000000,6,7,7,7,8,10,10,12,14,14,14,62354,0,6,9.23505874462164,3.0284199965535663,2104.1982940005255,6829.092423902235
1789884954,50,GET,GET /api/v1/reservas,20.100000,0.000000,6,7,7,7,8,9,10,12,13,13,13,46727,0,7,8.694785831567733,4.633864002244081,1957.275683998887,8965.0
1789884954,50,GET,GET /api/v1/reservas/{id},4.800000,0.000000,5,5,5,6,6,7,9,9,9,9,9,15501,0,5,6.343728046156027,3.0284199965535663,1521.0046399952262,442.0
1789884954,50,POST,POST /api/v1/auth/login,0.000000,0.000000,0,0,0,0,0,0,0,0,0,0,0,50,0,1300.0,1369.1218887201103,628.633758999058,2104.1982940005255,1622.0
1789884954,50,POST,POST /api/v1/auth/refresh,0.000000,0.000000,0,0,0,0,0,0,0,0,0,0,0,100,0,27,29.209557120193494,18.447431997628883,75.96593200287316,1622.0
1789884954,50,,Aggregated,24.900000,0.000000,6,7,7,7,8,9,10,11,13,13,13,62378,0,6,9.233903558035765,3.0284199965535663,2104.1982940005255,6829.367677706884
1789884955,50,GET,GET /api/v1/reservas,19.300000,0.000000,6,7,7,8,9,10,12,15,21,21,21,46745,0,7,8.695060943345341,4.633864002244081,1957.275683998887,8965.0
1789884955,50,GET,GET /api/v1/reservas/{id},4.400000,0.000000,5,5,5,5,6,8,9,9,9,9,9,15508,0,5,6.343397585469127,3.0284199965535663,1521.0046399952262,442.0
1789884955,50,POST,POST /api/v1/auth/login,0.000000,0.000000,0,0,0,0,0,0,0,0,0,0,0,50,0,1300.0,1369.1218887201103,628.633758999058,2104.1982940005255,1622.0
1789884955,50,POST,POST /api/v1/auth/refresh,0.000000,0.000000,0,0,0,0,0,0,0,0,0,0,0,100,0,27,29.209557120193494,18.447431997628883,75.96593200287316,1622.0
1789884955,50,,Aggregated,23.700000,0.000000,6,7,7,7,8,10,12,13,21,21,21,62403,0,6,9.233547805396507,3.0284199965535663,2104.1982940005255,6829.267198692371
1789884956,50,GET,GET /api/v1/reservas,19.500000,0.000000,6,7,7,7,9,10,12,15,21,21,21,46764,0,7,8.694121046674677,4.633864002244081,1957.275683998887,8965.0
1789884956,50,GET,GET /api/v1/reservas/{id},4.900000,0.000000,5,5,5,5,6,8,9,9,9,9,9,15514,0,5,6.342817956197971,3.0284199965535663,1521.0046399952262,442.0
1789884956,50,POST,POST /api/v1/auth/login,0.000000,0.000000,0,0,0,0,0,0,0,0,0,0,0,50,0,1300.0,1369.1218887201103,628.633758999058,2104.1982940005255,1622.0
1789884956,50,POST,POST /api/v1/auth/refresh,0.000000,0.000000,0,0,0,0,0,0,0,0,0,0,0,100,0,27,29.209557120193494,18.447431997628883,75.96593200287316,1622.0
1789884956,50,,Aggregated,24.400000,0.000000,6,7,7,7,8,10,12,13,21,21,21,62428,0,6,9.232258034009977,3.0284199965535663,2104.1982940005255,6829.303325430897
1789884957,50,GET,GET /api/v1/reservas,19.300000,0.000000,6,7,7,7,9,10,12,15,21,21,21,46784,0,7,8.692911500036292,4.633864002244081,1957.275683998887,8965.0
1789884957,50,GET,GET /api/v1/reservas/{id},4.800000,0.000000,5,5,5,5,6,8,9,9,9,9,9,15518,0,5,6.3424211943850555,3.0284199965535663,1521.0046399952262,442.0
1789884957,50,POST,POST /api/v1/auth/login,0.000000,0.000000,0,0,0,0,0,0,0,0,0,0,0,50,0,1300.0,1369.1218887201103,628.633758999058,2104.1982940005255,1622.0
1789884957,50,POST,POST /api/v1/auth/refresh,0.000000,0.000000,0,0,0,0,0,0,0,0,0,0,0,100,0,27,29.209557120193494,18.447431997628883,75.96593200287316,1622.0
1789884957,50,,Aggregated,24.100000,0.000000,6,7,7,7,8,10,12,13,21,21,21,62452,0,6,9.230895949852536,3.0284199965535663,2104.1982940005255,6829.578172036124
1789884958,50,GET,GET /api/v1/reservas,19.900000,0.000000,6,7,7,8,9,10,12,15,21,21,21,46803,0,7,8.692593483274882,4.633864002244081,1957.275683998887,8965.0
1789884958,50,GET,GET /api/v1/reservas/{id},4.800000,0.000000,5,5,5,6,6,8,9,9,9,9,9,15527,0,5,6.341801272136178,3.0284199965535663,1521.0046399952262,442.0
1789884958,50,POST,POST /api/v1/auth/login,0.000000,0.000000,0,0,0,0,0,0,0,0,0,0,0,50,0,1300.0,1369.1218887201103,628.633758999058,2104.1982940005255,1622.0
1789884958,50,POST,POST /api/v1/auth/refresh,0.000000,0.000000,0,0,0,0,0,0,0,0,0,0,0,100,0,27,29.209557120193494,18.447431997628883,75.96593200287316,1622.0
1789884958,50,,Aggregated,24.700000,0.000000,6,7,7,7,9,10,12,13,21,21,21,62480,0,6,9.229923996450037,3.0284199965535663,2104.1982940005255,6829.307442381562
1789884959,50,GET,GET /api/v1/reservas,18.900000,0.000000,6,7,7,8,9,11,12,15,21,21,21,46822,0,7,8.691829372168737,4.633864002244081,1957.275683998887,8965.0
1789884959,50,GET,GET /api/v1/reservas/{id},4.900000,0.000000,5,5,5,6,6,8,9,9,9,9,9,15536,0,5,6.3406831037251035,3.0284199965535663,1521.0046399952262,442.0
1789884959,50,POST,POST /api/v1/auth/login,0.000000,0.000000,0,0,0,0,0,0,0,0,0,0,0,50,0,1300.0,1369.1218887201103,628.633758999058,2104.1982940005255,1622.0
1789884959,50,POST,POST /api/v1/auth/refresh,0.000000,0.000000,0,0,0,0,0,0,0,0,0,0,0,100,0,27,29.209557120193494,18.447431997628883,75.96593200287316,1622.0
1789884959,50,,Aggregated,23.800000,0.000000,6,7,7,7,9,10,12,13,21,21,21,62508,0,6,9.228494556075754,3.0284199965535663,2104.1982940005255,6829.036955269726
1789884960,50,GET,GET /api/v1/reservas,18.900000,0.000000,7,7,8,8,10,11,14,16,21,21,21,46844,0,7,8.691798887406803,4.633864002244081,1957.275683998887,8965.0
1789884960,50,GET,GET /api/v1/reservas/{id},5.000000,0.000000,5,5,5,6,7,8,9,9,9,9,9,15540,0,5,6.340456667791702,3.0284199965535663,1521.0046399952262,442.0
1789884960,50,POST,POST /api/v1/auth/login,0.000000,0.000000,0,0,0,0,0,0,0,0,0,0,0,50,0,1300.0,1369.1218887201103,628.633758999058,2104.1982940005255,1622.0
1789884960,50,POST,POST /api/v1/auth/refresh,0.000000,0.000000,0,0,0,0,0,0,0,0,0,0,0,100,0,27,29.209557120193494,18.447431997628883,75.96593200287316,1622.0
1789884960,50,,Aggregated,23.900000,0.000000,6,7,7,8,9,11,13,15,21,21,21,62534,0,6,9.228041926746927,3.0284199965535663,2104.1982940005255,6829.379857357598
1789884961,50,GET,GET /api/v1/reservas,18.900000,0.000000,7,7,8,8,10,11,14,16,21,21,21,46860,0,7,8.691470199566556,4.633864002244081,1957.275683998887,8965.0
1789884961,50,GET,GET /api/v1/reservas/{id},5.800000,0.000000,5,5,5,6,8,8,11,12,12,12,12,15549,0,5,6.340677770691988,3.0284199965535663,1521.0046399952262,442.0
1789884961,50,POST,POST /api/v1/auth/login,0.000000,0.000000,0,0,0,0,0,0,0,0,0,0,0,50,0,1300.0,1369.1218887201103,628.633758999058,2104.1982940005255,1622.0
1789884961,50,POST,POST /api/v1/auth/refresh,0.000000,0.000000,0,0,0,0,0,0,0,0,0,0,0,100,0,27,29.209557120193494,18.447431997628883,75.96593200287316,1622.0
1789884961,50,,Aggregated,24.700000,0.000000,6,7,8,8,10,11,14,15,21,21,21,62559,0,6,9.227298108285037,3.0284199965535663,2104.1982940005255,6829.007145254879
1789884962,50,GET,GET /api/v1/reservas,18.900000,0.000000,7,8,8,9,11,14,22,26,71,71,71,46881,0,7,8.693480537417726,4.633864002244081,1957.275683998887,8965.0
1789884962,50,GET,GET /api/v1/reservas/{id},6.000000,0.000000,5,5,6,6,8,9,11,12,12,12,12,15554,0,5,6.34088350125286,3.0284199965535663,1521.0046399952262,442.0
1789884962,50,POST,POST /api/v1/auth/login,0.000000,0.000000,0,0,0,0,0,0,0,0,0,0,0,50,0,1300.0,1369.1218887201103,628.633758999058,2104.1982940005255,1622.0
1789884962,50,POST,POST /api/v1/auth/refresh,0.000000,0.000000,0,0,0,0,0,0,0,0,0,0,0,100,0,27,29.209557120193494,18.447431997628883,75.96593200287316,1622.0
1789884962,50,,Aggregated,24.900000,0.000000,6,7,8,8,10,12,16,23,71,71,71,62585,0,6,9.228444726391187,3.0284199965535663,2104.1982940005255,6829.21359750739
1789884963,50,GET,GET /api/v1/reservas,18.900000,0.000000,7,8,8,9,11,14,22,26,71,71,71,46906,0,7,8.692827216852407,4.633864002244081,1957.275683998887,8965.0
1789884963,50,GET,GET /api/v1/reservas/{id},6.000000,0.000000,5,5,6,6,8,9,11,12,12,12,12,15561,0,5,6.340332286067286,3.0284199965535663,1521.0046399952262,442.0
1789884963,50,POST,POST /api/v1/auth/login,0.000000,0.000000,0,0,0,0,0,0,0,0,0,0,0,50,0,1300.0,1369.1218887201103,628.633758999058,2104.1982940005255,1622.0
1789884963,50,POST,POST /api/v1/auth/refresh,0.000000,0.000000,0,0,0,0,0,0,0,0,0,0,0,100,0,27,29.209557120193494,18.447431997628883,75.96593200287316,1622.0
1789884963,50,,Aggregated,24.900000,0.000000,7,7,8,8,10,12,16,23,71,71,71,62617,0,6,9.227281956740137,3.0284199965535663,2104.1982940005255,6829.352284523372
1789884964,50,GET,GET /api/v1/reservas,18.700000,0.000000,7,8,8,9,11,14,22,26,71,71,71,46924,0,7,8.69220949809655,4.633864002244081,1957.275683998887,8965.0
1789884964,50,GET,GET /api/v1/reservas/{id},6.100000,0.000000,5,5,6,6,8,9,11,12,12,12,12,15567,0,5,6.339958980246647,3.0284199965535663,1521.0046399952262,442.0
1789884964,50,POST,POST /api/v1/auth/login,0.000000,0.000000,0,0,0,0,0,0,0,0,0,0,0,50,0,1300.0,1369.1218887201103,628.633758999058,2104.1982940005255,1622.0
1789884964,50,POST,POST /api/v1/auth/refresh,0.000000,0.000000,0,0,0,0,0,0,0,0,0,0,0,100,0,27,29.209557120193494,18.447431997628883,75.96593200287316,1622.0
1789884964,50,,Aggregated,24.800000,0.000000,7,7,8,9,10,12,16,23,71,71,71,62641,0,6,9.226296356734524,3.0284199965535663,2104.1982940005255,6829.354161012755
1789884965,50,GET,GET /api/v1/reservas,19.300000,0.000000,7,8,8,9,10,13,22,26,71,71,71,46940,0,7,8.692088464906023,4.633864002244081,1957.275683998887,8965.0
1789884965,50,GET,GET /api/v1/reservas/{id},6.300000,0.000000,5,6,6,7,8,9,11,12,12,12,12,15575,0,5,6.340203751300415,3.0284199965535663,1521.0046399952262,442.0
1789884965,50,POST,POST /api/v1/auth/login,0.000000,0.000000,0,0,0,0,0,0,0,0,0,0,0,50,0,1300.0,1369.1218887201103,628.633758999058,2104.1982940005255,1622.0
1789884965,50,POST,POST /api/v1/auth/refresh,0.000000,0.000000,0,0,0,0,0,0,0,0,0,0,0,100,0,27,29.209557120193494,18.447431997628883,75.96593200287316,1622.0
1789884965,50,,Aggregated,25.600000,0.000000,7,7,8,8,10,12,14,23,71,71,71,62665,0,6,9.225761687021743,3.0284199965535663,2104.1982940005255,6829.084018191973
1789884966,50,GET,GET /api/v1/reservas,19.500000,0.000000,7,8,9,9,11,13,22,26,71,71,71,46960,0,7,8.691646276250278,4.633864002244081,1957.275683998887,8965.0
1789884966,50,GET,GET /api/v1/reservas/{id},6.400000,0.000000,5,6,6,7,8,10,11,12,12,12,12,15578,0,5,6.340300402394099,3.0284199965535663,1521.0046399952262,442.0
1789884966,50,POST,POST /api/v1/auth/login,0.000000,0.000000,0,0,0,0,0,0,0,0,0,0,0,50,0,1300.0,1369.1218887201103,628.633758999058,2104.1982940005255,1622.0
1789884966,50,POST,POST /api/v1/auth/refresh,0.000000,0.000000,0,0,0,0,0,0,0,0,0,0,0,100,0,27,29.209557120193494,18.447431997628883,75.96593200287316,1622.0
1789884966,50,,Aggregated,25.900000,0.000000,7,8,8,9,10,12,14,23,71,71,71,62688,0,6,9.225146103707777,3.0284199965535663,2104.1982940005255,6829.459800918836
1789884967,50,GET,GET /api/v1/reservas,20.000000,0.000000,7,8,9,9,11,13,22,26,71,71,71,46982,0,7,8.69048572412253,4.633864002244081,1957.275683998887,8965.0
1789884967,50,GET,GET /api/v1/reservas/{id},6.300000,0.000000,5,6,6,7,8,10,11,12,12,12,12,15581,0,5,6.3400870470121315,3.0284199965535663,1521.0046399952262,442.0
1789884967,50,POST,POST /api/v1/auth/login,0.000000,0.000000,0,0,0,0,0,0,0,0,0,0,0,50,0,1300.0,1369.1218887201103,628.633758999058,2104.1982940005255,1622.0
1789884967,50,POST,POST /api/v1/auth/refresh,0.000000,0.000000,0,0,0,0,0,0,0,0,0,0,0,100,0,27,29.209557120193494,18.447431997628883,75.96593200287316,1622.0
1789884967,50,,Aggregated,26.300000,0.000000,7,8,8,9,10,12,14,23,71,71,71,62713,0,6,9.22389850139916,3.0284199965535663,2104.1982940005255,6829.90340120868
1789884968,50,GET,GET /api/v1/reservas,19.400000,0.000000,7,8,8,9,11,13,22,26,71,71,71,46993,0,7,8.689969543415344,4.633864002244081,1957.275683998887,8965.0
1789884968,50,GET,GET /api/v1/reservas/{id},6.800000,0.000000,5,6,7,7,8,10,11,12,12,12,12,15593,0,5,6.339235574841965,3.0284199965535663,1521.0046399952262,442.0
1789884968,50,POST,POST /api/v1/auth/login,0.000000,0.000000,0,0,0,0,0,0,0,0,0,0,0,50,0,1300.0,1369.1218887201103,628.633758999058,2104.1982940005255,1622.0
1789884968,50,POST,POST /api/v1/auth/refresh,0.000000,0.000000,0,0,0,0,0,0,0,0,0,0,0,100,0,27,29.209557120193494,18.447431997628883,75.96593200287316,1622.0
1789884968,50,,Aggregated,26.200000,0.000000,7,7,8,9,10,12,16,23,71,71,71,62736,0,6,9.222655081934667,3.0284199965535663,2104.1982940005255,6829.055900918133
1789884969,50,GET,GET /api/v1/reservas,19.900000,0.000000,7,8,8,9,10,13,22,26,71,71,71,47018,0,7,8.688610681371332,4.633864002244081,1957.275683998887,8965.0
1789884969,50,GET,GET /api/v1/reservas/{id},6.400000,0.000000,6,6,7,7,9,11,11,12,12,12,12,15594,0,5,6.339063697223879,3.0284199965535663,1521.0046399952262,442.0
1789884969,50,POST,POST /api/v1/auth/login,0.000000,0.000000,0,0,0,0,0,0,0,0,0,0,0,50,0,1300.0,1369.1218887201103,628.633758999058,2104.1982940005255,1622.0
1789884969,50,POST,POST /api/v1/auth/refresh,0.000000,0.000000,0,0,0,0,0,0,0,0,0,0,0,100,0,27,29.209557120193494,18.447431997628883,75.96593200287316,1622.0
1789884969,50,,Aggregated,26.300000,0.000000,7,7,8,8,10,12,14,23,71,71,71,62762,0,6,9.221336261738815,3.0284199965535663,2104.1982940005255,6829.804945667761
1789884970,50,GET,GET /api/v1/reservas,20.000000,0.000000,7,7,8,9,10,13,22,26,71,71,71,47030,0,7,8.68868085215215,4.633864002244081,1957.275683998887,8965.0
1789884970,50,GET,GET /api/v1/reservas/{id},6.300000,0.000000,6,6,7,7,10,11,12,12,12,12,12,15603,0,5,6.339185797122337,3.0284199965535663,1521.0046399952262,442.0
1789884970,50,POST,POST /api/v1/auth/login,0.000000,0.000000,0,0,0,0,0,0,0,0,0,0,0,50,0,1300.0,1369.1218887201103,628.633758999058,2104.1982940005255,1622.0
1789884970,50,POST,POST /api/v1/auth/refresh,0.000000,0.000000,0,0,0,0,0,0,0,0,0,0,0,100,0,27,29.209557120193494,18.447431997628883,75.96593200287316,1622.0
1789884970,50,,Aggregated,26.300000,0.000000,7,7,8,8,10,12,14,23,71,71,71,62783,0,6,9.220904171786003,3.0284199965535663,2104.1982940005255,6829.297357564946
1789884971,50,GET,GET /api/v1/reservas,19.000000,0.000000,7,8,9,10,12,14,26,28,71,71,71,47054,0,7,8.69035567900088,4.633864002244081,1957.275683998887,8965.0
1789884971,50,GET,GET /api/v1/reservas/{id},6.200000,0.000000,6,6,7,7,10,11,12,15,15,15,15,15607,0,5,6.340211614820349,3.0284199965535663,1521.0046399952262,442.0
1789884971,50,POST,POST /api/v1/auth/login,0.000000,0.000000,0,0,0,0,0,0,0,0,0,0,0,50,0,1300.0,1369.1218887201103,628.633758999058,2104.1982940005255,1622.0
1789884971,50,POST,POST /api/v1/auth/refresh,0.000000,0.000000,0,0,0,0,0,0,0,0,0,0,0,100,0,27,29.209557120193494,18.447431997628883,75.96593200287316,1622.0
1789884971,50,,Aggregated,25.200000,0.000000,7,8,9,9,11,13,23,27,71,71,71,62811,0,6,9.222026857401312,3.0284199965535663,2104.1982940005255,6829.706643740746
1789884972,50,GET,GET /api/v1/reservas,19.600000,0.000000,7,8,9,10,12,14,17,27,28,28,28,47075,0,7,8.690959092102586,4.633864002244081,1957.275683998887,8965.0
1789884972,50,GET,GET /api/v1/reservas/{id},5.900000,0.000000,6,6,7,7,10,11,12,15,15,15,15,15611,0,5,6.340000047691138,3.0284199965535663,1521.0046399952262,442.0
1789884972,50,POST,POST /api/v1/auth/login,0.000000,0.000000,0,0,0,0,0,0,0,0,0,0,0,50,0,1300.0,1369.1218887201103,628.633758999058,2104.1982940005255,1622.0
1789884972,50,POST,POST /api/v1/auth/refresh,0.000000,0.000000,0,0,0,0,0,0,0,0,0,0,0,100,0,27,29.209557120193494,18.447431997628883,75.96593200287316,1622.0
1789884972,50,,Aggregated,25.500000,0.000000,7,7,9,10,11,13,16,18,28,28,28,62836,0,6,9.222065219830363,3.0284199965535663,2104.1982940005255,6830.013638678464
1789884973,50,GET,GET /api/v1/reservas,18.700000,0.000000,7,8,9,10,12,14,17,27,28,28,28,47094,0,7,8.690295411129586,4.633864002244081,1957.275683998887,8965.0
1789884973,50,GET,GET /api/v1/reservas/{id},6.300000,0.000000,6,6,7,7,10,11,12,15,15,15,15,15614,0,5,6.339657997855242,3.0284199965535663,1521.0046399952262,442.0
1789884973,50,POST,POST /api/v1/auth/login,0.000000,0.000000,0,0,0,0,0,0,0,0,0,0,0,50,0,1300.0,1369.1218887201103,628.633758999058,2104.1982940005255,1622.0
1789884973,50,POST,POST /api/v1/auth/refresh,0.000000,0.000000,0,0,0,0,0,0,0,0,0,0,0,100,0,27,29.209557120193494,18.447431997628883,75.96593200287316,1622.0
1789884973,50,,Aggregated,25.000000,0.000000,7,7,9,10,12,13,16,18,28,28,28,62858,0,6,9.221184928223513,3.0284199965535663,2104.1982940005255,6830.354099716822
1789884974,50,GET,GET /api/v1/reservas,19.300000,0.000000,7,8,9,10,12,14,17,27,28,28,28,47113,0,7,8.689545660406537,4.633864002244081,1957.275683998887,8965.0
1789884974,50,GET,GET /api/v1/reservas/{id},5.800000,0.000000,6,6,7,7,10,12,12,15,15,15,15,15626,0,5,6.338834248271159,3.0284199965535663,1521.0046399952262,442.0
1789884974,50,POST,POST /api/v1/auth/login,0.000000,0.000000,0,0,0,0,0,0,0,0,0,0,0,50,0,1300.0,1369.1218887201103,628.633758999058,2104.1982940005255,1622.0
1789884974,50,POST,POST /api/v1/auth/refresh,0.000000,0.000000,0,0,0,0,0,0,0,0,0,0,0,100,0,27,29.209557120193494,18.447431997628883,75.96593200287316,1622.0
1789884974,50,,Aggregated,25.100000,0.000000,7,7,9,10,12,13,16,18,28,28,28,62889,0,6,9.219708356155188,3.0284199965535663,2104.1982940005255,6829.780041024663
1789884975,50,GET,GET /api/v1/reservas,19.400000,0.000000,7,7,9,9,12,14,17,27,28,28,28,47130,0,7,8.688975166236686,4.633864002244081,1957.275683998887,8965.0
1789884975,50,GET,GET /api/v1/reservas/{id},5.700000,0.000000,5,6,6,7,10,12,12,15,15,15,15,15633,0,5,6.3381421743416295,3.0284199965535663,1521.0046399952262,442.0
1789884975,50,POST,POST /api/v1/auth/login,0.000000,0.000000,0,0,0,0,0,0,0,0,0,0,0,50,0,1300.0,1369.1218887201103,628.633758999058,2104.1982940005255,1622.0
1789884975,50,POST,POST /api/v1/auth/refresh,0.000000,0.000000,0,0,0,0,0,0,0,0,0,0,0,100,0,27,29.209557120193494,18.447431997628883,75.96593200287316,1622.0
1789884975,50,,Aggregated,25.100000,0.000000,7,7,8,9,11,13,16,18,28,28,28,62913,0,6,9.218645213934215,3.0284199965535663,2104.1982940005255,6829.646273425206
1789884976,50,GET,GET /api/v1/reservas,18.900000,0.000000,7,8,9,10,12,14,17,27,28,28,28,47147,0,7,8.688710632123884,4.633864002244081,1957.275683998887,8965.0
1789884976,50,GET,GET /api/v1/reservas/{id},5.200000,0.000000,5,6,6,7,10,12,12,15,15,15,15,15638,0,5,6.337936405965358,3.0284199965535663,1521.0046399952262,442.0
1789884976,50,POST,POST /api/v1/auth/login,0.000000,0.000000,0,0,0,0,0,0,0,0,0,0,0,50,0,1300.0,1369.1218887201103,628.633758999058,2104.1982940005255,1622.0
1789884976,50,POST,POST /api/v1/auth/refresh,0.000000,0.000000,0,0,0,0,0,0,0,0,0,0,0,100,0,27,29.209557120193494,18.447431997628883,75.96593200287316,1622.0
1789884976,50,,Aggregated,24.100000,0.000000,7,7,8,9,11,13,16,18,28,28,28,62935,0,6,9.218023990422763,3.0284199965535663,2104.1982940005255,6829.715595455629
1789884977,50,GET,GET /api/v1/reservas,18.700000,0.000000,7,8,9,10,12,14,17,27,28,28,28,47168,0,7,8.687454478709089,4.633864002244081,1957.275683998887,8965.0
1789884977,50,GET,GET /api/v1/reservas/{id},5.900000,0.000000,5,6,6,7,8,11,12,15,15,15,15,15647,0,5,6.336885835270693,3.0284199965535663,1521.0046399952262,442.0
1789884977,50,POST,POST /api/v1/auth/login,0.000000,0.000000,0,0,0,0,0,0,0,0,0,0,0,50,0,1300.0,1369.1218887201103,628.633758999058,2104.1982940005255,1622.0
1789884977,50,POST,POST /api/v1/auth/refresh,0.000000,0.000000,0,0,0,0,0,0,0,0,0,0,0,100,0,27,29.209557120193494,18.447431997628883,75.96593200287316,1622.0
1789884977,50,,Aggregated,24.600000,0.000000,7,7,8,9,11,13,16,18,28,28,28,62965,0,6,9.216233711812226,3.0284199965535663,2104.1982940005255,6829.514714523942
1789884978,50,GET,GET /api/v1/reservas,18.800000,0.000000,7,8,9,10,12,14,17,27,28,28,28,47180,0,7,8.68678165618361,4.633864002244081,1957.275683998887,8965.0
1789884978,50,GET,GET /api/v1/reservas/{id},5.700000,0.000000,5,6,6,6,7,11,12,15,15,15,15,15659,0,5,6.335745320165932,3.0284199965535663,1521.0046399952262,442.0
1789884978,50,POST,POST /api/v1/auth/login,0.000000,0.000000,0,0,0,0,0,0,0,0,0,0,0,50,0,1300.0,1369.1218887201103,628.633758999058,2104.1982940005255,1622.0
1789884978,50,POST,POST /api/v1/auth/refresh,0.000000,0.000000,0,0,0,0,0,0,0,0,0,0,0,100,0,27,29.209557120193494,18.447431997628883,75.96593200287316,1622.0
1789884978,50,,Aggregated,24.500000,0.000000,6,7,8,9,11,13,15,18,28,28,28,62989,0,6,9.214796943200351,3.0284199965535663,2104.1982940005255,6828.704662718887
1789884979,50,GET,GET /api/v1/reservas,18.600000,0.000000,7,8,9,10,12,14,17,27,28,28,28,47205,0,7,8.68544195586791,4.633864002244081,1957.275683998887,8965.0
1789884979,50,GET,GET /api/v1/reservas/{id},6.000000,0.000000,5,6,6,6,10,12,15,30,30,30,30,15665,0,5,6.337124185284644,3.0284199965535663,1521.0046399952262,442.0
1789884979,50,POST,POST /api/v1/auth/login,0.000000,0.000000,0,0,0,0,0,0,0,0,0,0,0,50,0,1300.0,1369.1218887201103,628.633758999058,2104.1982940005255,1622.0
1789884979,50,POST,POST /api/v1/auth/refresh,0.000000,0.000000,0,0,0,0,0,0,0,0,0,0,0,100,0,27,29.209557120193494,18.447431997628883,75.96593200287316,1622.0
1789884979,50,,Aggregated,24.600000,0.000000,6,7,8,9,12,13,16,27,30,30,30,63020,0,6,9.21365261880759,3.0284199965535663,2104.1982940005255,6828.944065376071
1789884980,50,GET,GET /api/v1/reservas,18.300000,0.000000,7,8,9,9,11,13,16,18,28,28,28,47223,0,7,8.68514015193341,4.633864002244081,1957.275683998887,8965.0
1789884980,50,GET,GET /api/v1/reservas/{id},6.600000,0.000000,5,5,6,6,7,12,15,30,30,30,30,15668,0,5,6.336870963395417,3.0284199965535663,1521.0046399952262,442.0
1789884980,50,POST,POST /api/v1/auth/login,0.000000,0.000000,0,0,0,0,0,0,0,0,0,0,0,50,0,1300.0,1369.1218887201103,628.633758999058,2104.1982940005255,1622.0
1789884980,50,POST,POST /api/v1/auth/refresh,0.000000,0.000000,0,0,0,0,0,0,0,0,0,0,0,100,0,27,29.209557120193494,18.447431997628883,75.96593200287316,1622.0
1789884980,50,,Aggregated,24.900000,0.000000,6,7,8,9,11,13,15,18,30,30,30,63041,0,6,9.213075899767713,3.0284199965535663,2104.1982940005255,6829.250027759712
1789884981,50,GET,GET /api/v1/reservas,18.500000,0.000000,7,7,8,8,10,12,14,16,18,18,18,47243,0,7,8.684972532475813,4.633864002244081,1957.275683998887,8965.0
1789884981,50,GET,GET /api/v1/reservas/{id},6.600000,0.000000,5,5,6,6,7,9,12,30,30,30,30,15673,0,5,6.336784699066997,3.0284199965535663,1521.0046399952262,442.0
1789884981,50,POST,POST /api/v1/auth/login,0.000000,0.000000,0,0,0,0,0,0,0,0,0,0,0,50,0,1300.0,1369.1218887201103,628.633758999058,2104.1982940005255,1622.0
1789884981,50,POST,POST /api/v1/auth/refresh,0.000000,0.000000,0,0,0,0,0,0,0,0,0,0,0,100,0,27,29.209557120193494,18.447431997628883,75.96593200287316,1622.0
1789884981,50,,Aggregated,25.100000,0.000000,6,7,7,8,10,12,14,16,30,30,30,63066,0,6,9.212533442556332,3.0284199965535663,2104.1982940005255,6829.420939967653
1789884982,50,GET,GET /api/v1/reservas,18.500000,0.000000,6,7,7,8,9,11,13,14,16,16,16,47268,0,7,8.6836035968682,4.633864002244081,1957.275683998887,8965.0
1789884982,50,GET,GET /api/v1/reservas/{id},7.000000,0.000000,5,5,6,6,6,9,12,30,30,30,30,15678,0,5,6.336230192975582,3.0284199965535663,1521.0046399952262,442.0
1789884982,50,POST,POST /api/v1/auth/login,0.000000,0.000000,0,0,0,0,0,0,0,0,0,0,0,50,0,1300.0,1369.1218887201103,628.633758999058,2104.1982940005255,1622.0
1789884982,50,POST,POST /api/v1/auth/refresh,0.000000,0.000000,0,0,0,0,0,0,0,0,0,0,0,100,0,27,29.209557120193494,18.447431997628883,75.96593200287316,1622.0
1789884982,50,,Aggregated,25.500000,0.000000,6,7,7,7,9,11,12,14,30,30,30,63096,0,6,9.210933211776705,3.0284199965535663,2104.1982940005255,6829.760935717002
1789884983,50,GET,GET /api/v1/reservas,19.200000,0.000000,6,7,8,8,10,11,13,14,16,16,16,47289,0,7,8.683166623438394,4.633864002244081,1957.275683998887,8965.0
1789884983,50,GET,GET /api/v1/reservas/{id},6.400000,0.000000,5,5,5,6,7,9,12,30,30,30,30,15683,0,5,6.33566490769997,3.0284199965535663,1521.0046399952262,442.0
1789884983,50,POST,POST /api/v1/auth/login,0.000000,0.000000,0,0,0,0,0,0,0,0,0,0,0,50,0,1300.0,1369.1218887201103,628.633758999058,2104.1982940005255,1622.0
1789884983,50,POST,POST /api/v1/auth/refresh,0.000000,0.000000,0,0,0,0,0,0,0,0,0,0,0,100,0,27,29.209557120193494,18.447431997628883,75.96593200287316,1622.0
1789884983,50,,Aggregated,25.600000,0.000000,6,7,7,8,9,11,13,14,30,30,30,63122,0,6,9.210062250107136,3.0284199965535663,2104.1982940005255,6829.965321124172
1789884984,50,GET,GET /api/v1/reservas,18.900000,0.000000,6,7,7,8,10,11,13,13,16,16,16,47314,0,7,8.681754453053967,4.633864002244081,1957.275683998887,8965.0
1789884984,50,GET,GET /api/v1/reservas/{id},6.700000,0.000000,5,5,5,6,6,7,12,30,30,30,30,15687,0,5,6.335093657005722,3.0284199965535663,1521.0046399952262,442.0
1789884984,50,POST,POST /api/v1/auth/login,0.000000,0.000000,0,0,0,0,0,0,0,0,0,0,0,50,0,1300.0,1369.1218887201103,628.633758999058,2104.1982940005255,1622.0
1789884984,50,POST,POST /api/v1/auth/refresh,0.000000,0.000000,0,0,0,0,0,0,0,0,0,0,0,100,0,27,29.209557120193494,18.447431997628883,75.96593200287316,1622.0
1789884984,50,,Aggregated,25.600000,0.000000,6,7,7,7,9,10,12,13,30,30,30,63151,0,6,9.208471671664267,3.0284199965535663,2104.1982940005255,6830.405915979161
1789884985,50,GET,GET /api/v1/reservas,19.000000,0.000000,6,7,7,8,9,11,13,13,16,16,16,47327,0,7,8.68114933022978,4.633864002244081,1957.275683998887,8965.0
1789884985,50,GET,GET /api/v1/reservas/{id},6.700000,0.000000,5,5,5,6,6,7,12,30,30,30,30,15695,0,5,6.334243411624274,3.0284199965535663,1521.0046399952262,442.0
1789884985,50,POST,POST /api/v1/auth/login,0.000000,0.000000,0,0,0,0,0,0,0,0,0,0,0,50,0,1300.0,1369.1218887201103,628.633758999058,2104.1982940005255,1622.0
1789884985,50,POST,POST /api/v1/auth/refresh,0.000000,0.000000,0,0,0,0,0,0,0,0,0,0,0,100,0,27,29.209557120193494,18.447431997628883,75.96593200287316,1622.0
1789884985,50,,Aggregated,25.700000,0.000000,6,6,7,7,8,11,12,13,30,30,30,63172,0,6,9.207334813608144,3.0284199965535663,2104.1982940005255,6830.036171088457
1789884986,50,GET,GET /api/v1/reservas,19.500000,0.000000,6,7,7,8,10,11,13,13,16,16,16,47343,0,7,8.681136810146949,4.633864002244081,1957.275683998887,8965.0
1789884986,50,GET,GET /api/v1/reservas/{id},6.900000,0.000000,5,5,6,6,6,9,12,30,30,30,30,15703,0,5,6.3342133940927265,3.0284199965535663,1521.0046399952262,442.0
1789884986,50,POST,POST /api/v1/auth/login,0.000000,0.000000,0,0,0,0,0,0,0,0,0,0,0,50,0,1300.0,1369.1218887201103,628.633758999058,2104.1982940005255,1622.0
1789884986,50,POST,POST /api/v1/auth/refresh,0.000000,0.000000,0,0,0,0,0,0,0,0,0,0,0,100,0,27,29.209557120193494,18.447431997628883,75.96593200287316,1622.0
1789884986,50,,Aggregated,26.400000,0.000000,6,7,7,7,9,11,12,13,30,30,30,63196,0,6,9.206821050038783,3.0284199965535663,2104.1982940005255,6829.768039116399
1789884987,50,GET,GET /api/v1/reservas,20.100000,0.000000,6,7,7,8,10,11,13,13,16,16,16,47358,0,7,8.680352426090058,4.633864002244081,1957.275683998887,8965.0
1789884987,50,GET,GET /api/v1/reservas/{id},6.100000,0.000000,5,5,5,6,6,9,12,30,30,30,30,15711,0,5,6.333355164180554,3.0284199965535663,1521.0046399952262,442.0
1789884987,50,POST,POST /api/v1/auth/login,0.000000,0.000000,0,0,0,0,0,0,0,0,0,0,0,50,0,1300.0,1369.1218887201103,628.633758999058,2104.1982940005255,1622.0
1789884987,50,POST,POST /api/v1/auth/refresh,0.000000,0.000000,0,0,0,0,0,0,0,0,0,0,0,100,0,27,29.209557120193494,18.447431997628883,75.96593200287316,1622.0
1789884987,50,,Aggregated,26.200000,0.000000,6,7,7,7,9,11,12,13,30,30,30,63219,0,6,9.20553193386861,3.0284199965535663,2104.1982940005255,6829.466331324444
1789884988,50,GET,GET /api/v1/reservas,19.600000,0.000000,6,7,7,8,10,11,13,13,16,16,16,47377,0,7,8.67934884211242,4.633864002244081,1957.275683998887,8965.0
1789884988,50,GET,GET /api/v1/reservas/{id},6.200000,0.000000,5,5,6,6,7,9,12,30,30,30,30,15723,0,5,6.332082264162997,3.0284199965535663,1521.0046399952262,442.0
1789884988,50,POST,POST /api/v1/auth/login,0.000000,0.000000,0,0,0,0,0,0,0,0,0,0,0,50,0,1300.0,1369.1218887201103,628.633758999058,2104.1982940005255,1622.0
1789884988,50,POST,POST /api/v1/auth/refresh,0.000000,0.000000,0,0,0,0,0,0,0,0,0,0,0,100,0,27,29.209557120193494,18.447431997628883,75.96593200287316,1622.0
1789884988,50,,Aggregated,25.800000,0.000000,6,7,7,7,9,11,12,13,30,30,30,63250,0,6,9.203761101663574,3.0284199965535663,2104.1982940005255,6828.895984189723
1789884989,50,GET,GET /api/v1/reservas,19.500000,0.000000,6,7,7,8,10,11,13,13,16,16,16,47397,0,7,8.678441114558861,4.633864002244081,1957.275683998887,8965.0
1789884989,50,GET,GET /api/v1/reservas/{id},6.400000,0.000000,5,5,5,6,6,7,9,10,10,10,10,15729,0,5,6.331470724994451,3.0284199965535663,1521.0046399952262,442.0
1789884989,50,POST,POST /api/v1/auth/login,0.000000,0.000000,0,0,0,0,0,0,0,0,0,0,0,50,0,1300.0,1369.1218887201103,628.633758999058,2104.1982940005255,1622.0
1789884989,50,POST,POST /api/v1/auth/refresh,0.000000,0.000000,0,0,0,0,0,0,0,0,0,0,0,100,0,27,29.209557120193494,18.447431997628883,75.96593200287316,1622.0
1789884989,50,,Aggregated,25.900000,0.000000,6,7,7,7,9,11,12,13,16,16,16,63276,0,6,9.202491097544254,3.0284199965535663,2104.1982940005255,6828.965531955244
1789884990,50,GET,GET /api/v1/reservas,19.100000,0.000000,6,7,7,7,9,11,13,13,16,16,16,47412,0,7,8.677821941106258,4.633864002244081,1957.275683998887,8965.0
1789884990,50,GET,GET /api/v1/reservas/{id},6.400000,0.000000,5,5,5,6,6,7,9,10,10,10,10,15736,0,5,6.330766182920396,3.0284199965535663,1521.0046399952262,442.0
1789884990,50,POST,POST /api/v1/auth/login,0.000000,0.000000,0,0,0,0,0,0,0,0,0,0,0,50,0,1300.0,1369.1218887201103,628.633758999058,2104.1982940005255,1622.0
1789884990,50,POST,POST /api/v1/auth/refresh,0.000000,0.000000,0,0,0,0,0,0,0,0,0,0,0,100,0,27,29.209557120193494,18.447431997628883,75.96593200287316,1622.0
1789884990,50,,Aggregated,25.500000,0.000000,6,6,7,7,8,10,12,13,16,16,16,63298,0,6,9.201410481756,3.0284199965535663,2104.1982940005255,6828.765395431135
1789884991,50,GET,GET /api/v1/reservas,19.800000,0.000000,6,7,7,7,9,11,13,20,41,41,41,47427,0,7,8.678394598260999,4.633864002244081,1957.275683998887,8965.0
1789884991,50,GET,GET /api/v1/reservas/{id},6.400000,0.000000,5,5,6,6,7,9,19,35,35,35,35,15746,0,5,6.333091031464056,3.0284199965535663,1521.0046399952262,442.0
1789884991,50,POST,POST /api/v1/auth/login,0.000000,0.000000,0,0,0,0,0,0,0,0,0,0,0,50,0,1300.0,1369.1218887201103,628.633758999058,2104.1982940005255,1622.0
1789884991,50,POST,POST /api/v1/auth/refresh,0.000000,0.000000,0,0,0,0,0,0,0,0,0,0,0,100,0,27,29.209557120193494,18.447431997628883,75.96593200287316,1622.0
1789884991,50,,Aggregated,26.200000,0.000000,6,6,7,7,8,10,13,20,41,41,41,63323,0,6,9.20184012351252,3.0284199965535663,2104.1982940005255,6828.262827092842
1789884992,50,GET,GET /api/v1/reservas,19.300000,0.000000,6,7,7,7,9,11,13,20,41,41,41,47450,0,7,8.677366035674078,4.633864002244081,1957.275683998887,8965.0
1789884992,50,GET,GET /api/v1/reservas/{id},6.400000,0.000000,5,5,5,6,7,9,19,35,35,35,35,15752,0,5,6.332484384169323,3.0284199965535663,1521.0046399952262,442.0
1789884992,50,POST,POST /api/v1/auth/login,0.000000,0.000000,0,0,0,0,0,0,0,0,0,0,0,50,0,1300.0,1369.1218887201103,628.633758999058,2104.1982940005255,1622.0
1789884992,50,POST,POST /api/v1/auth/refresh,0.000000,0.000000,0,0,0,0,0,0,0,0,0,0,0,100,0,27,29.209557120193494,18.447431997628883,75.96593200287316,1622.0
1789884992,50,,Aggregated,25.700000,0.000000,6,7,7,7,9,10,13,20,41,41,41,63352,0,6,9.200457168837536,3.0284199965535663,2104.1982940005255,6828.433735320116
1789884993,50,GET,GET /api/v1/reservas,18.800000,0.000000,6,7,7,7,9,10,13,20,41,41,41,47469,0,7,8.676678619409397,4.633864002244081,1957.275683998887,8965.0
1789884993,50,GET,GET /api/v1/reservas/{id},6.900000,0.000000,5,5,5,6,7,9,19,35,35,35,35,15756,0,5,6.33210301487889,3.0284199965535663,1521.0046399952262,442.0
1789884993,50,POST,POST /api/v1/auth/login,0.000000,0.000000,0,0,0,0,0,0,0,0,0,0,0,50,0,1300.0,1369.1218887201103,628.633758999058,2104.1982940005255,1622.0
1789884993,50,POST,POST /api/v1/auth/refresh,0.000000,0.000000,0,0,0,0,0,0,0,0,0,0,0,100,0,27,29.209557120193494,18.447431997628883,75.96593200287316,1622.0
1789884993,50,,Aggregated,25.700000,0.000000,6,6,7,7,8,10,13,20,41,41,41,63375,0,6,9.19950962737991,3.0284199965535663,2104.1982940005255,6828.671195266272
1789884994,50,GET,GET /api/v1/reservas,18.300000,0.000000,6,7,7,7,9,10,13,20,41,41,41,47487,0,7,8.675787726804009,4.633864002244081,1957.275683998887,8965.0
1789884994,50,GET,GET /api/v1/reservas/{id},7.200000,0.000000,5,5,5,6,7,9,19,35,35,35,35,15759,0,5,6.331809809215298,3.0284199965535663,1521.0046399952262,442.0
1789884994,50,POST,POST /api/v1/auth/login,0.000000,0.000000,0,0,0,0,0,0,0,0,0,0,0,50,0,1300.0,1369.1218887201103,628.633758999058,2104.1982940005255,1622.0
1789884994,50,POST,POST /api/v1/auth/refresh,0.000000,0.000000,0,0,0,0,0,0,0,0,0,0,0,100,0,27,29.209557120193494,18.447431997628883,75.96593200287316,1622.0
1789884994,50,,Aggregated,25.500000,0.000000,6,7,7,7,8,10,13,20,41,41,41,63396,0,6,9.198485278474838,3.0284199965535663,2104.1982940005255,6828.975534734052
1789884995,50,GET,GET /api/v1/reservas,18.200000,0.000000,6,7,7,8,9,10,13,20,41,41,41,47509,0,7,8.675073393666862,4.633864002244081,1957.275683998887,8965.0
1789884995,50,GET,GET /api/v1/reservas/{id},7.400000,0.000000,5,5,5,6,7,9,19,35,35,35,35,15767,0,5,6.331190051970319,3.0284199965535663,1521.0046399952262,442.0
1789884995,50,POST,POST /api/v1/auth/login,0.000000,0.000000,0,0,0,0,0,0,0,0,0,0,0,50,0,1300.0,1369.1218887201103,628.633758999058,2104.1982940005255,1622.0
1789884995,50,POST,POST /api/v1/auth/refresh,0.000000,0.000000,0,0,0,0,0,0,0,0,0,0,0,100,0,27,29.209557120193494,18.447431997628883,75.96593200287316,1622.0
1789884995,50,,Aggregated,25.600000,0.000000,6,7,7,7,9,10,13,20,41,41,41,63426,0,6,9.197253264547033,3.0284199965535663,2104.1982940005255,6828.91084098004
1789884996,50,GET,GET /api/v1/reservas,18.100000,0.000000,6,7,7,8,9,10,12,20,41,41,41,47525,0,7,8.67484327795355,4.633864002244081,1957.275683998887,8965.0
1789884996,50,GET,GET /api/v1/reservas/{id},7.300000,0.000000,5,5,5,6,7,9,19,35,35,35,35,15776,0,5,6.331199784190969,3.0284199965535663,1521.0046399952262,442.0
1789884996,50,POST,POST /api/v1/auth/login,0.000000,0.000000,0,0,0,0,0,0,0,0,0,0,0,50,0,1300.0,1369.1218887201103,628.633758999058,2104.1982940005255,1622.0
1789884996,50,POST,POST /api/v1/auth/refresh,0.000000,0.000000,0,0,0,0,0,0,0,0,0,0,0,100,0,27,29.209557120193494,18.447431997628883,75.96593200287316,1622.0
1789884996,50,,Aggregated,25.400000,0.000000,6,7,7,7,9,10,12,20,41,41,41,63451,0,6,9.196545125028193,3.0284199965535663,2104.1982940005255,6828.543553293092
1789884997,50,GET,GET /api/v1/reservas,17.300000,0.000000,6,7,7,8,9,10,12,20,41,41,41,47543,0,7,8.673988939060253,4.633864002244081,1957.275683998887,8965.0
1789884997,50,GET,GET /api/v1/reservas/{id},7.200000,0.000000,5,5,5,6,7,9,19,35,35,35,35,15783,0,5,6.330378832946867,3.0284199965535663,1521.0046399952262,442.0
1789884997,50,POST,POST /api/v1/auth/login,0.000000,0.000000,0,0,0,0,0,0,0,0,0,0,0,50,0,1300.0,1369.1218887201103,628.633758999058,2104.1982940005255,1622.0
1789884997,50,POST,POST /api/v1/auth/refresh,0.000000,0.000000,0,0,0,0,0,0,0,0,0,0,0,100,0,27,29.209557120193494,18.447431997628883,75.96593200287316,1622.0
1789884997,50,,Aggregated,24.500000,0.000000,6,7,7,7,9,10,12,20,41,41,41,63476,0,6,9.195237182528306,3.0284199965535663,2104.1982940005255,6828.445097359632
1789884998,50,GET,GET /api/v1/reservas,18.100000,0.000000,6,7,7,8,9,10,12,20,41,41,41,47560,0,7,8.673211170894705,4.633864002244081,1957.275683998887,8965.0
1789884998,50,GET,GET /api/v1/reservas/{id},7.200000,0.000000,5,5,5,6,7,9,19,35,35,35,35,15788,0,5,6.329776524600483,3.0284199965535663,1521.0046399952262,442.0
1789884998,50,POST,POST /api/v1/auth/login,0.000000,0.000000,0,0,0,0,0,0,0,0,0,0,0,50,0,1300.0,1369.1218887201103,628.633758999058,2104.1982940005255,1622.0
1789884998,50,POST,POST /api/v1/auth/refresh,0.000000,0.000000,0,0,0,0,0,0,0,0,0,0,0,100,0,27,29.209557120193494,18.447431997628883,75.96593200287316,1622.0
1789884998,50,,Aggregated,25.300000,0.000000,6,7,7,7,9,10,13,20,41,41,41,63498,0,6,9.194139739931483,3.0284199965535663,2104.1982940005255,6828.514220920344
1789884999,50,GET,GET /api/v1/reservas,18.200000,0.000000,6,7,7,8,9,10,12,20,41,41,41,47579,0,7,8.672282052581103,4.633864002244081,1957.275683998887,8965.0
1789884999,50,GET,GET /api/v1/reservas/{id},7.300000,0.000000,5,5,5,6,7,9,19,35,35,35,35,15797,0,5,6.3287320565548235,3.0284199965535663,1521.0046399952262,442.0
1789884999,50,POST,POST /api/v1/auth/login,0.000000,0.000000,0,0,0,0,0,0,0,0,0,0,0,50,0,1300.0,1369.1218887201103,628.633758999058,2104.1982940005255,1622.0
1789884999,50,POST,POST /api/v1/auth/refresh,0.000000,0.000000,0,0,0,0,0,0,0,0,0,0,0,100,0,27,29.209557120193494,18.447431997628883,75.96593200287316,1622.0
1789884999,50,,Aggregated,25.500000,0.000000,6,7,7,7,9,10,13,20,41,41,41,63526,0,6,9.192622520309442,3.0284199965535663,2104.1982940005255,6828.248417970594
1789885000,50,GET,GET /api/v1/reservas,18.500000,0.000000,6,7,7,8,9,10,12,20,41,41,41,47596,0,7,8.671445053885932,4.633864002244081,1957.275683998887,8965.0
1789885000,50,GET,GET /api/v1/reservas/{id},7.200000,0.000000,5,5,5,5,7,9,19,35,35,35,35,15804,0,5,6.3279352753990326,3.0284199965535663,1521.0046399952262,442.0
1789885000,50,POST,POST /api/v1/auth/login,0.000000,0.000000,0,0,0,0,0,0,0,0,0,0,0,50,0,1300.0,1369.1218887201103,628.633758999058,2104.1982940005255,1622.0
1789885000,50,POST,POST /api/v1/auth/refresh,0.000000,0.000000,0,0,0,0,0,0,0,0,0,0,0,100,0,27,29.209557120193494,18.447431997628883,75.96593200287316,1622.0
1789885000,50,,Aggregated,25.700000,0.000000,6,7,7,7,9,10,12,20,41,41,41,63550,0,6,9.191342848547379,3.0284199965535663,2104.1982940005255,6828.116569630212
1789885001,50,GET,GET /api/v1/reservas,18.400000,0.000000,6,7,7,8,9,10,11,12,25,25,25,47612,0,7,8.671406916444491,4.633864002244081,1957.275683998887,8965.0
1789885001,50,GET,GET /api/v1/reservas/{id},6.500000,0.000000,5,5,5,6,7,9,11,23,23,23,23,15814,0,5,6.32929887678099,3.0284199965535663,1521.0046399952262,442.0
1789885001,50,POST,POST /api/v1/auth/login,0.000000,0.000000,0,0,0,0,0,0,0,0,0,0,0,50,0,1300.0,1369.1218887201103,628.633758999058,2104.1982940005255,1622.0
1789885001,50,POST,POST /api/v1/auth/refresh,0.000000,0.000000,0,0,0,0,0,0,0,0,0,0,0,100,0,27,29.209557120193494,18.447431997628883,75.96593200287316,1622.0
1789885001,50,,Aggregated,24.900000,0.000000,6,7,7,7,9,10,11,12,25,25,25,63576,0,6,9.191072239385843,3.0284199965535663,2104.1982940005255,6827.649867874669
1789885002,50,GET,GET /api/v1/reservas,18.100000,0.000000,6,7,7,8,9,10,11,12,25,25,25,47634,0,7,8.670260587683863,4.633864002244081,1957.275683998887,8965.0
1789885002,50,GET,GET /api/v1/reservas/{id},6.900000,0.000000,5,5,5,6,7,9,11,23,23,23,23,15820,0,5,6.328733691176371,3.0284199965535663,1521.0046399952262,442.0
1789885002,50,POST,POST /api/v1/auth/login,0.000000,0.000000,0,0,0,0,0,0,0,0,0,0,0,50,0,1300.0,1369.1218887201103,628.633758999058,2104.1982940005255,1622.0
1789885002,50,POST,POST /api/v1/auth/refresh,0.000000,0.000000,0,0,0,0,0,0,0,0,0,0,0,100,0,27,29.209557120193494,18.447431997628883,75.96593200287316,1622.0
1789885002,50,,Aggregated,25.000000,0.000000,6,7,7,7,9,10,11,12,25,25,25,63604,0,6,9.189623450980566,3.0284199965535663,2104.1982940005255,6827.786774416703
1789885003,50,GET,GET /api/v1/reservas,18.700000,0.000000,6,7,7,8,9,10,11,12,25,25,25,47648,0,7,8.669653368488584,4.633864002244081,1957.275683998887,8965.0
1789885003,50,GET,GET /api/v1/reservas/{id},6.700000,0.000000,5,5,5,6,7,9,11,23,23,23,23,15831,0,5,6.327554166914406,3.0284199965535663,1521.0046399952262,442.0
1789885003,50,POST,POST /api/v1/auth/login,0.000000,0.000000,0,0,0,0,0,0,0,0,0,0,0,50,0,1300.0,1369.1218887201103,628.633758999058,2104.1982940005255,1622.0
1789885003,50,POST,POST /api/v1/auth/refresh,0.000000,0.000000,0,0,0,0,0,0,0,0,0,0,0,100,0,27,29.209557120193494,18.447431997628883,75.96593200287316,1622.0
1789885003,50,,Aggregated,25.400000,0.000000,6,6,7,7,9,10,11,12,25,25,25,63629,0,6,9.188266417296992,3.0284199965535663,2104.1982940005255,6827.1530591397
1789885004,50,GET,GET /api/v1/reservas,18.500000,0.000000,6,7,7,8,9,10,12,12,25,25,25,47668,0,7,8.668882100942778,4.633864002244081,1957.275683998887,8965.0
1789885004,50,GET,GET /api/v1/reservas/{id},6.800000,0.000000,5,5,5,5,7,9,11,23,23,23,23,15840,0,5,6.326223063977963,3.0284199965535663,1521.0046399952262,442.0
1789885004,50,POST,POST /api/v1/auth/login,0.000000,0.000000,0,0,0,0,0,0,0,0,0,0,0,50,0,1300.0,1369.1218887201103,628.633758999058,2104.1982940005255,1622.0
1789885004,50,POST,POST /api/v1/auth/refresh,0.000000,0.000000,0,0,0,0,0,0,0,0,0,0,0,100,0,27,29.209557120193494,18.447431997628883,75.96593200287316,1622.0
1789885004,50,,Aggregated,25.300000,0.000000,6,6,7,7,9,10,11,12,25,25,25,63658,0,6,9.186790277249921,3.0284199965535663,2104.1982940005255,6826.921989380753
1789885005,50,GET,GET /api/v1/reservas,18.400000,0.000000,6,7,8,8,9,10,11,12,25,25,25,47688,0,7,8.66841572235625,4.633864002244081,1957.275683998887,8965.0
1789885005,50,GET,GET /api/v1/reservas/{id},6.800000,0.000000,5,5,5,5,7,9,11,23,23,23,23,15844,0,5,6.325677442906776,3.0284199965535663,1521.0046399952262,442.0
1789885005,50,POST,POST /api/v1/auth/login,0.000000,0.000000,0,0,0,0,0,0,0,0,0,0,0,50,0,1300.0,1369.1218887201103,628.633758999058,2104.1982940005255,1622.0
1789885005,50,POST,POST /api/v1/auth/refresh,0.000000,0.000000,0,0,0,0,0,0,0,0,0,0,0,100,0,27,29.209557120193494,18.447431997628883,75.96593200287316,1622.0
1789885005,50,,Aggregated,25.200000,0.000000,6,7,7,7,9,9,11,12,25,25,25,63682,0,6,9.185962949046266,3.0284199965535663,2104.1982940005255,6827.1924248610285
1789885006,50,GET,GET /api/v1/reservas,17.700000,0.000000,6,7,7,8,8,9,10,12,25,25,25,47705,0,7,8.66778947013378,4.633864002244081,1957.275683998887,8965.0
1789885006,50,GET,GET /api/v1/reservas/{id},7.500000,0.000000,5,5,5,5,6,7,11,23,23,23,23,15852,0,5,6.324834861494106,3.0284199965535663,1521.0046399952262,442.0
1789885006,50,POST,POST /api/v1/auth/login,0.000000,0.000000,0,0,0,0,0,0,0,0,0,0,0,50,0,1300.0,1369.1218887201103,628.633758999058,2104.1982940005255,1622.0
1789885006,50,POST,POST /api/v1/auth/refresh,0.000000,0.000000,0,0,0,0,0,0,0,0,0,0,0,100,0,27,29.209557120193494,18.447431997628883,75.96593200287316,1622.0
1789885006,50,,Aggregated,25.200000,0.000000,6,6,7,7,8,9,10,12,25,25,25,63707,0,6,9.184787057076319,3.0284199965535663,2104.1982940005255,6826.96107178175
1789885007,50,GET,GET /api/v1/reservas,18.000000,0.000000,6,7,8,8,9,10,11,12,25,25,25,47724,0,7,8.667113182963508,4.633864002244081,1957.275683998887,8965.0
1789885007,50,GET,GET /api/v1/reservas/{id},8.200000,0.000000,5,5,5,5,6,7,11,23,23,23,23,15859,0,5,6.324592314042019,3.0284199965535663,1521.0046399952262,442.0
1789885007,50,POST,POST /api/v1/auth/login,0.000000,0.000000,0,0,0,0,0,0,0,0,0,0,0,50,0,1300.0,1369.1218887201103,628.633758999058,2104.1982940005255,1622.0
1789885007,50,POST,POST /api/v1/auth/refresh,0.000000,0.000000,0,0,0,0,0,0,0,0,0,0,0,100,0,27,29.209557120193494,18.447431997628883,75.96593200287316,1622.0
1789885007,50,,Aggregated,26.200000,0.000000,6,7,7,8,8,9,11,12,25,25,25,63733,0,6,9.18375204682296,3.0284199965535663,2104.1982940005255,6826.897180424584
1789885008,50,GET,GET /api/v1/reservas,18.100000,0.000000,6,7,8,8,9,10,11,12,25,25,25,47737,0,7,8.666522210439194,4.633864002244081,1957.275683998887,8965.0
1789885008,50,GET,GET /api/v1/reservas/{id},7.700000,0.000000,5,5,5,6,7,9,11,23,23,23,23,15867,0,5,6.324039709988791,3.0284199965535663,1521.0046399952262,442.0
1789885008,50,POST,POST /api/v1/auth/login,0.000000,0.000000,0,0,0,0,0,0,0,0,0,0,0,50,0,1300.0,1369.1218887201103,628.633758999058,2104.1982940005255,1622.0
1789885008,50,POST,POST /api/v1/auth/refresh,0.000000,0.000000,0,0,0,0,0,0,0,0,0,0,0,100,0,27,29.209557120193494,18.447431997628883,75.96593200287316,1622.0
1789885008,50,,Aggregated,25.800000,0.000000,6,7,7,7,8,9,11,12,25,25,25,63754,0,6,9.182707892620904,3.0284199965535663,2104.1982940005255,6826.531966621702
1789885009,50,GET,GET /api/v1/reservas,17.900000,0.000000,6,7,7,8,9,9,11,12,25,25,25,47764,0,7,8.664985681092697,4.633864002244081,1957.275683998887,8965.0
1789885009,50,GET,GET /api/v1/reservas/{id},7.600000,0.000000,5,5,5,6,7,9,11,23,23,23,23,15869,0,5,6.323716410195493,3.0284199965535663,1521.0046399952262,442.0
1789885009,50,POST,POST /api/v1/auth/login,0.000000,0.000000,0,0,0,0,0,0,0,0,0,0,0,50,0,1300.0,1369.1218887201103,628.633758999058,2104.1982940005255,1622.0
1789885009,50,POST,POST /api/v1/auth/refresh,0.000000,0.000000,0,0,0,0,0,0,0,0,0,0,0,100,0,27,29.209557120193494,18.447431997628883,75.96593200287316,1622.0
1789885009,50,,Aggregated,25.500000,0.000000,6,7,7,7,8,9,11,12,25,25,25,63783,0,6,9.181168680261655,3.0284199965535663,2104.1982940005255,6827.23700672593
1789885010,50,GET,GET /api/v1/reservas,18.000000,0.000000,6,7,8,8,9,10,11,12,25,25,25,47781,0,7,8.664119895726676,4.633864002244081,1957.275683998887,8965.0
1789885010,50,GET,GET /api/v1/reservas/{id},7.500000,0.000000,5,5,5,6,7,9,11,23,23,23,23,15876,0,5,6.323055335626662,3.0284199965535663,1521.0046399952262,442.0
1789885010,50,POST,POST /api/v1/auth/login,0.000000,0.000000,0,0,0,0,0,0,0,0,0,0,0,50,0,1300.0,1369.1218887201103,628.633758999058,2104.1982940005255,1622.0
1789885010,50,POST,POST /api/v1/auth/refresh,0.000000,0.000000,0,0,0,0,0,0,0,0,0,0,0,100,0,27,29.209557120193494,18.447431997628883,75.96593200287316,1622.0
1789885010,50,,Aggregated,25.500000,0.000000,6,7,7,8,8,10,11,12,25,25,25,63807,0,6,9.17990485987667,3.0284199965535663,2104.1982940005255,6827.106069866943
1789885011,50,GET,GET /api/v1/reservas,17.600000,0.000000,6,7,7,8,8,9,10,11,12,12,12,47800,0,7,8.663510120203222,4.633864002244081,1957.275683998887,8965.0
1789885011,50,GET,GET /api/v1/reservas/{id},7.900000,0.000000,4,5,5,5,6,7,8,9,9,9,9,15882,0,5,6.322208165621756,3.0284199965535663,1521.0046399952262,442.0
1789885011,50,POST,POST /api/v1/auth/login,0.000000,0.000000,0,0,0,0,0,0,0,0,0,0,0,50,0,1300.0,1369.1218887201103,628.633758999058,2104.1982940005255,1622.0
1789885011,50,POST,POST /api/v1/auth/refresh,0.000000,0.000000,0,0,0,0,0,0,0,0,0,0,0,100,0,27,29.209557120193494,18.447431997628883,75.96593200287316,1622.0
1789885011,50,,Aggregated,25.500000,0.000000,6,6,7,7,8,9,10,11,12,12,12,63832,0,6,9.178815390088737,3.0284199965535663,2104.1982940005255,6827.142248402055
1789885012,50,GET,GET /api/v1/reservas,18.500000,0.000000,6,7,8,8,9,10,11,12,12,12,12,47820,0,7,8.662923504406026,4.633864002244081,1957.275683998887,8965.0
1789885012,50,GET,GET /api/v1/reservas/{id},7.100000,0.000000,4,5,5,5,7,7,8,9,9,9,9,15890,0,5,6.321702437847812,3.0284199965535663,1521.0046399952262,442.0
1789885012,50,POST,POST /api/v1/auth/login,0.000000,0.000000,0,0,0,0,0,0,0,0,0,0,0,50,0,1300.0,1369.1218887201103,628.633758999058,2104.1982940005255,1622.0
1789885012,50,POST,POST /api/v1/auth/refresh,0.000000,0.000000,0,0,0,0,0,0,0,0,0,0,0,100,0,27,29.209557120193494,18.447431997628883,75.96593200287316,1622.0
1789885012,50,,Aggregated,25.600000,0.000000,6,7,7,8,8,9,11,11,12,12,12,63860,0,6,9.177731034546252,3.0284199965535663,2104.1982940005255,6827.011901033511
1789885013,50,GET,GET /api/v1/reservas,18.200000,0.000000,6,7,8,8,9,10,11,12,12,12,12,47836,0,7,8.662119692359314,4.633864002244081,1957.275683998887,8965.0
1789885013,50,GET,GET /api/v1/reservas/{id},7.200000,0.000000,4,5,5,5,7,7,8,9,9,9,9,15893,0,5,6.321259608343518,3.0284199965535663,1521.0046399952262,442.0
1789885013,50,POST,POST /api/v1/auth/login,0.000000,0.000000,0,0,0,0,0,0,0,0,0,0,0,50,0,1300.0,1369.1218887201103,628.633758999058,2104.1982940005255,1622.0
1789885013,50,POST,POST /api/v1/auth/refresh,0.000000,0.000000,0,0,0,0,0,0,0,0,0,0,0,100,0,27,29.209557120193494,18.447431997628883,75.96593200287316,1622.0
1789885013,50,,Aggregated,25.400000,0.000000,6,7,7,8,8,9,11,11,12,12,12,63879,0,6,9.176755846320853,3.0284199965535663,2104.1982940005255,6827.247546141924
1789885014,50,GET,GET /api/v1/reservas,18.800000,0.000000,6,7,8,8,9,9,11,11,12,12,12,47853,0,7,8.66144447358994,4.633864002244081,1957.275683998887,8965.0
1789885014,50,GET,GET /api/v1/reservas/{id},6.800000,0.000000,4,5,5,6,7,7,8,9,9,9,9,15901,0,5,6.3202536902974,3.0284199965535663,1521.0046399952262,442.0
1789885014,50,POST,POST /api/v1/auth/login,0.000000,0.000000,0,0,0,0,0,0,0,0,0,0,0,50,0,1300.0,1369.1218887201103,628.633758999058,2104.1982940005255,1622.0
1789885014,50,POST,POST /api/v1/auth/refresh,0.000000,0.000000,0,0,0,0,0,0,0,0,0,0,0,100,0,27,29.209557120193494,18.447431997628883,75.96593200287316,1622.0
1789885014,50,,Aggregated,25.600000,0.000000,6,7,7,8,8,9,11,11,12,12,12,63904,0,6,9.175505546947683,3.0284199965535663,2104.1982940005255,6827.016884702053
1789885015,50,GET,GET /api/v1/reservas,18.700000,0.000000,6,7,7,8,9,10,11,12,12,12,12,47871,0,7,8.660922098508532,4.633864002244081,1957.275683998887,8965.0
1789885015,50,GET,GET /api/v1/reservas/{id},7.000000,0.000000,4,5,5,5,7,7,8,9,9,9,9,15908,0,5,6.319278686724795,3.0284199965535663,1521.0046399952262,442.0
1789885015,50,POST,POST /api/v1/auth/login,0.000000,0.000000,0,0,0,0,0,0,0,0,0,0,0,50,0,1300.0,1369.1218887201103,628.633758999058,2104.1982940005255,1622.0
1789885015,50,POST,POST /api/v1/auth/refresh,0.000000,0.000000,0,0,0,0,0,0,0,0,0,0,0,100,0,27,29.209557120193494,18.447431997628883,75.96593200287316,1622.0
1789885015,50,,Aggregated,25.700000,0.000000,6,7,7,7,8,9,11,11,12,12,12,63929,0,6,9.17441438586786,3.0284199965535663,2104.1982940005255,6826.919723443195
1789885016,50,GET,GET /api/v1/reservas,18.900000,0.000000,6,7,7,8,8,9,11,12,12,12,12,47889,0,7,8.660088428964986,4.633864002244081,1957.275683998887,8965.0
1789885016,50,GET,GET /api/v1/reservas/{id},6.200000,0.000000,4,5,5,6,7,7,8,9,9,9,9,15916,0,5,6.318799885172684,3.0284199965535663,1521.0046399952262,442.0
1789885016,50,POST,POST /api/v1/auth/login,0.000000,0.000000,0,0,0,0,0,0,0,0,0,0,0,50,0,1300.0,1369.1218887201103,628.633758999058,2104.1982940005255,1622.0
1789885016,50,POST,POST /api/v1/auth/refresh,0.000000,0.000000,0,0,0,0,0,0,0,0,0,0,0,100,0,27,29.209557120193494,18.447431997628883,75.96593200287316,1622.0
1789885016,50,,Aggregated,25.100000,0.000000,6,7,7,7,8,9,11,11,12,12,12,63955,0,6,9.173169320540053,3.0284199965535663,2104.1982940005255,6826.7228050973345
1789885017,50,GET,GET /api/v1/reservas,18.500000,0.000000,7,7,7,8,9,10,12,12,13,13,13,47906,0,7,8.659954942902598,4.633864002244081,1957.275683998887,8965.0
1789885017,50,GET,GET /api/v1/reservas/{id},6.000000,0.000000,4,5,5,5,7,7,8,9,9,9,9,15923,0,5,6.318553289104051,3.0284199965535663,1521.0046399952262,442.0
1789885017,50,POST,POST /api/v1/auth/login,0.000000,0.000000,0,0,0,0,0,0,0,0,0,0,0,50,0,1300.0,1369.1218887201103,628.633758999058,2104.1982940005255,1622.0
1789885017,50,POST,POST /api/v1/auth/refresh,0.000000,0.000000,0,0,0,0,0,0,0,0,0,0,0,100,0,27,29.209557120193494,18.447431997628883,75.96593200287316,1622.0
1789885017,50,,Aggregated,24.500000,0.000000,6,7,7,7,8,9,11,12,13,13,13,63979,0,6,9.172559365809443,3.0284199965535663,2104.1982940005255,6826.5924131355605
1789885018,50,GET,GET /api/v1/reservas,18.300000,0.000000,6,7,7,8,9,10,12,12,13,13,13,47922,0,7,8.659083273270912,4.633864002244081,1957.275683998887,8965.0
1789885018,50,GET,GET /api/v1/reservas/{id},6.400000,0.000000,4,5,5,5,6,7,7,8,8,8,8,15931,0,5,6.317584227569056,3.0284199965535663,1521.0046399952262,442.0
1789885018,50,POST,POST /api/v1/auth/login,0.000000,0.000000,0,0,0,0,0,0,0,0,0,0,0,50,0,1300.0,1369.1218887201103,628.633758999058,2104.1982940005255,1622.0
1789885018,50,POST,POST /api/v1/auth/refresh,0.000000,0.000000,0,0,0,0,0,0,0,0,0,0,0,100,0,27,29.209557120193494,18.447431997628883,75.96593200287316,1622.0
1789885018,50,,Aggregated,24.700000,0.000000,6,7,7,7,8,9,11,12,13,13,13,64003,0,6,9.17118061808225,3.0284199965535663,2104.1982940005255,6826.328953330312
1789885019,50,GET,GET /api/v1/reservas,18.400000,0.000000,7,7,7,8,9,11,12,12,13,13,13,47936,0,7,8.658325926144997,4.633864002244081,1957.275683998887,8965.0
1789885019,50,GET,GET /api/v1/reservas/{id},6.400000,0.000000,4,5,5,5,6,7,7,8,8,8,8,15940,0,5,6.316560409247531,3.0284199965535663,1521.0046399952262,442.0
1789885019,50,POST,POST /api/v1/auth/login,0.000000,0.000000,0,0,0,0,0,0,0,0,0,0,0,50,0,1300.0,1369.1218887201103,628.633758999058,2104.1982940005255,1622.0
1789885019,50,POST,POST /api/v1/auth/refresh,0.000000,0.000000,0,0,0,0,0,0,0,0,0,0,0,100,0,27,29.209557120193494,18.447431997628883,75.96593200287316,1622.0
1789885019,50,,Aggregated,24.800000,0.000000,6,7,7,7,8,9,11,12,13,13,13,64026,0,6,9.169845604396947,3.0284199965535663,2104.1982940005255,6825.899165963827
1789885020,50,GET,GET /api/v1/reservas,18.200000,0.000000,7,7,7,8,9,11,12,12,13,13,13,47955,0,7,8.657420550718234,4.633864002244081,1957.275683998887,8965.0
1789885020,50,GET,GET /api/v1/reservas/{id},6.400000,0.000000,5,5,5,5,6,7,7,7,7,7,7,15948,0,5,6.315701607499961,3.0284199965535663,1521.0046399952262,442.0
1789885020,50,POST,POST /api/v1/auth/login,0.000000,0.000000,0,0,0,0,0,0,0,0,0,0,0,50,0,1300.0,1369.1218887201103,628.633758999058,2104.1982940005255,1622.0
1789885020,50,POST,POST /api/v1/auth/refresh,0.000000,0.000000,0,0,0,0,0,0,0,0,0,0,0,100,0,27,29.209557120193494,18.447431997628883,75.96593200287316,1622.0
1789885020,50,,Aggregated,24.600000,0.000000,6,7,7,7,8,9,11,12,13,13,13,64053,0,6,9.168445847877994,3.0284199965535663,2104.1982940005255,6825.736358952742
1789885021,50,GET,GET /api/v1/reservas,18.400000,0.000000,6,7,7,8,9,10,13,19,21,21,21,47970,0,7,8.65737381491941,4.633864002244081,1957.275683998887,8965.0
1789885021,50,GET,GET /api/v1/reservas/{id},6.400000,0.000000,5,5,5,5,6,6,7,7,7,7,7,15955,0,5,6.314933003284648,3.0284199965535663,1521.0046399952262,442.0
1789885021,50,POST,POST /api/v1/auth/login,0.000000,0.000000,0,0,0,0,0,0,0,0,0,0,0,50,0,1300.0,1369.1218887201103,628.633758999058,2104.1982940005255,1622.0
1789885021,50,POST,POST /api/v1/auth/refresh,0.000000,0.000000,0,0,0,0,0,0,0,0,0,0,0,100,0,27,29.209557120193494,18.447431997628883,75.96593200287316,1622.0
1789885021,50,,Aggregated,24.800000,0.000000,6,7,7,7,8,9,12,13,21,21,21,64075,0,6,9.167788187547682,3.0284199965535663,2104.1982940005255,6825.539758095982
1789885023,50,GET,GET /api/v1/reservas,17.200000,0.000000,7,7,7,8,9,11,12,19,21,21,21,47990,0,7,8.657095958464254,4.633864002244081,1957.275683998887,8965.0
1789885023,50,GET,GET /api/v1/reservas/{id},7.100000,0.000000,5,5,5,5,6,6,7,7,7,7,7,15959,0,5,6.314495185249849,3.0284199965535663,1521.0046399952262,442.0
1789885023,50,POST,POST /api/v1/auth/login,0.000000,0.000000,0,0,0,0,0,0,0,0,0,0,0,50,0,1300.0,1369.1218887201103,628.633758999058,2104.1982940005255,1622.0
1789885023,50,POST,POST /api/v1/auth/refresh,0.000000,0.000000,0,0,0,0,0,0,0,0,0,0,0,100,0,27,29.209557120193494,18.447431997628883,75.96593200287316,1622.0
1789885023,50,,Aggregated,24.300000,0.000000,6,7,7,7,9,10,12,13,21,21,21,64099,0,6,9.16713386879872,3.0284199965535663,2104.1982940005255,6825.808951777719
1789885024,50,GET,GET /api/v1/reservas,17.400000,0.000000,6,7,7,8,9,11,12,19,21,21,21,48015,0,7,8.655790144906732,4.633864002244081,1957.275683998887,8965.0
1789885024,50,GET,GET /api/v1/reservas/{id},7.200000,0.000000,5,5,5,5,6,6,7,7,7,7,7,15963,0,5,6.313950673395327,3.0284199965535663,1521.0046399952262,442.0
1789885024,50,POST,POST /api/v1/auth/login,0.000000,0.000000,0,0,0,0,0,0,0,0,0,0,0,50,0,1300.0,1369.1218887201103,628.633758999058,2104.1982940005255,1622.0
1789885024,50,POST,POST /api/v1/auth/refresh,0.000000,0.000000,0,0,0,0,0,0,0,0,0,0,0,100,0,27,29.209557120193494,18.447431997628883,75.96593200287316,1622.0
1789885024,50,,Aggregated,24.600000,0.000000,6,7,7,7,8,10,12,13,21,21,21,64128,0,6,9.165643845981997,3.0284199965535663,2104.1982940005255,6826.244713697605
1789885025,50,GET,GET /api/v1/reservas,16.900000,0.000000,6,7,7,8,9,11,14,19,21,21,21,48034,0,7,8.65548154808448,4.633864002244081,1957.275683998887,8965.0
1789885025,50,GET,GET /api/v1/reservas/{id},7.300000,0.000000,5,5,5,5,6,6,7,7,7,7,7,15971,0,5,6.3130172804093645,3.0284199965535663,1521.0046399952262,442.0
1789885025,50,POST,POST /api/v1/auth/login,0.000000,0.000000,0,0,0,0,0,0,0,0,0,0,0,50,0,1300.0,1369.1218887201103,628.633758999058,2104.1982940005255,1622.0
1789885025,50,POST,POST /api/v1/auth/refresh,0.000000,0.000000,0,0,0,0,0,0,0,0,0,0,0,100,0,27,29.209557120193494,18.447431997628883,75.96593200287316,1622.0
1789885025,50,,Aggregated,24.200000,0.000000,6,7,7,7,9,11,13,14,21,21,21,64155,0,6,9.164673833904375,3.0284199965535663,2104.1982940005255,6826.082020107552
1789885026,50,GET,GET /api/v1/reservas,16.900000,0.000000,6,7,7,8,9,11,14,19,21,21,21,48053,0,7,8.654431467060993,4.633864002244081,1957.275683998887,8965.0
1789885026,50,GET,GET /api/v1/reservas/{id},6.900000,0.000000,5,5,5,5,6,6,7,7,7,7,7,15980,0,5,6.311879922179243,3.0284199965535663,1521.0046399952262,442.0
1789885026,50,POST,POST /api/v1/auth/login,0.000000,0.000000,0,0,0,0,0,0,0,0,0,0,0,50,0,1300.0,1369.1218887201103,628.633758999058,2104.1982940005255,1622.0
1789885026,50,POST,POST /api/v1/auth/refresh,0.000000,0.000000,0,0,0,0,0,0,0,0,0,0,0,100,0,27,29.209557120193494,18.447431997628883,75.96593200287316,1622.0
1789885026,50,,Aggregated,23.800000,0.000000,6,6,7,7,9,11,13,14,21,21,21,64183,0,6,9.163053870824573,3.0284199965535663,2104.1982940005255,6825.819999065173
1789885027,50,GET,GET /api/v1/reservas,17.800000,0.000000,6,7,7,8,9,11,14,19,21,21,21,48067,0,7,8.653986823968062,4.633864002244081,1957.275683998887,8965.0
1789885027,50,GET,GET /api/v1/reservas/{id},7.000000,0.000000,5,5,5,5,6,6,8,10,10,10,10,15989,0,5,6.311557581738241,3.0284199965535663,1521.0046399952262,442.0
1789885027,50,POST,POST /api/v1/auth/login,0.000000,0.000000,0,0,0,0,0,0,0,0,0,0,0,50,0,1300.0,1369.1218887201103,628.633758999058,2104.1982940005255,1622.0
1789885027,50,POST,POST /api/v1/auth/refresh,0.000000,0.000000,0,0,0,0,0,0,0,0,0,0,0,100,0,27,29.209557120193494,18.447431997628883,75.96593200287316,1622.0
1789885027,50,,Aggregated,24.800000,0.000000,6,6,7,7,8,10,12,14,21,21,21,64206,0,6,9.162130159021162,3.0284199965535663,2104.1982940005255,6825.39159891599
1789885028,50,GET,GET /api/v1/reservas,18.000000,0.000000,6,7,7,8,9,11,14,19,21,21,21,48087,0,7,8.653218497799468,4.633864002244081,1957.275683998887,8965.0
1789885028,50,GET,GET /api/v1/reservas/{id},7.200000,0.000000,5,5,5,5,6,7,8,10,10,10,10,15996,0,5,6.311407313353962,3.0284199965535663,1521.0046399952262,442.0
1789885028,50,POST,POST /api/v1/auth/login,0.000000,0.000000,0,0,0,0,0,0,0,0,0,0,0,50,0,1300.0,1369.1218887201103,628.633758999058,2104.1982940005255,1622.0
1789885028,50,POST,POST /api/v1/auth/refresh,0.000000,0.000000,0,0,0,0,0,0,0,0,0,0,0,100,0,27,29.209557120193494,18.447431997628883,75.96593200287316,1622.0
1789885028,50,,Aggregated,25.200000,0.000000,6,7,7,7,9,10,12,14,21,21,21,64233,0,6,9.161048673362917,3.0284199965535663,2104.1982940005255,6825.362150296576
1789885029,50,GET,GET /api/v1/reservas,17.800000,0.000000,6,7,7,8,9,11,14,19,21,21,21,48108,0,7,8.652339857085504,4.633864002244081,1957.275683998887,8965.0
1789885029,50,GET,GET /api/v1/reservas/{id},7.300000,0.000000,5,5,5,5,6,7,8,10,10,10,10,16002,0,5,6.310679296676215,3.0284199965535663,1521.0046399952262,442.0
1789885029,50,POST,POST /api/v1/auth/login,0.000000,0.000000,0,0,0,0,0,0,0,0,0,0,0,50,0,1300.0,1369.1218887201103,628.633758999058,2104.1982940005255,1622.0
1789885029,50,POST,POST /api/v1/auth/refresh,0.000000,0.000000,0,0,0,0,0,0,0,0,0,0,0,100,0,27,29.209557120193494,18.447431997628883,75.96593200287316,1622.0
1789885029,50,,Aggregated,25.100000,0.000000,6,7,7,7,9,10,12,14,21,21,21,64260,0,6,9.159777561439606,3.0284199965535663,2104.1982940005255,6825.465359477124
1789885030,50,GET,GET /api/v1/reservas,17.800000,0.000000,6,7,7,8,9,11,14,19,21,21,21,48127,0,7,8.651302825641968,4.633864002244081,1957.275683998887,8965.0
1789885030,50,GET,GET /api/v1/reservas/{id},7.300000,0.000000,5,5,5,5,6,8,8,10,10,10,10,16005,0,5,6.3104310877482535,3.0284199965535663,1521.0046399952262,442.0
1789885030,50,POST,POST /api/v1/auth/login,0.000000,0.000000,0,0,0,0,0,0,0,0,0,0,0,50,0,1300.0,1369.1218887201103,628.633758999058,2104.1982940005255,1622.0
1789885030,50,POST,POST /api/v1/auth/refresh,0.000000,0.000000,0,0,0,0,0,0,0,0,0,0,0,100,0,27,29.209557120193494,18.447431997628883,75.96593200287316,1622.0
1789885030,50,,Aggregated,25.100000,0.000000,6,7,7,7,9,10,12,14,21,21,21,64282,0,6,9.158656401435996,3.0284199965535663,2104.1982940005255,6825.799835101584
1789885031,50,GET,GET /api/v1/reservas,18.500000,0.000000,6,7,7,8,9,10,12,14,14,14,14,48148,0,7,8.650348370433873,4.633864002244081,1957.275683998887,8965.0
1789885031,50,GET,GET /api/v1/reservas/{id},7.100000,0.000000,5,5,5,5,6,8,8,10,10,10,10,16008,0,5,6.3100378343585435,3.0284199965535663,1521.0046399952262,442.0
1789885031,50,POST,POST /api/v1/auth/login,0.000000,0.000000,0,0,0,0,0,0,0,0,0,0,0,50,0,1300.0,1369.1218887201103,628.633758999058,2104.1982940005255,1622.0
1789885031,50,POST,POST /api/v1/auth/refresh,0.000000,0.000000,0,0,0,0,0,0,0,0,0,0,0,100,0,27,29.209557120193494,18.447431997628883,75.96593200287316,1622.0
1789885031,50,,Aggregated,25.600000,0.000000,6,7,7,7,8,10,12,12,14,14,14,64306,0,6,9.157545316768086,3.0284199965535663,2104.1982940005255,6826.2006033651605
1789885032,50,GET,GET /api/v1/reservas,18.500000,0.000000,6,7,7,7,8,9,12,14,14,14,14,48162,0,7,8.649712701084622,4.633864002244081,1957.275683998887,8965.0
1789885032,50,GET,GET /api/v1/reservas/{id},7.100000,0.000000,5,5,5,6,6,8,9,10,10,10,10,16016,0,5,6.309423591122138,3.0284199965535663,1521.0046399952262,442.0
1789885032,50,POST,POST /api/v1/auth/login,0.000000,0.000000,0,0,0,0,0,0,0,0,0,0,0,50,0,1300.0,1369.1218887201103,628.633758999058,2104.1982940005255,1622.0
1789885032,50,POST,POST /api/v1/auth/refresh,0.000000,0.000000,0,0,0,0,0,0,0,0,0,0,0,100,0,27,29.209557120193494,18.447431997628883,75.96593200287316,1622.0
1789885032,50,,Aggregated,25.600000,0.000000,6,6,7,7,8,9,11,12,14,14,14,64328,0,6,9.156451957049443,3.0284199965535663,2104.1982940005255,6825.8721241139165
1789885033,50,GET,GET /api/v1/reservas,19.200000,0.000000,6,7,7,8,9,11,13,14,14,14,14,48184,0,7,8.649658248083552,4.633864002244081,1957.275683998887,8965.0
1789885033,50,GET,GET /api/v1/reservas/{id},6.000000,0.000000,5,5,6,6,7,8,9,10,10,10,10,16021,0,5,6.30926770528714,3.0284199965535663,1521.0046399952262,442.0
1789885033,50,POST,POST /api/v1/auth/login,0.000000,0.000000,0,0,0,0,0,0,0,0,0,0,0,50,0,1300.0,1369.1218887201103,628.633758999058,2104.1982940005255,1622.0
1789885033,50,POST,POST /api/v1/auth/refresh,0.000000,0.000000,0,0,0,0,0,0,0,0,0,0,0,100,0,27,29.209557120193494,18.447431997628883,75.96593200287316,1622.0
1789885033,50,,Aggregated,25.200000,0.000000,6,7,7,7,9,10,13,13,14,14,14,64355,0,6,9.155977951675704,3.0284199965535663,2104.1982940005255,6826.107404242095
1789885034,50,GET,GET /api/v1/reservas,19.200000,0.000000,6,7,7,7,9,10,12,13,13,13,13,48203,0,7,8.64868791775697,4.633864002244081,1957.275683998887,8965.0
1789885034,50,GET,GET /api/v1/reservas/{id},6.100000,0.000000,5,5,6,6,7,8,9,10,10,10,10,16025,0,5,6.30882171827805,3.0284199965535663,1521.0046399952262,442.0
1789885034,50,POST,POST /api/v1/auth/login,0.000000,0.000000,0,0,0,0,0,0,0,0,0,0,0,50,0,1300.0,1369.1218887201103,628.633758999058,2104.1982940005255,1622.0
1789885034,50,POST,POST /api/v1/auth/refresh,0.000000,0.000000,0,0,0,0,0,0,0,0,0,0,0,100,0,27,29.209557120193494,18.447431997628883,75.96593200287316,1622.0
1789885034,50,,Aggregated,25.300000,0.000000,6,7,7,7,9,9,11,13,13,13,13,64378,0,6,9.154814096167508,3.0284199965535663,2104.1982940005255,6826.341995712821
1789885035,50,GET,GET /api/v1/reservas,19.300000,0.000000,6,7,7,8,9,10,12,13,13,13,13,48221,0,7,8.647879789379223,4.633864002244081,1957.275683998887,8965.0
1789885035,50,GET,GET /api/v1/reservas/{id},6.200000,0.000000,5,5,6,6,7,8,10,10,10,10,10,16030,0,5,6.30839598580166,3.0284199965535663,1521.0046399952262,442.0
1789885035,50,POST,POST /api/v1/auth/login,0.000000,0.000000,0,0,0,0,0,0,0,0,0,0,0,50,0,1300.0,1369.1218887201103,628.633758999058,2104.1982940005255,1622.0
1789885035,50,POST,POST /api/v1/auth/refresh,0.000000,0.000000,0,0,0,0,0,0,0,0,0,0,0,100,0,27,29.209557120193494,18.447431997628883,75.96593200287316,1622.0
1789885035,50,,Aggregated,25.500000,0.000000,6,7,7,7,9,10,11,13,13,13,13,64401,0,6,9.153740611544585,3.0284199965535663,2104.1982940005255,6826.444076955327
1789885036,50,GET,GET /api/v1/reservas,19.300000,0.000000,6,7,7,7,9,10,12,13,13,13,13,48242,0,7,8.646973624697516,4.633864002244081,1957.275683998887,8965.0
1789885036,50,GET,GET /api/v1/reservas/{id},6.200000,0.000000,5,5,6,6,7,8,9,9,9,9,9,16039,0,5,6.3078840539551795,3.0284199965535663,1521.0046399952262,442.0
1789885036,50,POST,POST /api/v1/auth/login,0.000000,0.000000,0,0,0,0,0,0,0,0,0,0,0,50,0,1300.0,1369.1218887201103,628.633758999058,2104.1982940005255,1622.0
1789885036,50,POST,POST /api/v1/auth/refresh,0.000000,0.000000,0,0,0,0,0,0,0,0,0,0,0,100,0,27,29.209557120193494,18.447431997628883,75.96593200287316,1622.0
1789885036,50,,Aggregated,25.500000,0.000000,6,7,7,7,9,9,11,13,13,13,13,64431,0,6,9.1523723687677,3.0284199965535663,2104.1982940005255,6826.249289938073
1789885037,50,GET,GET /api/v1/reservas,18.600000,0.000000,6,7,7,7,9,11,13,15,19,19,19,48259,0,7,8.64707273034392,4.633864002244081,1957.275683998887,8965.0
1789885037,50,GET,GET /api/v1/reservas/{id},5.900000,0.000000,5,5,6,6,7,8,9,9,9,9,9,16045,0,5,6.307842781077682,3.0284199965535663,1521.0046399952262,442.0
1789885037,50,POST,POST /api/v1/auth/login,0.000000,0.000000,0,0,0,0,0,0,0,0,0,0,0,50,0,1300.0,1369.1218887201103,628.633758999058,2104.1982940005255,1622.0
1789885037,50,POST,POST /api/v1/auth/refresh,0.000000,0.000000,0,0,0,0,0,0,0,0,0,0,0,100,0,27,29.209557120193494,18.447431997628883,75.96593200287316,1622.0
1789885037,50,,Aggregated,24.500000,0.000000,6,7,7,7,9,10,13,14,19,19,19,64454,0,6,9.152038204984732,3.0284199965535663,2104.1982940005255,6826.219086480281
1789885038,50,GET,GET /api/v1/reservas,18.900000,0.000000,6,7,7,8,9,11,13,15,19,19,19,48275,0,7,8.646368655757124,4.633864002244081,1957.275683998887,8965.0
1789885038,50,GET,GET /api/v1/reservas/{id},5.900000,0.000000,5,5,6,6,7,8,9,9,9,9,9,16055,0,5,6.306845998777608,3.0284199965535663,1521.0046399952262,442.0
1789885038,50,POST,POST /api/v1/auth/login,0.000000,0.000000,0,0,0,0,0,0,0,0,0,0,0,50,0,1300.0,1369.1218887201103,628.633758999058,2104.1982940005255,1622.0
1789885038,50,POST,POST /api/v1/auth/refresh,0.000000,0.000000,0,0,0,0,0,0,0,0,0,0,0,100,0,27,29.209557120193494,18.447431997628883,75.96593200287316,1622.0
1789885038,50,,Aggregated,24.800000,0.000000,6,7,7,7,9,10,13,14,19,19,19,64480,0,6,9.1506964875167,3.0284199965535663,2104.1982940005255,6825.75969292804
1789885039,50,GET,GET /api/v1/reservas,18.900000,0.000000,7,7,7,8,9,11,14,19,20,20,20,48290,0,7,8.646072330868966,4.633864002244081,1957.275683998887,8965.0
1789885039,50,GET,GET /api/v1/reservas/{id},5.900000,0.000000,5,5,6,6,7,8,9,9,9,9,9,16062,0,5,6.306163273775918,3.0284199965535663,1521.0046399952262,442.0
1789885039,50,POST,POST /api/v1/auth/login,0.000000,0.000000,0,0,0,0,0,0,0,0,0,0,0,50,0,1300.0,1369.1218887201103,628.633758999058,2104.1982940005255,1622.0
1789885039,50,POST,POST /api/v1/auth/refresh,0.000000,0.000000,0,0,0,0,0,0,0,0,0,0,0,100,0,27,29.209557120193494,18.447431997628883,75.96593200287316,1622.0
1789885039,50,,Aggregated,24.800000,0.000000,6,7,7,7,9,11,13,15,20,20,20,64502,0,6,9.149878724831455,3.0284199965535663,2104.1982940005255,6825.564385600446
1789885040,50,GET,GET /api/v1/reservas,18.800000,0.000000,7,7,7,8,9,11,14,19,20,20,20,48311,0,7,8.64506861939629,4.633864002244081,1957.275683998887,8965.0
1789885040,50,GET,GET /api/v1/reservas/{id},5.900000,0.000000,5,5,6,6,7,7,9,9,9,9,9,16070,0,5,6.30539344787695,3.0284199965535663,1521.0046399952262,442.0
1789885040,50,POST,POST /api/v1/auth/login,0.000000,0.000000,0,0,0,0,0,0,0,0,0,0,0,50,0,1300.0,1369.1218887201103,628.633758999058,2104.1982940005255,1622.0
1789885040,50,POST,POST /api/v1/auth/refresh,0.000000,0.000000,0,0,0,0,0,0,0,0,0,0,0,100,0,27,29.209557120193494,18.447431997628883,75.96593200287316,1622.0
1789885040,50,,Aggregated,24.700000,0.000000,6,7,7,7,9,10,13,15,20,20,20,64531,0,6,9.148419099766993,3.0284199965535663,2104.1982940005255,6825.46923184206
1789885041,50,GET,GET /api/v1/reservas,18.800000,0.000000,6,7,7,8,10,13,15,19,20,20,20,48328,0,7,8.644602057392365,4.633864002244081,1957.275683998887,8965.0
1789885041,50,GET,GET /api/v1/reservas/{id},5.900000,0.000000,5,5,6,6,7,7,8,9,9,9,9,16075,0,5,6.304781591500432,3.0284199965535663,1521.0046399952262,442.0
1789885041,50,POST,POST /api/v1/auth/login,0.000000,0.000000,0,0,0,0,0,0,0,0,0,0,0,50,0,1300.0,1369.1218887201103,628.633758999058,2104.1982940005255,1622.0
1789885041,50,POST,POST /api/v1/auth/refresh,0.000000,0.000000,0,0,0,0,0,0,0,0,0,0,0,100,0,27,29.209557120193494,18.447431997628883,75.96593200287316,1622.0
1789885041,50,,Aggregated,24.700000,0.000000,6,7,7,7,9,11,14,16,20,20,20,64553,0,6,9.147564674934625,3.0284199965535663,2104.1982940005255,6825.538239895899
1789885042,50,GET,GET /api/v1/reservas,18.300000,0.000000,6,7,7,7,9,11,15,19,20,20,20,48344,0,7,8.643883847895575,4.633864002244081,1957.275683998887,8965.0
1789885042,50,GET,GET /api/v1/reservas/{id},6.000000,0.000000,5,5,6,6,6,7,8,9,9,9,9,16080,0,5,6.304195687398216,3.0284199965535663,1521.0046399952262,442.0
1789885042,50,POST,POST /api/v1/auth/login,0.000000,0.000000,0,0,0,0,0,0,0,0,0,0,0,50,0,1300.0,1369.1218887201103,628.633758999058,2104.1982940005255,1622.0
1789885042,50,POST,POST /api/v1/auth/refresh,0.000000,0.000000,0,0,0,0,0,0,0,0,0,0,0,100,0,27,29.209557120193494,18.447431997628883,75.96593200287316,1622.0
1789885042,50,,Aggregated,24.300000,0.000000,6,7,7,7,8,10,14,16,20,20,20,64574,0,6,9.146536338836906,3.0284199965535663,2104.1982940005255,6825.574070059157
1789885043,50,GET,GET /api/v1/reservas,18.100000,0.000000,6,7,7,8,9,11,15,19,20,20,20,48366,0,7,8.643056232863177,4.633864002244081,1957.275683998887,8965.0
1789885043,50,GET,GET /api/v1/reservas/{id},6.700000,0.000000,5,5,6,6,6,7,8,9,9,9,9,16086,0,5,6.303540344918938,3.0284199965535663,1521.0046399952262,442.0
1789885043,50,POST,POST /api/v1/auth/login,0.000000,0.000000,0,0,0,0,0,0,0,0,0,0,0,50,0,1300.0,1369.1218887201103,628.633758999058,2104.1982940005255,1622.0
1789885043,50,POST,POST /api/v1/auth/refresh,0.000000,0.000000,0,0,0,0,0,0,0,0,0,0,0,100,0,27,29.209557120193494,18.447431997628883,75.96593200287316,1622.0
1789885043,50,,Aggregated,24.800000,0.000000,6,7,7,7,8,10,14,16,20,20,20,64602,0,6,9.145318378611398,3.0284199965535663,2104.1982940005255,6825.709761307699
1789885044,50,GET,GET /api/v1/reservas,18.100000,0.000000,6,7,7,8,9,12,15,19,20,20,20,48388,0,7,8.642097984948084,4.633864002244081,1957.275683998887,8965.0
1789885044,50,GET,GET /api/v1/reservas/{id},6.700000,0.000000,4,5,5,6,6,7,8,9,9,9,9,16092,0,5,6.302748956025342,3.0284199965535663,1521.0046399952262,442.0
1789885044,50,POST,POST /api/v1/auth/login,0.000000,0.000000,0,0,0,0,0,0,0,0,0,0,0,50,0,1300.0,1369.1218887201103,628.633758999058,2104.1982940005255,1622.0
1789885044,50,POST,POST /api/v1/auth/refresh,0.000000,0.000000,0,0,0,0,0,0,0,0,0,0,0,100,0,27,29.209557120193494,18.447431997628883,75.96593200287316,1622.0
1789885044,50,,Aggregated,24.800000,0.000000,6,7,7,7,9,11,14,16,20,20,20,64630,0,6,9.143969111001933,3.0284199965535663,2104.1982940005255,6825.845334983754
1789885045,50,GET,GET /api/v1/reservas,18.200000,0.000000,6,7,7,8,9,12,15,19,20,20,20,48409,0,7,8.641481147693069,4.633864002244081,1957.275683998887,8965.0
1789885045,50,GET,GET /api/v1/reservas/{id},6.500000,0.000000,4,5,5,6,6,7,7,9,9,9,9,16094,0,5,6.302522357298145,3.0284199965535663,1521.0046399952262,442.0
1789885045,50,POST,POST /api/v1/auth/login,0.000000,0.000000,0,0,0,0,0,0,0,0,0,0,0,50,0,1300.0,1369.1218887201103,628.633758999058,2104.1982940005255,1622.0
1789885045,50,POST,POST /api/v1/auth/refresh,0.000000,0.000000,0,0,0,0,0,0,0,0,0,0,0,100,0,27,29.209557120193494,18.447431997628883,75.96593200287316,1622.0
1789885045,50,,Aggregated,24.700000,0.000000,6,7,7,7,9,11,14,16,20,20,20,64653,0,6,9.1431999419216,3.0284199965535663,2104.1982940005255,6826.342675513897
1789885046,50,GET,GET /api/v1/reservas,18.600000,0.000000,6,7,7,8,9,12,13,16,20,20,20,48430,0,7,8.64103729786659,4.633864002244081,1957.275683998887,8965.0
1789885046,50,GET,GET /api/v1/reservas/{id},6.700000,0.000000,4,5,5,5,6,6,7,7,7,7,7,16098,0,5,6.302205554687514,3.0284199965535663,1521.0046399952262,442.0
1789885046,50,POST,POST /api/v1/auth/login,0.000000,0.000000,0,0,0,0,0,0,0,0,0,0,0,50,0,1300.0,1369.1218887201103,628.633758999058,2104.1982940005255,1622.0
1789885046,50,POST,POST /api/v1/auth/refresh,0.000000,0.000000,0,0,0,0,0,0,0,0,0,0,0,100,0,27,29.209557120193494,18.447431997628883,75.96593200287316,1622.0
1789885046,50,,Aggregated,25.300000,0.000000,6,7,7,7,9,10,13,14,20,20,20,64678,0,6,9.142450160843964,3.0284199965535663,2104.1982940005255,6826.642227650824
1789885047,50,GET,GET /api/v1/reservas,18.600000,0.000000,7,7,8,8,9,12,13,16,20,20,20,48446,0,7,8.64077554092547,4.633864002244081,1957.275683998887,8965.0
1789885047,50,GET,GET /api/v1/reservas/{id},6.700000,0.000000,4,5,5,5,6,7,8,8,8,8,8,16105,0,5,6.301789646033779,3.0284199965535663,1521.0046399952262,442.0
1789885047,50,POST,POST /api/v1/auth/login,0.000000,0.000000,0,0,0,0,0,0,0,0,0,0,0,50,0,1300.0,1369.1218887201103,628.633758999058,2104.1982940005255,1622.0
1789885047,50,POST,POST /api/v1/auth/refresh,0.000000,0.000000,0,0,0,0,0,0,0,0,0,0,0,100,0,27,29.209557120193494,18.447431997628883,75.96593200287316,1622.0
1789885047,50,,Aggregated,25.300000,0.000000,6,7,7,8,9,11,13,14,20,20,20,64701,0,6,9.141719359099188,3.0284199965535663,2104.1982940005255,6826.480270784068
1789885048,50,GET,GET /api/v1/reservas,18.700000,0.000000,7,7,8,8,9,12,13,14,16,16,16,48466,0,7,8.639974445439654,4.633864002244081,1957.275683998887,8965.0
1789885048,50,GET,GET /api/v1/reservas/{id},5.900000,0.000000,5,5,5,5,6,7,7,8,8,8,8,16113,0,5,6.301084736820362,3.0284199965535663,1521.0046399952262,442.0
1789885048,50,POST,POST /api/v1/auth/login,0.000000,0.000000,0,0,0,0,0,0,0,0,0,0,0,50,0,1300.0,1369.1218887201103,628.633758999058,2104.1982940005255,1622.0
1789885048,50,POST,POST /api/v1/auth/refresh,0.000000,0.000000,0,0,0,0,0,0,0,0,0,0,0,100,0,27,29.209557120193494,18.447431997628883,75.96593200287316,1622.0
1789885048,50,,Aggregated,24.600000,0.000000,6,7,7,7,9,10,12,13,16,16,16,64729,0,6,9.140438288635572,3.0284199965535663,2104.1982940005255,6826.351959708941
1789885049,50,GET,GET /api/v1/reservas,18.800000,0.000000,7,7,8,8,10,12,13,14,16,16,16,48488,0,7,8.63950021625267,4.633864002244081,1957.275683998887,8965.0
1789885049,50,GET,GET /api/v1/reservas/{id},6.000000,0.000000,5,5,5,6,6,7,8,8,8,8,8,16119,0,5,6.30069155533136,3.0284199965535663,1521.0046399952262,442.0
1789885049,50,POST,POST /api/v1/auth/login,0.000000,0.000000,0,0,0,0,0,0,0,0,0,0,0,50,0,1300.0,1369.1218887201103,628.633758999058,2104.1982940005255,1622.0
1789885049,50,POST,POST /api/v1/auth/refresh,0.000000,0.000000,0,0,0,0,0,0,0,0,0,0,0,100,0,27,29.209557120193494,18.447431997628883,75.96593200287316,1622.0
1789885049,50,,Aggregated,24.800000,0.000000,6,7,7,8,9,10,12,13,16,16,16,64757,0,6,9.139552230864197,3.0284199965535663,2104.1982940005255,6826.486989823494
1789885050,50,GET,GET /api/v1/reservas,18.800000,0.000000,7,7,8,8,9,10,12,13,14,14,14,48508,0,7,8.638458176211337,4.633864002244081,1957.275683998887,8965.0
1789885050,50,GET,GET /api/v1/reservas/{id},6.000000,0.000000,5,5,5,6,6,7,8,8,8,8,8,16124,0,5,6.300272131567192,3.0284199965535663,1521.0046399952262,442.0
1789885050,50,POST,POST /api/v1/auth/login,0.000000,0.000000,0,0,0,0,0,0,0,0,0,0,0,50,0,1300.0,1369.1218887201103,628.633758999058,2104.1982940005255,1622.0
1789885050,50,POST,POST /api/v1/auth/refresh,0.000000,0.000000,0,0,0,0,0,0,0,0,0,0,0,100,0,27,29.209557120193494,18.447431997628883,75.96593200287316,1622.0
1789885050,50,,Aggregated,24.800000,0.000000,6,7,7,8,9,10,12,12,14,14,14,64782,0,6,9.138294081829462,3.0284199965535663,2104.1982940005255,6826.654441048439
1789885051,50,GET,GET /api/v1/reservas,19.600000,0.000000,7,7,8,8,9,10,12,13,14,14,14,48528,0,7,8.637466586293863,4.633864002244081,1957.275683998887,8965.0
1789885051,50,GET,GET /api/v1/reservas/{id},5.700000,0.000000,5,5,6,6,6,7,7,8,8,8,8,16131,0,5,6.29964142169668,3.0284199965535663,1521.0046399952262,442.0
1789885051,50,POST,POST /api/v1/auth/login,0.000000,0.000000,0,0,0,0,0,0,0,0,0,0,0,50,0,1300.0,1369.1218887201103,628.633758999058,2104.1982940005255,1622.0
1789885051,50,POST,POST /api/v1/auth/refresh,0.000000,0.000000,0,0,0,0,0,0,0,0,0,0,0,100,0,27,29.209557120193494,18.447431997628883,75.96593200287316,1622.0
1789885051,50,,Aggregated,25.300000,0.000000,6,7,7,8,9,10,12,12,14,14,14,64809,0,6,9.136933827417257,3.0284199965535663,2104.1982940005255,6826.624728047031
1789885052,50,GET,GET /api/v1/reservas,19.800000,0.000000,6,7,7,8,9,10,12,13,14,14,14,48546,0,7,8.636583123566501,4.633864002244081,1957.275683998887,8965.0
1789885052,50,GET,GET /api/v1/reservas/{id},5.400000,0.000000,5,5,6,6,6,7,8,8,8,8,8,16134,0,5,6.299299221482032,3.0284199965535663,1521.0046399952262,442.0
1789885052,50,POST,POST /api/v1/auth/login,0.000000,0.000000,0,0,0,0,0,0,0,0,0,0,0,50,0,1300.0,1369.1218887201103,628.633758999058,2104.1982940005255,1622.0
1789885052,50,POST,POST /api/v1/auth/refresh,0.000000,0.000000,0,0,0,0,0,0,0,0,0,0,0,100,0,27,29.209557120193494,18.447431997628883,75.96593200287316,1622.0
1789885052,50,,Aggregated,25.200000,0.000000,6,7,7,7,8,10,12,12,14,14,14,64830,0,6,9.135917138733271,3.0284199965535663,2104.1982940005255,6826.922998611753
1789885053,50,GET,GET /api/v1/reservas,19.600000,0.000000,7,7,8,8,9,10,12,13,13,13,13,48564,0,7,8.635959743239233,4.633864002244081,1957.275683998887,8965.0
1789885053,50,GET,GET /api/v1/reservas/{id},5.600000,0.000000,5,5,6,6,7,8,10,10,10,10,10,16141,0,5,6.299341797558617,3.0284199965535663,1521.0046399952262,442.0
1789885053,50,POST,POST /api/v1/auth/login,0.000000,0.000000,0,0,0,0,0,0,0,0,0,0,0,50,0,1300.0,1369.1218887201103,628.633758999058,2104.1982940005255,1622.0
1789885053,50,POST,POST /api/v1/auth/refresh,0.000000,0.000000,0,0,0,0,0,0,0,0,0,0,0,100,0,27,29.209557120193494,18.447431997628883,75.96593200287316,1622.0
1789885053,50,,Aggregated,25.200000,0.000000,6,7,7,8,9,10,12,12,13,13,13,64855,0,6,9.135016191089221,3.0284199965535663,2104.1982940005255,6826.827260812582
1789885054,50,GET,GET /api/v1/reservas,19.600000,0.000000,7,7,8,8,10,11,13,15,16,16,16,48585,0,7,8.635924948742966,4.633864002244081,1957.275683998887,8965.0
1789885054,50,GET,GET /api/v1/reservas/{id},5.600000,0.000000,5,6,6,6,8,8,10,10,10,10,10,16143,0,5,6.299352497825166,3.0284199965535663,1521.0046399952262,442.0
1789885054,50,POST,POST /api/v1/auth/login,0.000000,0.000000,0,0,0,0,0,0,0,0,0,0,0,50,0,1300.0,1369.1218887201103,628.633758999058,2104.1982940005255,1622.0
1789885054,50,POST,POST /api/v1/auth/refresh,0.000000,0.000000,0,0,0,0,0,0,0,0,0,0,0,100,0,27,29.209557120193494,18.447431997628883,75.96593200287316,1622.0
1789885054,50,,Aggregated,25.200000,0.000000,6,7,7,8,9,10,13,14,16,16,16,64878,0,6,9.134743844679186,3.0284199965535663,2104.1982940005255,6827.322528437991
1789885055,50,GET,GET /api/v1/reservas,19.800000,0.000000,7,7,7,8,9,10,13,15,16,16,16,48608,0,7,8.634961190929152,4.633864002244081,1957.275683998887,8965.0
1789885055,50,GET,GET /api/v1/reservas/{id},5.500000,0.000000,5,5,6,6,8,8,10,10,10,10,10,16146,0,5,6.299089651455568,3.0284199965535663,1521.0046399952262,442.0
1789885055,50,POST,POST /api/v1/auth/login,0.000000,0.000000,0,0,0,0,0,0,0,0,0,0,0,50,0,1300.0,1369.1218887201103,628.633758999058,2104.1982940005255,1622.0
1789885055,50,POST,POST /api/v1/auth/refresh,0.000000,0.000000,0,0,0,0,0,0,0,0,0,0,0,100,0,27,29.209557120193494,18.447431997628883,75.96593200287316,1622.0
1789885055,50,,Aggregated,25.300000,0.000000,6,7,7,8,9,10,13,14,16,16,16,64904,0,6,9.133648854140166,3.0284199965535663,2104.1982940005255,6827.784913102429
1789885056,50,GET,GET /api/v1/reservas,19.700000,0.000000,6,7,7,8,9,10,13,15,16,16,16,48626,0,7,8.63424720881177,4.633864002244081,1957.275683998887,8965.0
1789885056,50,GET,GET /api/v1/reservas/{id},5.100000,0.000000,5,5,6,6,7,8,10,10,10,10,10,16152,0,5,6.298284613633801,3.0284199965535663,1521.0046399952262,442.0
1789885056,50,POST,POST /api/v1/auth/login,0.000000,0.000000,0,0,0,0,0,0,0,0,0,0,0,50,0,1300.0,1369.1218887201103,628.633758999058,2104.1982940005255,1622.0
1789885056,50,POST,POST /api/v1/auth/refresh,0.000000,0.000000,0,0,0,0,0,0,0,0,0,0,0,100,0,27,29.209557120193494,18.447431997628883,75.96593200287316,1622.0
1789885056,50,,Aggregated,24.800000,0.000000,6,7,7,7,8,10,13,14,16,16,16,64928,0,6,9.132513676736114,3.0284199965535663,2104.1982940005255,6827.787302858551
1789885057,50,GET,GET /api/v1/reservas,19.900000,0.000000,6,7,7,8,9,10,13,15,16,16,16,48645,0,7,8.6336295614899,4.633864002244081,1957.275683998887,8965.0
1789885057,50,GET,GET /api/v1/reservas/{id},5.100000,0.000000,5,5,6,6,7,8,10,10,10,10,10,16159,0,5,6.297686298064919,3.0284199965535663,1521.0046399952262,442.0
1789885057,50,POST,POST /api/v1/auth/login,0.000000,0.000000,0,0,0,0,0,0,0,0,0,0,0,50,0,1300.0,1369.1218887201103,628.633758999058,2104.1982940005255,1622.0
1789885057,50,POST,POST /api/v1/auth/refresh,0.000000,0.000000,0,0,0,0,0,0,0,0,0,0,0,100,0,27,29.209557120193494,18.447431997628883,75.96593200287316,1622.0
1789885057,50,,Aggregated,25.000000,0.000000,6,7,7,7,9,10,13,14,16,16,16,64954,0,6,9.131451073946717,3.0284199965535663,2104.1982940005255,6827.724281799427
1789885058,50,GET,GET /api/v1/reservas,19.400000,0.000000,6,7,7,8,9,10,13,15,16,16,16,48661,0,7,8.633042094401638,4.633864002244081,1957.275683998887,8965.0
1789885058,50,GET,GET /api/v1/reservas/{id},5.400000,0.000000,5,5,6,6,8,8,10,10,10,10,10,16167,0,5,6.297024774815631,3.0284199965535663,1521.0046399952262,442.0
1789885058,50,POST,POST /api/v1/auth/login,0.000000,0.000000,0,0,0,0,0,0,0,0,0,0,0,50,0,1300.0,1369.1218887201103,628.633758999058,2104.1982940005255,1622.0
1789885058,50,POST,POST /api/v1/auth/refresh,0.000000,0.000000,0,0,0,0,0,0,0,0,0,0,0,100,0,27,29.209557120193494,18.447431997628883,75.96593200287316,1622.0
1789885058,50,,Aggregated,24.800000,0.000000,6,7,7,7,9,9,13,14,16,16,16,64978,0,6,9.130375065993881,3.0284199965535663,2104.1982940005255,6827.464357167041
1789885059,50,GET,GET /api/v1/reservas,19.800000,0.000000,7,7,8,8,9,10,13,15,16,16,16,48679,0,7,8.632705805474119,4.633864002244081,1957.275683998887,8965.0
1789885059,50,GET,GET /api/v1/reservas/{id},5.400000,0.000000,5,5,6,6,8,8,10,10,10,10,10,16174,0,5,6.296474196885847,3.0284199965535663,1521.0046399952262,442.0
1789885059,50,POST,POST /api/v1/auth/login,0.000000,0.000000,0,0,0,0,0,0,0,0,0,0,0,50,0,1300.0,1369.1218887201103,628.633758999058,2104.1982940005255,1622.0
1789885059,50,POST,POST /api/v1/auth/refresh,0.000000,0.000000,0,0,0,0,0,0,0,0,0,0,0,100,0,27,29.209557120193494,18.447431997628883,75.96593200287316,1622.0
1789885059,50,,Aggregated,25.200000,0.000000,6,7,7,8,9,10,13,14,16,16,16,65003,0,6,9.129543401275855,3.0284199965535663,2104.1982940005255,6827.368629140194
1789885060,50,GET,GET /api/v1/reservas,19.800000,0.000000,6,7,8,8,9,10,13,15,16,16,16,48698,0,7,8.631646726942575,4.633864002244081,1957.275683998887,8965.0
1789885060,50,GET,GET /api/v1/reservas/{id},5.400000,0.000000,5,5,6,6,8,8,10,10,10,10,10,16181,0,5,6.295804622175181,3.0284199965535663,1521.0046399952262,442.0
1789885060,50,POST,POST /api/v1/auth/login,0.000000,0.000000,0,0,0,0,0,0,0,0,0,0,0,50,0,1300.0,1369.1218887201103,628.633758999058,2104.1982940005255,1622.0
1789885060,50,POST,POST /api/v1/auth/refresh,0.000000,0.000000,0,0,0,0,0,0,0,0,0,0,0,100,0,27,29.209557120193494,18.447431997628883,75.96593200287316,1622.0
1789885060,50,,Aggregated,25.200000,0.000000,6,7,7,8,9,10,13,14,16,16,16,65029,0,6,9.12813355653776,3.0284199965535663,2104.1982940005255,6827.305848160052
1789885061,50,GET,GET /api/v1/reservas,19.300000,0.000000,6,7,8,8,9,10,13,15,16,16,16,48711,0,7,8.631035635845071,4.633864002244081,1957.275683998887,8965.0
1789885061,50,GET,GET /api/v1/reservas/{id},5.500000,0.000000,5,5,5,6,6,8,8,10,10,10,10,16196,0,5,6.294053338257624,3.0284199965535663,1521.0046399952262,442.0
1789885061,50,POST,POST /api/v1/auth/login,0.000000,0.000000,0,0,0,0,0,0,0,0,0,0,0,50,0,1300.0,1369.1218887201103,628.633758999058,2104.1982940005255,1622.0
1789885061,50,POST,POST /api/v1/auth/refresh,0.000000,0.000000,0,0,0,0,0,0,0,0,0,0,0,100,0,27,29.209557120193494,18.447431997628883,75.96593200287316,1622.0
1789885061,50,,Aggregated,24.800000,0.000000,6,7,7,8,9,10,13,14,16,16,16,65057,0,6,9.126487770295245,3.0284199965535663,2104.1982940005255,6826.260771323608
1789885062,50,GET,GET /api/v1/reservas,19.000000,0.000000,7,7,8,8,9,10,14,16,20,20,20,48731,0,7,8.630471547755457,4.633864002244081,1957.275683998887,8965.0
1789885062,50,GET,GET /api/v1/reservas/{id},5.700000,0.000000,4,5,5,5,6,6,8,8,8,8,8,16200,0,5,6.29365620459367,3.0284199965535663,1521.0046399952262,442.0
1789885062,50,POST,POST /api/v1/auth/login,0.000000,0.000000,0,0,0,0,0,0,0,0,0,0,0,50,0,1300.0,1369.1218887201103,628.633758999058,2104.1982940005255,1622.0
1789885062,50,POST,POST /api/v1/auth/refresh,0.000000,0.000000,77,77,77,77,77,77,77,77,77,77,77,101,0,28,29.684991633841115,18.447431997628883,77.22844299860299,1622.0
1789885062,50,,Aggregated,24.700000,0.000000,6,7,7,8,9,10,14,16,77,77,77,65082,0,6,9.126686612260153,3.0284199965535663,2104.1982940005255,6826.445668541225
1789885063,50,GET,GET /api/v1/reservas,18.700000,0.000000,7,7,7,8,9,9,10,11,20,20,20,48750,0,7,8.629807864095962,4.633864002244081,1957.275683998887,8965.0
1789885063,50,GET,GET /api/v1/reservas/{id},6.500000,0.000000,5,5,5,5,6,6,7,8,8,8,8,16206,0,5,6.29324037001159,3.0284199965535663,1521.0046399952262,442.0
1789885063,50,POST,POST /api/v1/auth/login,0.000000,0.000000,0,0,0,0,0,0,0,0,0,0,0,50,0,1300.0,1369.1218887201103,628.633758999058,2104.1982940005255,1622.0
1789885063,50,POST,POST /api/v1/auth/refresh,0.000000,0.000000,29,29,29,29,77,77,77,77,77,77,77,106,0,27,29.57085183049269,18.447431997628883,77.22844299860299,1622.0
1789885063,50,,Aggregated,25.200000,0.000000,6,7,7,7,9,10,26,29,77,77,77,65112,0,6,9.127073220621808,3.0284199965535663,2104.1982940005255,6826.081736085514
1789885064,50,GET,GET /api/v1/reservas,18.700000,0.000000,7,7,8,8,9,10,12,13,20,20,20,48768,0,7,8.629810741401643,4.633864002244081,1957.275683998887,8965.0
1789885064,50,GET,GET /api/v1/reservas/{id},6.500000,0.000000,5,5,6,6,6,7,8,8,8,8,8,16212,0,5,6.293237365742386,3.0284199965535663,1521.0046399952262,442.0
1789885064,50,POST,POST /api/v1/auth/login,0.000000,0.000000,0,0,0,0,0,0,0,0,0,0,0,50,0,1300.0,1369.1218887201103,628.633758999058,2104.1982940005255,1622.0
1789885064,50,POST,POST /api/v1/auth/refresh,0.000000,0.000000,29,29,30,32,77,77,77,77,77,77,77,110,0,27,29.485024963849522,18.447431997628883,77.22844299860299,1622.0
1789885064,50,,Aggregated,25.200000,0.000000,6,7,7,8,9,13,29,30,77,77,77,65140,0,6,9.127786637889518,3.0284199965535663,2104.1982940005255,6825.765182683451
1789885065,50,GET,GET /api/v1/reservas,18.200000,0.000000,7,7,8,8,9,10,12,13,20,20,20,48791,0,7,8.628781982736164,4.633864002244081,1957.275683998887,8965.0
1789885065,50,GET,GET /api/v1/reservas/{id},6.500000,0.000000,5,5,5,6,6,7,8,8,8,8,8,16221,0,5,6.29232422590629,3.0284199965535663,1521.0046399952262,442.0
1789885065,50,POST,POST /api/v1/auth/login,0.000000,0.000000,0,0,0,0,0,0,0,0,0,0,0,50,0,1300.0,1369.1218887201103,628.633758999058,2104.1982940005255,1622.0
1789885065,50,POST,POST /api/v1/auth/refresh,0.600000,0.000000,25,27,29,29,32,77,77,77,77,77,77,117,0,26,29.017826692565865,18.447431997628883,77.22844299860299,1622.0
1789885065,50,,Aggregated,25.300000,0.000000,6,7,7,8,10,22,27,30,77,77,77,65179,0,6,9.1275698176889,3.0284199965535663,2104.1982940005255,6825.079718927876
1789885066,50,GET,GET /api/v1/reservas,18.200000,0.000000,7,7,8,8,9,10,12,13,20,20,20,48804,0,7,8.628409593940727,4.633864002244081,1957.275683998887,8965.0
1789885066,50,GET,GET /api/v1/reservas/{id},6.500000,0.000000,5,5,6,6,7,7,8,8,8,8,8,16227,0,5,6.292030709275196,3.0284199965535663,1521.0046399952262,442.0
1789885066,50,POST,POST /api/v1/auth/login,0.000000,0.000000,0,0,0,0,0,0,0,0,0,0,0,50,0,1300.0,1369.1218887201103,628.633758999058,2104.1982940005255,1622.0
1789885066,50,POST,POST /api/v1/auth/refresh,0.600000,0.000000,24,26,27,29,30,32,77,77,77,77,77,123,0,26,28.656419171034585,18.447431997628883,77.22844299860299,1622.0
1789885066,50,,Aggregated,25.300000,0.000000,6,7,8,8,12,23,27,30,77,77,77,65204,0,6,9.128006228699737,3.0284199965535663,2104.1982940005255,6824.44021839151
1789885067,50,GET,GET /api/v1/reservas,18.500000,0.000000,7,7,7,8,9,11,12,13,20,20,20,48827,0,7,8.62772956021604,4.633864002244081,1957.275683998887,8965.0
1789885067,50,GET,GET /api/v1/reservas/{id},7.500000,0.000000,5,5,6,6,7,7,8,8,8,8,8,16232,0,5,6.291905679423291,3.0284199965535663,1521.0046399952262,442.0
1789885067,50,POST,POST /api/v1/auth/login,0.000000,0.000000,0,0,0,0,0,0,0,0,0,0,0,50,0,1300.0,1369.1218887201103,628.633758999058,2104.1982940005255,1622.0
1789885067,50,POST,POST /api/v1/auth/refresh,1.600000,0.000000,24,25,27,29,29,32,77,77,77,77,77,131,0,25,28.38696710714708,18.447431997628883,77.22844299860299,1622.0
1789885067,50,,Aggregated,27.600000,0.000000,7,7,8,9,20,24,29,30,77,77,77,65240,0,6,9.128926292950833,3.0284199965535663,2104.1982940005255,6824.067765174739
1789885068,50,GET,GET /api/v1/reservas,18.100000,0.000000,7,7,8,8,9,12,13,23,26,26,26,48843,0,7,8.628345733097001,4.633864002244081,1957.275683998887,8965.0
1789885068,50,GET,GET /api/v1/reservas/{id},7.500000,0.000000,5,5,6,6,7,8,8,9,9,9,9,16239,0,5,6.2920975089232005,3.0284199965535663,1521.0046399952262,442.0
1789885068,50,POST,POST /api/v1/auth/login,0.000000,0.000000,0,0,0,0,0,0,0,0,0,0,0,50,0,1300.0,1369.1218887201103,628.633758999058,2104.1982940005255,1622.0
1789885068,50,POST,POST /api/v1/auth/refresh,2.300000,0.000000,24,26,29,29,35,51,77,77,77,77,77,140,0,26,28.54137447169965,18.447431997628883,77.22844299860299,1622.0
1789885068,50,,Aggregated,27.900000,0.000000,7,7,9,10,23,26,30,42,77,77,77,65272,0,6,9.131994560471673,3.0284199965535663,2104.1982940005255,6823.190847530334
1789885069,50,GET,GET /api/v1/reservas,18.100000,0.000000,7,7,8,9,10,12,15,23,26,26,26,48861,0,7,8.628142353505986,4.633864002244081,1957.275683998887,8965.0
1789885069,50,GET,GET /api/v1/reservas/{id},7.200000,0.000000,5,5,6,6,8,8,9,9,9,9,9,16250,0,5,6.291323156579165,3.0284199965535663,1521.0046399952262,442.0
1789885069,50,POST,POST /api/v1/auth/login,0.000000,0.000000,0,0,0,0,0,0,0,0,0,0,0,50,0,1300.0,1369.1218887201103,628.633758999058,2104.1982940005255,1622.0
1789885069,50,POST,POST /api/v1/auth/refresh,3.000000,0.000000,24,26,29,29,32,42,77,77,77,77,77,146,0,25,28.336539013900918,18.447431997628883,77.22844299860299,1622.0
1789885069,50,,Aggregated,28.300000,0.000000,7,8,9,12,23,27,32,42,77,77,77,65307,0,6,9.132357847720849,3.0284199965535663,2104.1982940005255,6822.228505366959
1789885070,50,GET,GET /api/v1/reservas,18.300000,0.000000,7,8,8,9,11,12,18,23,26,26,26,48871,0,7,8.628083113393412,4.633864002244081,1957.275683998887,8965.0
1789885070,50,GET,GET /api/v1/reservas/{id},7.200000,0.000000,5,6,6,7,8,9,9,9,9,9,9,16258,0,5,6.291401676922828,3.0284199965535663,1521.0046399952262,442.0
1789885070,50,POST,POST /api/v1/auth/login,0.000000,0.000000,0,0,0,0,0,0,0,0,0,0,0,50,0,1300.0,1369.1218887201103,628.633758999058,2104.1982940005255,1622.0
1789885070,50,POST,POST /api/v1/auth/refresh,3.900000,0.000000,24,26,29,30,35,51,82,82,82,82,82,149,0,25,28.69272399348974,18.447431997628883,82.49066000280436,1622.0
1789885070,50,,Aggregated,29.400000,0.000000,7,8,10,13,24,29,35,51,82,82,82,65328,0,6,9.133602262568875,3.0284199965535663,2104.1982940005255,6821.536385623316
1789885071,50,GET,GET /api/v1/reservas,17.900000,0.000000,7,7,8,9,11,12,15,23,26,26,26,48889,0,7,8.62714901109963,4.633864002244081,1957.275683998887,8965.0
1789885071,50,GET,GET /api/v1/reservas/{id},7.600000,0.000000,5,6,6,7,8,9,9,9,9,9,9,16270,0,5,6.290034121536282,3.0284199965535663,1521.0046399952262,442.0
1789885071,50,POST,POST /api/v1/auth/login,0.000000,0.000000,0,0,0,0,0,0,0,0,0,0,0,50,0,1300.0,1369.1218887201103,628.633758999058,2104.1982940005255,1622.0
1789885071,50,POST,POST /api/v1/auth/refresh,4.600000,0.000000,24,26,29,29,35,42,82,82,82,82,82,150,0,25,28.633832166863915,18.447431997628883,82.49066000280436,1622.0
1789885071,50,,Aggregated,30.100000,0.000000,7,8,10,12,24,29,32,42,82,82,82,65359,0,6,9.13206616414088,3.0284199965535663,2104.1982940005255,6820.87585489374
1789885072,50,GET,GET /api/v1/reservas,17.100000,0.000000,7,7,8,9,11,12,15,23,26,26,26,48909,0,7,8.626374679949388,4.633864002244081,1957.275683998887,8965.0
1789885072,50,GET,GET /api/v1/reservas/{id},7.600000,0.000000,5,6,6,7,8,9,9,14,14,14,14,16275,0,5,6.289987336429242,3.0284199965535663,1521.0046399952262,442.0
1789885072,50,POST,POST /api/v1/auth/login,0.000000,0.000000,0,0,0,0,0,0,0,0,0,0,0,50,0,1300.0,1369.1218887201103,628.633758999058,2104.1982940005255,1622.0
1789885072,50,POST,POST /api/v1/auth/refresh,4.800000,0.000000,24,25,29,30,35,42,82,82,82,82,82,150,0,25,28.633832166863915,18.447431997628883,82.49066000280436,1622.0
1789885072,50,,Aggregated,29.500000,0.000000,7,8,9,11,22,26,32,42,82,82,82,65384,0,6,9.131103517421225,3.0284199965535663,2104.1982940005255,6821.043909825034
1789885073,50,GET,GET /api/v1/reservas,17.500000,0.000000,7,7,8,8,10,11,15,23,26,26,26,48928,0,7,8.625566709075255,4.633864002244081,1957.275683998887,8965.0
1789885073,50,GET,GET /api/v1/reservas/{id},7.300000,0.000000,5,5,6,6,8,9,9,14,14,14,14,16281,0,5,6.289429341218386,3.0284199965535663,1521.0046399952262,442.0
1789885073,50,POST,POST /api/v1/auth/login,0.000000,0.000000,0,0,0,0,0,0,0,0,0,0,0,50,0,1300.0,1369.1218887201103,628.633758999058,2104.1982940005255,1622.0
1789885073,50,POST,POST /api/v1/auth/refresh,5.000000,0.000000,23,24,29,29,35,51,82,82,82,82,82,150,0,25,28.633832166863915,18.447431997628883,82.49066000280436,1622.0
1789885073,50,,Aggregated,29.800000,0.000000,7,8,9,11,21,25,32,42,82,82,82,65409,0,6,9.129953008103618,3.0284199965535663,2104.1982940005255,6821.081533122353
1789885074,50,GET,GET /api/v1/reservas,17.600000,0.000000,7,7,8,8,10,11,15,23,26,26,26,48946,0,7,8.625182614200254,4.633864002244081,1957.275683998887,8965.0
1789885074,50,GET,GET /api/v1/reservas/{id},7.500000,0.000000,5,6,6,7,8,9,9,14,14,14,14,16284,0,5,6.289333173014985,3.0284199965535663,1521.0046399952262,442.0
1789885074,50,POST,POST /api/v1/auth/login,0.000000,0.000000,0,0,0,0,0,0,0,0,0,0,0,50,0,1300.0,1369.1218887201103,628.633758999058,2104.1982940005255,1622.0
1789885074,50,POST,POST /api/v1/auth/refresh,4.900000,0.000000,24,25,29,30,35,51,82,82,82,82,82,150,0,25,28.633832166863915,18.447431997628883,82.49066000280436,1622.0
1789885074,50,,Aggregated,30.000000,0.000000,7,8,9,10,21,25,32,42,82,82,82,65430,0,6,9.129372747746608,3.0284199965535663,2104.1982940005255,6821.378847623414
1789885075,50,GET,GET /api/v1/reservas,18.000000,0.000000,7,7,8,8,10,11,15,23,26,26,26,48966,0,7,8.624310699376009,4.633864002244081,1957.275683998887,8965.0
1789885075,50,GET,GET /api/v1/reservas/{id},7.500000,0.000000,5,5,6,6,8,9,9,14,14,14,14,16291,0,5,6.2889077020061865,3.0284199965535663,1521.0046399952262,442.0
1789885075,50,POST,POST /api/v1/auth/login,0.000000,0.000000,0,0,0,0,0,0,0,0,0,0,0,50,0,1300.0,1369.1218887201103,628.633758999058,2104.1982940005255,1622.0
1789885075,50,POST,POST /api/v1/auth/refresh,4.400000,0.000000,24,29,30,32,42,51,82,82,82,82,82,150,0,25,28.633832166863915,18.447431997628883,82.49066000280436,1622.0
1789885075,50,,Aggregated,29.900000,0.000000,7,7,8,9,20,25,32,42,82,82,82,65457,0,6,9.128156840980605,3.0284199965535663,2104.1982940005255,6821.351604870373
1789885076,50,GET,GET /api/v1/reservas,17.500000,0.000000,7,7,8,8,9,11,15,23,26,26,26,48984,0,7,8.623439071791253,4.633864002244081,1957.275683998887,8965.0
1789885076,50,GET,GET /api/v1/reservas/{id},7.100000,0.000000,5,5,6,6,8,9,9,14,14,14,14,16296,0,5,6.288279390303306,3.0284199965535663,1521.0046399952262,442.0
1789885076,50,POST,POST /api/v1/auth/login,0.000000,0.000000,0,0,0,0,0,0,0,0,0,0,0,50,0,1300.0,1369.1218887201103,628.633758999058,2104.1982940005255,1622.0
1789885076,50,POST,POST /api/v1/auth/refresh,4.000000,0.000000,25,30,35,35,51,82,82,82,82,82,82,150,0,25,28.633832166863915,18.447431997628883,82.49066000280436,1622.0
1789885076,50,,Aggregated,28.600000,0.000000,6,7,8,9,14,24,35,42,82,82,82,65480,0,6,9.126993123061153,3.0284199965535663,2104.1982940005255,6821.453756872327
1789885077,50,GET,GET /api/v1/reservas,17.300000,0.000000,7,7,7,8,9,10,11,15,18,18,18,49006,0,7,8.622582340440824,4.633864002244081,1957.275683998887,8965.0
1789885077,50,GET,GET /api/v1/reservas/{id},6.900000,0.000000,5,5,5,6,8,9,9,14,14,14,14,16299,0,5,6.2879351280069224,3.0284199965535663,1521.0046399952262,442.0
1789885077,50,POST,POST /api/v1/auth/login,0.000000,0.000000,0,0,0,0,0,0,0,0,0,0,0,50,0,1300.0,1369.1218887201103,628.633758999058,2104.1982940005255,1622.0
1789885077,50,POST,POST /api/v1/auth/refresh,3.400000,0.000000,21,24,32,32,35,82,82,82,82,82,82,150,0,25,28.633832166863915,18.447431997628883,82.49066000280436,1622.0
1789885077,50,,Aggregated,27.600000,0.000000,6,7,7,8,9,18,23,32,82,82,82,65505,0,6,9.12596739314658,3.0284199965535663,2104.1982940005255,6821.881505228608
1789885078,50,GET,GET /api/v1/reservas,17.600000,0.000000,7,7,7,8,9,10,11,15,18,18,18,49029,0,7,8.621775563292198,4.633864002244081,1957.275683998887,8965.0
1789885078,50,GET,GET /api/v1/reservas/{id},6.900000,0.000000,5,5,5,5,8,9,9,14,14,14,14,16302,0,5,6.287823647980946,3.0284199965535663,1521.0046399952262,442.0
1789885078,50,POST,POST /api/v1/auth/login,0.000000,0.000000,0,0,0,0,0,0,0,0,0,0,0,50,0,1300.0,1369.1218887201103,628.633758999058,2104.1982940005255,1622.0
1789885078,50,POST,POST /api/v1/auth/refresh,2.700000,0.000000,35,35,82,82,82,82,82,82,82,82,82,150,0,25,28.633832166863915,18.447431997628883,82.49066000280436,1622.0
1789885078,50,,Aggregated,27.200000,0.000000,6,7,7,8,9,11,18,20,82,82,82,65531,0,6,9.125029443516459,3.0284199965535663,2104.1982940005255,6822.341624574628
1789885079,50,GET,GET /api/v1/reservas,18.000000,0.000000,6,7,7,7,8,9,9,11,14,14,14,49054,0,7,8.620346176002991,4.633864002244081,1957.275683998887,8965.0
1789885079,50,GET,GET /api/v1/reservas/{id},6.700000,0.000000,4,5,5,5,7,8,14,14,14,14,14,16305,0,5,6.287645347033812,3.0284199965535663,1521.0046399952262,442.0
1789885079,50,POST,POST /api/v1/auth/login,0.000000,0.000000,0,0,0,0,0,0,0,0,0,0,0,50,0,1300.0,1369.1218887201103,628.633758999058,2104.1982940005255,1622.0
1789885079,50,POST,POST /api/v1/auth/refresh,2.000000,0.000000,20,20,20,20,20,20,20,20,20,20,20,150,0,25,28.633832166863915,18.447431997628883,82.49066000280436,1622.0
1789885079,50,,Aggregated,26.700000,0.000000,6,7,7,7,8,9,11,14,20,20,20,65559,0,6,9.123593830932071,3.0284199965535663,2104.1982940005255,6822.866730731097
1789885080,50,GET,GET /api/v1/reservas,18.400000,0.000000,6,7,7,8,8,9,9,11,14,14,14,49073,0,7,8.619831115534895,4.633864002244081,1957.275683998887,8965.0
1789885080,50,GET,GET /api/v1/reservas/{id},6.300000,0.000000,5,5,5,6,7,9,14,14,14,14,14,16310,0,5,6.287821161335949,3.0284199965535663,1521.0046399952262,442.0
1789885080,50,POST,POST /api/v1/auth/login,0.000000,0.000000,0,0,0,0,0,0,0,0,0,0,0,50,0,1300.0,1369.1218887201103,628.633758999058,2104.1982940005255,1622.0
1789885080,50,POST,POST /api/v1/auth/refresh,1.100000,0.000000,20,20,20,20,20,20,20,20,20,20,20,150,0,25,28.633832166863915,18.447431997628883,82.49066000280436,1622.0
1789885080,50,,Aggregated,25.800000,0.000000,6,7,7,7,8,9,10,11,14,14,14,65583,0,6,9.12289015042117,3.0284199965535663,2104.1982940005255,6823.0008538798165
1789885081,50,GET,GET /api/v1/reservas,19.200000,0.000000,6,7,7,8,8,9,9,11,14,14,14,49095,0,7,8.618827960661143,4.633864002244081,1957.275683998887,8965.0
1789885081,50,GET,GET /api/v1/reservas/{id},5.400000,0.000000,5,5,5,6,7,8,10,10,10,10,10,16317,0,5,6.286921126824175,3.0284199965535663,1521.0046399952262,442.0
1789885081,50,POST,POST /api/v1/auth/login,0.000000,0.000000,0,0,0,0,0,0,0,0,0,0,0,50,0,1300.0,1369.1218887201103,628.633758999058,2104.1982940005255,1622.0
1789885081,50,POST,POST /api/v1/auth/refresh,0.400000,0.000000,20,20,20,20,20,20,20,20,20,20,20,150,0,25,28.633832166863915,18.447431997628883,82.49066000280436,1622.0
1789885081,50,,Aggregated,25.000000,0.000000,6,7,7,7,8,9,9,10,14,14,14,65612,0,6,9.121444553070893,3.0284199965535663,2104.1982940005255,6823.038300920563
1789885082,50,GET,GET /api/v1/reservas,20.100000,0.000000,6,7,7,8,9,9,10,14,15,15,15,49114,0,7,8.618389309252859,4.633864002244081,1957.275683998887,8965.0
1789885082,50,GET,GET /api/v1/reservas/{id},5.300000,0.000000,5,5,6,7,7,9,18,18,18,18,18,16323,0,5,6.287373307565795,3.0284199965535663,1521.0046399952262,442.0
1789885082,50,POST,POST /api/v1/auth/login,0.000000,0.000000,0,0,0,0,0,0,0,0,0,0,0,50,0,1300.0,1369.1218887201103,628.633758999058,2104.1982940005255,1622.0
1789885082,50,POST,POST /api/v1/auth/refresh,0.200000,0.000000,20,20,20,20,20,20,20,20,20,20,20,150,0,25,28.633832166863915,18.447431997628883,82.49066000280436,1622.0
1789885082,50,,Aggregated,25.600000,0.000000,6,7,7,7,8,9,10,14,18,18,18,65637,0,6,9.120824173790387,3.0284199965535663,2104.1982940005255,6823.075033898564
1789885083,50,GET,GET /api/v1/reservas,20.700000,0.000000,6,7,7,7,8,9,10,11,15,15,15,49133,0,7,8.617633474704375,4.633864002244081,1957.275683998887,8965.0
1789885083,50,GET,GET /api/v1/reservas/{id},4.700000,0.000000,5,5,6,6,7,9,18,18,18,18,18,16330,0,5,6.286849764017131,3.0284199965535663,1521.0046399952262,442.0
1789885083,50,POST,POST /api/v1/auth/login,0.000000,0.000000,0,0,0,0,0,0,0,0,0,0,0,50,0,1300.0,1369.1218887201103,628.633758999058,2104.1982940005255,1622.0
1789885083,50,POST,POST /api/v1/auth/refresh,0.000000,0.000000,20,20,20,20,20,20,20,20,20,20,20,150,0,25,28.633832166863915,18.447431997628883,82.49066000280436,1622.0
1789885083,50,,Aggregated,25.400000,0.000000,6,7,7,7,8,9,10,11,18,18,18,65663,0,6,9.11968096827876,3.0284199965535663,2104.1982940005255,6823.014559188584
1789885084,50,GET,GET /api/v1/reservas,20.300000,0.000000,6,7,7,7,8,9,10,11,15,15,15,49150,0,7,8.616738323980751,4.633864002244081,1957.275683998887,8965.0
1789885084,50,GET,GET /api/v1/reservas/{id},4.800000,0.000000,5,5,6,6,7,8,18,18,18,18,18,16337,0,5,6.286366684177964,3.0284199965535663,1521.0046399952262,442.0
1789885084,50,POST,POST /api/v1/auth/login,0.000000,0.000000,0,0,0,0,0,0,0,0,0,0,0,50,0,1300.0,1369.1218887201103,628.633758999058,2104.1982940005255,1622.0
1789885084,50,POST,POST /api/v1/auth/refresh,0.000000,0.000000,20,20,20,20,20,20,20,20,20,20,20,150,0,25,28.633832166863915,18.447431997628883,82.49066000280436,1622.0
1789885084,50,,Aggregated,25.100000,0.000000,6,7,7,7,8,9,10,11,18,18,18,65687,0,6,9.118459214214496,3.0284199965535663,2104.1982940005255,6822.888912570219
1789885085,50,GET,GET /api/v1/reservas,20.500000,0.000000,6,7,7,8,8,9,11,12,15,15,15,49169,0,7,8.616109439680294,4.633864002244081,1957.275683998887,8965.0
1789885085,50,GET,GET /api/v1/reservas/{id},4.800000,0.000000,5,5,6,7,7,8,18,18,18,18,18,16340,0,5,6.286212485643315,3.0284199965535663,1521.0046399952262,442.0
1789885085,50,POST,POST /api/v1/auth/login,0.000000,0.000000,0,0,0,0,0,0,0,0,0,0,0,50,0,1300.0,1369.1218887201103,628.633758999058,2104.1982940005255,1622.0
1789885085,50,POST,POST /api/v1/auth/refresh,0.000000,0.000000,20,20,20,20,20,20,20,20,20,20,20,150,0,25,28.633832166863915,18.447431997628883,82.49066000280436,1622.0
1789885085,50,,Aggregated,25.300000,0.000000,6,7,7,7,8,9,11,12,18,18,18,65709,0,6,9.117675909176672,3.0284199965535663,2104.1982940005255,6823.216987018521
1789885086,50,GET,GET /api/v1/reservas,20.500000,0.000000,6,7,7,7,8,9,11,12,15,15,15,49191,0,7,8.615142665601828,4.633864002244081,1957.275683998887,8965.0
1789885086,50,GET,GET /api/v1/reservas/{id},5.300000,0.000000,5,5,6,7,7,8,18,18,18,18,18,16346,0,5,6.285760381280258,3.0284199965535663,1521.0046399952262,442.0
1789885086,50,POST,POST /api/v1/auth/login,0.000000,0.000000,0,0,0,0,0,0,0,0,0,0,0,50,0,1300.0,1369.1218887201103,628.633758999058,2104.1982940005255,1622.0
1789885086,50,POST,POST /api/v1/auth/refresh,0.000000,0.000000,20,20,20,20,20,20,20,20,20,20,20,150,0,25,28.633832166863915,18.447431997628883,82.49066000280436,1622.0
1789885086,50,,Aggregated,25.800000,0.000000,6,7,7,7,8,9,11,12,18,18,18,65737,0,6,9.116413759634067,3.0284199965535663,2104.1982940005255,6823.351339428328
1789885087,50,GET,GET /api/v1/reservas,20.400000,0.000000,6,7,7,7,8,9,11,12,15,15,15,49211,0,7,8.61454860707216,4.633864002244081,1957.275683998887,8965.0
1789885087,50,GET,GET /api/v1/reservas/{id},5.100000,0.000000,5,6,6,7,7,8,10,18,18,18,18,16353,0,5,6.285718301804272,3.0284199965535663,1521.0046399952262,442.0
1789885087,50,POST,POST /api/v1/auth/login,0.000000,0.000000,0,0,0,0,0,0,0,0,0,0,0,50,0,1300.0,1369.1218887201103,628.633758999058,2104.1982940005255,1622.0
1789885087,50,POST,POST /api/v1/auth/refresh,0.000000,0.000000,20,20,20,20,20,20,20,20,20,20,20,150,0,25,28.633832166863915,18.447431997628883,82.49066000280436,1622.0
1789885087,50,,Aggregated,25.500000,0.000000,6,7,7,7,8,9,11,12,18,18,18,65764,0,6,9.115505020270538,3.0284199965535663,2104.1982940005255,6823.323414025911
1789885088,50,GET,GET /api/v1/reservas,20.900000,0.000000,6,7,7,8,9,9,11,12,15,15,15,49232,0,7,8.613594081200034,4.633864002244081,1957.275683998887,8965.0
1789885088,50,GET,GET /api/v1/reservas/{id},5.000000,0.000000,5,6,7,7,7,8,10,18,18,18,18,16356,0,5,6.2855815867209985,3.0284199965535663,1521.0046399952262,442.0
1789885088,50,POST,POST /api/v1/auth/login,0.000000,0.000000,0,0,0,0,0,0,0,0,0,0,0,50,0,1300.0,1369.1218887201103,628.633758999058,2104.1982940005255,1622.0
1789885088,50,POST,POST /api/v1/auth/refresh,0.000000,0.000000,0,0,0,0,0,0,0,0,0,0,0,150,0,25,28.633832166863915,18.447431997628883,82.49066000280436,1622.0
1789885088,50,,Aggregated,25.900000,0.000000,6,7,7,7,8,9,11,12,18,18,18,65788,0,6,9.114467767664117,3.0284199965535663,2104.1982940005255,6823.716057639691
1789885089,50,GET,GET /api/v1/reservas,20.200000,0.000000,6,7,7,8,9,11,13,15,18,18,18,49256,0,7,8.613437651588495,4.633864002244081,1957.275683998887,8965.0
1789885089,50,GET,GET /api/v1/reservas/{id},5.200000,0.000000,5,6,6,7,7,7,18,18,18,18,18,16357,0,5,6.285595841743954,3.0284199965535663,1521.0046399952262,442.0
1789885089,50,POST,POST /api/v1/auth/login,0.000000,0.000000,0,0,0,0,0,0,0,0,0,0,0,50,0,1300.0,1369.1218887201103,628.633758999058,2104.1982940005255,1622.0
1789885089,50,POST,POST /api/v1/auth/refresh,0.000000,0.000000,0,0,0,0,0,0,0,0,0,0,0,150,0,25,28.633832166863915,18.447431997628883,82.49066000280436,1622.0
1789885089,50,,Aggregated,25.400000,0.000000,6,7,7,7,8,11,13,15,18,18,18,65813,0,6,9.114128597861923,3.0284199965535663,2104.1982940005255,6824.399951377388
1789885090,50,GET,GET /api/v1/reservas,20.300000,0.000000,7,7,8,8,9,11,14,15,18,18,18,49270,0,7,8.613286199485422,4.633864002244081,1957.275683998887,8965.0
1789885090,50,GET,GET /api/v1/reservas/{id},5.400000,0.000000,5,6,7,7,7,8,18,18,18,18,18,16363,0,5,6.285362862458919,3.0284199965535663,1521.0046399952262,442.0
1789885090,50,POST,POST /api/v1/auth/login,0.000000,0.000000,0,0,0,0,0,0,0,0,0,0,0,50,0,1300.0,1369.1218887201103,628.633758999058,2104.1982940005255,1622.0
1789885090,50,POST,POST /api/v1/auth/refresh,0.000000,0.000000,0,0,0,0,0,0,0,0,0,0,0,150,0,25,28.633832166863915,18.447431997628883,82.49066000280436,1622.0
1789885090,50,,Aggregated,25.700000,0.000000,6,7,7,8,9,11,14,15,18,18,18,65833,0,6,9.113593073809483,3.0284199965535663,2104.1982940005255,6824.273479865721
1789885091,50,GET,GET /api/v1/reservas,20.600000,0.000000,6,7,7,8,9,11,13,15,18,18,18,49292,0,7,8.612142694994002,4.633864002244081,1957.275683998887,8965.0
1789885091,50,GET,GET /api/v1/reservas/{id},5.200000,0.000000,5,5,6,7,7,7,8,8,8,8,8,16372,0,5,6.284313455620334,3.0284199965535663,1521.0046399952262,442.0
1789885091,50,POST,POST /api/v1/auth/login,0.000000,0.000000,0,0,0,0,0,0,0,0,0,0,0,50,0,1300.0,1369.1218887201103,628.633758999058,2104.1982940005255,1622.0
1789885091,50,POST,POST /api/v1/auth/refresh,0.000000,0.000000,0,0,0,0,0,0,0,0,0,0,0,150,0,25,28.633832166863915,18.447431997628883,82.49066000280436,1622.0
1789885091,50,,Aggregated,25.800000,0.000000,6,7,7,7,8,11,12,14,18,18,18,65864,0,6,9.111922854337699,3.0284199965535663,2104.1982940005255,6824.116421717478
1789885092,50,GET,GET /api/v1/reservas,20.000000,0.000000,6,7,7,8,11,11,14,18,27,27,27,49300,0,7,8.6124913127515,4.633864002244081,1957.275683998887,8965.0
1789885092,50,GET,GET /api/v1/reservas/{id},5.000000,0.000000,5,6,6,7,7,8,8,9,9,9,9,16382,0,5,6.283730956196737,3.0284199965535663,1521.0046399952262,442.0
1789885092,50,POST,POST /api/v1/auth/login,0.000000,0.000000,0,0,0,0,0,0,0,0,0,0,0,50,0,1300.0,1369.1218887201103,628.633758999058,2104.1982940005255,1622.0
1789885092,50,POST,POST /api/v1/auth/refresh,0.000000,0.000000,0,0,0,0,0,0,0,0,0,0,0,150,0,25,28.633832166863915,18.447431997628883,82.49066000280436,1622.0
1789885092,50,,Aggregated,25.000000,0.000000,6,7,7,8,9,11,13,15,27,27,27,65882,0,6,9.111549004342637,3.0284199965535663,2104.1982940005255,6823.407668255366
1789885093,50,GET,GET /api/v1/reservas,19.500000,0.000000,7,8,8,9,11,11,14,18,27,27,27,49321,0,7,8.613028148408295,4.633864002244081,1957.275683998887,8965.0
1789885093,50,GET,GET /api/v1/reservas/{id},5.400000,0.000000,5,6,7,7,8,8,9,13,13,13,13,16391,0,5,6.284394155171015,3.0284199965535663,1521.0046399952262,442.0
1789885093,50,POST,POST /api/v1/auth/login,0.000000,0.000000,0,0,0,0,0,0,0,0,0,0,0,50,0,1300.0,1369.1218887201103,628.633758999058,2104.1982940005255,1622.0
1789885093,50,POST,POST /api/v1/auth/refresh,0.000000,0.000000,0,0,0,0,0,0,0,0,0,0,0,150,0,25,28.633832166863915,18.447431997628883,82.49066000280436,1622.0
1789885093,50,,Aggregated,24.900000,0.000000,7,7,8,8,11,11,13,15,27,27,27,65912,0,6,9.111570505614935,3.0284199965535663,2104.1982940005255,6823.218640004855
1789885094,50,GET,GET /api/v1/reservas,19.000000,0.000000,7,8,9,10,11,12,14,18,27,27,27,49337,0,7,8.613210835532154,4.633864002244081,1957.275683998887,8965.0
1789885094,50,GET,GET /api/v1/reservas/{id},5.800000,0.000000,6,7,7,7,8,11,12,13,13,13,13,16398,0,5,6.28546015254444,3.0284199965535663,1521.0046399952262,442.0
1789885094,50,POST,POST /api/v1/auth/login,0.000000,0.000000,0,0,0,0,0,0,0,0,0,0,0,50,0,1300.0,1369.1218887201103,628.633758999058,2104.1982940005255,1622.0
1789885094,50,POST,POST /api/v1/auth/refresh,0.000000,0.000000,0,0,0,0,0,0,0,0,0,0,0,150,0,25,28.633832166863915,18.447431997628883,82.49066000280436,1622.0
1789885094,50,,Aggregated,24.800000,0.000000,7,8,8,9,11,11,13,15,27,27,27,65935,0,6,9.111551191857309,3.0284199965535663,2104.1982940005255,6823.060908470463
1789885095,50,GET,GET /api/v1/reservas,18.800000,0.000000,7,8,9,10,11,12,15,18,27,27,27,49356,0,7,8.613037910520502,4.633864002244081,1957.275683998887,8965.0
1789885095,50,GET,GET /api/v1/reservas/{id},6.100000,0.000000,6,7,7,8,9,11,12,13,13,13,13,16405,0,5,6.2855116745768544,3.0284199965535663,1521.0046399952262,442.0
1789885095,50,POST,POST /api/v1/auth/login,0.000000,0.000000,0,0,0,0,0,0,0,0,0,0,0,50,0,1300.0,1369.1218887201103,628.633758999058,2104.1982940005255,1622.0
1789885095,50,POST,POST /api/v1/auth/refresh,0.000000,0.000000,0,0,0,0,0,0,0,0,0,0,0,150,0,25,28.633832166863915,18.447431997628883,82.49066000280436,1622.0
1789885095,50,,Aggregated,24.900000,0.000000,7,8,9,9,11,12,14,16,27,27,27,65961,0,6,9.110991152258476,3.0284199965535663,2104.1982940005255,6823.00071254226
1789885096,50,GET,GET /api/v1/reservas,18.700000,0.000000,7,8,9,10,11,12,15,18,27,27,27,49379,0,7,8.611909207996144,4.633864002244081,1957.275683998887,8965.0
1789885096,50,GET,GET /api/v1/reservas/{id},6.000000,0.000000,6,7,7,7,9,11,12,13,13,13,13,16410,0,5,6.284969916540266,3.0284199965535663,1521.0046399952262,442.0
1789885096,50,POST,POST /api/v1/auth/login,0.000000,0.000000,0,0,0,0,0,0,0,0,0,0,0,50,0,1300.0,1369.1218887201103,628.633758999058,2104.1982940005255,1622.0
1789885096,50,POST,POST /api/v1/auth/refresh,0.000000,0.000000,0,0,0,0,0,0,0,0,0,0,0,150,0,25,28.633832166863915,18.447431997628883,82.49066000280436,1622.0
1789885096,50,,Aggregated,24.700000,0.000000,7,8,8,9,11,11,14,16,27,27,27,65989,0,6,9.109624185441593,3.0284199965535663,2104.1982940005255,6823.263801542681
1789885097,50,GET,GET /api/v1/reservas,18.500000,0.000000,7,8,9,10,11,12,15,18,27,27,27,49399,0,7,8.611529214349174,4.633864002244081,1957.275683998887,8965.0
1789885097,50,GET,GET /api/v1/reservas/{id},6.500000,0.000000,5,7,7,7,8,9,12,13,13,13,13,16414,0,5,6.284620248899162,3.0284199965535663,1521.0046399952262,442.0
1789885097,50,POST,POST /api/v1/auth/login,0.000000,0.000000,0,0,0,0,0,0,0,0,0,0,0,50,0,1300.0,1369.1218887201103,628.633758999058,2104.1982940005255,1622.0
1789885097,50,POST,POST /api/v1/auth/refresh,0.000000,0.000000,0,0,0,0,0,0,0,0,0,0,0,150,0,25,28.633832166863915,18.447431997628883,82.49066000280436,1622.0
1789885097,50,,Aggregated,25.000000,0.000000,7,8,9,9,11,11,14,16,27,27,27,66013,0,6,9.108930933090502,3.0284199965535663,2104.1982940005255,6823.526017602593
1789885098,50,GET,GET /api/v1/reservas,18.800000,0.000000,7,8,9,9,11,11,13,16,27,27,27,49424,0,7,8.610625926526476,4.633864002244081,1957.275683998887,8965.0
1789885098,50,GET,GET /api/v1/reservas/{id},6.400000,0.000000,6,7,7,7,9,11,12,13,13,13,13,16416,0,5,6.284578668520238,3.0284199965535663,1521.0046399952262,442.0
1789885098,50,POST,POST /api/v1/auth/login,0.000000,0.000000,0,0,0,0,0,0,0,0,0,0,0,50,0,1300.0,1369.1218887201103,628.633758999058,2104.1982940005255,1622.0
1789885098,50,POST,POST /api/v1/auth/refresh,0.000000,0.000000,0,0,0,0,0,0,0,0,0,0,0,150,0,25,28.633832166863915,18.447431997628883,82.49066000280436,1622.0
1789885098,50,,Aggregated,25.200000,0.000000,7,8,8,9,11,11,13,14,27,27,27,66040,0,6,9.107970752212454,3.0284199965535663,2104.1982940005255,6824.143428225318
1789885099,50,GET,GET /api/v1/reservas,19.000000,0.000000,7,8,9,9,11,11,13,16,27,27,27,49443,0,7,8.610064503360663,4.633864002244081,1957.275683998887,8965.0
1789885099,50,GET,GET /api/v1/reservas/{id},6.400000,0.000000,5,6,7,7,9,9,12,13,13,13,13,16425,0,5,6.2840462195081175,3.0284199965535663,1521.0046399952262,442.0
1789885099,50,POST,POST /api/v1/auth/login,0.000000,0.000000,0,0,0,0,0,0,0,0,0,0,0,50,0,1300.0,1369.1218887201103,628.633758999058,2104.1982940005255,1622.0
1789885099,50,POST,POST /api/v1/auth/refresh,0.000000,0.000000,0,0,0,0,0,0,0,0,0,0,0,150,0,25,28.633832166863915,18.447431997628883,82.49066000280436,1622.0
1789885099,50,,Aggregated,25.400000,0.000000,7,8,8,9,11,11,13,14,27,27,27,66068,0,6,9.106890592361204,3.0284199965535663,2104.1982940005255,6823.88970454683
1789885100,50,GET,GET /api/v1/reservas,19.100000,0.000000,7,8,9,10,11,11,13,16,27,27,27,49455,0,7,8.60996687581988,4.633864002244081,1957.275683998887,8965.0
1789885100,50,GET,GET /api/v1/reservas/{id},6.000000,0.000000,6,6,7,7,9,11,12,13,13,13,13,16430,0,5,6.283791056263404,3.0284199965535663,1521.0046399952262,442.0
1789885100,50,POST,POST /api/v1/auth/login,0.000000,0.000000,0,0,0,0,0,0,0,0,0,0,0,50,0,1300.0,1369.1218887201103,628.633758999058,2104.1982940005255,1622.0
1789885100,50,POST,POST /api/v1/auth/refresh,0.000000,0.000000,0,0,0,0,0,0,0,0,0,0,0,150,0,25,28.633832166863915,18.447431997628883,82.49066000280436,1622.0
1789885100,50,,Aggregated,25.100000,0.000000,7,8,9,9,11,11,13,14,27,27,27,66085,0,6,9.106450301265307,3.0284199965535663,2104.1982940005255,6823.795641976243
1789885101,50,GET,GET /api/v1/reservas,18.600000,0.000000,8,8,9,10,11,11,14,16,27,27,27,49472,0,7,8.610040546747173,4.633864002244081,1957.275683998887,8965.0
1789885101,50,GET,GET /api/v1/reservas/{id},6.800000,0.000000,6,6,7,7,9,11,13,16,16,16,16,16446,0,5,6.283783411371138,3.0284199965535663,1521.0046399952262,442.0
1789885101,50,POST,POST /api/v1/auth/login,0.000000,0.000000,0,0,0,0,0,0,0,0,0,0,0,50,0,1300.0,1369.1218887201103,628.633758999058,2104.1982940005255,1622.0
1789885101,50,POST,POST /api/v1/auth/refresh,0.000000,0.000000,0,0,0,0,0,0,0,0,0,0,0,150,0,25,28.633832166863915,18.447431997628883,82.49066000280436,1622.0
1789885101,50,,Aggregated,25.400000,0.000000,7,8,9,9,11,11,14,16,27,27,27,66118,0,6,9.105692809418365,3.0284199965535663,2104.1982940005255,6822.80183913609
1789885102,50,GET,GET /api/v1/reservas,18.000000,0.000000,7,8,9,9,10,11,13,16,16,16,16,49484,0,7,8.609870741667725,4.633864002244081,1957.275683998887,8965.0
1789885102,50,GET,GET /api/v1/reservas/{id},6.900000,0.000000,6,6,7,7,8,9,12,16,16,16,16,16453,0,5,6.283539481578815,3.0284199965535663,1521.0046399952262,442.0
1789885102,50,POST,POST /api/v1/auth/login,0.000000,0.000000,0,0,0,0,0,0,0,0,0,0,0,50,0,1300.0,1369.1218887201103,628.633758999058,2104.1982940005255,1622.0
1789885102,50,POST,POST /api/v1/auth/refresh,0.000000,0.000000,0,0,0,0,0,0,0,0,0,0,0,150,0,25,28.633832166863915,18.447431997628883,82.49066000280436,1622.0
1789885102,50,,Aggregated,24.900000,0.000000,7,8,8,9,10,11,13,16,16,16,16,66137,0,6,9.105116472354956,3.0284199965535663,2104.1982940005255,6822.515173049881
1789885103,50,GET,GET /api/v1/reservas,18.000000,0.000000,7,8,8,9,10,11,12,16,16,16,16,49504,0,7,8.608920273708856,4.633864002244081,1957.275683998887,8965.0
1789885103,50,GET,GET /api/v1/reservas/{id},7.300000,0.000000,5,6,6,6,7,8,9,16,16,16,16,16457,0,5,6.283050331434397,3.0284199965535663,1521.0046399952262,442.0
1789885103,50,POST,POST /api/v1/auth/login,0.000000,0.000000,0,0,0,0,0,0,0,0,0,0,0,50,0,1300.0,1369.1218887201103,628.633758999058,2104.1982940005255,1622.0
1789885103,50,POST,POST /api/v1/auth/refresh,0.000000,0.000000,0,0,0,0,0,0,0,0,0,0,0,150,0,25,28.633832166863915,18.447431997628883,82.49066000280436,1622.0
1789885103,50,,Aggregated,25.300000,0.000000,7,7,8,8,9,10,12,16,16,16,16,66161,0,6,9.103963328775816,3.0284199965535663,2104.1982940005255,6822.777074107103
1789885104,50,GET,GET /api/v1/reservas,18.300000,0.000000,7,7,8,8,10,10,11,14,16,16,16,49521,0,7,8.608019582453709,4.633864002244081,1957.275683998887,8965.0
1789885104,50,GET,GET /api/v1/reservas/{id},7.100000,0.000000,5,6,6,6,7,7,9,16,16,16,16,16466,0,5,6.2822290138727315,3.0284199965535663,1521.0046399952262,442.0
1789885104,50,POST,POST /api/v1/auth/login,0.000000,0.000000,0,0,0,0,0,0,0,0,0,0,0,50,0,1300.0,1369.1218887201103,628.633758999058,2104.1982940005255,1622.0
1789885104,50,POST,POST /api/v1/auth/refresh,0.000000,0.000000,0,0,0,0,0,0,0,0,0,0,0,150,0,25,28.633832166863915,18.447431997628883,82.49066000280436,1622.0
1789885104,50,,Aggregated,25.400000,0.000000,6,7,7,8,9,10,11,14,16,16,16,66187,0,6,9.102574371797424,3.0284199965535663,2104.1982940005255,6822.459652197562
1789885105,50,GET,GET /api/v1/reservas,18.400000,0.000000,7,8,8,9,10,11,11,14,16,16,16,49540,0,7,8.607757365496242,4.633864002244081,1957.275683998887,8965.0
1789885105,50,GET,GET /api/v1/reservas/{id},6.600000,0.000000,5,6,6,6,7,7,9,16,16,16,16,16473,0,5,6.281618520756073,3.0284199965535663,1521.0046399952262,442.0
1789885105,50,POST,POST /api/v1/auth/login,0.000000,0.000000,0,0,0,0,0,0,0,0,0,0,0,50,0,1300.0,1369.1218887201103,628.633758999058,2104.1982940005255,1622.0
1789885105,50,POST,POST /api/v1/auth/refresh,0.000000,0.000000,0,0,0,0,0,0,0,0,0,0,0,150,0,25,28.633832166863915,18.447431997628883,82.49066000280436,1622.0
1789885105,50,,Aggregated,25.000000,0.000000,6,7,8,8,9,10,11,14,16,16,16,66213,0,6,9.101786220834825,3.0284199965535663,2104.1982940005255,6822.399921465573
1789885106,50,GET,GET /api/v1/reservas,18.100000,0.000000,7,8,8,9,10,10,11,14,16,16,16,49561,0,7,8.606945293571115,4.633864002244081,1957.275683998887,8965.0
1789885106,50,GET,GET /api/v1/reservas/{id},6.900000,0.000000,5,6,6,6,7,7,9,16,16,16,16,16479,0,5,6.2809595691137865,3.0284199965535663,1521.0046399952262,442.0
1789885106,50,POST,POST /api/v1/auth/login,0.000000,0.000000,0,0,0,0,0,0,0,0,0,0,0,50,0,1300.0,1369.1218887201103,628.633758999058,2104.1982940005255,1622.0
1789885106,50,POST,POST /api/v1/auth/refresh,0.000000,0.000000,0,0,0,0,0,0,0,0,0,0,0,150,0,25,28.633832166863915,18.447431997628883,82.49066000280436,1622.0
1789885106,50,,Aggregated,25.000000,0.000000,6,7,8,8,9,10,11,14,16,16,16,66240,0,6,9.100602622209264,3.0284199965535663,2104.1982940005255,6822.5012530193235
1789885107,50,GET,GET /api/v1/reservas,18.600000,0.000000,7,8,8,8,9,10,11,14,16,16,16,49576,0,7,8.606345539770803,4.633864002244081,1957.275683998887,8965.0
1789885107,50,GET,GET /api/v1/reservas/{id},6.700000,0.000000,5,6,6,6,7,8,9,16,16,16,16,16488,0,5,6.280282285627196,3.0284199965535663,1521.0046399952262,442.0
1789885107,50,POST,POST /api/v1/auth/login,0.000000,0.000000,0,0,0,0,0,0,0,0,0,0,0,50,0,1300.0,1369.1218887201103,628.633758999058,2104.1982940005255,1622.0
1789885107,50,POST,POST /api/v1/auth/refresh,0.000000,0.000000,0,0,0,0,0,0,0,0,0,0,0,150,0,25,28.633832166863915,18.447431997628883,82.49066000280436,1622.0
1789885107,50,,Aggregated,25.300000,0.000000,6,7,8,8,9,10,11,14,16,16,16,66264,0,6,9.099490674667026,3.0284199965535663,2104.1982940005255,6822.119642641555
1789885108,50,GET,GET /api/v1/reservas,17.900000,0.000000,7,8,8,9,9,10,11,12,16,16,16,49596,0,7,8.60569159665415,4.633864002244081,1957.275683998887,8965.0
1789885108,50,GET,GET /api/v1/reservas/{id},6.900000,0.000000,5,6,6,6,7,7,9,16,16,16,16,16496,0,5,6.279677128420466,3.0284199965535663,1521.0046399952262,442.0
1789885108,50,POST,POST /api/v1/auth/login,0.000000,0.000000,0,0,0,0,0,0,0,0,0,0,0,50,0,1300.0,1369.1218887201103,628.633758999058,2104.1982940005255,1622.0
1789885108,50,POST,POST /api/v1/auth/refresh,0.000000,0.000000,0,0,0,0,0,0,0,0,0,0,0,150,0,25,28.633832166863915,18.447431997628883,82.49066000280436,1622.0
1789885108,50,,Aggregated,24.800000,0.000000,6,7,8,8,9,10,11,12,16,16,16,66292,0,6,9.098361847570153,3.0284199965535663,2104.1982940005255,6821.996198636336
1789885109,50,GET,GET /api/v1/reservas,17.800000,0.000000,7,7,8,8,9,10,11,12,16,16,16,49616,0,7,8.604801164657927,4.633864002244081,1957.275683998887,8965.0
1789885109,50,GET,GET /api/v1/reservas/{id},7.100000,0.000000,5,5,6,6,7,7,9,16,16,16,16,16500,0,5,6.2793182817227775,3.0284199965535663,1521.0046399952262,442.0
1789885109,50,POST,POST /api/v1/auth/login,0.000000,0.000000,0,0,0,0,0,0,0,0,0,0,0,50,0,1300.0,1369.1218887201103,628.633758999058,2104.1982940005255,1622.0
1789885109,50,POST,POST /api/v1/auth/refresh,0.000000,0.000000,0,0,0,0,0,0,0,0,0,0,0,150,0,25,28.633832166863915,18.447431997628883,82.49066000280436,1622.0
1789885109,50,,Aggregated,24.900000,0.000000,6,7,7,8,9,10,11,12,16,16,16,66316,0,6,9.097287766076525,3.0284199965535663,2104.1982940005255,6822.257675372459
1789885110,50,GET,GET /api/v1/reservas,17.500000,0.000000,7,7,8,8,9,9,10,11,12,12,12,49641,0,7,8.603752444062122,4.633864002244081,1957.275683998887,8965.0
1789885110,50,GET,GET /api/v1/reservas/{id},7.900000,0.000000,5,5,6,6,7,7,8,9,9,9,9,16506,0,5,6.279003228064396,3.0284199965535663,1521.0046399952262,442.0
1789885110,50,POST,POST /api/v1/auth/login,0.000000,0.000000,0,0,0,0,0,0,0,0,0,0,0,50,0,1300.0,1369.1218887201103,628.633758999058,2104.1982940005255,1622.0
1789885110,50,POST,POST /api/v1/auth/refresh,0.000000,0.000000,0,0,0,0,0,0,0,0,0,0,0,150,0,25,28.633832166863915,18.447431997628883,82.49066000280436,1622.0
1789885110,50,,Aggregated,25.400000,0.000000,6,7,7,7,9,9,10,11,12,12,12,66347,0,6,9.095984319097413,3.0284199965535663,2104.1982940005255,6822.488085369346
1789885111,50,GET,GET /api/v1/reservas,17.000000,0.000000,6,7,8,8,9,9,10,11,11,11,11,49657,0,7,8.60327151377819,4.633864002244081,1957.275683998887,8965.0
1789885111,50,GET,GET /api/v1/reservas/{id},7.600000,0.000000,5,5,6,6,7,7,8,9,9,9,9,16512,0,5,6.278595594321003,3.0284199965535663,1521.0046399952262,442.0
1789885111,50,POST,POST /api/v1/auth/login,0.000000,0.000000,0,0,0,0,0,0,0,0,0,0,0,50,0,1300.0,1369.1218887201103,628.633758999058,2104.1982940005255,1622.0
1789885111,50,POST,POST /api/v1/auth/refresh,0.000000,0.000000,0,0,0,0,0,0,0,0,0,0,0,150,0,25,28.633832166863915,18.447431997628883,82.49066000280436,1622.0
1789885111,50,,Aggregated,24.600000,0.000000,6,7,7,8,8,9,10,10,11,11,11,66369,0,6,9.095149742713456,3.0284199965535663,2104.1982940005255,6822.427775015444
1789885112,50,GET,GET /api/v1/reservas,18.600000,0.000000,6,7,7,8,9,9,10,11,13,13,13,49682,0,7,8.60223045150531,4.633864002244081,1957.275683998887,8965.0
1789885112,50,GET,GET /api/v1/reservas/{id},7.500000,0.000000,5,5,5,6,7,7,8,9,9,9,9,16515,0,5,6.2782786994508095,3.0284199965535663,1521.0046399952262,442.0
1789885112,50,POST,POST /api/v1/auth/login,0.000000,0.000000,0,0,0,0,0,0,0,0,0,0,0,50,0,1300.0,1369.1218887201103,628.633758999058,2104.1982940005255,1622.0
1789885112,50,POST,POST /api/v1/auth/refresh,0.000000,0.000000,0,0,0,0,0,0,0,0,0,0,0,150,0,25,28.633832166863915,18.447431997628883,82.49066000280436,1622.0
1789885112,50,,Aggregated,26.100000,0.000000,6,7,7,7,9,9,10,11,13,13,13,66397,0,6,9.093979476093116,3.0284199965535663,2104.1982940005255,6822.946217449584
1789885113,50,GET,GET /api/v1/reservas,18.200000,0.000000,6,7,8,8,9,9,10,11,13,13,13,49698,0,7,8.601603373932177,4.633864002244081,1957.275683998887,8965.0
1789885113,50,GET,GET /api/v1/reservas/{id},6.600000,0.000000,5,5,5,6,7,7,8,9,9,9,9,16519,0,5,6.277953340180107,3.0284199965535663,1521.0046399952262,442.0
1789885113,50,POST,POST /api/v1/auth/login,0.000000,0.000000,0,0,0,0,0,0,0,0,0,0,0,50,0,1300.0,1369.1218887201103,628.633758999058,2104.1982940005255,1622.0
1789885113,50,POST,POST /api/v1/auth/refresh,0.000000,0.000000,0,0,0,0,0,0,0,0,0,0,0,150,0,25,28.633832166863915,18.447431997628883,82.49066000280436,1622.0
1789885113,50,,Aggregated,24.800000,0.000000,6,7,7,8,9,9,10,11,13,13,13,66417,0,6,9.09314128860313,3.0284199965535663,2104.1982940005255,6823.077946911182
1789885114,50,GET,GET /api/v1/reservas,19.600000,0.000000,6,7,7,8,8,9,10,11,13,13,13,49721,0,7,8.60055645322252,4.633864002244081,1957.275683998887,8965.0
1789885114,50,GET,GET /api/v1/reservas/{id},6.300000,0.000000,5,5,5,6,7,7,8,9,9,9,9,16525,0,5,6.277173109013205,3.0284199965535663,1521.0046399952262,442.0
1789885114,50,POST,POST /api/v1/auth/login,0.000000,0.000000,0,0,0,0,0,0,0,0,0,0,0,50,0,1300.0,1369.1218887201103,628.633758999058,2104.1982940005255,1622.0
1789885114,50,POST,POST /api/v1/auth/refresh,0.000000,0.000000,0,0,0,0,0,0,0,0,0,0,0,150,0,25,28.633832166863915,18.447431997628883,82.49066000280436,1622.0
1789885114,50,,Aggregated,25.900000,0.000000,6,7,7,7,8,9,10,10,13,13,13,66446,0,6,9.091739492191522,3.0284199965535663,2104.1982940005255,6823.243159859134
1789885115,50,GET,GET /api/v1/reservas,19.500000,0.000000,6,7,7,8,8,9,11,23,24,24,24,49738,0,7,8.60051215812184,4.633864002244081,1957.275683998887,8965.0
1789885115,50,GET,GET /api/v1/reservas/{id},6.100000,0.000000,5,5,5,6,7,7,9,9,9,9,9,16528,0,5,6.27692073859142,3.0284199965535663,1521.0046399952262,442.0
1789885115,50,POST,POST /api/v1/auth/login,0.000000,0.000000,0,0,0,0,0,0,0,0,0,0,0,50,0,1300.0,1369.1218887201103,628.633758999058,2104.1982940005255,1622.0
1789885115,50,POST,POST /api/v1/auth/refresh,0.000000,0.000000,0,0,0,0,0,0,0,0,0,0,0,150,0,25,28.633832166863915,18.447431997628883,82.49066000280436,1622.0
1789885115,50,,Aggregated,25.600000,0.000000,6,7,7,7,8,9,10,13,24,24,24,66466,0,6,9.091390920909049,3.0284199965535663,2104.1982940005255,6823.50293383083
1789885116,50,GET,GET /api/v1/reservas,20.000000,0.000000,6,7,7,8,8,9,11,23,24,24,24,49761,0,7,8.599667398538369,4.633864002244081,1957.275683998887,8965.0
1789885116,50,GET,GET /api/v1/reservas/{id},6.000000,0.000000,5,5,5,6,7,7,8,8,8,8,8,16533,0,5,6.276410672923123,3.0284199965535663,1521.0046399952262,442.0
1789885116,50,POST,POST /api/v1/auth/login,0.000000,0.000000,0,0,0,0,0,0,0,0,0,0,0,50,0,1300.0,1369.1218887201103,628.633758999058,2104.1982940005255,1622.0
1789885116,50,POST,POST /api/v1/auth/refresh,0.000000,0.000000,0,0,0,0,0,0,0,0,0,0,0,150,0,25,28.633832166863915,18.447431997628883,82.49066000280436,1622.0
1789885116,50,,Aggregated,26.000000,0.000000,6,7,7,7,8,9,10,13,24,24,24,66494,0,6,9.090250493806112,3.0284199965535663,2104.1982940005255,6823.763813276386
1789885117,50,GET,GET /api/v1/reservas,19.700000,0.000000,6,7,7,7,8,9,11,23,24,24,24,49776,0,7,8.598954512047342,4.633864002244081,1957.275683998887,8965.0
1789885117,50,GET,GET /api/v1/reservas/{id},5.600000,0.000000,5,5,5,6,6,7,8,8,8,8,8,16542,0,5,6.275784629152732,3.0284199965535663,1521.0046399952262,442.0
1789885117,50,POST,POST /api/v1/auth/login,0.000000,0.000000,0,0,0,0,0,0,0,0,0,0,0,50,0,1300.0,1369.1218887201103,628.633758999058,2104.1982940005255,1622.0
1789885117,50,POST,POST /api/v1/auth/refresh,0.000000,0.000000,0,0,0,0,0,0,0,0,0,0,0,150,0,25,28.633832166863915,18.447431997628883,82.49066000280436,1622.0
1789885117,50,,Aggregated,25.300000,0.000000,6,7,7,7,8,9,10,13,24,24,24,66518,0,6,9.089070001926563,3.0284199965535663,2104.1982940005255,6823.383204546138
1789885118,50,GET,GET /api/v1/reservas,20.000000,0.000000,6,7,7,7,8,10,13,23,24,24,24,49795,0,7,8.598500762680553,4.633864002244081,1957.275683998887,8965.0
1789885118,50,GET,GET /api/v1/reservas/{id},5.100000,0.000000,5,5,5,6,7,7,8,8,8,8,8,16545,0,5,6.275574566481847,3.0284199965535663,1521.0046399952262,442.0
1789885118,50,POST,POST /api/v1/auth/login,0.000000,0.000000,0,0,0,0,0,0,0,0,0,0,0,50,0,1300.0,1369.1218887201103,628.633758999058,2104.1982940005255,1622.0
1789885118,50,POST,POST /api/v1/auth/refresh,0.000000,0.000000,0,0,0,0,0,0,0,0,0,0,0,150,0,25,28.633832166863915,18.447431997628883,82.49066000280436,1622.0
1789885118,50,,Aggregated,25.100000,0.000000,6,7,7,7,8,9,11,19,24,24,24,66540,0,6,9.088411420816927,3.0284199965535663,2104.1982940005255,6823.707018334836
1789885119,50,GET,GET /api/v1/reservas,19.800000,0.000000,6,7,7,8,8,10,13,23,24,24,24,49810,0,7,8.597800002623146,4.633864002244081,1957.275683998887,8965.0
1789885119,50,GET,GET /api/v1/reservas/{id},5.400000,0.000000,5,5,5,6,6,7,8,8,8,8,8,16555,0,5,6.274433276016011,3.0284199965535663,1521.0046399952262,442.0
1789885119,50,POST,POST /api/v1/auth/login,0.000000,0.000000,0,0,0,0,0,0,0,0,0,0,0,50,0,1300.0,1369.1218887201103,628.633758999058,2104.1982940005255,1622.0
1789885119,50,POST,POST /api/v1/auth/refresh,0.000000,0.000000,0,0,0,0,0,0,0,0,0,0,0,150,0,25,28.633832166863915,18.447431997628883,82.49066000280436,1622.0
1789885119,50,,Aggregated,25.200000,0.000000,6,7,7,7,8,9,11,19,24,24,24,66565,0,6,9.087070236252409,3.0284199965535663,2104.1982940005255,6823.230827011192
1789885120,50,GET,GET /api/v1/reservas,19.400000,0.000000,6,7,7,7,8,9,13,23,24,24,24,49829,0,7,8.596837178804872,4.633864002244081,1957.275683998887,8965.0
1789885120,50,GET,GET /api/v1/reservas/{id},4.900000,0.000000,5,5,5,5,6,6,7,8,8,8,8,16560,0,5,6.273998081066394,3.0284199965535663,1521.0046399952262,442.0
1789885120,50,POST,POST /api/v1/auth/login,0.000000,0.000000,0,0,0,0,0,0,0,0,0,0,0,50,0,1300.0,1369.1218887201103,628.633758999058,2104.1982940005255,1622.0
1789885120,50,POST,POST /api/v1/auth/refresh,0.000000,0.000000,0,0,0,0,0,0,0,0,0,0,0,150,0,25,28.633832166863915,18.447431997628883,82.49066000280436,1622.0
1789885120,50,,Aggregated,24.300000,0.000000,6,6,7,7,8,8,11,19,24,24,24,66589,0,6,9.085890721683237,3.0284199965535663,2104.1982940005255,6823.362792653441
1789885121,50,GET,GET /api/v1/reservas,19.700000,0.000000,6,7,7,8,8,10,11,23,24,24,24,49850,0,7,8.596450280073931,4.633864002244081,1957.275683998887,8965.0
1789885121,50,GET,GET /api/v1/reservas/{id},5.500000,0.000000,5,5,6,6,6,6,7,8,8,8,8,16567,0,5,6.2736462773255965,3.0284199965535663,1521.0046399952262,442.0
1789885121,50,POST,POST /api/v1/auth/login,0.000000,0.000000,0,0,0,0,0,0,0,0,0,0,0,50,0,1300.0,1369.1218887201103,628.633758999058,2104.1982940005255,1622.0
1789885121,50,POST,POST /api/v1/auth/refresh,0.000000,0.000000,0,0,0,0,0,0,0,0,0,0,0,150,0,25,28.633832166863915,18.447431997628883,82.49066000280436,1622.0
1789885121,50,,Aggregated,25.200000,0.000000,6,7,7,7,8,9,10,19,24,24,24,66617,0,6,9.085064076724805,3.0284199965535663,2104.1982940005255,6823.367368689674
1789885122,50,GET,GET /api/v1/reservas,18.600000,0.000000,6,7,7,8,9,10,19,24,34,34,34,49872,0,7,8.596380310709144,4.633864002244081,1957.275683998887,8965.0
1789885122,50,GET,GET /api/v1/reservas/{id},5.400000,0.000000,5,5,5,6,6,6,7,8,8,8,8,16571,0,5,6.273193088495177,3.0284199965535663,1521.0046399952262,442.0
1789885122,50,POST,POST /api/v1/auth/login,0.000000,0.000000,0,0,0,0,0,0,0,0,0,0,0,50,0,1300.0,1369.1218887201103,628.633758999058,2104.1982940005255,1622.0
1789885122,50,POST,POST /api/v1/auth/refresh,0.000000,0.000000,0,0,0,0,0,0,0,0,0,0,0,150,0,25,28.633832166863915,18.447431997628883,82.49066000280436,1622.0
1789885122,50,,Aggregated,24.000000,0.000000,6,6,7,7,8,10,16,23,34,34,34,66643,0,6,9.084568983781912,3.0284199965535663,2104.1982940005255,6823.691340425851
1789885123,50,GET,GET /api/v1/reservas,19.200000,0.000000,6,7,7,8,9,10,19,24,34,34,34,49891,0,7,8.595483373347037,4.633864002244081,1957.275683998887,8965.0
1789885123,50,GET,GET /api/v1/reservas/{id},5.700000,0.000000,5,5,5,6,6,6,7,8,8,8,8,16577,0,5,6.27251043177057,3.0284199965535663,1521.0046399952262,442.0
1789885123,50,POST,POST /api/v1/auth/login,0.000000,0.000000,0,0,0,0,0,0,0,0,0,0,0,50,0,1300.0,1369.1218887201103,628.633758999058,2104.1982940005255,1622.0
1789885123,50,POST,POST /api/v1/auth/refresh,0.000000,0.000000,0,0,0,0,0,0,0,0,0,0,0,150,0,25,28.633832166863915,18.447431997628883,82.49066000280436,1622.0
1789885123,50,,Aggregated,24.900000,0.000000,6,6,7,7,8,10,16,23,34,34,34,66668,0,6,9.083335868304973,3.0284199965535663,2104.1982940005255,6823.727260454791
1789885124,50,GET,GET /api/v1/reservas,19.100000,0.000000,6,7,7,7,9,10,11,19,34,34,34,49910,0,7,8.594503625318723,4.633864002244081,1957.275683998887,8965.0
1789885124,50,GET,GET /api/v1/reservas/{id},5.500000,0.000000,5,5,5,6,6,6,7,8,8,8,8,16581,0,5,6.272158457298367,3.0284199965535663,1521.0046399952262,442.0
1789885124,50,POST,POST /api/v1/auth/login,0.000000,0.000000,0,0,0,0,0,0,0,0,0,0,0,50,0,1300.0,1369.1218887201103,628.633758999058,2104.1982940005255,1622.0
1789885124,50,POST,POST /api/v1/auth/refresh,0.000000,0.000000,0,0,0,0,0,0,0,0,0,0,0,150,0,25,28.633832166863915,18.447431997628883,82.49066000280436,1622.0
1789885124,50,,Aggregated,24.600000,0.000000,6,6,7,7,8,9,10,16,34,34,34,66691,0,6,9.082207562956919,3.0284199965535663,2104.1982940005255,6823.954536594143
1789885125,50,GET,GET /api/v1/reservas,18.900000,0.000000,6,7,7,7,8,10,11,19,34,34,34,49928,0,7,8.593841331110069,4.633864002244081,1957.275683998887,8965.0
1789885125,50,GET,GET /api/v1/reservas/{id},5.800000,0.000000,5,5,5,5,6,6,7,8,8,8,8,16585,0,5,6.271597394300368,3.0284199965535663,1521.0046399952262,442.0
1789885125,50,POST,POST /api/v1/auth/login,0.000000,0.000000,0,0,0,0,0,0,0,0,0,0,0,50,0,1300.0,1369.1218887201103,628.633758999058,2104.1982940005255,1622.0
1789885125,50,POST,POST /api/v1/auth/refresh,0.000000,0.000000,0,0,0,0,0,0,0,0,0,0,0,150,0,25,28.633832166863915,18.447431997628883,82.49066000280436,1622.0
1789885125,50,,Aggregated,24.700000,0.000000,6,6,7,7,8,9,10,16,34,34,34,66713,0,6,9.08127234609706,3.0284199965535663,2104.1982940005255,6824.149566051594
1789885126,50,GET,GET /api/v1/reservas,19.300000,0.000000,6,7,7,8,9,10,12,19,34,34,34,49951,0,7,8.593193840817218,4.633864002244081,1957.275683998887,8965.0
1789885126,50,GET,GET /api/v1/reservas/{id},5.600000,0.000000,5,5,5,5,6,6,7,8,8,8,8,16591,0,5,6.271181273790685,3.0284199965535663,1521.0046399952262,442.0
1789885126,50,POST,POST /api/v1/auth/login,0.000000,0.000000,0,0,0,0,0,0,0,0,0,0,0,50,0,1300.0,1369.1218887201103,628.633758999058,2104.1982940005255,1622.0
1789885126,50,POST,POST /api/v1/auth/refresh,0.000000,0.000000,0,0,0,0,0,0,0,0,0,0,0,150,0,25,28.633832166863915,18.447431997628883,82.49066000280436,1622.0
1789885126,50,,Aggregated,24.900000,0.000000,6,7,7,7,8,9,11,16,34,34,34,66742,0,6,9.080263751717961,3.0284199965535663,2104.1982940005255,6824.313580653861
1789885127,50,GET,GET /api/v1/reservas,18.900000,0.000000,6,7,7,7,9,9,11,16,34,34,34,49970,0,7,8.59230902294696,4.633864002244081,1957.275683998887,8965.0
1789885127,50,GET,GET /api/v1/reservas/{id},5.700000,0.000000,5,5,5,5,6,6,6,8,8,8,8,16596,0,5,6.270861328119443,3.0284199965535663,1521.0046399952262,442.0
1789885127,50,POST,POST /api/v1/auth/login,0.000000,0.000000,0,0,0,0,0,0,0,0,0,0,0,50,0,1300.0,1369.1218887201103,628.633758999058,2104.1982940005255,1622.0
1789885127,50,POST,POST /api/v1/auth/refresh,0.000000,0.000000,0,0,0,0,0,0,0,0,0,0,0,150,0,25,28.633832166863915,18.447431997628883,82.49066000280436,1622.0
1789885127,50,,Aggregated,24.600000,0.000000,6,6,7,7,8,9,11,12,34,34,34,66766,0,6,9.079173018290264,3.0284199965535663,2104.1982940005255,6824.444807237217
1789885128,50,GET,GET /api/v1/reservas,19.100000,0.000000,6,7,7,8,9,10,11,16,34,34,34,49983,0,7,8.591857620864388,4.633864002244081,1957.275683998887,8965.0
1789885128,50,GET,GET /api/v1/reservas/{id},5.900000,0.000000,5,5,5,6,6,6,8,8,8,8,8,16600,0,5,6.270461513883335,3.0284199965535663,1521.0046399952262,442.0
1789885128,50,POST,POST /api/v1/auth/login,0.000000,0.000000,0,0,0,0,0,0,0,0,0,0,0,50,0,1300.0,1369.1218887201103,628.633758999058,2104.1982940005255,1622.0
1789885128,50,POST,POST /api/v1/auth/refresh,0.000000,0.000000,0,0,0,0,0,0,0,0,0,0,0,150,0,25,28.633832166863915,18.447431997628883,82.49066000280436,1622.0
1789885128,50,,Aggregated,25.000000,0.000000,6,7,7,7,9,9,11,12,34,34,34,66783,0,6,9.078472812769204,3.0284199965535663,2104.1982940005255,6824.479208780678
1789885129,50,GET,GET /api/v1/reservas,19.300000,0.000000,6,7,7,7,9,10,12,18,34,34,34,50004,0,7,8.590945570268515,4.633864002244081,1957.275683998887,8965.0
1789885129,50,GET,GET /api/v1/reservas/{id},5.600000,0.000000,5,5,5,5,6,6,8,8,8,8,8,16607,0,5,6.269748400641595,3.0284199965535663,1521.0046399952262,442.0
1789885129,50,POST,POST /api/v1/auth/login,0.000000,0.000000,0,0,0,0,0,0,0,0,0,0,0,50,0,1300.0,1369.1218887201103,628.633758999058,2104.1982940005255,1622.0
1789885129,50,POST,POST /api/v1/auth/refresh,0.000000,0.000000,0,0,0,0,0,0,0,0,0,0,0,150,0,25,28.633832166863915,18.447431997628883,82.49066000280436,1622.0
1789885129,50,,Aggregated,24.900000,0.000000,6,6,7,7,8,9,11,16,34,34,34,66811,0,6,9.07716578476896,3.0284199965535663,2104.1982940005255,6824.483303647603
1789885130,50,GET,GET /api/v1/reservas,19.000000,0.000000,6,7,7,7,9,11,14,18,34,34,34,50024,0,7,8.590807286756561,4.633864002244081,1957.275683998887,8965.0
1789885130,50,GET,GET /api/v1/reservas/{id},5.600000,0.000000,5,5,5,5,6,6,8,8,8,8,8,16610,0,5,6.269458602736608,3.0284199965535663,1521.0046399952262,442.0
1789885130,50,POST,POST /api/v1/auth/login,0.000000,0.000000,0,0,0,0,0,0,0,0,0,0,0,50,0,1300.0,1369.1218887201103,628.633758999058,2104.1982940005255,1622.0
1789885130,50,POST,POST /api/v1/auth/refresh,0.000000,0.000000,0,0,0,0,0,0,0,0,0,0,0,150,0,25,28.633832166863915,18.447431997628883,82.49066000280436,1622.0
1789885130,50,,Aggregated,24.600000,0.000000,6,7,7,7,9,10,14,16,34,34,34,66834,0,6,9.076718741437029,3.0284199965535663,2104.1982940005255,6824.83735823084
1789885131,50,GET,GET /api/v1/reservas,19.100000,0.000000,6,7,7,8,9,11,13,14,18,18,18,50043,0,7,8.590445447189971,4.633864002244081,1957.275683998887,8965.0
1789885131,50,GET,GET /api/v1/reservas/{id},5.000000,0.000000,5,5,5,5,6,7,9,9,9,9,9,16620,0,5,6.268816396958844,3.0284199965535663,1521.0046399952262,442.0
1789885131,50,POST,POST /api/v1/auth/login,0.000000,0.000000,0,0,0,0,0,0,0,0,0,0,0,50,0,1300.0,1369.1218887201103,628.633758999058,2104.1982940005255,1622.0
1789885131,50,POST,POST /api/v1/auth/refresh,0.000000,0.000000,0,0,0,0,0,0,0,0,0,0,0,150,0,25,28.633832166863915,18.447431997628883,82.49066000280436,1622.0
1789885131,50,,Aggregated,24.100000,0.000000,6,7,7,7,9,10,12,14,18,18,18,66863,0,6,9.075730363462915,3.0284199965535663,2104.1982940005255,6824.490899301557
1789885132,50,GET,GET /api/v1/reservas,19.800000,0.000000,6,7,7,8,9,12,13,14,18,18,18,50059,0,7,8.590022379187184,4.633864002244081,1957.275683998887,8965.0
1789885132,50,GET,GET /api/v1/reservas/{id},5.100000,0.000000,5,5,5,6,6,8,14,14,14,14,14,16625,0,5,6.268894349380232,3.0284199965535663,1521.0046399952262,442.0
1789885132,50,POST,POST /api/v1/auth/login,0.000000,0.000000,0,0,0,0,0,0,0,0,0,0,0,50,0,1300.0,1369.1218887201103,628.633758999058,2104.1982940005255,1622.0
1789885132,50,POST,POST /api/v1/auth/refresh,0.000000,0.000000,0,0,0,0,0,0,0,0,0,0,0,150,0,25,28.633832166863915,18.447431997628883,82.49066000280436,1622.0
1789885132,50,,Aggregated,24.900000,0.000000,6,7,7,7,9,11,13,14,18,18,18,66884,0,6,9.075107172107149,3.0284199965535663,2104.1982940005255,6824.525820824113
1789885133,50,GET,GET /api/v1/reservas,19.700000,0.000000,7,7,7,8,9,12,13,14,18,18,18,50079,0,7,8.58922268892583,4.633864002244081,1957.275683998887,8965.0
1789885133,50,GET,GET /api/v1/reservas/{id},5.100000,0.000000,5,5,5,6,6,8,9,14,14,14,14,16633,0,5,6.267983307487195,3.0284199965535663,1521.0046399952262,442.0
1789885133,50,POST,POST /api/v1/auth/login,0.000000,0.000000,0,0,0,0,0,0,0,0,0,0,0,50,0,1300.0,1369.1218887201103,628.633758999058,2104.1982940005255,1622.0
1789885133,50,POST,POST /api/v1/auth/refresh,0.000000,0.000000,0,0,0,0,0,0,0,0,0,0,0,150,0,25,28.633832166863915,18.447431997628883,82.49066000280436,1622.0
1789885133,50,,Aggregated,24.800000,0.000000,6,7,7,7,9,11,13,14,18,18,18,66912,0,6,9.073801689580167,3.0284199965535663,2104.1982940005255,6824.402513749402
1789885134,50,GET,GET /api/v1/reservas,18.700000,0.000000,7,7,7,8,9,12,13,14,18,18,18,50102,0,7,8.588292911914424,4.633864002244081,1957.275683998887,8965.0
1789885134,50,GET,GET /api/v1/reservas/{id},5.400000,0.000000,5,5,6,6,7,8,14,14,14,14,14,16635,0,5,6.2680011863204514,3.0284199965535663,1521.0046399952262,442.0
1789885134,50,POST,POST /api/v1/auth/login,0.000000,0.000000,0,0,0,0,0,0,0,0,0,0,0,50,0,1300.0,1369.1218887201103,628.633758999058,2104.1982940005255,1622.0
1789885134,50,POST,POST /api/v1/auth/refresh,0.000000,0.000000,0,0,0,0,0,0,0,0,0,0,0,150,0,25,28.633832166863915,18.447431997628883,82.49066000280436,1622.0
1789885134,50,,Aggregated,24.100000,0.000000,6,7,7,8,9,11,13,14,18,18,18,66937,0,6,9.072859860289737,3.0284199965535663,2104.1982940005255,6824.947338542212
1789885135,50,GET,GET /api/v1/reservas,18.800000,0.000000,7,7,7,8,9,11,13,14,18,18,18,50115,0,7,8.587814438665646,4.633864002244081,1957.275683998887,8965.0
1789885135,50,GET,GET /api/v1/reservas/{id},5.400000,0.000000,5,5,6,6,6,8,14,14,14,14,14,16638,0,5,6.267786350909787,3.0284199965535663,1521.0046399952262,442.0
1789885135,50,POST,POST /api/v1/auth/login,0.000000,0.000000,0,0,0,0,0,0,0,0,0,0,0,50,0,1300.0,1369.1218887201103,628.633758999058,2104.1982940005255,1622.0
1789885135,50,POST,POST /api/v1/auth/refresh,0.000000,0.000000,0,0,0,0,0,0,0,0,0,0,0,150,0,25,28.633832166863915,18.447431997628883,82.49066000280436,1622.0
1789885135,50,,Aggregated,24.200000,0.000000,6,7,7,7,9,11,13,14,18,18,18,66953,0,6,9.072228565728244,3.0284199965535663,2104.1982940005255,6825.076859886786
1789885136,50,GET,GET /api/v1/reservas,18.200000,0.000000,7,7,8,8,9,12,13,14,18,18,18,50140,0,7,8.5872954747454,4.633864002244081,1957.275683998887,8965.0
1789885136,50,GET,GET /api/v1/reservas/{id},5.400000,0.000000,5,5,6,6,6,8,14,14,14,14,14,16645,0,5,6.267510810239065,3.0284199965535663,1521.0046399952262,442.0
1789885136,50,POST,POST /api/v1/auth/login,0.000000,0.000000,0,0,0,0,0,0,0,0,0,0,0,50,0,1300.0,1369.1218887201103,628.633758999058,2104.1982940005255,1622.0
1789885136,50,POST,POST /api/v1/auth/refresh,0.000000,0.000000,0,0,0,0,0,0,0,0,0,0,0,150,0,25,28.633832166863915,18.447431997628883,82.49066000280436,1622.0
1789885136,50,,Aggregated,23.600000,0.000000,6,7,7,8,9,11,13,14,18,18,18,66985,0,6,9.071297780117948,3.0284199965535663,2104.1982940005255,6825.208479510338
1789885137,50,GET,GET /api/v1/reservas,18.800000,0.000000,7,7,8,8,9,12,13,14,18,18,18,50155,0,7,8.586685533062282,4.633864002244081,1957.275683998887,8965.0
1789885137,50,GET,GET /api/v1/reservas/{id},5.300000,0.000000,5,5,6,6,6,8,9,14,14,14,14,16652,0,5,6.266899928082085,3.0284199965535663,1521.0046399952262,442.0
1789885137,50,POST,POST /api/v1/auth/login,0.000000,0.000000,0,0,0,0,0,0,0,0,0,0,0,50,0,1300.0,1369.1218887201103,628.633758999058,2104.1982940005255,1622.0
1789885137,50,POST,POST /api/v1/auth/refresh,0.000000,0.000000,0,0,0,0,0,0,0,0,0,0,0,150,0,25,28.633832166863915,18.447431997628883,82.49066000280436,1622.0
1789885137,50,,Aggregated,24.100000,0.000000,6,7,7,8,9,11,13,14,18,18,18,67007,0,6,9.070288175477168,3.0284199965535663,2104.1982940005255,6825.020654558479
1789885138,50,GET,GET /api/v1/reservas,18.800000,0.000000,7,7,8,8,9,12,13,14,14,14,14,50178,0,7,8.585776503322952,4.633864002244081,1957.275683998887,8965.0
1789885138,50,GET,GET /api/v1/reservas/{id},5.600000,0.000000,5,5,6,6,6,8,9,14,14,14,14,16658,0,5,6.266544274068403,3.0284199965535663,1521.0046399952262,442.0
1789885138,50,POST,POST /api/v1/auth/login,0.000000,0.000000,0,0,0,0,0,0,0,0,0,0,0,50,0,1300.0,1369.1218887201103,628.633758999058,2104.1982940005255,1622.0
1789885138,50,POST,POST /api/v1/auth/refresh,0.000000,0.000000,0,0,0,0,0,0,0,0,0,0,0,150,0,25,28.633832166863915,18.447431997628883,82.49066000280436,1622.0
1789885138,50,,Aggregated,24.400000,0.000000,6,7,7,8,9,11,13,14,14,14,14,67036,0,6,9.069102529420126,3.0284199965535663,2104.1982940005255,6825.183573005549
1789885139,50,GET,GET /api/v1/reservas,18.700000,0.000000,7,7,8,8,9,11,13,14,14,14,14,50198,0,7,8.585372965232578,4.633864002244081,1957.275683998887,8965.0
1789885139,50,GET,GET /api/v1/reservas/{id},5.500000,0.000000,5,6,6,6,7,8,14,14,14,14,14,16659,0,5,6.266455322614047,3.0284199965535663,1521.0046399952262,442.0
1789885139,50,POST,POST /api/v1/auth/login,0.000000,0.000000,0,0,0,0,0,0,0,0,0,0,0,50,0,1300.0,1369.1218887201103,628.633758999058,2104.1982940005255,1622.0
1789885139,50,POST,POST /api/v1/auth/refresh,0.000000,0.000000,0,0,0,0,0,0,0,0,0,0,0,150,0,25,28.633832166863915,18.447431997628883,82.49066000280436,1622.0
1789885139,50,,Aggregated,24.200000,0.000000,6,7,7,8,9,11,13,14,14,14,14,67057,0,6,9.068592400334186,3.0284199965535663,2104.1982940005255,6825.726590810803
1789885140,50,GET,GET /api/v1/reservas,19.300000,0.000000,7,7,8,8,9,11,13,14,14,14,14,50216,0,7,8.584924421215687,4.633864002244081,1957.275683998887,8965.0
1789885140,50,GET,GET /api/v1/reservas/{id},5.600000,0.000000,5,6,6,6,6,8,14,14,14,14,14,16666,0,5,6.265851363639822,3.0284199965535663,1521.0046399952262,442.0
1789885140,50,POST,POST /api/v1/auth/login,0.000000,0.000000,0,0,0,0,0,0,0,0,0,0,0,50,0,1300.0,1369.1218887201103,628.633758999058,2104.1982940005255,1622.0
1789885140,50,POST,POST /api/v1/auth/refresh,0.000000,0.000000,0,0,0,0,0,0,0,0,0,0,0,150,0,25,28.633832166863915,18.447431997628883,82.49066000280436,1622.0
1789885140,50,,Aggregated,24.900000,0.000000,6,7,7,8,9,11,13,14,14,14,14,67082,0,6,9.06768451780247,3.0284199965535663,2104.1982940005255,6825.634477207001
1789885141,50,GET,GET /api/v1/reservas,19.400000,0.000000,7,7,7,8,9,11,14,14,23,23,23,50236,0,7,8.584773238031838,4.633864002244081,1957.275683998887,8965.0
1789885141,50,GET,GET /api/v1/reservas/{id},5.400000,0.000000,5,5,6,6,6,8,8,8,8,8,8,16674,0,5,6.26541996224175,3.0284199965535663,1521.0046399952262,442.0
1789885141,50,POST,POST /api/v1/auth/login,0.000000,0.000000,0,0,0,0,0,0,0,0,0,0,0,50,0,1300.0,1369.1218887201103,628.633758999058,2104.1982940005255,1622.0
1789885141,50,POST,POST /api/v1/auth/refresh,0.000000,0.000000,0,0,0,0,0,0,0,0,0,0,0,150,0,25,28.633832166863915,18.447431997628883,82.49066000280436,1622.0
1789885141,50,,Aggregated,24.800000,0.000000,6,7,7,8,8,11,13,14,23,23,23,67110,0,6,9.066986292612476,3.0284199965535663,2104.1982940005255,6825.511071375354
1789885142,50,GET,GET /api/v1/reservas,18.800000,0.000000,7,7,8,8,9,11,14,21,23,23,23,50253,0,7,8.58444901613293,4.633864002244081,1957.275683998887,8965.0
1789885142,50,GET,GET /api/v1/reservas/{id},5.600000,0.000000,5,5,6,6,6,8,8,9,9,9,9,16680,0,5,6.265300683059368,3.0284199965535663,1521.0046399952262,442.0
1789885142,50,POST,POST /api/v1/auth/login,0.000000,0.000000,0,0,0,0,0,0,0,0,0,0,0,50,0,1300.0,1369.1218887201103,628.633758999058,2104.1982940005255,1622.0
1789885142,50,POST,POST /api/v1/auth/refresh,0.000000,0.000000,0,0,0,0,0,0,0,0,0,0,0,150,0,25,28.633832166863915,18.447431997628883,82.49066000280436,1622.0
1789885142,50,,Aggregated,24.400000,0.000000,6,7,7,8,9,11,14,14,23,23,23,67133,0,6,9.066341457438154,3.0284199965535663,2104.1982940005255,6825.482326128729
1789885143,50,GET,GET /api/v1/reservas,18.900000,0.000000,7,7,8,8,9,11,14,21,23,23,23,50274,0,7,8.583627659003337,4.633864002244081,1957.275683998887,8965.0
1789885143,50,GET,GET /api/v1/reservas/{id},5.500000,0.000000,5,5,6,6,6,8,9,9,9,9,9,16684,0,5,6.264890982344668,3.0284199965535663,1521.0046399952262,442.0
1789885143,50,POST,POST /api/v1/auth/login,0.000000,0.000000,0,0,0,0,0,0,0,0,0,0,0,50,0,1300.0,1369.1218887201103,628.633758999058,2104.1982940005255,1622.0
1789885143,50,POST,POST /api/v1/auth/refresh,0.000000,0.000000,0,0,0,0,0,0,0,0,0,0,0,150,0,25,28.633832166863915,18.447431997628883,82.49066000280436,1622.0
1789885143,50,,Aggregated,24.400000,0.000000,6,7,7,8,9,11,14,14,23,23,23,67158,0,6,9.065307295321618,3.0284199965535663,2104.1982940005255,6825.7711367223565
1789885144,50,GET,GET /api/v1/reservas,19.300000,0.000000,7,7,8,8,10,12,14,21,23,23,23,50291,0,7,8.582849290921082,4.633864002244081,1957.275683998887,8965.0
1789885144,50,GET,GET /api/v1/reservas/{id},5.400000,0.000000,5,5,6,6,6,8,8,9,9,9,9,16695,0,5,6.26384093449859,3.0284199965535663,1521.0046399952262,442.0
1789885144,50,POST,POST /api/v1/auth/login,0.000000,0.000000,0,0,0,0,0,0,0,0,0,0,0,50,0,1300.0,1369.1218887201103,628.633758999058,2104.1982940005255,1622.0
1789885144,50,POST,POST /api/v1/auth/refresh,0.000000,0.000000,0,0,0,0,0,0,0,0,0,0,0,150,0,25,28.633832166863915,18.447431997628883,82.49066000280436,1622.0
1789885144,50,,Aggregated,24.700000,0.000000,6,7,7,8,9,11,14,14,23,23,23,67186,0,6,9.06388335891708,3.0284199965535663,2104.1982940005255,6825.267243175662
1789885145,50,GET,GET /api/v1/reservas,19.800000,0.000000,6,7,7,8,9,11,14,21,23,23,23,50315,0,7,8.581674390772365,4.633864002244081,1957.275683998887,8965.0
1789885145,50,GET,GET /api/v1/reservas/{id},5.500000,0.000000,5,5,5,6,6,8,8,9,9,9,9,16701,0,5,6.263105672981263,3.0284199965535663,1521.0046399952262,442.0
1789885145,50,POST,POST /api/v1/auth/login,0.000000,0.000000,0,0,0,0,0,0,0,0,0,0,0,50,0,1300.0,1369.1218887201103,628.633758999058,2104.1982940005255,1622.0
1789885145,50,POST,POST /api/v1/auth/refresh,0.000000,0.000000,0,0,0,0,0,0,0,0,0,0,0,150,0,25,28.633832166863915,18.447431997628883,82.49066000280436,1622.0
1789885145,50,,Aggregated,25.300000,0.000000,6,7,7,7,8,10,14,14,23,23,23,67216,0,6,9.062399489365752,3.0284199965535663,2104.1982940005255,6825.461452630326
1789885146,50,GET,GET /api/v1/reservas,19.700000,0.000000,6,7,7,8,9,12,14,21,23,23,23,50334,0,7,8.581542366048753,4.633864002244081,1957.275683998887,8965.0
1789885146,50,GET,GET /api/v1/reservas/{id},5.800000,0.000000,5,5,5,6,6,8,8,9,9,9,9,16705,0,5,6.262732385840312,3.0284199965535663,1521.0046399952262,442.0
1789885146,50,POST,POST /api/v1/auth/login,0.000000,0.000000,0,0,0,0,0,0,0,0,0,0,0,50,0,1300.0,1369.1218887201103,628.633758999058,2104.1982940005255,1622.0
1789885146,50,POST,POST /api/v1/auth/refresh,0.000000,0.000000,0,0,0,0,0,0,0,0,0,0,0,150,0,25,28.633832166863915,18.447431997628883,82.49066000280436,1622.0
1789885146,50,,Aggregated,25.500000,0.000000,6,7,7,7,9,11,14,17,23,23,23,67239,0,6,9.06190554914852,3.0284199965535663,2104.1982940005255,6825.686283258228
1789885147,50,GET,GET /api/v1/reservas,19.800000,0.000000,7,7,8,8,10,12,14,21,23,23,23,50354,0,7,8.580947265872085,4.633864002244081,1957.275683998887,8965.0
1789885147,50,GET,GET /api/v1/reservas/{id},6.100000,0.000000,5,5,5,6,6,8,8,9,9,9,9,16711,0,5,6.262123966336916,3.0284199965535663,1521.0046399952262,442.0
1789885147,50,POST,POST /api/v1/auth/login,0.000000,0.000000,0,0,0,0,0,0,0,0,0,0,0,50,0,1300.0,1369.1218887201103,628.633758999058,2104.1982940005255,1622.0
1789885147,50,POST,POST /api/v1/auth/refresh,0.000000,0.000000,0,0,0,0,0,0,0,0,0,0,0,150,0,25,28.633832166863915,18.447431997628883,82.49066000280436,1622.0
1789885147,50,,Aggregated,25.900000,0.000000,6,7,7,8,9,11,14,17,23,23,23,67265,0,6,9.06091639765429,3.0284199965535663,2104.1982940005255,6825.752947298
1789885148,50,GET,GET /api/v1/reservas,19.500000,0.000000,7,7,8,8,9,11,14,21,23,23,23,50369,0,7,8.580423207086028,4.633864002244081,1957.275683998887,8965.0
1789885148,50,GET,GET /api/v1/reservas/{id},5.900000,0.000000,5,5,5,6,6,7,8,9,9,9,9,16714,0,5,6.261848354340883,3.0284199965535663,1521.0046399952262,442.0
1789885148,50,POST,POST /api/v1/auth/login,0.000000,0.000000,0,0,0,0,0,0,0,0,0,0,0,50,0,1300.0,1369.1218887201103,628.633758999058,2104.1982940005255,1622.0
1789885148,50,POST,POST /api/v1/auth/refresh,0.000000,0.000000,0,0,0,0,0,0,0,0,0,0,0,150,0,25,28.633832166863915,18.447431997628883,82.49066000280436,1622.0
1789885148,50,,Aggregated,25.400000,0.000000,6,7,7,8,8,10,13,17,23,23,23,67283,0,6,9.060223818397015,3.0284199965535663,2104.1982940005255,6825.945231336296
1789885149,50,GET,GET /api/v1/reservas,19.700000,0.000000,7,7,7,8,8,11,14,21,23,23,23,50390,0,7,8.579528741470833,4.633864002244081,1957.275683998887,8965.0
1789885149,50,GET,GET /api/v1/reservas/{id},6.000000,0.000000,5,5,5,5,6,7,8,9,9,9,9,16722,0,5,6.261004480831643,3.0284199965535663,1521.0046399952262,442.0
1789885149,50,POST,POST /api/v1/auth/login,0.000000,0.000000,0,0,0,0,0,0,0,0,0,0,0,50,0,1300.0,1369.1218887201103,628.633758999058,2104.1982940005255,1622.0
1789885149,50,POST,POST /api/v1/auth/refresh,0.000000,0.000000,0,0,0,0,0,0,0,0,0,0,0,150,0,25,28.633832166863915,18.447431997628883,82.49066000280436,1622.0
1789885149,50,,Aggregated,25.700000,0.000000,6,7,7,7,8,10,13,17,23,23,23,67312,0,6,9.058862304971159,3.0284199965535663,2104.1982940005255,6825.853844782506
1789885150,50,GET,GET /api/v1/reservas,19.200000,0.000000,7,7,8,8,8,11,13,17,21,21,21,50412,0,7,8.57888984205614,4.633864002244081,1957.275683998887,8965.0
1789885150,50,GET,GET /api/v1/reservas/{id},5.700000,0.000000,5,5,5,5,6,7,8,9,9,9,9,16724,0,5,6.26087121134131,3.0284199965535663,1521.0046399952262,442.0
1789885150,50,POST,POST /api/v1/auth/login,0.000000,0.000000,0,0,0,0,0,0,0,0,0,0,0,50,0,1300.0,1369.1218887201103,628.633758999058,2104.1982940005255,1622.0
1789885150,50,POST,POST /api/v1/auth/refresh,0.000000,0.000000,0,0,0,0,0,0,0,0,0,0,0,150,0,25,28.633832166863915,18.447431997628883,82.49066000280436,1622.0
1789885150,50,,Aggregated,24.900000,0.000000,6,7,7,8,8,10,12,15,21,21,21,67336,0,6,9.05811117555606,3.0284199965535663,2104.1982940005255,6826.363134133302
1789885151,50,GET,GET /api/v1/reservas,19.300000,0.000000,6,7,7,8,8,10,12,15,17,17,17,50430,0,7,8.57822241772243,4.633864002244081,1957.275683998887,8965.0
1789885151,50,GET,GET /api/v1/reservas/{id},6.100000,0.000000,4,5,5,5,6,6,6,6,6,6,6,16730,0,5,6.2601566566333195,3.0284199965535663,1521.0046399952262,442.0
1789885151,50,POST,POST /api/v1/auth/login,0.000000,0.000000,0,0,0,0,0,0,0,0,0,0,0,50,0,1300.0,1369.1218887201103,628.633758999058,2104.1982940005255,1622.0
1789885151,50,POST,POST /api/v1/auth/refresh,0.000000,0.000000,0,0,0,0,0,0,0,0,0,0,0,150,0,25,28.633832166863915,18.447431997628883,82.49066000280436,1622.0
1789885151,50,,Aggregated,25.400000,0.000000,6,7,7,7,8,9,12,13,17,17,17,67360,0,6,9.057056808970518,3.0284199965535663,2104.1982940005255,6826.365944180523
1789885152,50,GET,GET /api/v1/reservas,19.800000,0.000000,7,7,8,8,9,10,12,15,17,17,17,50451,0,7,8.578094413089351,4.633864002244081,1957.275683998887,8965.0
1789885152,50,GET,GET /api/v1/reservas/{id},5.800000,0.000000,4,5,5,5,6,6,6,9,9,9,9,16737,0,5,6.259888977503012,3.0284199965535663,1521.0046399952262,442.0
1789885152,50,POST,POST /api/v1/auth/login,0.000000,0.000000,0,0,0,0,0,0,0,0,0,0,0,50,0,1300.0,1369.1218887201103,628.633758999058,2104.1982940005255,1622.0
1789885152,50,POST,POST /api/v1/auth/refresh,0.000000,0.000000,0,0,0,0,0,0,0,0,0,0,0,150,0,25,28.633832166863915,18.447431997628883,82.49066000280436,1622.0
1789885152,50,,Aggregated,25.600000,0.000000,6,7,7,8,8,9,11,13,17,17,17,67388,0,6,9.05645474435026,3.0284199965535663,2104.1982940005255,6826.369220039176
1789885153,50,GET,GET /api/v1/reservas,19.900000,0.000000,7,7,8,8,9,9,12,15,17,17,17,50473,0,7,8.576955921775255,4.633864002244081,1957.275683998887,8965.0
1789885153,50,GET,GET /api/v1/reservas/{id},5.700000,0.000000,4,5,5,5,6,6,9,9,9,9,9,16743,0,5,6.259205620465826,3.0284199965535663,1521.0046399952262,442.0
1789885153,50,POST,POST /api/v1/auth/login,0.000000,0.000000,0,0,0,0,0,0,0,0,0,0,0,50,0,1300.0,1369.1218887201103,628.633758999058,2104.1982940005255,1622.0
1789885153,50,POST,POST /api/v1/auth/refresh,0.000000,0.000000,0,0,0,0,0,0,0,0,0,0,0,150,0,25,28.633832166863915,18.447431997628883,82.49066000280436,1622.0
1789885153,50,,Aggregated,25.600000,0.000000,6,7,7,8,8,9,11,13,17,17,17,67416,0,6,9.05502766708583,3.0284199965535663,2104.1982940005255,6826.498917170998
1789885154,50,GET,GET /api/v1/reservas,19.800000,0.000000,7,7,8,8,9,9,12,15,17,17,17,50491,0,7,8.576164855177488,4.633864002244081,1957.275683998887,8965.0
1789885154,50,GET,GET /api/v1/reservas/{id},5.900000,0.000000,5,5,5,5,6,6,9,9,9,9,9,16748,0,5,6.258883835112506,3.0284199965535663,1521.0046399952262,442.0
1789885154,50,POST,POST /api/v1/auth/login,0.000000,0.000000,0,0,0,0,0,0,0,0,0,0,0,50,0,1300.0,1369.1218887201103,628.633758999058,2104.1982940005255,1622.0
1789885154,50,POST,POST /api/v1/auth/refresh,0.000000,0.000000,0,0,0,0,0,0,0,0,0,0,0,150,0,25,28.633832166863915,18.447431997628883,82.49066000280436,1622.0
1789885154,50,,Aggregated,25.700000,0.000000,6,7,7,8,8,9,11,13,17,17,17,67439,0,6,9.05402060283022,3.0284199965535663,2104.1982940005255,6826.596346327792
1789885155,50,GET,GET /api/v1/reservas,19.000000,0.000000,7,7,8,8,8,9,10,11,15,15,15,50505,0,7,8.57561362197331,4.633864002244081,1957.275683998887,8965.0
1789885155,50,GET,GET /api/v1/reservas/{id},5.700000,0.000000,5,5,5,5,6,6,9,9,9,9,9,16753,0,5,6.258489253475537,3.0284199965535663,1521.0046399952262,442.0
1789885155,50,POST,POST /api/v1/auth/login,0.000000,0.000000,0,0,0,0,0,0,0,0,0,0,0,50,0,1300.0,1369.1218887201103,628.633758999058,2104.1982940005255,1622.0
1789885155,50,POST,POST /api/v1/auth/refresh,0.000000,0.000000,0,0,0,0,0,0,0,0,0,0,0,150,0,25,28.633832166863915,18.447431997628883,82.49066000280436,1622.0
1789885155,50,,Aggregated,24.700000,0.000000,6,7,7,8,8,9,10,11,15,15,15,67458,0,6,9.053203559285398,3.0284199965535663,2104.1982940005255,6826.566915710516
1789885156,50,GET,GET /api/v1/reservas,19.900000,0.000000,7,7,8,8,8,9,10,11,15,15,15,50522,0,7,8.575176374861769,4.633864002244081,1957.275683998887,8965.0
1789885156,50,GET,GET /api/v1/reservas/{id},5.400000,0.000000,5,5,5,5,6,7,9,9,9,9,9,16763,0,5,6.257894450126147,3.0284199965535663,1521.0046399952262,442.0
1789885156,50,POST,POST /api/v1/auth/login,0.000000,0.000000,0,0,0,0,0,0,0,0,0,0,0,50,0,1300.0,1369.1218887201103,628.633758999058,2104.1982940005255,1622.0
1789885156,50,POST,POST /api/v1/auth/refresh,0.000000,0.000000,0,0,0,0,0,0,0,0,0,0,0,150,0,25,28.633832166863915,18.447431997628883,82.49066000280436,1622.0
1789885156,50,,Aggregated,25.300000,0.000000,6,7,7,8,8,9,10,11,15,15,15,67485,0,6,9.052194039257133,3.0284199965535663,2104.1982940005255,6826.159531747796
1789885157,50,GET,GET /api/v1/reservas,19.000000,0.000000,7,7,8,8,9,9,10,11,15,15,15,50539,0,7,8.574851436786808,4.633864002244081,1957.275683998887,8965.0
1789885157,50,GET,GET /api/v1/reservas/{id},5.400000,0.000000,5,5,5,6,6,9,9,14,14,14,14,16770,0,5,6.258100969795002,3.0284199965535663,1521.0046399952262,442.0
1789885157,50,POST,POST /api/v1/auth/login,0.000000,0.000000,0,0,0,0,0,0,0,0,0,0,0,50,0,1300.0,1369.1218887201103,628.633758999058,2104.1982940005255,1622.0
1789885157,50,POST,POST /api/v1/auth/refresh,0.000000,0.000000,0,0,0,0,0,0,0,0,0,0,0,150,0,25,28.633832166863915,18.447431997628883,82.49066000280436,1622.0
1789885157,50,,Aggregated,24.400000,0.000000,6,7,7,8,8,9,10,11,15,15,15,67509,0,6,9.051592221604045,3.0284199965535663,2104.1982940005255,6826.036158141877
1789885158,50,GET,GET /api/v1/reservas,18.900000,0.000000,7,7,8,8,9,9,10,11,15,15,15,50557,0,7,8.574083325924539,4.633864002244081,1957.275683998887,8965.0
1789885158,50,GET,GET /api/v1/reservas/{id},5.500000,0.000000,5,5,5,6,6,9,9,14,14,14,14,16774,0,5,6.257605787198873,3.0284199965535663,1521.0046399952262,442.0
1789885158,50,POST,POST /api/v1/auth/login,0.000000,0.000000,0,0,0,0,0,0,0,0,0,0,0,50,0,1300.0,1369.1218887201103,628.633758999058,2104.1982940005255,1622.0
1789885158,50,POST,POST /api/v1/auth/refresh,0.000000,0.000000,0,0,0,0,0,0,0,0,0,0,0,150,0,25,28.633832166863915,18.447431997628883,82.49066000280436,1622.0
1789885158,50,,Aggregated,24.400000,0.000000,6,7,7,8,8,9,10,11,15,15,15,67531,0,6,9.050601641383624,3.0284199965535663,2104.1982940005255,6826.228147073196
1789885159,50,GET,GET /api/v1/reservas,18.800000,0.000000,7,7,8,8,9,10,11,11,15,15,15,50586,0,7,8.57291108416854,4.633864002244081,1957.275683998887,8965.0
1789885159,50,GET,GET /api/v1/reservas/{id},5.900000,0.000000,5,5,6,6,7,9,9,14,14,14,14,16779,0,5,6.257504693037716,3.0284199965535663,1521.0046399952262,442.0
1789885159,50,POST,POST /api/v1/auth/login,0.000000,0.000000,0,0,0,0,0,0,0,0,0,0,0,50,0,1300.0,1369.1218887201103,628.633758999058,2104.1982940005255,1622.0
1789885159,50,POST,POST /api/v1/auth/refresh,0.000000,0.000000,0,0,0,0,0,0,0,0,0,0,0,150,0,25,28.633832166863915,18.447431997628883,82.49066000280436,1622.0
1789885159,50,,Aggregated,24.700000,0.000000,6,7,7,8,8,9,11,11,15,15,15,67565,0,6,9.04928765794815,3.0284199965535663,2104.1982940005255,6826.673692000296
1789885160,50,GET,GET /api/v1/reservas,18.700000,0.000000,7,7,7,8,9,9,10,11,11,11,11,50600,0,7,8.57226390108171,4.633864002244081,1957.275683998887,8965.0
1789885160,50,GET,GET /api/v1/reservas/{id},6.000000,0.000000,5,5,6,6,7,9,9,14,14,14,14,16783,0,5,6.257154278584817,3.0284199965535663,1521.0046399952262,442.0
1789885160,50,POST,POST /api/v1/auth/login,0.000000,0.000000,0,0,0,0,0,0,0,0,0,0,0,50,0,1300.0,1369.1218887201103,628.633758999058,2104.1982940005255,1622.0
1789885160,50,POST,POST /api/v1/auth/refresh,0.000000,0.000000,0,0,0,0,0,0,0,0,0,0,0,150,0,25,28.633832166863915,18.447431997628883,82.49066000280436,1622.0
1789885160,50,,Aggregated,24.700000,0.000000,6,7,7,8,8,9,10,11,14,14,14,67583,0,6,9.04845216864094,3.0284199965535663,2104.1982940005255,6826.738765665922
1789885161,50,GET,GET /api/v1/reservas,19.200000,0.000000,6,7,7,7,8,9,10,11,12,12,12,50616,0,7,8.571801819597574,4.633864002244081,1957.275683998887,8965.0
1789885161,50,GET,GET /api/v1/reservas/{id},5.700000,0.000000,5,5,6,6,7,7,9,14,14,14,14,16793,0,5,6.2557164156787275,3.0284199965535663,1521.0046399952262,442.0
1789885161,50,POST,POST /api/v1/auth/login,0.000000,0.000000,0,0,0,0,0,0,0,0,0,0,0,50,0,1300.0,1369.1218887201103,628.633758999058,2104.1982940005255,1622.0
1789885161,50,POST,POST /api/v1/auth/refresh,0.000000,0.000000,0,0,0,0,0,0,0,0,0,0,0,150,0,25,28.633832166863915,18.447431997628883,82.49066000280436,1622.0
1789885161,50,,Aggregated,24.900000,0.000000,6,7,7,7,8,9,10,11,14,14,14,67609,0,6,9.047223534296924,3.0284199965535663,2104.1982940005255,6826.300433374255
1789885162,50,GET,GET /api/v1/reservas,19.000000,0.000000,7,7,7,8,8,10,12,15,17,17,17,50633,0,7,8.571755705049014,4.633864002244081,1957.275683998887,8965.0
1789885162,50,GET,GET /api/v1/reservas/{id},5.900000,0.000000,5,5,6,6,7,7,9,14,14,14,14,16796,0,5,6.255375384227734,3.0284199965535663,1521.0046399952262,442.0
1789885162,50,POST,POST /api/v1/auth/login,0.000000,0.000000,0,0,0,0,0,0,0,0,0,0,0,50,0,1300.0,1369.1218887201103,628.633758999058,2104.1982940005255,1622.0
1789885162,50,POST,POST /api/v1/auth/refresh,0.000000,0.000000,0,0,0,0,0,0,0,0,0,0,0,150,0,25,28.633832166863915,18.447431997628883,82.49066000280436,1622.0
1789885162,50,,Aggregated,24.900000,0.000000,6,7,7,7,8,10,12,14,17,17,17,67629,0,6,9.04686097426064,3.0284199965535663,2104.1982940005255,6826.5548359431605
1789885163,50,GET,GET /api/v1/reservas,18.500000,0.000000,7,7,8,8,9,10,12,15,17,17,17,50656,0,7,8.570788962743743,4.633864002244081,1957.275683998887,8965.0
1789885163,50,GET,GET /api/v1/reservas/{id},6.000000,0.000000,5,5,6,6,7,9,9,14,14,14,14,16802,0,5,6.25496133296577,3.0284199965535663,1521.0046399952262,442.0
1789885163,50,POST,POST /api/v1/auth/login,0.000000,0.000000,0,0,0,0,0,0,0,0,0,0,0,50,0,1300.0,1369.1218887201103,628.633758999058,2104.1982940005255,1622.0
1789885163,50,POST,POST /api/v1/auth/refresh,0.000000,0.000000,0,0,0,0,0,0,0,0,0,0,0,150,0,25,28.633832166863915,18.447431997628883,82.49066000280436,1622.0
1789885163,50,,Aggregated,24.500000,0.000000,6,7,7,8,8,10,12,14,17,17,17,67658,0,6,9.04562528118293,3.0284199965535663,2104.1982940005255,6826.715599042242
1789885164,50,GET,GET /api/v1/reservas,18.200000,0.000000,7,7,7,8,8,10,12,15,17,17,17,50681,0,7,8.569649420270894,4.633864002244081,1957.275683998887,8965.0
1789885164,50,GET,GET /api/v1/reservas/{id},5.900000,0.000000,5,5,6,6,7,9,9,14,14,14,14,16809,0,5,6.254344811202679,3.0284199965535663,1521.0046399952262,442.0
1789885164,50,POST,POST /api/v1/auth/login,0.000000,0.000000,0,0,0,0,0,0,0,0,0,0,0,50,0,1300.0,1369.1218887201103,628.633758999058,2104.1982940005255,1622.0
1789885164,50,POST,POST /api/v1/auth/refresh,0.000000,0.000000,0,0,0,0,0,0,0,0,0,0,0,150,0,25,28.633832166863915,18.447431997628883,82.49066000280436,1622.0
1789885164,50,,Aggregated,24.100000,0.000000,6,7,7,7,8,10,12,14,17,17,17,67690,0,6,9.044155022326663,3.0284199965535663,2104.1982940005255,6826.845073127493
1789885165,50,GET,GET /api/v1/reservas,18.900000,0.000000,7,7,7,8,8,10,12,15,17,17,17,50699,0,7,8.568911735768602,4.633864002244081,1957.275683998887,8965.0
1789885165,50,GET,GET /api/v1/reservas/{id},5.800000,0.000000,5,5,6,6,7,9,9,14,14,14,14,16815,0,5,6.253907434939013,3.0284199965535663,1521.0046399952262,442.0
1789885165,50,POST,POST /api/v1/auth/login,0.000000,0.000000,0,0,0,0,0,0,0,0,0,0,0,50,0,1300.0,1369.1218887201103,628.633758999058,2104.1982940005255,1622.0
1789885165,50,POST,POST /api/v1/auth/refresh,0.000000,0.000000,0,0,0,0,0,0,0,0,0,0,0,150,0,25,28.633832166863915,18.447431997628883,82.49066000280436,1622.0
1789885165,50,,Aggregated,24.700000,0.000000,6,7,7,7,8,10,12,14,17,17,17,67714,0,6,9.043120755992392,3.0284199965535663,2104.1982940005255,6826.84769766961
1789885166,50,GET,GET /api/v1/reservas,18.700000,0.000000,6,7,7,7,8,10,12,15,17,17,17,50712,0,7,8.568485388482397,4.633864002244081,1957.275683998887,8965.0
1789885166,50,GET,GET /api/v1/reservas/{id},6.000000,0.000000,5,5,5,5,6,7,9,9,9,9,9,16822,0,5,6.253570764979771,3.0284199965535663,1521.0046399952262,442.0
1789885166,50,POST,POST /api/v1/auth/login,0.000000,0.000000,0,0,0,0,0,0,0,0,0,0,0,50,0,1300.0,1369.1218887201103,628.633758999058,2104.1982940005255,1622.0
1789885166,50,POST,POST /api/v1/auth/refresh,0.000000,0.000000,0,0,0,0,0,0,0,0,0,0,0,150,0,25,28.633832166863915,18.447431997628883,82.49066000280436,1622.0
1789885166,50,,Aggregated,24.700000,0.000000,6,7,7,7,8,9,12,12,17,17,17,67734,0,6,9.042338673195822,3.0284199965535663,2104.1982940005255,6826.59822245844
1789885167,50,GET,GET /api/v1/reservas,19.000000,0.000000,7,7,7,8,8,11,12,15,17,17,17,50731,0,7,8.568319748274353,4.633864002244081,1957.275683998887,8965.0
1789885167,50,GET,GET /api/v1/reservas/{id},6.000000,0.000000,5,5,5,6,7,9,9,9,9,9,9,16826,0,5,6.253613142962217,3.0284199965535663,1521.0046399952262,442.0
1789885167,50,POST,POST /api/v1/auth/login,0.000000,0.000000,0,0,0,0,0,0,0,0,0,0,0,50,0,1300.0,1369.1218887201103,628.633758999058,2104.1982940005255,1622.0
1789885167,50,POST,POST /api/v1/auth/refresh,0.000000,0.000000,0,0,0,0,0,0,0,0,0,0,0,150,0,25,28.633832166863915,18.447431997628883,82.49066000280436,1622.0
1789885167,50,,Aggregated,25.000000,0.000000,6,7,7,7,8,10,12,13,17,17,17,67757,0,6,9.041927670266176,3.0284199965535663,2104.1982940005255,6826.820948389096
1789885168,50,GET,GET /api/v1/reservas,18.800000,0.000000,6,7,7,8,8,11,12,15,17,17,17,50752,0,7,8.567298181583197,4.633864002244081,1957.275683998887,8965.0
1789885168,50,GET,GET /api/v1/reservas/{id},6.100000,0.000000,5,5,5,5,7,9,9,9,9,9,9,16832,0,5,6.252845466283378,3.0284199965535663,1521.0046399952262,442.0
1789885168,50,POST,POST /api/v1/auth/login,0.000000,0.000000,0,0,0,0,0,0,0,0,0,0,0,50,0,1300.0,1369.1218887201103,628.633758999058,2104.1982940005255,1622.0
1789885168,50,POST,POST /api/v1/auth/refresh,0.000000,0.000000,0,0,0,0,0,0,0,0,0,0,0,150,0,25,28.633832166863915,18.447431997628883,82.49066000280436,1622.0
1789885168,50,,Aggregated,24.900000,0.000000,6,7,7,7,8,10,12,13,17,17,17,67784,0,6,9.040578624177227,3.0284199965535663,2104.1982940005255,6826.918210787207
1789885169,50,GET,GET /api/v1/reservas,18.800000,0.000000,6,7,7,8,8,11,12,15,17,17,17,50775,0,7,8.566402376360786,4.633864002244081,1957.275683998887,8965.0
1789885169,50,GET,GET /api/v1/reservas/{id},5.700000,0.000000,5,5,5,6,7,9,9,9,9,9,9,16837,0,5,6.252757015886825,3.0284199965535663,1521.0046399952262,442.0
1789885169,50,POST,POST /api/v1/auth/login,0.000000,0.000000,0,0,0,0,0,0,0,0,0,0,0,50,0,1300.0,1369.1218887201103,628.633758999058,2104.1982940005255,1622.0
1789885169,50,POST,POST /api/v1/auth/refresh,0.000000,0.000000,0,0,0,0,0,0,0,0,0,0,0,150,0,25,28.633832166863915,18.447431997628883,82.49066000280436,1622.0
1789885169,50,,Aggregated,24.500000,0.000000,6,7,7,7,8,10,12,13,17,17,17,67812,0,6,9.039519846004282,3.0284199965535663,2104.1982940005255,6827.172609567629
1789885170,50,GET,GET /api/v1/reservas,19.600000,0.000000,6,7,7,8,8,11,12,15,17,17,17,50802,0,7,8.565233685321742,4.633864002244081,1957.275683998887,8965.0
1789885170,50,GET,GET /api/v1/reservas/{id},5.600000,0.000000,5,5,5,5,7,9,9,9,9,9,9,16841,0,5,6.25228823035952,3.0284199965535663,1521.0046399952262,442.0
1789885170,50,POST,POST /api/v1/auth/login,0.000000,0.000000,0,0,0,0,0,0,0,0,0,0,0,50,0,1300.0,1369.1218887201103,628.633758999058,2104.1982940005255,1622.0
1789885170,50,POST,POST /api/v1/auth/refresh,0.000000,0.000000,0,0,0,0,0,0,0,0,0,0,0,150,0,25,28.633832166863915,18.447431997628883,82.49066000280436,1622.0
1789885170,50,,Aggregated,25.200000,0.000000,6,7,7,7,8,10,12,13,17,17,17,67843,0,6,9.038175744442864,3.0284199965535663,2104.1982940005255,6827.646949574753
1789885171,50,GET,GET /api/v1/reservas,19.300000,0.000000,6,7,7,8,8,11,13,15,17,17,17,50817,0,7,8.564990561932465,4.633864002244081,1957.275683998887,8965.0
1789885171,50,GET,GET /api/v1/reservas/{id},5.600000,0.000000,5,5,6,6,7,9,9,9,9,9,9,16844,0,5,6.2521505231232934,3.0284199965535663,1521.0046399952262,442.0
1789885171,50,POST,POST /api/v1/auth/login,0.000000,0.000000,0,0,0,0,0,0,0,0,0,0,0,50,0,1300.0,1369.1218887201103,628.633758999058,2104.1982940005255,1622.0
1789885171,50,POST,POST /api/v1/auth/refresh,0.000000,0.000000,0,0,0,0,0,0,0,0,0,0,0,150,0,25,28.633832166863915,18.447431997628883,82.49066000280436,1622.0
1789885171,50,,Aggregated,24.900000,0.000000,6,7,7,7,8,10,12,14,17,17,17,67861,0,6,9.037731805576817,3.0284199965535663,2104.1982940005255,6827.837093470476
1789885172,50,GET,GET /api/v1/reservas,19.700000,0.000000,6,7,7,7,8,10,12,14,17,17,17,50837,0,7,8.564326778600622,4.633864002244081,1957.275683998887,8965.0
1789885172,50,GET,GET /api/v1/reservas/{id},5.800000,0.000000,5,5,6,6,7,8,9,9,9,9,9,16853,0,5,6.251438765529971,3.0284199965535663,1521.0046399952262,442.0
1789885172,50,POST,POST /api/v1/auth/login,0.000000,0.000000,0,0,0,0,0,0,0,0,0,0,0,50,0,1300.0,1369.1218887201103,628.633758999058,2104.1982940005255,1622.0
1789885172,50,POST,POST /api/v1/auth/refresh,0.000000,0.000000,0,0,0,0,0,0,0,0,0,0,0,150,0,25,28.633832166863915,18.447431997628883,82.49066000280436,1622.0
1789885172,50,,Aggregated,25.500000,0.000000,6,7,7,7,8,9,12,13,17,17,17,67890,0,6,9.036549524528409,3.0284199965535663,2104.1982940005255,6827.620135513331
1789885173,50,GET,GET /api/v1/reservas,19.800000,0.000000,6,7,7,8,9,11,12,14,17,17,17,50852,0,7,8.564131134580999,4.633864002244081,1957.275683998887,8965.0
1789885173,50,GET,GET /api/v1/reservas/{id},5.400000,0.000000,5,5,6,6,7,8,9,9,9,9,9,16860,0,5,6.2510967736345044,3.0284199965535663,1521.0046399952262,442.0
1789885173,50,POST,POST /api/v1/auth/login,0.000000,0.000000,0,0,0,0,0,0,0,0,0,0,0,50,0,1300.0,1369.1218887201103,628.633758999058,2104.1982940005255,1622.0
1789885173,50,POST,POST /api/v1/auth/refresh,0.000000,0.000000,0,0,0,0,0,0,0,0,0,0,0,150,0,25,28.633832166863915,18.447431997628883,82.49066000280436,1622.0
1789885173,50,,Aggregated,25.200000,0.000000,6,7,7,7,8,10,12,13,17,17,17,67912,0,6,9.03592674814801,3.0284199965535663,2104.1982940005255,6827.434032277064
1789885174,50,GET,GET /api/v1/reservas,20.300000,0.000000,7,7,7,8,8,11,12,14,17,17,17,50871,0,7,8.563463884486241,4.633864002244081,1957.275683998887,8965.0
1789885174,50,GET,GET /api/v1/reservas/{id},5.200000,0.000000,5,5,6,6,7,8,9,9,9,9,9,16867,0,5,6.250680594976547,3.0284199965535663,1521.0046399952262,442.0
1789885174,50,POST,POST /api/v1/auth/login,0.000000,0.000000,0,0,0,0,0,0,0,0,0,0,0,50,0,1300.0,1369.1218887201103,628.633758999058,2104.1982940005255,1622.0
1789885174,50,POST,POST /api/v1/auth/refresh,0.000000,0.000000,0,0,0,0,0,0,0,0,0,0,0,150,0,25,28.633832166863915,18.447431997628883,82.49066000280436,1622.0
1789885174,50,,Aggregated,25.500000,0.000000,6,7,7,7,8,10,12,13,17,17,17,67938,0,6,9.034904915131529,3.0284199965535663,2104.1982940005255,6827.373914451412
1789885175,50,GET,GET /api/v1/reservas,19.500000,0.000000,6,7,7,8,8,10,12,14,17,17,17,50891,0,7,8.562477590924152,4.633864002244081,1957.275683998887,8965.0
1789885175,50,GET,GET /api/v1/reservas/{id},5.700000,0.000000,5,6,6,6,7,8,9,10,10,10,10,16872,0,5,6.2506481719103295,3.0284199965535663,1521.0046399952262,442.0
1789885175,50,POST,POST /api/v1/auth/login,0.000000,0.000000,0,0,0,0,0,0,0,0,0,0,0,50,0,1300.0,1369.1218887201103,628.633758999058,2104.1982940005255,1622.0
1789885175,50,POST,POST /api/v1/auth/refresh,0.000000,0.000000,0,0,0,0,0,0,0,0,0,0,0,150,0,25,28.633832166863915,18.447431997628883,82.49066000280436,1622.0
1789885175,50,,Aggregated,25.200000,0.000000,6,7,7,7,8,10,12,13,17,17,17,67963,0,6,9.033814756517948,3.0284199965535663,2104.1982940005255,6827.533201889263
1789885176,50,GET,GET /api/v1/reservas,19.200000,0.000000,6,7,7,7,8,10,12,14,17,17,17,50905,0,7,8.56188177115651,4.633864002244081,1957.275683998887,8965.0
1789885176,50,GET,GET /api/v1/reservas/{id},5.900000,0.000000,5,5,6,6,7,7,7,10,10,10,10,16881,0,5,6.249746700341882,3.0284199965535663,1521.0046399952262,442.0
1789885176,50,POST,POST /api/v1/auth/login,0.000000,0.000000,0,0,0,0,0,0,0,0,0,0,0,50,0,1300.0,1369.1218887201103,628.633758999058,2104.1982940005255,1622.0
1789885176,50,POST,POST /api/v1/auth/refresh,0.000000,0.000000,0,0,0,0,0,0,0,0,0,0,0,150,0,25,28.633832166863915,18.447431997628883,82.49066000280436,1622.0
1789885176,50,,Aggregated,25.100000,0.000000,6,7,7,7,8,9,11,12,17,17,17,67986,0,6,9.032679299712157,3.0284199965535663,2104.1982940005255,6827.128041067279
1789885177,50,GET,GET /api/v1/reservas,19.700000,0.000000,6,7,7,8,9,11,12,14,17,17,17,50923,0,7,8.561677733847425,4.633864002244081,1957.275683998887,8965.0
1789885177,50,GET,GET /api/v1/reservas/{id},5.500000,0.000000,5,5,6,6,7,7,7,10,10,10,10,16889,0,5,6.24887278675314,3.0284199965535663,1521.0046399952262,442.0
1789885177,50,POST,POST /api/v1/auth/login,0.000000,0.000000,0,0,0,0,0,0,0,0,0,0,0,50,0,1300.0,1369.1218887201103,628.633758999058,2104.1982940005255,1622.0
1789885177,50,POST,POST /api/v1/auth/refresh,0.000000,0.000000,0,0,0,0,0,0,0,0,0,0,0,150,0,25,28.633832166863915,18.447431997628883,82.49066000280436,1622.0
1789885177,50,,Aggregated,25.200000,0.000000,6,7,7,7,8,10,12,12,17,17,17,68012,0,6,9.03185756921166,3.0284199965535663,2104.1982940005255,6826.942789507734
1789885178,50,GET,GET /api/v1/reservas,19.400000,0.000000,7,7,7,8,9,11,12,14,17,17,17,50941,0,7,8.561134500494457,4.633864002244081,1957.275683998887,8965.0
1789885178,50,GET,GET /api/v1/reservas/{id},5.700000,0.000000,5,6,6,6,7,7,9,10,10,10,10,16899,0,5,6.248358261996687,3.0284199965535663,1521.0046399952262,442.0
1789885178,50,POST,POST /api/v1/auth/login,0.000000,0.000000,0,0,0,0,0,0,0,0,0,0,0,50,0,1300.0,1369.1218887201103,628.633758999058,2104.1982940005255,1622.0
1789885178,50,POST,POST /api/v1/auth/refresh,0.000000,0.000000,0,0,0,0,0,0,0,0,0,0,0,150,0,25,28.633832166863915,18.447431997628883,82.49066000280436,1622.0
1789885178,50,,Aggregated,25.100000,0.000000,6,7,7,7,9,10,12,12,17,17,17,68040,0,6,9.030789654911924,3.0284199965535663,2104.1982940005255,6826.5700029394475
1789885179,50,GET,GET /api/v1/reservas,19.400000,0.000000,7,7,7,8,9,10,12,14,17,17,17,50961,0,7,8.560116224125773,4.633864002244081,1957.275683998887,8965.0
1789885179,50,GET,GET /api/v1/reservas/{id},6.100000,0.000000,5,5,6,6,6,7,9,10,10,10,10,16905,0,5,6.247764116975655,3.0284199965535663,1521.0046399952262,442.0
1789885179,50,POST,POST /api/v1/auth/login,0.000000,0.000000,0,0,0,0,0,0,0,0,0,0,0,50,0,1300.0,1369.1218887201103,628.633758999058,2104.1982940005255,1622.0
1789885179,50,POST,POST /api/v1/auth/refresh,0.000000,0.000000,0,0,0,0,0,0,0,0,0,0,0,150,0,25,28.633832166863915,18.447431997628883,82.49066000280436,1622.0
1789885179,50,,Aggregated,25.500000,0.000000,6,7,7,7,8,10,11,12,17,17,17,68066,0,6,9.029496438106898,3.0284199965535663,2104.1982940005255,6826.635544912291
1789885180,50,GET,GET /api/v1/reservas,18.800000,0.000000,6,7,7,7,9,10,12,13,17,17,17,50984,0,7,8.559325214276521,4.633864002244081,1957.275683998887,8965.0
1789885180,50,GET,GET /api/v1/reservas/{id},6.700000,0.000000,5,5,6,6,6,7,9,10,10,10,10,16909,0,5,6.247463242383591,3.0284199965535663,1521.0046399952262,442.0
1789885180,50,POST,POST /api/v1/auth/login,0.000000,0.000000,0,0,0,0,0,0,0,0,0,0,0,50,0,1300.0,1369.1218887201103,628.633758999058,2104.1982940005255,1622.0
1789885180,50,POST,POST /api/v1/auth/refresh,0.000000,0.000000,0,0,0,0,0,0,0,0,0,0,0,150,0,25,28.633832166863915,18.447431997628883,82.49066000280436,1622.0
1789885180,50,,Aggregated,25.500000,0.000000,6,7,7,7,8,10,11,12,17,17,17,68093,0,6,9.028507511068328,3.0284199965535663,2104.1982940005255,6826.98277355969
1789885181,50,GET,GET /api/v1/reservas,18.300000,0.000000,7,7,7,8,9,10,12,13,17,17,17,51001,0,7,8.558782951484483,4.633864002244081,1957.275683998887,8965.0
1789885181,50,GET,GET /api/v1/reservas/{id},6.800000,0.000000,5,6,6,6,7,7,9,10,10,10,10,16917,0,5,6.247250536588772,3.0284199965535663,1521.0046399952262,442.0
1789885181,50,POST,POST /api/v1/auth/login,0.000000,0.000000,0,0,0,0,0,0,0,0,0,0,0,50,0,1300.0,1369.1218887201103,628.633758999058,2104.1982940005255,1622.0
1789885181,50,POST,POST /api/v1/auth/refresh,0.000000,0.000000,0,0,0,0,0,0,0,0,0,0,0,150,0,25,28.633832166863915,18.447431997628883,82.49066000280436,1622.0
1789885181,50,,Aggregated,25.100000,0.000000,6,7,7,7,9,10,11,12,17,17,17,68118,0,6,9.027604978084643,3.0284199965535663,2104.1982940005255,6826.76647875745
1789885182,50,GET,GET /api/v1/reservas,17.900000,0.000000,6,7,7,7,9,9,11,12,13,13,13,51015,0,7,8.55814396780682,4.633864002244081,1957.275683998887,8965.0
1789885182,50,GET,GET /api/v1/reservas/{id},6.700000,0.000000,5,5,6,6,6,7,9,10,10,10,10,16923,0,5,6.246772969950377,3.0284199965535663,1521.0046399952262,442.0
1789885182,50,POST,POST /api/v1/auth/login,0.000000,0.000000,0,0,0,0,0,0,0,0,0,0,0,50,0,1300.0,1369.1218887201103,628.633758999058,2104.1982940005255,1622.0
1789885182,50,POST,POST /api/v1/auth/refresh,0.000000,0.000000,0,0,0,0,0,0,0,0,0,0,0,150,0,25,28.633832166863915,18.447431997628883,82.49066000280436,1622.0
1789885182,50,,Aggregated,24.600000,0.000000,6,7,7,7,8,9,11,12,13,13,13,68138,0,6,9.02666680485445,3.0284199965535663,2104.1982940005255,6826.643590947782
1789885183,50,GET,GET /api/v1/reservas,18.800000,0.000000,6,7,7,8,10,11,13,14,18,18,18,51042,0,7,8.558475129279275,4.633864002244081,1957.275683998887,8965.0
1789885183,50,GET,GET /api/v1/reservas/{id},7.300000,0.000000,5,6,6,6,7,9,10,11,11,11,11,16927,0,5,6.247187022359128,3.0284199965535663,1521.0046399952262,442.0
1789885183,50,POST,POST /api/v1/auth/login,0.000000,0.000000,0,0,0,0,0,0,0,0,0,0,0,50,0,1300.0,1369.1218887201103,628.633758999058,2104.1982940005255,1622.0
1789885183,50,POST,POST /api/v1/auth/refresh,0.000000,0.000000,0,0,0,0,0,0,0,0,0,0,0,150,0,25,28.633832166863915,18.447431997628883,82.49066000280436,1622.0
1789885183,50,,Aggregated,26.100000,0.000000,6,7,7,7,9,11,12,14,18,18,18,68169,0,6,9.026668889629935,3.0284199965535663,2104.1982940005255,6827.115903123121
1789885184,50,GET,GET /api/v1/reservas,17.500000,0.000000,7,7,7,8,10,11,13,14,18,18,18,51058,0,7,8.557799585229791,4.633864002244081,1957.275683998887,8965.0
1789885184,50,GET,GET /api/v1/reservas/{id},7.400000,0.000000,5,5,6,6,7,8,9,11,11,11,11,16932,0,5,6.24656253581804,3.0284199965535663,1521.0046399952262,442.0
1789885184,50,POST,POST /api/v1/auth/login,0.000000,0.000000,0,0,0,0,0,0,0,0,0,0,0,50,0,1300.0,1369.1218887201103,628.633758999058,2104.1982940005255,1622.0
1789885184,50,POST,POST /api/v1/auth/refresh,0.000000,0.000000,0,0,0,0,0,0,0,0,0,0,0,150,0,25,28.633832166863915,18.447431997628883,82.49066000280436,1622.0
1789885184,50,,Aggregated,24.900000,0.000000,6,7,7,7,9,11,12,14,18,18,18,68190,0,6,9.025694344334523,3.0284199965535663,2104.1982940005255,6827.149347411644
1789885185,50,GET,GET /api/v1/reservas,18.700000,0.000000,7,7,8,8,10,11,13,14,18,18,18,51077,0,7,8.557153673701999,4.633864002244081,1957.275683998887,8965.0
1789885185,50,GET,GET /api/v1/reservas/{id},7.000000,0.000000,5,5,6,6,7,8,9,11,11,11,11,16941,0,5,6.245724964256858,3.0284199965535663,1521.0046399952262,442.0
1789885185,50,POST,POST /api/v1/auth/login,0.000000,0.000000,0,0,0,0,0,0,0,0,0,0,0,50,0,1300.0,1369.1218887201103,628.633758999058,2104.1982940005255,1622.0
1789885185,50,POST,POST /api/v1/auth/refresh,0.000000,0.000000,0,0,0,0,0,0,0,0,0,0,0,150,0,25,28.633832166863915,18.447431997628883,82.49066000280436,1622.0
1789885185,50,,Aggregated,25.700000,0.000000,6,7,7,8,9,11,12,14,18,18,18,68218,0,6,9.024505762001079,3.0284199965535663,2104.1982940005255,6826.902386466915
1789885186,50,GET,GET /api/v1/reservas,18.500000,0.000000,6,7,7,8,9,11,13,14,18,18,18,51093,0,7,8.556399632233084,4.633864002244081,1957.275683998887,8965.0
1789885186,50,GET,GET /api/v1/reservas/{id},6.400000,0.000000,5,5,6,6,7,8,9,11,11,11,11,16951,0,5,6.244746325553582,3.0284199965535663,1521.0046399952262,442.0
1789885186,50,POST,POST /api/v1/auth/login,0.000000,0.000000,0,0,0,0,0,0,0,0,0,0,0,50,0,1300.0,1369.1218887201103,628.633758999058,2104.1982940005255,1622.0
1789885186,50,POST,POST /api/v1/auth/refresh,0.000000,0.000000,0,0,0,0,0,0,0,0,0,0,0,150,0,25,28.633832166863915,18.447431997628883,82.49066000280436,1622.0
1789885186,50,,Aggregated,24.900000,0.000000,6,7,7,7,9,11,12,14,18,18,18,68244,0,6,9.023181387890226,3.0284199965535663,2104.1982940005255,6826.46807045308
1789885187,50,GET,GET /api/v1/reservas,18.300000,0.000000,6,7,7,8,10,11,13,14,18,18,18,51111,0,7,8.556122994359313,4.633864002244081,1957.275683998887,8965.0
1789885187,50,GET,GET /api/v1/reservas/{id},7.000000,0.000000,5,5,6,6,7,8,9,11,11,11,11,16956,0,5,6.244444462164406,3.0284199965535663,1521.0046399952262,442.0
1789885187,50,POST,POST /api/v1/auth/login,0.000000,0.000000,0,0,0,0,0,0,0,0,0,0,0,50,0,1300.0,1369.1218887201103,628.633758999058,2104.1982940005255,1622.0
1789885187,50,POST,POST /api/v1/auth/refresh,0.000000,0.000000,0,0,0,0,0,0,0,0,0,0,0,150,0,25,28.633832166863915,18.447431997628883,82.49066000280436,1622.0
1789885187,50,,Aggregated,25.300000,0.000000,6,7,7,7,9,11,12,14,18,18,18,68267,0,6,9.022572720731768,3.0284199965535663,2104.1982940005255,6826.564328299179
1789885188,50,GET,GET /api/v1/reservas,18.700000,0.000000,7,7,8,8,10,11,13,14,18,18,18,51135,0,7,8.555516524430182,4.633864002244081,1957.275683998887,8965.0
1789885188,50,GET,GET /api/v1/reservas/{id},7.200000,0.000000,5,5,6,6,7,8,9,11,11,11,11,16964,0,5,6.2438240801384595,3.0284199965535663,1521.0046399952262,442.0
1789885188,50,POST,POST /api/v1/auth/login,0.000000,0.000000,0,0,0,0,0,0,0,0,0,0,0,50,0,1300.0,1369.1218887201103,628.633758999058,2104.1982940005255,1622.0
1789885188,50,POST,POST /api/v1/auth/refresh,0.000000,0.000000,0,0,0,0,0,0,0,0,0,0,0,150,0,25,28.633832166863915,18.447431997628883,82.49066000280436,1622.0
1789885188,50,,Aggregated,25.900000,0.000000,6,7,7,8,9,11,12,14,18,18,18,68299,0,6,9.021475254882843,3.0284199965535663,2104.1982940005255,6826.567929252258
1789885189,50,GET,GET /api/v1/reservas,18.200000,0.000000,7,7,8,8,10,11,12,14,18,18,18,51150,0,7,8.554777221832486,4.633864002244081,1957.275683998887,8965.0
1789885189,50,GET,GET /api/v1/reservas/{id},6.800000,0.000000,5,5,6,6,7,8,9,11,11,11,11,16966,0,5,6.243510215281842,3.0284199965535663,1521.0046399952262,442.0
1789885189,50,POST,POST /api/v1/auth/login,0.000000,0.000000,0,0,0,0,0,0,0,0,0,0,0,50,0,1300.0,1369.1218887201103,628.633758999058,2104.1982940005255,1622.0
1789885189,50,POST,POST /api/v1/auth/refresh,0.000000,0.000000,0,0,0,0,0,0,0,0,0,0,0,150,0,25,28.633832166863915,18.447431997628883,82.49066000280436,1622.0
1789885189,50,,Aggregated,25.000000,0.000000,6,7,7,8,9,11,12,14,18,18,18,68316,0,6,9.020660145064708,3.0284199965535663,2104.1982940005255,6826.85054745594
1789885190,50,GET,GET /api/v1/reservas,19.100000,0.000000,7,7,8,8,10,11,12,14,18,18,18,51170,0,7,8.554164869293128,4.633864002244081,1957.275683998887,8965.0
1789885190,50,GET,GET /api/v1/reservas/{id},6.300000,0.000000,5,5,5,6,7,8,9,11,11,11,11,16971,0,5,6.2429983691284265,3.0284199965535663,1521.0046399952262,442.0
1789885190,50,POST,POST /api/v1/auth/login,0.000000,0.000000,0,0,0,0,0,0,0,0,0,0,0,50,0,1300.0,1369.1218887201103,628.633758999058,2104.1982940005255,1622.0
1789885190,50,POST,POST /api/v1/auth/refresh,0.000000,0.000000,0,0,0,0,0,0,0,0,0,0,0,150,0,25,28.633832166863915,18.447431997628883,82.49066000280436,1622.0
1789885190,50,,Aggregated,25.400000,0.000000,6,7,7,8,9,11,12,14,18,18,18,68341,0,6,9.019735019172167,3.0284199965535663,2104.1982940005255,6827.009145315404
1789885191,50,GET,GET /api/v1/reservas,18.700000,0.000000,7,7,8,8,10,11,14,18,20,20,20,51184,0,7,8.553959357508804,4.633864002244081,1957.275683998887,8965.0
1789885191,50,GET,GET /api/v1/reservas/{id},6.300000,0.000000,5,5,5,6,7,8,9,11,11,11,11,16980,0,5,6.242363703915289,3.0284199965535663,1521.0046399952262,442.0
1789885191,50,POST,POST /api/v1/auth/login,0.000000,0.000000,0,0,0,0,0,0,0,0,0,0,0,50,0,1300.0,1369.1218887201103,628.633758999058,2104.1982940005255,1622.0
1789885191,50,POST,POST /api/v1/auth/refresh,0.000000,0.000000,0,0,0,0,0,0,0,0,0,0,0,150,0,25,28.633832166863915,18.447431997628883,82.49066000280436,1622.0
1789885191,50,,Aggregated,25.000000,0.000000,6,7,7,8,9,11,12,14,20,20,20,68364,0,6,9.018962622260972,3.0284199965535663,2104.1982940005255,6826.606401029781
1789885192,50,GET,GET /api/v1/reservas,19.400000,0.000000,6,7,7,7,8,10,11,12,20,20,20,51207,0,7,8.552761210512687,4.633864002244081,1957.275683998887,8965.0
1789885192,50,GET,GET /api/v1/reservas/{id},6.000000,0.000000,5,5,5,5,6,7,8,13,13,13,13,16989,0,5,6.24198056080425,3.0284199965535663,1521.0046399952262,442.0
1789885192,50,POST,POST /api/v1/auth/login,0.000000,0.000000,0,0,0,0,0,0,0,0,0,0,0,50,0,1300.0,1369.1218887201103,628.633758999058,2104.1982940005255,1622.0
1789885192,50,POST,POST /api/v1/auth/refresh,0.000000,0.000000,0,0,0,0,0,0,0,0,0,0,0,150,0,25,28.633832166863915,18.447431997628883,82.49066000280436,1622.0
1789885192,50,,Aggregated,25.400000,0.000000,6,7,7,7,8,10,11,12,20,20,20,68396,0,6,9.017448685818811,3.0284199965535663,2104.1982940005255,6826.4853646412075
1789885193,50,GET,GET /api/v1/reservas,18.000000,0.000000,7,7,7,8,9,10,11,15,20,20,20,51222,0,7,8.552732089506836,4.633864002244081,1957.275683998887,8965.0
1789885193,50,GET,GET /api/v1/reservas/{id},6.200000,0.000000,5,5,5,6,7,7,8,13,13,13,13,16995,0,5,6.241689813209952,3.0284199965535663,1521.0046399952262,442.0
1789885193,50,POST,POST /api/v1/auth/login,0.000000,0.000000,0,0,0,0,0,0,0,0,0,0,0,50,0,1300.0,1369.1218887201103,628.633758999058,2104.1982940005255,1622.0
1789885193,50,POST,POST /api/v1/auth/refresh,0.000000,0.000000,0,0,0,0,0,0,0,0,0,0,0,150,0,25,28.633832166863915,18.447431997628883,82.49066000280436,1622.0
1789885193,50,,Aggregated,24.200000,0.000000,6,7,7,7,8,10,11,13,20,20,20,68417,0,6,9.01700937961704,3.0284199965535663,2104.1982940005255,6826.394317201865
1789885194,50,GET,GET /api/v1/reservas,19.300000,0.000000,7,7,7,8,9,10,11,15,20,20,20,51242,0,7,8.551746845589996,4.633864002244081,1957.275683998887,8965.0
1789885194,50,GET,GET /api/v1/reservas/{id},6.600000,0.000000,5,5,5,5,7,7,8,13,13,13,13,17000,0,5,6.241043980323679,3.0284199965535663,1521.0046399952262,442.0
1789885194,50,POST,POST /api/v1/auth/login,0.000000,0.000000,0,0,0,0,0,0,0,0,0,0,0,50,0,1300.0,1369.1218887201103,628.633758999058,2104.1982940005255,1622.0
1789885194,50,POST,POST /api/v1/auth/refresh,0.000000,0.000000,0,0,0,0,0,0,0,0,0,0,0,150,0,25,28.633832166863915,18.447431997628883,82.49066000280436,1622.0
1789885194,50,,Aggregated,25.900000,0.000000,6,7,7,7,8,10,11,13,20,20,20,68442,0,6,9.015772899509976,3.0284199965535663,2104.1982940005255,6826.552847666638
1789885195,50,GET,GET /api/v1/reservas,18.200000,0.000000,7,7,7,8,9,10,11,15,20,20,20,51258,0,7,8.551053893103848,4.633864002244081,1957.275683998887,8965.0
1789885195,50,GET,GET /api/v1/reservas/{id},6.700000,0.000000,5,5,5,5,7,7,8,13,13,13,13,17009,0,5,6.239933090334526,3.0284199965535663,1521.0046399952262,442.0
1789885195,50,POST,POST /api/v1/auth/login,0.000000,0.000000,0,0,0,0,0,0,0,0,0,0,0,50,0,1300.0,1369.1218887201103,628.633758999058,2104.1982940005255,1622.0
1789885195,50,POST,POST /api/v1/auth/refresh,0.000000,0.000000,0,0,0,0,0,0,0,0,0,0,0,150,0,25,28.633832166863915,18.447431997628883,82.49066000280436,1622.0
1789885195,50,,Aggregated,24.900000,0.000000,6,7,7,7,8,10,11,13,20,20,20,68467,0,6,9.014504968046701,3.0284199965535663,2104.1982940005255,6826.213329049031
1789885196,50,GET,GET /api/v1/reservas,18.700000,0.000000,6,7,7,8,9,10,11,15,20,20,20,51281,0,7,8.54995507037153,4.633864002244081,1957.275683998887,8965.0
1789885196,50,GET,GET /api/v1/reservas/{id},6.700000,0.000000,4,5,5,5,7,7,8,13,13,13,13,17011,0,5,6.23965778616775,3.0284199965535663,1521.0046399952262,442.0
1789885196,50,POST,POST /api/v1/auth/login,0.000000,0.000000,0,0,0,0,0,0,0,0,0,0,0,50,0,1300.0,1369.1218887201103,628.633758999058,2104.1982940005255,1622.0
1789885196,50,POST,POST /api/v1/auth/refresh,0.000000,0.000000,0,0,0,0,0,0,0,0,0,0,0,150,0,25,28.633832166863915,18.447431997628883,82.49066000280436,1622.0
1789885196,50,,Aggregated,25.400000,0.000000,6,7,7,7,8,10,11,13,20,20,20,68492,0,6,9.013377238586381,3.0284199965535663,2104.1982940005255,6826.745123518075
1789885197,50,GET,GET /api/v1/reservas,18.400000,0.000000,6,7,7,7,8,9,11,15,20,20,20,51301,0,7,8.549336643529724,4.633864002244081,1957.275683998887,8965.0
1789885197,50,GET,GET /api/v1/reservas/{id},6.600000,0.000000,4,5,5,5,6,7,8,13,13,13,13,17017,0,5,6.2390149727629804,3.0284199965535663,1521.0046399952262,442.0
1789885197,50,POST,POST /api/v1/auth/login,0.000000,0.000000,0,0,0,0,0,0,0,0,0,0,0,50,0,1300.0,1369.1218887201103,628.633758999058,2104.1982940005255,1622.0
1789885197,50,POST,POST /api/v1/auth/refresh,0.000000,0.000000,0,0,0,0,0,0,0,0,0,0,0,150,0,25,28.633832166863915,18.447431997628883,82.49066000280436,1622.0
1789885197,50,,Aggregated,25.000000,0.000000,6,6,7,7,8,9,11,13,20,20,20,68518,0,6,9.01237640039497,3.0284199965535663,2104.1982940005255,6826.810166671532
1789885198,50,GET,GET /api/v1/reservas,18.500000,0.000000,6,7,7,8,8,10,11,15,20,20,20,51322,0,7,8.548962180112996,4.633864002244081,1957.275683998887,8965.0
1789885198,50,GET,GET /api/v1/reservas/{id},6.000000,0.000000,4,5,5,5,6,7,8,13,13,13,13,17021,0,5,6.238754600699474,3.0284199965535663,1521.0046399952262,442.0
1789885198,50,POST,POST /api/v1/auth/login,0.000000,0.000000,0,0,0,0,0,0,0,0,0,0,0,50,0,1300.0,1369.1218887201103,628.633758999058,2104.1982940005255,1622.0
1789885198,50,POST,POST /api/v1/auth/refresh,0.000000,0.000000,0,0,0,0,0,0,0,0,0,0,0,150,0,25,28.633832166863915,18.447431997628883,82.49066000280436,1622.0
1789885198,50,,Aggregated,24.500000,0.000000,6,7,7,7,8,9,11,13,20,20,20,68543,0,6,9.01172765019479,3.0284199965535663,2104.1982940005255,6827.092657164116
1789885199,50,GET,GET /api/v1/reservas,19.000000,0.000000,6,7,7,7,8,10,11,15,20,20,20,51342,0,7,8.54800900145634,4.633864002244081,1957.275683998887,8965.0
1789885199,50,GET,GET /api/v1/reservas/{id},6.200000,0.000000,4,5,5,5,6,7,8,13,13,13,13,17025,0,5,6.238441333773792,3.0284199965535663,1521.0046399952262,442.0
1789885199,50,POST,POST /api/v1/auth/login,0.000000,0.000000,0,0,0,0,0,0,0,0,0,0,0,50,0,1300.0,1369.1218887201103,628.633758999058,2104.1982940005255,1622.0
1789885199,50,POST,POST /api/v1/auth/refresh,0.000000,0.000000,0,0,0,0,0,0,0,0,0,0,0,150,0,25,28.633832166863915,18.447431997628883,82.49066000280436,1622.0
1789885199,50,,Aggregated,25.200000,0.000000,6,7,7,7,8,9,11,13,20,20,20,68567,0,6,9.01063939097972,3.0284199965535663,2104.1982940005255,6827.343765951551
1789885200,50,GET,GET /api/v1/reservas,19.200000,0.000000,6,7,7,8,9,10,13,16,20,20,20,51360,0,7,8.547721368433706,4.633864002244081,1957.275683998887,8965.0
1789885200,50,GET,GET /api/v1/reservas/{id},6.100000,0.000000,5,5,5,6,7,7,8,13,13,13,13,17031,0,5,6.238118641917707,3.0284199965535663,1521.0046399952262,442.0
1789885200,50,POST,POST /api/v1/auth/login,0.000000,0.000000,0,0,0,0,0,0,0,0,0,0,0,50,0,1300.0,1369.1218887201103,628.633758999058,2104.1982940005255,1622.0
1789885200,50,POST,POST /api/v1/auth/refresh,0.000000,0.000000,0,0,0,0,0,0,0,0,0,0,0,150,0,25,28.633832166863915,18.447431997628883,82.49066000280436,1622.0
1789885200,50,,Aggregated,25.300000,0.000000,6,7,7,7,8,10,13,15,20,20,20,68591,0,6,9.009979987670281,3.0284199965535663,2104.1982940005255,6827.346182443761
1789885201,50,GET,GET /api/v1/reservas,19.400000,0.000000,6,7,7,8,8,10,13,15,16,16,16,51386,0,7,8.546755716202183,4.633864002244081,1957.275683998887,8965.0
1789885201,50,GET,GET /api/v1/reservas/{id},5.800000,0.000000,5,5,5,5,6,7,7,7,7,7,7,17035,0,5,6.237837536982349,3.0284199965535663,1521.0046399952262,442.0
1789885201,50,POST,POST /api/v1/auth/login,0.000000,0.000000,0,0,0,0,0,0,0,0,0,0,0,50,0,1300.0,1369.1218887201103,628.633758999058,2104.1982940005255,1622.0
1789885201,50,POST,POST /api/v1/auth/refresh,0.000000,0.000000,0,0,0,0,0,0,0,0,0,0,0,150,0,25,28.633832166863915,18.447431997628883,82.49066000280436,1622.0
1789885201,50,,Aggregated,25.200000,0.000000,6,7,7,7,8,10,12,13,16,16,16,68621,0,6,9.008850365577537,3.0284199965535663,2104.1982940005255,6827.78391454511
1789885202,50,GET,GET /api/v1/reservas,18.700000,0.000000,6,7,7,7,8,10,12,13,16,16,16,51407,0,7,8.54593281472899,4.633864002244081,1957.275683998887,8965.0
1789885202,50,GET,GET /api/v1/reservas/{id},6.200000,0.000000,5,5,5,5,6,7,22,22,22,22,22,17041,0,5,6.238292695117182,3.0284199965535663,1521.0046399952262,442.0
1789885202,50,POST,POST /api/v1/auth/login,0.000000,0.000000,0,0,0,0,0,0,0,0,0,0,0,50,0,1300.0,1369.1218887201103,628.633758999058,2104.1982940005255,1622.0
1789885202,50,POST,POST /api/v1/auth/refresh,0.000000,0.000000,0,0,0,0,0,0,0,0,0,0,0,150,0,25,28.633832166863915,18.447431997628883,82.49066000280436,1622.0
1789885202,50,,Aggregated,24.900000,0.000000,6,7,7,7,8,10,12,13,22,22,22,68648,0,6,9.007963571922005,3.0284199965535663,2104.1982940005255,6827.879574058968
1789885203,50,GET,GET /api/v1/reservas,19.700000,0.000000,6,7,7,8,9,10,12,13,16,16,16,51425,0,7,8.545652666130813,4.633864002244081,1957.275683998887,8965.0
1789885203,50,GET,GET /api/v1/reservas/{id},5.600000,0.000000,5,5,5,5,6,7,22,22,22,22,22,17044,0,5,6.238036957726776,3.0284199965535663,1521.0046399952262,442.0
1789885203,50,POST,POST /api/v1/auth/login,0.000000,0.000000,0,0,0,0,0,0,0,0,0,0,0,50,0,1300.0,1369.1218887201103,628.633758999058,2104.1982940005255,1622.0
1789885203,50,POST,POST /api/v1/auth/refresh,0.000000,0.000000,0,0,0,0,0,0,0,0,0,0,0,150,0,25,28.633832166863915,18.447431997628883,82.49066000280436,1622.0
1789885203,50,,Aggregated,25.300000,0.000000,6,7,7,7,8,10,12,13,22,22,22,68669,0,6,9.007448186580685,3.0284199965535663,2104.1982940005255,6828.160785798541
1789885204,50,GET,GET /api/v1/reservas,19.800000,0.000000,6,7,7,8,9,10,12,13,16,16,16,51445,0,7,8.544973168874998,4.633864002244081,1957.275683998887,8965.0
1789885204,50,GET,GET /api/v1/reservas/{id},5.100000,0.000000,5,5,5,6,6,7,22,22,22,22,22,17050,0,5,6.23768798413511,3.0284199965535663,1521.0046399952262,442.0
1789885204,50,POST,POST /api/v1/auth/login,0.000000,0.000000,0,0,0,0,0,0,0,0,0,0,0,50,0,1300.0,1369.1218887201103,628.633758999058,2104.1982940005255,1622.0
1789885204,50,POST,POST /api/v1/auth/refresh,0.000000,0.000000,0,0,0,0,0,0,0,0,0,0,0,150,0,25,28.633832166863915,18.447431997628883,82.49066000280436,1622.0
1789885204,50,,Aggregated,24.900000,0.000000,6,7,7,7,9,10,12,13,22,22,22,68695,0,6,9.006476367469455,3.0284199965535663,2104.1982940005255,6828.225125554989
1789885205,50,GET,GET /api/v1/reservas,20.300000,0.000000,6,7,7,8,9,10,12,13,16,16,16,51465,0,7,8.544000332940513,4.633864002244081,1957.275683998887,8965.0
1789885205,50,GET,GET /api/v1/reservas/{id},5.100000,0.000000,5,5,5,6,6,7,22,22,22,22,22,17057,0,5,6.23705335437129,3.0284199965535663,1521.0046399952262,442.0
1789885205,50,POST,POST /api/v1/auth/login,0.000000,0.000000,0,0,0,0,0,0,0,0,0,0,0,50,0,1300.0,1369.1218887201103,628.633758999058,2104.1982940005255,1622.0
1789885205,50,POST,POST /api/v1/auth/refresh,0.000000,0.000000,0,0,0,0,0,0,0,0,0,0,0,150,0,25,28.633832166863915,18.447431997628883,82.49066000280436,1622.0
1789885205,50,,Aggregated,25.400000,0.000000,6,7,7,7,9,10,12,13,22,22,22,68722,0,6,9.005173968471974,3.0284199965535663,2104.1982940005255,6828.196487296645
1789885206,50,GET,GET /api/v1/reservas,20.100000,0.000000,6,7,7,8,9,10,12,13,16,16,16,51490,0,7,8.543091849189798,4.633864002244081,1957.275683998887,8965.0
1789885206,50,GET,GET /api/v1/reservas/{id},4.800000,0.000000,5,5,6,6,6,7,22,22,22,22,22,17060,0,5,6.236733278400429,3.0284199965535663,1521.0046399952262,442.0
1789885206,50,POST,POST /api/v1/auth/login,0.000000,0.000000,0,0,0,0,0,0,0,0,0,0,0,50,0,1300.0,1369.1218887201103,628.633758999058,2104.1982940005255,1622.0
1789885206,50,POST,POST /api/v1/auth/refresh,0.000000,0.000000,0,0,0,0,0,0,0,0,0,0,0,150,0,25,28.633832166863915,18.447431997628883,82.49066000280436,1622.0
1789885206,50,,Aggregated,24.900000,0.000000,6,7,7,7,9,10,12,13,22,22,22,68750,0,6,9.004125648077537,3.0284199965535663,2104.1982940005255,6828.694836363637
1789885207,50,GET,GET /api/v1/reservas,19.800000,0.000000,6,7,7,7,9,10,12,13,16,16,16,51503,0,7,8.542632441892264,4.633864002244081,1957.275683998887,8965.0
1789885207,50,GET,GET /api/v1/reservas/{id},5.100000,0.000000,5,5,6,6,6,7,22,22,22,22,22,17063,0,5,6.236468066548285,3.0284199965535663,1521.0046399952262,442.0
1789885207,50,POST,POST /api/v1/auth/login,0.000000,0.000000,0,0,0,0,0,0,0,0,0,0,0,50,0,1300.0,1369.1218887201103,628.633758999058,2104.1982940005255,1622.0
1789885207,50,POST,POST /api/v1/auth/refresh,0.000000,0.000000,0,0,0,0,0,0,0,0,0,0,0,150,0,25,28.633832166863915,18.447431997628883,82.49066000280436,1622.0
1789885207,50,,Aggregated,24.900000,0.000000,6,7,7,7,8,10,12,13,22,22,22,68766,0,6,9.003507875044749,3.0284199965535663,2104.1982940005255,6828.820070965303
1789885208,50,GET,GET /api/v1/reservas,20.600000,0.000000,6,7,7,8,9,11,13,15,16,16,16,51520,0,7,8.54266797107456,4.633864002244081,1957.275683998887,8965.0
1789885208,50,GET,GET /api/v1/reservas/{id},5.000000,0.000000,5,5,6,6,8,9,22,22,22,22,22,17072,0,5,6.236641517661229,3.0284199965535663,1521.0046399952262,442.0
1789885208,50,POST,POST /api/v1/auth/login,0.000000,0.000000,0,0,0,0,0,0,0,0,0,0,0,50,0,1300.0,1369.1218887201103,628.633758999058,2104.1982940005255,1622.0
1789885208,50,POST,POST /api/v1/auth/refresh,0.000000,0.000000,0,0,0,0,0,0,0,0,0,0,0,150,0,25,28.633832166863915,18.447431997628883,82.49066000280436,1622.0
1789885208,50,,Aggregated,25.600000,0.000000,6,7,7,7,9,11,13,15,22,22,22,68792,0,6,9.00310162693788,3.0284199965535663,2104.1982940005255,6828.512385161065
1789885209,50,GET,GET /api/v1/reservas,20.500000,0.000000,6,7,7,8,9,11,13,15,16,16,16,51546,0,7,8.541602234950657,4.633864002244081,1957.275683998887,8965.0
1789885209,50,GET,GET /api/v1/reservas/{id},4.400000,0.000000,5,5,6,6,8,9,22,22,22,22,22,17074,0,5,6.236454610958571,3.0284199965535663,1521.0046399952262,442.0
1789885209,50,POST,POST /api/v1/auth/login,0.000000,0.000000,0,0,0,0,0,0,0,0,0,0,0,50,0,1300.0,1369.1218887201103,628.633758999058,2104.1982940005255,1622.0
1789885209,50,POST,POST /api/v1/auth/refresh,0.000000,0.000000,0,0,0,0,0,0,0,0,0,0,0,150,0,25,28.633832166863915,18.447431997628883,82.49066000280436,1622.0
1789885209,50,,Aggregated,24.900000,0.000000,6,7,7,8,9,11,13,15,22,22,22,68820,0,6,9.002002674968182,3.0284199965535663,2104.1982940005255,6829.13394362104
1789885210,50,GET,GET /api/v1/reservas,19.500000,0.000000,6,7,7,8,9,10,12,13,15,15,15,51561,0,7,8.54098453611762,4.633864002244081,1957.275683998887,8965.0
1789885210,50,GET,GET /api/v1/reservas/{id},5.000000,0.000000,5,5,5,6,8,9,22,22,22,22,22,17079,0,5,6.235883967240465,3.0284199965535663,1521.0046399952262,442.0
1789885210,50,POST,POST /api/v1/auth/login,0.000000,0.000000,0,0,0,0,0,0,0,0,0,0,0,50,0,1300.0,1369.1218887201103,628.633758999058,2104.1982940005255,1622.0
1789885210,50,POST,POST /api/v1/auth/refresh,0.000000,0.000000,0,0,0,0,0,0,0,0,0,0,0,150,0,25,28.633832166863915,18.447431997628883,82.49066000280436,1622.0
1789885210,50,,Aggregated,24.500000,0.000000,6,7,7,8,9,10,12,13,22,22,22,68840,0,6,9.001097257470912,3.0284199965535663,2104.1982940005255,6829.135429982568
1789885211,50,GET,GET /api/v1/reservas,20.000000,0.000000,7,7,7,8,9,10,12,15,20,20,20,51577,0,7,8.540777221761143,4.633864002244081,1957.275683998887,8965.0
1789885211,50,GET,GET /api/v1/reservas/{id},5.200000,0.000000,5,5,5,6,7,9,11,11,11,11,11,17086,0,5,6.235346165193245,3.0284199965535663,1521.0046399952262,442.0
1789885211,50,POST,POST /api/v1/auth/login,0.000000,0.000000,0,0,0,0,0,0,0,0,0,0,0,50,0,1300.0,1369.1218887201103,628.633758999058,2104.1982940005255,1622.0
1789885211,50,POST,POST /api/v1/auth/refresh,0.000000,0.000000,0,0,0,0,0,0,0,0,0,0,0,150,0,25,28.633832166863915,18.447431997628883,82.49066000280436,1622.0
1789885211,50,,Aggregated,25.200000,0.000000,6,7,7,8,9,10,11,13,20,20,20,68863,0,6,9.000420553944844,3.0284199965535663,2104.1982940005255,6828.982428880531
1789885212,50,GET,GET /api/v1/reservas,20.400000,0.000000,7,7,8,8,9,11,15,16,20,20,20,51597,0,7,8.540535464557353,4.633864002244081,1957.275683998887,8965.0
1789885212,50,GET,GET /api/v1/reservas/{id},4.700000,0.000000,5,5,5,5,7,9,11,11,11,11,11,17091,0,5,6.234782850124904,3.0284199965535663,1521.0046399952262,442.0
1789885212,50,POST,POST /api/v1/auth/login,0.000000,0.000000,0,0,0,0,0,0,0,0,0,0,0,50,0,1300.0,1369.1218887201103,628.633758999058,2104.1982940005255,1622.0
1789885212,50,POST,POST /api/v1/auth/refresh,0.000000,0.000000,0,0,0,0,0,0,0,0,0,0,0,150,0,25,28.633832166863915,18.447431997628883,82.49066000280436,1622.0
1789885212,50,,Aggregated,25.100000,0.000000,6,7,7,8,9,10,13,15,20,20,20,68888,0,6,8.99976558061328,3.0284199965535663,2104.1982940005255,6829.138993728951
1789885213,50,GET,GET /api/v1/reservas,19.500000,0.000000,7,7,8,8,9,10,15,16,20,20,20,51616,0,7,8.539768744900178,4.633864002244081,1957.275683998887,8965.0
1789885213,50,GET,GET /api/v1/reservas/{id},5.100000,0.000000,5,5,5,5,6,9,9,11,11,11,11,17097,0,5,6.234263931946313,3.0284199965535663,1521.0046399952262,442.0
1789885213,50,POST,POST /api/v1/auth/login,0.000000,0.000000,0,0,0,0,0,0,0,0,0,0,0,50,0,1300.0,1369.1218887201103,628.633758999058,2104.1982940005255,1622.0
1789885213,50,POST,POST /api/v1/auth/refresh,0.000000,0.000000,0,0,0,0,0,0,0,0,0,0,0,150,0,25,28.633832166863915,18.447431997628883,82.49066000280436,1622.0
1789885213,50,,Aggregated,24.600000,0.000000,6,7,7,8,9,10,13,15,20,20,20,68913,0,6,8.998695213418236,3.0284199965535663,2104.1982940005255,6829.1717673008
1789885214,50,GET,GET /api/v1/reservas,19.300000,0.000000,7,7,8,8,9,10,15,16,20,20,20,51641,0,7,8.53909012143083,4.633864002244081,1957.275683998887,8965.0
1789885214,50,GET,GET /api/v1/reservas/{id},5.100000,0.000000,5,5,5,5,8,9,11,11,11,11,11,17102,0,5,6.233903319640251,3.0284199965535663,1521.0046399952262,442.0
1789885214,50,POST,POST /api/v1/auth/login,0.000000,0.000000,0,0,0,0,0,0,0,0,0,0,0,50,0,1300.0,1369.1218887201103,628.633758999058,2104.1982940005255,1622.0
1789885214,50,POST,POST /api/v1/auth/refresh,0.000000,0.000000,0,0,0,0,0,0,0,0,0,0,0,150,0,25,28.633832166863915,18.447431997628883,82.49066000280436,1622.0
1789885214,50,,Aggregated,24.400000,0.000000,6,7,7,8,9,10,13,15,20,20,20,68943,0,6,8.997730542539985,3.0284199965535663,2104.1982940005255,6829.483036711486
1789885215,50,GET,GET /api/v1/reservas,19.200000,0.000000,7,7,8,8,9,10,15,16,20,20,20,51656,0,7,8.538563535887517,4.633864002244081,1957.275683998887,8965.0
1789885215,50,GET,GET /api/v1/reservas/{id},5.300000,0.000000,5,5,5,5,8,9,11,11,11,11,11,17108,0,5,6.233415307369973,3.0284199965535663,1521.0046399952262,442.0
1789885215,50,POST,POST /api/v1/auth/login,0.000000,0.000000,0,0,0,0,0,0,0,0,0,0,0,50,0,1300.0,1369.1218887201103,628.633758999058,2104.1982940005255,1622.0
1789885215,50,POST,POST /api/v1/auth/refresh,0.000000,0.000000,0,0,0,0,0,0,0,0,0,0,0,150,0,25,28.633832166863915,18.447431997628883,82.49066000280436,1622.0
1789885215,50,,Aggregated,24.500000,0.000000,6,7,7,8,9,10,13,15,20,20,20,68964,0,6,8.996874838311705,3.0284199965535663,2104.1982940005255,6829.391798619569
1789885216,50,GET,GET /api/v1/reservas,19.200000,0.000000,7,7,8,8,9,11,15,20,26,26,26,51675,0,7,8.538247897257534,4.633864002244081,1957.275683998887,8965.0
1789885216,50,GET,GET /api/v1/reservas/{id},5.400000,0.000000,5,5,5,5,7,9,9,11,11,11,11,17115,0,5,6.232604201080499,3.0284199965535663,1521.0046399952262,442.0
1789885216,50,POST,POST /api/v1/auth/login,0.000000,0.000000,0,0,0,0,0,0,0,0,0,0,0,50,0,1300.0,1369.1218887201103,628.633758999058,2104.1982940005255,1622.0
1789885216,50,POST,POST /api/v1/auth/refresh,0.000000,0.000000,0,0,0,0,0,0,0,0,0,0,0,150,0,25,28.633832166863915,18.447431997628883,82.49066000280436,1622.0
1789885216,50,,Aggregated,24.600000,0.000000,6,7,8,8,9,10,15,16,26,26,26,68990,0,6,8.996030587814365,3.0284199965535663,2104.1982940005255,6829.33185968981
1789885217,50,GET,GET /api/v1/reservas,20.200000,0.000000,7,7,8,8,9,10,15,20,26,26,26,51691,0,7,8.537740177802247,4.633864002244081,1957.275683998887,8965.0
1789885217,50,GET,GET /api/v1/reservas/{id},5.100000,0.000000,5,5,5,5,6,7,8,8,8,8,8,17121,0,5,6.231953002190329,3.0284199965535663,1521.0046399952262,442.0
1789885217,50,POST,POST /api/v1/auth/login,0.000000,0.000000,0,0,0,0,0,0,0,0,0,0,0,50,0,1300.0,1369.1218887201103,628.633758999058,2104.1982940005255,1622.0
1789885217,50,POST,POST /api/v1/auth/refresh,0.000000,0.000000,0,0,0,0,0,0,0,0,0,0,0,150,0,25,28.633832166863915,18.447431997628883,82.49066000280436,1622.0
1789885217,50,,Aggregated,25.300000,0.000000,6,7,7,8,8,9,15,16,26,26,26,69012,0,6,8.995142354116876,3.0284199965535663,2104.1982940005255,6829.27167738944
1789885218,50,GET,GET /api/v1/reservas,18.600000,0.000000,7,7,8,8,9,10,15,20,26,26,26,51711,0,7,8.537111805511314,4.633864002244081,1957.275683998887,8965.0
1789885218,50,GET,GET /api/v1/reservas/{id},5.000000,0.000000,5,5,5,5,6,7,7,8,8,8,8,17127,0,5,6.231593140275045,3.0284199965535663,1521.0046399952262,442.0
1789885218,50,POST,POST /api/v1/auth/login,0.000000,0.000000,0,0,0,0,0,0,0,0,0,0,0,50,0,1300.0,1369.1218887201103,628.633758999058,2104.1982940005255,1622.0
1789885218,50,POST,POST /api/v1/auth/refresh,0.000000,0.000000,0,0,0,0,0,0,0,0,0,0,0,150,0,25,28.633832166863915,18.447431997628883,82.49066000280436,1622.0
1789885218,50,,Aggregated,23.600000,0.000000,6,7,7,8,8,9,13,16,26,26,26,69038,0,6,8.994209762005326,3.0284199965535663,2104.1982940005255,6829.335279121643
1789885219,50,GET,GET /api/v1/reservas,18.500000,0.000000,7,7,8,8,9,10,15,20,26,26,26,51727,0,7,8.536482992591607,4.633864002244081,1957.275683998887,8965.0
1789885219,50,GET,GET /api/v1/reservas/{id},5.800000,0.000000,5,5,5,5,6,7,7,8,8,8,8,17132,0,5,6.231308529623161,3.0284199965535663,1521.0046399952262,442.0
1789885219,50,POST,POST /api/v1/auth/login,0.000000,0.000000,0,0,0,0,0,0,0,0,0,0,0,50,0,1300.0,1369.1218887201103,628.633758999058,2104.1982940005255,1622.0
1789885219,50,POST,POST /api/v1/auth/refresh,0.000000,0.000000,0,0,0,0,0,0,0,0,0,0,0,150,0,25,28.633832166863915,18.447431997628883,82.49066000280436,1622.0
1789885219,50,,Aggregated,24.300000,0.000000,6,7,7,8,8,9,13,16,26,26,26,69059,0,6,8.993362237338037,3.0284199965535663,2104.1982940005255,6829.367627680679
1789885220,50,GET,GET /api/v1/reservas,19.000000,0.000000,7,7,7,8,9,10,15,20,26,26,26,51744,0,7,8.535916140050963,4.633864002244081,1957.275683998887,8965.0
1789885220,50,GET,GET /api/v1/reservas/{id},5.600000,0.000000,5,5,5,5,6,6,7,8,8,8,8,17139,0,5,6.23069570858885,3.0284199965535663,1521.0046399952262,442.0
1789885220,50,POST,POST /api/v1/auth/login,0.000000,0.000000,0,0,0,0,0,0,0,0,0,0,0,50,0,1300.0,1369.1218887201103,628.633758999058,2104.1982940005255,1622.0
1789885220,50,POST,POST /api/v1/auth/refresh,0.000000,0.000000,0,0,0,0,0,0,0,0,0,0,0,150,0,25,28.633832166863915,18.447431997628883,82.49066000280436,1622.0
1789885220,50,,Aggregated,24.600000,0.000000,6,7,7,7,8,9,13,16,26,26,26,69083,0,6,8.992393320517913,3.0284199965535663,2104.1982940005255,6829.245950523284
1789885221,50,GET,GET /api/v1/reservas,18.400000,0.000000,7,7,7,8,9,12,15,19,26,26,26,51768,0,7,8.535968664325567,4.633864002244081,1957.275683998887,8965.0
1789885221,50,GET,GET /api/v1/reservas/{id},5.600000,0.000000,5,5,5,6,6,6,7,8,8,8,8,17143,0,5,6.2304313938930465,3.0284199965535663,1521.0046399952262,442.0
1789885221,50,POST,POST /api/v1/auth/login,0.000000,0.000000,0,0,0,0,0,0,0,0,0,0,0,50,0,1300.0,1369.1218887201103,628.633758999058,2104.1982940005255,1622.0
1789885221,50,POST,POST /api/v1/auth/refresh,0.000000,0.000000,0,0,0,0,0,0,0,0,0,0,0,150,0,25,28.633832166863915,18.447431997628883,82.49066000280436,1622.0
1789885221,50,,Aggregated,24.000000,0.000000,6,7,7,7,8,10,13,16,26,26,26,69111,0,6,8.992048739872843,3.0284199965535663,2104.1982940005255,6829.617947938823
1789885222,50,GET,GET /api/v1/reservas,18.100000,0.000000,7,7,8,8,12,16,20,26,51,51,51,51780,0,7,8.538249609169547,4.633864002244081,1957.275683998887,8965.0
1789885222,50,GET,GET /api/v1/reservas/{id},6.100000,0.000000,5,5,6,6,8,89,110,160,160,160,160,17149,0,5,6.251565861596045,3.0284199965535663,1521.0046399952262,442.0
1789885222,50,POST,POST /api/v1/auth/login,0.000000,0.000000,0,0,0,0,0,0,0,0,0,0,0,50,0,1300.0,1369.1218887201103,628.633758999058,2104.1982940005255,1622.0
1789885222,50,POST,POST /api/v1/auth/refresh,0.000000,0.000000,0,0,0,0,0,0,0,0,0,0,0,150,0,25,28.633832166863915,18.447431997628883,82.49066000280436,1622.0
1789885222,50,,Aggregated,24.200000,0.000000,6,7,8,8,12,17,26,89,160,160,160,69129,0,6,8.998681262340657,3.0284199965535663,2104.1982940005255,6829.434217188155
1789885223,50,GET,GET /api/v1/reservas,18.800000,0.000000,7,8,10,12,18,36,66,150,160,160,160,51807,0,7,8.55233982239404,4.633864002244081,1957.275683998887,8965.0
1789885223,50,GET,GET /api/v1/reservas/{id},5.700000,0.000000,5,5,6,6,14,89,110,160,160,160,160,17151,0,5,6.254725910880588,3.0284199965535663,1521.0046399952262,442.0
1789885223,50,POST,POST /api/v1/auth/login,0.000000,0.000000,0,0,0,0,0,0,0,0,0,0,0,50,0,1300.0,1369.1218887201103,628.633758999058,2104.1982940005255,1622.0
1789885223,50,POST,POST /api/v1/auth/refresh,0.000000,0.000000,0,0,0,0,0,0,0,0,0,0,0,150,0,25,28.633832166863915,18.447431997628883,82.49066000280436,1622.0
1789885223,50,,Aggregated,24.500000,0.000000,7,7,9,12,18,37,110,150,160,160,160,69158,0,6,9.009760874191244,3.0284199965535663,2104.1982940005255,6830.083244165534
1789885224,50,GET,GET /api/v1/reservas,18.600000,0.000000,7,9,12,14,21,36,66,150,160,160,160,51825,0,7,8.55432308138499,4.633864002244081,1957.275683998887,8965.0
1789885224,50,GET,GET /api/v1/reservas/{id},5.500000,0.000000,5,6,6,9,22,89,110,160,160,160,160,17158,0,5,6.256704887196779,3.0284199965535663,1521.0046399952262,442.0
1789885224,50,POST,POST /api/v1/auth/login,0.000000,0.000000,0,0,0,0,0,0,0,0,0,0,0,50,0,1300.0,1369.1218887201103,628.633758999058,2104.1982940005255,1622.0
1789885224,50,POST,POST /api/v1/auth/refresh,0.000000,0.000000,0,0,0,0,0,0,0,0,0,0,0,150,0,25,28.633832166863915,18.447431997628883,82.49066000280436,1622.0
1789885224,50,,Aggregated,24.100000,0.000000,7,8,12,14,22,37,110,150,160,160,160,69183,0,6,9.011339569089753,3.0284199965535663,2104.1982940005255,6829.992353612882
1789885225,50,GET,GET /api/v1/reservas,19.100000,0.000000,7,9,12,14,21,36,66,150,160,160,160,51838,0,7,8.554114556363578,4.633864002244081,1957.275683998887,8965.0
1789885225,50,GET,GET /api/v1/reservas/{id},5.400000,0.000000,5,6,6,11,22,89,110,160,160,160,160,17168,0,5,6.257149412542271,3.0284199965535663,1521.0046399952262,442.0
1789885225,50,POST,POST /api/v1/auth/login,0.000000,0.000000,0,0,0,0,0,0,0,0,0,0,0,50,0,1300.0,1369.1218887201103,628.633758999058,2104.1982940005255,1622.0
1789885225,50,POST,POST /api/v1/auth/refresh,0.000000,0.000000,0,0,0,0,0,0,0,0,0,0,0,150,0,25,28.633832166863915,18.447431997628883,82.49066000280436,1622.0
1789885225,50,,Aggregated,24.500000,0.000000,7,9,12,13,21,37,110,150,160,160,160,69206,0,6,9.01080976719269,3.0284199965535663,2104.1982940005255,6829.470363841286
1789885226,50,GET,GET /api/v1/reservas,18.800000,0.000000,7,9,12,13,20,36,66,150,160,160,160,51860,0,7,8.55334894660214,4.633864002244081,1957.275683998887,8965.0
1789885226,50,GET,GET /api/v1/reservas/{id},5.500000,0.000000,5,6,7,12,22,89,110,160,160,160,160,17174,0,5,6.256708193986455,3.0284199965535663,1521.0046399952262,442.0
1789885226,50,POST,POST /api/v1/auth/login,0.000000,0.000000,0,0,0,0,0,0,0,0,0,0,0,50,0,1300.0,1369.1218887201103,628.633758999058,2104.1982940005255,1622.0
1789885226,50,POST,POST /api/v1/auth/refresh,0.000000,0.000000,0,0,0,0,0,0,0,0,0,0,0,150,0,25,28.633832166863915,18.447431997628883,82.49066000280436,1622.0
1789885226,50,,Aggregated,24.300000,0.000000,7,9,11,13,20,37,110,150,160,160,160,69234,0,6,9.009743076455887,3.0284199965535663,2104.1982940005255,6829.595401103504
1789885227,50,GET,GET /api/v1/reservas,17.700000,0.000000,8,9,12,13,20,36,66,150,160,160,160,51880,0,7,8.552827682147175,4.633864002244081,1957.275683998887,8965.0
1789885227,50,GET,GET /api/v1/reservas/{id},5.800000,0.000000,6,6,7,11,22,89,110,160,160,160,160,17182,0,5,6.256184884851696,3.0284199965535663,1521.0046399952262,442.0
1789885227,50,POST,POST /api/v1/auth/login,0.000000,0.000000,0,0,0,0,0,0,0,0,0,0,0,50,0,1300.0,1369.1218887201103,628.633758999058,2104.1982940005255,1622.0
1789885227,50,POST,POST /api/v1/auth/refresh,0.000000,0.000000,0,0,0,0,0,0,0,0,0,0,0,150,0,25,28.633832166863915,18.447431997628883,82.49066000280436,1622.0
1789885227,50,,Aggregated,23.500000,0.000000,7,9,11,13,20,37,110,150,160,160,160,69262,0,6,9.00877303719722,3.0284199965535663,2104.1982940005255,6829.47422829257
1789885228,50,GET,GET /api/v1/reservas,18.800000,0.000000,7,9,12,13,20,32,66,150,160,160,160,51906,0,7,8.552106637340245,4.633864002244081,1957.275683998887,8965.0
1789885228,50,GET,GET /api/v1/reservas/{id},6.300000,0.000000,5,6,7,11,22,89,110,160,160,160,160,17186,0,5,6.2559404681438355,3.0284199965535663,1521.0046399952262,442.0
1789885228,50,POST,POST /api/v1/auth/login,0.000000,0.000000,0,0,0,0,0,0,0,0,0,0,0,50,0,1300.0,1369.1218887201103,628.633758999058,2104.1982940005255,1622.0
1789885228,50,POST,POST /api/v1/auth/refresh,0.000000,0.000000,0,0,0,0,0,0,0,0,0,0,0,150,0,25,28.633832166863915,18.447431997628883,82.49066000280436,1622.0
1789885228,50,,Aggregated,25.100000,0.000000,7,9,11,13,20,36,110,150,160,160,160,69292,0,6,9.007842308842859,3.0284199965535663,2104.1982940005255,6829.906800207817
1789885229,50,GET,GET /api/v1/reservas,19.100000,0.000000,8,9,12,13,21,32,66,150,160,160,160,51924,0,7,8.552578964790598,4.633864002244081,1957.275683998887,8965.0
1789885229,50,GET,GET /api/v1/reservas/{id},6.100000,0.000000,6,6,7,12,22,89,110,160,160,160,160,17191,0,5,6.2555079632668695,3.0284199965535663,1521.0046399952262,442.0
1789885229,50,POST,POST /api/v1/auth/login,0.000000,0.000000,0,0,0,0,0,0,0,0,0,0,0,50,0,1300.0,1369.1218887201103,628.633758999058,2104.1982940005255,1622.0
1789885229,50,POST,POST /api/v1/auth/refresh,0.000000,0.000000,0,0,0,0,0,0,0,0,0,0,0,150,0,25,28.633832166863915,18.447431997628883,82.49066000280436,1622.0
1789885229,50,,Aggregated,25.200000,0.000000,7,9,12,13,22,37,110,150,160,160,160,69315,0,6,9.007772009310314,3.0284199965535663,2104.1982940005255,6830.000461660536
1789885230,50,GET,GET /api/v1/reservas,18.800000,0.000000,7,9,12,13,21,32,66,150,160,160,160,51942,0,7,8.55175909606504,4.633864002244081,1957.275683998887,8965.0
1789885230,50,GET,GET /api/v1/reservas/{id},5.800000,0.000000,5,6,9,13,22,89,110,160,160,160,160,17197,0,5,6.2553654369086535,3.0284199965535663,1521.0046399952262,442.0
1789885230,50,POST,POST /api/v1/auth/login,0.000000,0.000000,0,0,0,0,0,0,0,0,0,0,0,50,0,1300.0,1369.1218887201103,628.633758999058,2104.1982940005255,1622.0
1789885230,50,POST,POST /api/v1/auth/refresh,0.000000,0.000000,0,0,0,0,0,0,0,0,0,0,0,150,0,25,28.633832166863915,18.447431997628883,82.49066000280436,1622.0
1789885230,50,,Aggregated,24.600000,0.000000,7,9,11,13,22,37,110,150,160,160,160,69339,0,6,9.00676617267865,3.0284199965535663,2104.1982940005255,6830.00193253436
1789885231,50,GET,GET /api/v1/reservas,19.800000,0.000000,7,9,10,12,24,32,66,150,160,160,160,51959,0,7,8.55178519024278,4.633864002244081,1957.275683998887,8965.0
1789885231,50,GET,GET /api/v1/reservas/{id},5.900000,0.000000,5,6,6,11,22,89,110,160,160,160,160,17204,0,5,6.255035544961399,3.0284199965535663,1521.0046399952262,442.0
1789885231,50,POST,POST /api/v1/auth/login,0.000000,0.000000,0,0,0,0,0,0,0,0,0,0,0,50,0,1300.0,1369.1218887201103,628.633758999058,2104.1982940005255,1622.0
1789885231,50,POST,POST /api/v1/auth/refresh,0.000000,0.000000,0,0,0,0,0,0,0,0,0,0,0,150,0,25,28.633832166863915,18.447431997628883,82.49066000280436,1622.0
1789885231,50,,Aggregated,25.700000,0.000000,7,8,10,11,22,36,110,150,160,160,160,69363,0,6,9.006314713555891,3.0284199965535663,2104.1982940005255,6829.880527082162
1789885232,50,GET,GET /api/v1/reservas,19.800000,0.000000,7,8,9,9,12,20,26,28,32,32,32,51976,0,7,8.551091904009658,4.633864002244081,1957.275683998887,8965.0
1789885232,50,GET,GET /api/v1/reservas/{id},5.700000,0.000000,5,6,6,6,12,15,18,22,22,22,22,17210,0,5,6.254423020948642,3.0284199965535663,1521.0046399952262,442.0
1789885232,50,POST,POST /api/v1/auth/login,0.000000,0.000000,0,0,0,0,0,0,0,0,0,0,0,50,0,1300.0,1369.1218887201103,628.633758999058,2104.1982940005255,1622.0
1789885232,50,POST,POST /api/v1/auth/refresh,0.000000,0.000000,0,0,0,0,0,0,0,0,0,0,0,150,0,25,28.633832166863915,18.447431997628883,82.49066000280436,1622.0
1789885232,50,,Aggregated,25.500000,0.000000,6,7,8,9,12,18,25,28,32,32,32,69386,0,6,9.005294184048203,3.0284199965535663,2104.1982940005255,6829.851266826161
1789885233,50,GET,GET /api/v1/reservas,19.400000,0.000000,7,7,8,8,10,11,25,28,28,28,28,52000,0,7,8.550197822303604,4.633864002244081,1957.275683998887,8965.0
1789885233,50,GET,GET /api/v1/reservas/{id},5.900000,0.000000,5,6,6,6,7,13,18,22,22,22,22,17216,0,5,6.253987060903689,3.0284199965535663,1521.0046399952262,442.0
1789885233,50,POST,POST /api/v1/auth/login,0.000000,0.000000,0,0,0,0,0,0,0,0,0,0,0,50,0,1300.0,1369.1218887201103,628.633758999058,2104.1982940005255,1622.0
1789885233,50,POST,POST /api/v1/auth/refresh,0.000000,0.000000,0,0,0,0,0,0,0,0,0,0,0,150,0,25,28.633832166863915,18.447431997628883,82.49066000280436,1622.0
1789885233,50,,Aggregated,25.300000,0.000000,6,7,7,8,9,12,22,26,28,28,28,69416,0,6,9.004121488725106,3.0284199965535663,2104.1982940005255,6830.037340094503
1789885234,50,GET,GET /api/v1/reservas,18.800000,0.000000,7,7,8,8,9,10,13,28,28,28,28,52019,0,7,8.549652712658594,4.633864002244081,1957.275683998887,8965.0
1789885234,50,GET,GET /api/v1/reservas/{id},6.200000,0.000000,5,6,6,6,7,12,13,18,18,18,18,17222,0,5,6.254313485920184,3.0284199965535663,1521.0046399952262,442.0
1789885234,50,POST,POST /api/v1/auth/login,0.000000,0.000000,0,0,0,0,0,0,0,0,0,0,0,50,0,1300.0,1369.1218887201103,628.633758999058,2104.1982940005255,1622.0
1789885234,50,POST,POST /api/v1/auth/refresh,0.000000,0.000000,0,0,0,0,0,0,0,0,0,0,0,150,0,25,28.633832166863915,18.447431997628883,82.49066000280436,1622.0
1789885234,50,,Aggregated,25.000000,0.000000,6,7,7,8,9,10,13,26,28,28,28,69441,0,6,9.00343227452574,3.0284199965535663,2104.1982940005255,6830.069541049236
1789885235,50,GET,GET /api/v1/reservas,18.700000,0.000000,7,7,8,8,9,10,13,28,28,28,28,52039,0,7,8.549091363300077,4.633864002244081,1957.275683998887,8965.0
1789885235,50,GET,GET /api/v1/reservas/{id},6.200000,0.000000,5,6,6,6,6,9,12,13,13,13,13,17227,0,5,6.253803745487889,3.0284199965535663,1521.0046399952262,442.0
1789885235,50,POST,POST /api/v1/auth/login,0.000000,0.000000,0,0,0,0,0,0,0,0,0,0,0,50,0,1300.0,1369.1218887201103,628.633758999058,2104.1982940005255,1622.0
1789885235,50,POST,POST /api/v1/auth/refresh,0.000000,0.000000,0,0,0,0,0,0,0,0,0,0,0,150,0,25,28.633832166863915,18.447431997628883,82.49066000280436,1622.0
1789885235,50,,Aggregated,24.900000,0.000000,6,7,7,8,9,10,13,26,28,28,28,69466,0,6,9.002556816850397,3.0284199965535663,2104.1982940005255,6830.224411942533
1789885236,50,GET,GET /api/v1/reservas,19.100000,0.000000,7,7,8,8,9,10,13,28,28,28,28,52053,0,7,8.548540491513949,4.633864002244081,1957.275683998887,8965.0
1789885236,50,GET,GET /api/v1/reservas/{id},6.400000,0.000000,5,5,6,6,6,9,12,13,13,13,13,17235,0,5,6.253023682479074,3.0284199965535663,1521.0046399952262,442.0
1789885236,50,POST,POST /api/v1/auth/login,0.000000,0.000000,0,0,0,0,0,0,0,0,0,0,0,50,0,1300.0,1369.1218887201103,628.633758999058,2104.1982940005255,1622.0
1789885236,50,POST,POST /api/v1/auth/refresh,0.000000,0.000000,0,0,0,0,0,0,0,0,0,0,0,150,0,25,28.633832166863915,18.447431997628883,82.49066000280436,1622.0
1789885236,50,,Aggregated,25.500000,0.000000,6,7,7,8,9,10,13,26,28,28,28,69488,0,6,9.001542865434889,3.0284199965535663,2104.1982940005255,6829.9190507713565
1789885237,50,GET,GET /api/v1/reservas,20.000000,0.000000,7,7,7,8,9,10,13,28,28,28,28,52072,0,7,8.547720242506259,4.633864002244081,1957.275683998887,8965.0
1789885237,50,GET,GET /api/v1/reservas/{id},6.100000,0.000000,5,5,6,6,6,9,12,13,13,13,13,17244,0,5,6.251922066198102,3.0284199965535663,1521.0046399952262,442.0
1789885237,50,POST,POST /api/v1/auth/login,0.000000,0.000000,0,0,0,0,0,0,0,0,0,0,0,50,0,1300.0,1369.1218887201103,628.633758999058,2104.1982940005255,1622.0
1789885237,50,POST,POST /api/v1/auth/refresh,0.000000,0.000000,0,0,0,0,0,0,0,0,0,0,0,150,0,25,28.633832166863915,18.447431997628883,82.49066000280436,1622.0
1789885237,50,,Aggregated,26.100000,0.000000,6,7,7,7,9,10,13,26,28,28,28,69516,0,6,9.000175525610553,3.0284199965535663,2104.1982940005255,6829.675585476724
1789885238,50,GET,GET /api/v1/reservas,19.200000,0.000000,6,7,7,7,8,10,11,13,28,28,28,52087,0,7,8.547131473952689,4.633864002244081,1957.275683998887,8965.0
1789885238,50,GET,GET /api/v1/reservas/{id},6.000000,0.000000,5,5,6,6,6,9,12,13,13,13,13,17248,0,5,6.2514228189652155,3.0284199965535663,1521.0046399952262,442.0
1789885238,50,POST,POST /api/v1/auth/login,0.000000,0.000000,0,0,0,0,0,0,0,0,0,0,0,50,0,1300.0,1369.1218887201103,628.633758999058,2104.1982940005255,1622.0
1789885238,50,POST,POST /api/v1/auth/refresh,0.000000,0.000000,0,0,0,0,0,0,0,0,0,0,0,150,0,25,28.633832166863915,18.447431997628883,82.49066000280436,1622.0
1789885238,50,,Aggregated,25.200000,0.000000,6,7,7,7,8,9,12,13,28,28,28,69535,0,6,8.999354959751535,3.0284199965535663,2104.1982940005255,6829.768763931833
1789885239,50,GET,GET /api/v1/reservas,19.000000,0.000000,7,7,7,8,8,10,11,13,28,28,28,52110,0,7,8.546561643941459,4.633864002244081,1957.275683998887,8965.0
1789885239,50,GET,GET /api/v1/reservas/{id},6.000000,0.000000,5,5,6,6,6,9,12,13,13,13,13,17253,0,5,6.251054943344532,3.0284199965535663,1521.0046399952262,442.0
1789885239,50,POST,POST /api/v1/auth/login,0.000000,0.000000,0,0,0,0,0,0,0,0,0,0,0,50,0,1300.0,1369.1218887201103,628.633758999058,2104.1982940005255,1622.0
1789885239,50,POST,POST /api/v1/auth/refresh,0.000000,0.000000,0,0,0,0,0,0,0,0,0,0,0,150,0,25,28.633832166863915,18.447431997628883,82.49066000280436,1622.0
1789885239,50,,Aggregated,25.000000,0.000000,6,7,7,7,8,9,12,13,28,28,28,69563,0,6,8.998489821663096,3.0284199965535663,2104.1982940005255,6830.0156117476245
1789885240,50,GET,GET /api/v1/reservas,19.100000,0.000000,6,7,7,8,9,10,12,13,28,28,28,52124,0,7,8.54608159916291,4.633864002244081,1957.275683998887,8965.0
1789885240,50,GET,GET /api/v1/reservas/{id},6.300000,0.000000,5,5,6,6,6,7,9,12,12,12,12,17264,0,5,6.250166962031636,3.0284199965535663,1521.0046399952262,442.0
1789885240,50,POST,POST /api/v1/auth/login,0.000000,0.000000,0,0,0,0,0,0,0,0,0,0,0,50,0,1300.0,1369.1218887201103,628.633758999058,2104.1982940005255,1622.0
1789885240,50,POST,POST /api/v1/auth/refresh,0.000000,0.000000,0,0,0,0,0,0,0,0,0,0,0,150,0,25,28.633832166863915,18.447431997628883,82.49066000280436,1622.0
1789885240,50,,Aggregated,25.400000,0.000000,6,7,7,7,8,9,12,13,28,28,28,69588,0,6,8.997384735418736,3.0284199965535663,2104.1982940005255,6829.435362418808
1789885241,50,GET,GET /api/v1/reservas,18.000000,0.000000,6,7,7,8,9,10,13,13,21,21,21,52145,0,7,8.54594664707555,4.633864002244081,1957.275683998887,8965.0
1789885241,50,GET,GET /api/v1/reservas/{id},6.300000,0.000000,5,5,5,6,6,7,9,12,12,12,12,17269,0,5,6.249809883810017,3.0284199965535663,1521.0046399952262,442.0
1789885241,50,POST,POST /api/v1/auth/login,0.000000,0.000000,0,0,0,0,0,0,0,0,0,0,0,50,0,1300.0,1369.1218887201103,628.633758999058,2104.1982940005255,1622.0
1789885241,50,POST,POST /api/v1/auth/refresh,0.000000,0.000000,0,0,0,0,0,0,0,0,0,0,0,150,0,25,28.633832166863915,18.447431997628883,82.49066000280436,1622.0
1789885241,50,,Aggregated,24.300000,0.000000,6,7,7,7,8,9,13,13,21,21,21,69614,0,6,8.996861609106032,3.0284199965535663,2104.1982940005255,6829.620809032665
1789885242,50,GET,GET /api/v1/reservas,18.100000,0.000000,6,7,7,8,9,11,13,21,22,22,22,52168,0,7,8.545292035246224,4.633864002244081,1957.275683998887,8965.0
1789885242,50,GET,GET /api/v1/reservas/{id},6.600000,0.000000,5,5,5,6,6,7,9,12,12,12,12,17277,0,5,6.248942485645887,3.0284199965535663,1521.0046399952262,442.0
1789885242,50,POST,POST /api/v1/auth/login,0.000000,0.000000,0,0,0,0,0,0,0,0,0,0,0,50,0,1300.0,1369.1218887201103,628.633758999058,2104.1982940005255,1622.0
1789885242,50,POST,POST /api/v1/auth/refresh,0.000000,0.000000,0,0,0,0,0,0,0,0,0,0,0,150,0,25,28.633832166863915,18.447431997628883,82.49066000280436,1622.0
1789885242,50,,Aggregated,24.700000,0.000000,6,7,7,7,8,10,13,13,22,22,22,69645,0,6,8.995691628692171,3.0284199965535663,2104.1982940005255,6829.592275109484
1789885243,50,GET,GET /api/v1/reservas,18.100000,0.000000,7,7,8,8,9,11,13,21,22,22,22,52181,0,7,8.545073465125647,4.633864002244081,1957.275683998887,8965.0
1789885243,50,GET,GET /api/v1/reservas/{id},6.700000,0.000000,5,5,5,5,6,7,9,12,12,12,12,17284,0,5,6.248246353130779,3.0284199965535663,1521.0046399952262,442.0
1789885243,50,POST,POST /api/v1/auth/login,0.000000,0.000000,0,0,0,0,0,0,0,0,0,0,0,50,0,1300.0,1369.1218887201103,628.633758999058,2104.1982940005255,1622.0
1789885243,50,POST,POST /api/v1/auth/refresh,0.000000,0.000000,0,0,0,0,0,0,0,0,0,0,0,150,0,25,28.633832166863915,18.447431997628883,82.49066000280436,1622.0
1789885243,50,,Aggregated,24.800000,0.000000,6,7,7,8,9,10,13,13,22,22,22,69665,0,6,8.994995158433516,3.0284199965535663,2104.1982940005255,6829.3489270078235
1789885244,50,GET,GET /api/v1/reservas,19.100000,0.000000,6,7,7,8,9,10,13,21,22,22,22,52201,0,7,8.54439635839772,4.633864002244081,1957.275683998887,8965.0
1789885244,50,GET,GET /api/v1/reservas/{id},6.400000,0.000000,5,5,5,5,6,6,7,8,8,8,8,17287,0,5,6.247925435732968,3.0284199965535663,1521.0046399952262,442.0
1789885244,50,POST,POST /api/v1/auth/login,0.000000,0.000000,0,0,0,0,0,0,0,0,0,0,0,50,0,1300.0,1369.1218887201103,628.633758999058,2104.1982940005255,1622.0
1789885244,50,POST,POST /api/v1/auth/refresh,0.000000,0.000000,0,0,0,0,0,0,0,0,0,0,0,150,0,25,28.633832166863915,18.447431997628883,82.49066000280436,1622.0
1789885244,50,,Aggregated,25.500000,0.000000,6,7,7,7,8,9,13,13,22,22,22,69688,0,6,8.994160982856048,3.0284199965535663,2104.1982940005255,6829.686875789232
1789885245,50,GET,GET /api/v1/reservas,18.400000,0.000000,7,7,8,8,9,12,13,21,22,22,22,52218,0,7,8.544229792039411,4.633864002244081,1957.275683998887,8965.0
1789885245,50,GET,GET /api/v1/reservas/{id},6.800000,0.000000,5,5,5,6,7,8,9,10,10,10,10,17297,0,5,6.2482281321914,3.0284199965535663,1521.0046399952262,442.0
1789885245,50,POST,POST /api/v1/auth/login,0.000000,0.000000,0,0,0,0,0,0,0,0,0,0,0,50,0,1300.0,1369.1218887201103,628.633758999058,2104.1982940005255,1622.0
1789885245,50,POST,POST /api/v1/auth/refresh,0.000000,0.000000,0,0,0,0,0,0,0,0,0,0,0,150,0,25,28.633832166863915,18.447431997628883,82.49066000280436,1622.0
1789885245,50,,Aggregated,25.200000,0.000000,6,7,7,8,9,10,13,13,22,22,22,69715,0,6,8.993607724941057,3.0284199965535663,2104.1982940005255,6829.29131463817
1789885246,50,GET,GET /api/v1/reservas,18.200000,0.000000,6,7,8,8,9,12,13,21,22,22,22,52236,0,7,8.543347438753047,4.633864002244081,1957.275683998887,8965.0
1789885246,50,GET,GET /api/v1/reservas/{id},6.700000,0.000000,5,5,6,6,7,8,9,10,10,10,10,17302,0,5,6.24783205869354,3.0284199965535663,1521.0046399952262,442.0
1789885246,50,POST,POST /api/v1/auth/login,0.000000,0.000000,0,0,0,0,0,0,0,0,0,0,0,50,0,1300.0,1369.1218887201103,628.633758999058,2104.1982940005255,1622.0
1789885246,50,POST,POST /api/v1/auth/refresh,0.000000,0.000000,0,0,0,0,0,0,0,0,0,0,0,150,0,25,28.633832166863915,18.447431997628883,82.49066000280436,1622.0
1789885246,50,,Aggregated,24.900000,0.000000,6,7,7,8,9,10,13,13,22,22,22,69738,0,6,8.992535724443734,3.0284199965535663,2104.1982940005255,6829.384610972497
1789885247,50,GET,GET /api/v1/reservas,17.900000,0.000000,7,7,8,8,9,12,13,21,22,22,22,52254,0,7,8.5427228499962,4.633864002244081,1957.275683998887,8965.0
1789885247,50,GET,GET /api/v1/reservas/{id},7.000000,0.000000,5,5,6,6,7,9,9,10,10,10,10,17307,0,5,6.247439446554692,3.0284199965535663,1521.0046399952262,442.0
1789885247,50,POST,POST /api/v1/auth/login,0.000000,0.000000,0,0,0,0,0,0,0,0,0,0,0,50,0,1300.0,1369.1218887201103,628.633758999058,2104.1982940005255,1622.0
1789885247,50,POST,POST /api/v1/auth/refresh,0.000000,0.000000,0,0,0,0,0,0,0,0,0,0,0,150,0,25,28.633832166863915,18.447431997628883,82.49066000280436,1622.0
1789885247,50,,Aggregated,24.900000,0.000000,6,7,7,8,9,10,13,13,22,22,22,69761,0,6,8.991657854191605,3.0284199965535663,2104.1982940005255,6829.477845787761
1789885248,50,GET,GET /api/v1/reservas,18.300000,0.000000,7,7,8,8,9,12,13,21,22,22,22,52266,0,7,8.542235921396385,4.633864002244081,1957.275683998887,8965.0
1789885248,50,GET,GET /api/v1/reservas/{id},6.800000,0.000000,5,5,5,6,7,8,9,10,10,10,10,17319,0,5,6.245988335789182,3.0284199965535663,1521.0046399952262,442.0
1789885248,50,POST,POST /api/v1/auth/login,0.000000,0.000000,0,0,0,0,0,0,0,0,0,0,0,50,0,1300.0,1369.1218887201103,628.633758999058,2104.1982940005255,1622.0
1789885248,50,POST,POST /api/v1/auth/refresh,0.000000,0.000000,0,0,0,0,0,0,0,0,0,0,0,150,0,25,28.633832166863915,18.447431997628883,82.49066000280436,1622.0
1789885248,50,,Aggregated,25.100000,0.000000,6,7,7,8,9,10,13,13,22,22,22,69785,0,6,8.990383949505958,3.0284199965535663,2104.1982940005255,6828.746693415491
1789885249,50,GET,GET /api/v1/reservas,18.300000,0.000000,7,7,8,8,10,12,13,21,22,22,22,52288,0,7,8.541794845676076,4.633864002244081,1957.275683998887,8965.0
1789885249,50,GET,GET /api/v1/reservas/{id},6.300000,0.000000,5,5,5,6,7,8,9,10,10,10,10,17327,0,5,6.2453053895964645,3.0284199965535663,1521.0046399952262,442.0
1789885249,50,POST,POST /api/v1/auth/login,0.000000,0.000000,0,0,0,0,0,0,0,0,0,0,0,50,0,1300.0,1369.1218887201103,628.633758999058,2104.1982940005255,1622.0
1789885249,50,POST,POST /api/v1/auth/refresh,0.000000,0.000000,0,0,0,0,0,0,0,0,0,0,0,150,0,25,28.633832166863915,18.447431997628883,82.49066000280436,1622.0
1789885249,50,,Aggregated,24.600000,0.000000,6,7,7,8,9,10,13,13,22,22,22,69815,0,6,8.989428412766394,3.0284199965535663,2104.1982940005255,6828.688018334169
1789885250,50,GET,GET /api/v1/reservas,17.700000,0.000000,7,7,8,8,10,12,13,21,22,22,22,52309,0,7,8.541157269355072,4.633864002244081,1957.275683998887,8965.0
1789885250,50,GET,GET /api/v1/reservas/{id},7.100000,0.000000,5,5,5,6,7,8,9,10,10,10,10,17329,0,5,6.245034105922534,3.0284199965535663,1521.0046399952262,442.0
1789885250,50,POST,POST /api/v1/auth/login,0.000000,0.000000,0,0,0,0,0,0,0,0,0,0,0,50,0,1300.0,1369.1218887201103,628.633758999058,2104.1982940005255,1622.0
1789885250,50,POST,POST /api/v1/auth/refresh,0.000000,0.000000,0,0,0,0,0,0,0,0,0,0,0,150,0,25,28.633832166863915,18.447431997628883,82.49066000280436,1622.0
1789885250,50,,Aggregated,24.800000,0.000000,6,7,7,8,9,10,13,13,22,22,22,69838,0,6,8.98867036406059,3.0284199965535663,2104.1982940005255,6829.147498496521
1789885251,50,GET,GET /api/v1/reservas,18.100000,0.000000,7,7,7,8,9,10,12,13,13,13,13,52330,0,7,8.54013344511127,4.633864002244081,1957.275683998887,8965.0
1789885251,50,GET,GET /api/v1/reservas/{id},7.100000,0.000000,5,5,5,6,7,9,10,17,17,17,17,17335,0,5,6.245101645661,3.0284199965535663,1521.0046399952262,442.0
1789885251,50,POST,POST /api/v1/auth/login,0.000000,0.000000,0,0,0,0,0,0,0,0,0,0,0,50,0,1300.0,1369.1218887201103,628.633758999058,2104.1982940005255,1622.0
1789885251,50,POST,POST /api/v1/auth/refresh,0.000000,0.000000,0,0,0,0,0,0,0,0,0,0,0,150,0,25,28.633832166863915,18.447431997628883,82.49066000280436,1622.0
1789885251,50,,Aggregated,25.200000,0.000000,6,7,7,8,9,10,12,13,17,17,17,69865,0,6,8.98755012482994,3.0284199965535663,2104.1982940005255,6829.24096471767
1789885252,50,GET,GET /api/v1/reservas,17.900000,0.000000,7,7,7,8,9,10,12,13,13,13,13,52342,0,7,8.539587588316794,4.633864002244081,1957.275683998887,8965.0
1789885252,50,GET,GET /api/v1/reservas/{id},6.800000,0.000000,5,5,5,6,7,9,10,17,17,17,17,17341,0,5,6.244543621621007,3.0284199965535663,1521.0046399952262,442.0
1789885252,50,POST,POST /api/v1/auth/login,0.000000,0.000000,0,0,0,0,0,0,0,0,0,0,0,50,0,1300.0,1369.1218887201103,628.633758999058,2104.1982940005255,1622.0
1789885252,50,POST,POST /api/v1/auth/refresh,0.000000,0.000000,0,0,0,0,0,0,0,0,0,0,0,150,0,25,28.633832166863915,18.447431997628883,82.49066000280436,1622.0
1789885252,50,,Aggregated,24.700000,0.000000,6,7,7,8,9,10,12,13,17,17,17,69883,0,6,8.986690522033182,3.0284199965535663,2104.1982940005255,6829.059313423865
1789885253,50,GET,GET /api/v1/reservas,18.700000,0.000000,6,7,7,8,9,10,12,13,13,13,13,52363,0,7,8.53865760041781,4.633864002244081,1957.275683998887,8965.0
1789885253,50,GET,GET /api/v1/reservas/{id},6.400000,0.000000,5,5,6,6,7,9,10,17,17,17,17,17346,0,5,6.244139119770278,3.0284199965535663,1521.0046399952262,442.0
1789885253,50,POST,POST /api/v1/auth/login,0.000000,0.000000,0,0,0,0,0,0,0,0,0,0,0,50,0,1300.0,1369.1218887201103,628.633758999058,2104.1982940005255,1622.0
1789885253,50,POST,POST /api/v1/auth/refresh,0.000000,0.000000,0,0,0,0,0,0,0,0,0,0,0,150,0,25,28.633832166863915,18.447431997628883,82.49066000280436,1622.0
1789885253,50,,Aggregated,25.100000,0.000000,6,7,7,7,9,10,12,13,17,17,17,69909,0,6,8.985563151572054,3.0284199965535663,2104.1982940005255,6829.2441173525585
1789885254,50,GET,GET /api/v1/reservas,17.700000,0.000000,6,7,7,7,8,9,10,11,12,12,12,52380,0,7,8.538026297645658,4.633864002244081,1957.275683998887,8965.0
1789885254,50,GET,GET /api/v1/reservas/{id},6.600000,0.000000,4,5,5,5,6,6,7,17,17,17,17,17351,0,5,6.243716043773981,3.0284199965535663,1521.0046399952262,442.0
1789885254,50,POST,POST /api/v1/auth/login,0.000000,0.000000,0,0,0,0,0,0,0,0,0,0,0,50,0,1300.0,1369.1218887201103,628.633758999058,2104.1982940005255,1622.0
1789885254,50,POST,POST /api/v1/auth/refresh,0.000000,0.000000,0,0,0,0,0,0,0,0,0,0,0,150,0,25,28.633832166863915,18.447431997628883,82.49066000280436,1622.0
1789885254,50,,Aggregated,24.300000,0.000000,6,7,7,7,8,9,10,11,17,17,17,69931,0,6,8.984680668190638,3.0284199965535663,2104.1982940005255,6829.30663082181
1789885255,50,GET,GET /api/v1/reservas,18.300000,0.000000,6,7,7,8,9,10,10,12,12,12,12,52403,0,7,8.537465416134246,4.633864002244081,1957.275683998887,8965.0
1789885255,50,GET,GET /api/v1/reservas/{id},6.400000,0.000000,4,5,5,5,6,9,12,17,17,17,17,17358,0,5,6.243738910043163,3.0284199965535663,1521.0046399952262,442.0
1789885255,50,POST,POST /api/v1/auth/login,0.000000,0.000000,0,0,0,0,0,0,0,0,0,0,0,50,0,1300.0,1369.1218887201103,628.633758999058,2104.1982940005255,1622.0
1789885255,50,POST,POST /api/v1/auth/refresh,0.000000,0.000000,0,0,0,0,0,0,0,0,0,0,0,150,0,25,28.633832166863915,18.447431997628883,82.49066000280436,1622.0
1789885255,50,,Aggregated,24.700000,0.000000,6,7,7,7,8,9,11,12,17,17,17,69961,0,6,8.983845134621427,3.0284199965535663,2104.1982940005255,6829.369663098012
1789885256,50,GET,GET /api/v1/reservas,18.100000,0.000000,7,7,8,8,8,10,10,12,12,12,12,52420,0,7,8.5368785664953,4.633864002244081,1957.275683998887,8965.0
1789885256,50,GET,GET /api/v1/reservas/{id},6.200000,0.000000,4,5,5,5,6,9,12,17,17,17,17,17362,0,5,6.243352757316083,3.0284199965535663,1521.0046399952262,442.0
1789885256,50,POST,POST /api/v1/auth/login,0.000000,0.000000,0,0,0,0,0,0,0,0,0,0,0,50,0,1300.0,1369.1218887201103,628.633758999058,2104.1982940005255,1622.0
1789885256,50,POST,POST /api/v1/auth/refresh,0.000000,0.000000,0,0,0,0,0,0,0,0,0,0,0,150,0,25,28.633832166863915,18.447431997628883,82.49066000280436,1622.0
1789885256,50,,Aggregated,24.300000,0.000000,6,7,7,8,8,9,11,12,17,17,17,69982,0,6,8.98304470134096,3.0284199965535663,2104.1982940005255,6829.523363150524
1789885257,50,GET,GET /api/v1/reservas,17.900000,0.000000,7,7,8,8,8,10,10,12,12,12,12,52439,0,7,8.536160869881323,4.633864002244081,1957.275683998887,8965.0
1789885257,50,GET,GET /api/v1/reservas/{id},5.700000,0.000000,5,5,5,6,6,9,12,17,17,17,17,17372,0,5,6.242506440220762,3.0284199965535663,1521.0046399952262,442.0
1789885257,50,POST,POST /api/v1/auth/login,0.000000,0.000000,0,0,0,0,0,0,0,0,0,0,0,50,0,1300.0,1369.1218887201103,628.633758999058,2104.1982940005255,1622.0
1789885257,50,POST,POST /api/v1/auth/refresh,0.000000,0.000000,0,0,0,0,0,0,0,0,0,0,0,150,0,25,28.633832166863915,18.447431997628883,82.49066000280436,1622.0
1789885257,50,,Aggregated,23.600000,0.000000,6,7,7,8,8,10,11,12,17,17,17,70011,0,6,8.9817847337741,3.0284199965535663,2104.1982940005255,6829.190541486338
1789885258,50,GET,GET /api/v1/reservas,18.200000,0.000000,6,7,7,8,8,10,10,12,12,12,12,52454,0,7,8.53551516394765,4.633864002244081,1957.275683998887,8965.0
1789885258,50,GET,GET /api/v1/reservas/{id},5.800000,0.000000,5,5,5,6,6,9,12,17,17,17,17,17377,0,5,6.241950553577059,3.0284199965535663,1521.0046399952262,442.0
1789885258,50,POST,POST /api/v1/auth/login,0.000000,0.000000,0,0,0,0,0,0,0,0,0,0,0,50,0,1300.0,1369.1218887201103,628.633758999058,2104.1982940005255,1622.0
1789885258,50,POST,POST /api/v1/auth/refresh,0.000000,0.000000,0,0,0,0,0,0,0,0,0,0,0,150,0,25,28.633832166863915,18.447431997628883,82.49066000280436,1622.0
1789885258,50,,Aggregated,24.000000,0.000000,6,7,7,7,8,9,11,12,17,17,17,70031,0,6,8.980872134344152,3.0284199965535663,2104.1982940005255,6829.19198640602
1789885259,50,GET,GET /api/v1/reservas,18.400000,0.000000,6,7,7,7,8,9,10,12,12,12,12,52468,0,7,8.534949516938292,4.633864002244081,1957.275683998887,8965.0
1789885259,50,GET,GET /api/v1/reservas/{id},6.000000,0.000000,4,5,5,6,6,9,12,17,17,17,17,17388,0,5,6.240958616258339,3.0284199965535663,1521.0046399952262,442.0
1789885259,50,POST,POST /api/v1/auth/login,0.000000,0.000000,0,0,0,0,0,0,0,0,0,0,0,50,0,1300.0,1369.1218887201103,628.633758999058,2104.1982940005255,1622.0
1789885259,50,POST,POST /api/v1/auth/refresh,0.000000,0.000000,0,0,0,0,0,0,0,0,0,0,0,150,0,25,28.633832166863915,18.447431997628883,82.49066000280436,1622.0
1789885259,50,,Aggregated,24.400000,0.000000,6,7,7,7,8,9,10,12,17,17,17,70056,0,6,8.979683238198797,3.0284199965535663,2104.1982940005255,6828.61590727418
1789885260,50,GET,GET /api/v1/reservas,18.800000,0.000000,7,7,7,8,8,9,10,12,12,12,12,52487,0,7,8.534728244969825,4.633864002244081,1957.275683998887,8965.0
1789885260,50,GET,GET /api/v1/reservas/{id},5.500000,0.000000,5,5,5,6,7,9,12,17,17,17,17,17396,0,5,6.240623698752602,3.0284199965535663,1521.0046399952262,442.0
1789885260,50,POST,POST /api/v1/auth/login,0.000000,0.000000,0,0,0,0,0,0,0,0,0,0,0,50,0,1300.0,1369.1218887201103,628.633758999058,2104.1982940005255,1622.0
1789885260,50,POST,POST /api/v1/auth/refresh,0.000000,0.000000,0,0,0,0,0,0,0,0,0,0,0,150,0,25,28.633832166863915,18.447431997628883,82.49066000280436,1622.0
1789885260,50,,Aggregated,24.300000,0.000000,6,7,7,7,8,9,10,12,17,17,17,70083,0,6,8.979001191705096,3.0284199965535663,2104.1982940005255,6828.466061669735
1789885261,50,GET,GET /api/v1/reservas,18.600000,0.000000,7,7,8,8,8,9,10,12,12,12,12,52509,0,7,8.534054320320564,4.633864002244081,1957.275683998887,8965.0
1789885261,50,GET,GET /api/v1/reservas/{id},5.800000,0.000000,5,5,5,6,6,7,9,12,12,12,12,17401,0,5,6.240225597868233,3.0284199965535663,1521.0046399952262,442.0
1789885261,50,POST,POST /api/v1/auth/login,0.000000,0.000000,0,0,0,0,0,0,0,0,0,0,0,50,0,1300.0,1369.1218887201103,628.633758999058,2104.1982940005255,1622.0
1789885261,50,POST,POST /api/v1/auth/refresh,0.000000,0.000000,0,0,0,0,0,0,0,0,0,0,0,150,0,25,28.633832166863915,18.447431997628883,82.49066000280436,1622.0
1789885261,50,,Aggregated,24.400000,0.000000,6,7,7,7,8,9,10,12,12,12,12,70110,0,6,8.978062946730201,3.0284199965535663,2104.1982940005255,6828.681029810298
1789885262,50,GET,GET /api/v1/reservas,18.300000,0.000000,7,7,8,8,9,10,10,12,27,27,27,52522,0,7,8.53404695209098,4.633864002244081,1957.275683998887,8965.0
1789885262,50,GET,GET /api/v1/reservas/{id},6.200000,0.000000,5,5,5,6,7,9,12,25,25,25,25,17407,0,5,6.241347712156408,3.0284199965535663,1521.0046399952262,442.0
1789885262,50,POST,POST /api/v1/auth/login,0.000000,0.000000,0,0,0,0,0,0,0,0,0,0,0,50,0,1300.0,1369.1218887201103,628.633758999058,2104.1982940005255,1622.0
1789885262,50,POST,POST /api/v1/auth/refresh,0.000000,0.000000,0,0,0,0,0,0,0,0,0,0,0,150,0,25,28.633832166863915,18.447431997628883,82.49066000280436,1622.0
1789885262,50,,Aggregated,24.500000,0.000000,6,7,7,8,9,10,12,12,27,27,27,70129,0,6,8.978019405727528,3.0284199965535663,2104.1982940005255,6828.5306221392
1789885263,50,GET,GET /api/v1/reservas,17.900000,0.000000,7,7,8,8,9,9,10,12,27,27,27,52546,0,7,8.532980598651383,4.633864002244081,1957.275683998887,8965.0
1789885263,50,GET,GET /api/v1/reservas/{id},6.600000,0.000000,5,5,5,6,7,9,12,25,25,25,25,17416,0,5,6.24057555601193,3.0284199965535663,1521.0046399952262,442.0
1789885263,50,POST,POST /api/v1/auth/login,0.000000,0.000000,0,0,0,0,0,0,0,0,0,0,0,50,0,1300.0,1369.1218887201103,628.633758999058,2104.1982940005255,1622.0
1789885263,50,POST,POST /api/v1/auth/refresh,0.000000,0.000000,0,0,0,0,0,0,0,0,0,0,0,150,0,25,28.633832166863915,18.447431997628883,82.49066000280436,1622.0
1789885263,50,,Aggregated,24.500000,0.000000,6,7,7,8,8,9,12,12,27,27,27,70162,0,6,8.976526206226676,3.0284199965535663,2104.1982940005255,6828.442205182292
1789885264,50,GET,GET /api/v1/reservas,18.500000,0.000000,7,7,8,8,9,9,10,12,27,27,27,52561,0,7,8.532564822220527,4.633864002244081,1957.275683998887,8965.0
1789885264,50,GET,GET /api/v1/reservas/{id},6.800000,0.000000,5,5,5,6,7,9,12,25,25,25,25,17420,0,5,6.240233608582535,3.0284199965535663,1521.0046399952262,442.0
1789885264,50,POST,POST /api/v1/auth/login,0.000000,0.000000,0,0,0,0,0,0,0,0,0,0,0,50,0,1300.0,1369.1218887201103,628.633758999058,2104.1982940005255,1622.0
1789885264,50,POST,POST /api/v1/auth/refresh,0.000000,0.000000,0,0,0,0,0,0,0,0,0,0,0,150,0,25,28.633832166863915,18.447431997628883,82.49066000280436,1622.0
1789885264,50,,Aggregated,25.300000,0.000000,6,7,7,8,9,9,11,12,27,27,27,70181,0,6,8.975879202964872,3.0284199965535663,2104.1982940005255,6828.534859862356
1789885265,50,GET,GET /api/v1/reservas,18.400000,0.000000,7,7,8,8,9,10,11,12,27,27,27,52581,0,7,8.532148171330254,4.633864002244081,1957.275683998887,8965.0
1789885265,50,GET,GET /api/v1/reservas/{id},6.700000,0.000000,5,5,5,6,7,9,10,25,25,25,25,17428,0,5,6.239684126205021,3.0284199965535663,1521.0046399952262,442.0
1789885265,50,POST,POST /api/v1/auth/login,0.000000,0.000000,0,0,0,0,0,0,0,0,0,0,0,50,0,1300.0,1369.1218887201103,628.633758999058,2104.1982940005255,1622.0
1789885265,50,POST,POST /api/v1/auth/refresh,0.000000,0.000000,0,0,0,0,0,0,0,0,0,0,0,150,0,25,28.633832166863915,18.447431997628883,82.49066000280436,1622.0
1789885265,50,,Aggregated,25.100000,0.000000,6,7,7,7,9,9,11,12,27,27,27,70209,0,6,8.97499276744084,3.0284199965535663,2104.1982940005255,6828.415744420231
1789885266,50,GET,GET /api/v1/reservas,17.900000,0.000000,7,7,7,8,9,10,11,12,27,27,27,52600,0,7,8.53145663161066,4.633864002244081,1957.275683998887,8965.0
1789885266,50,GET,GET /api/v1/reservas/{id},7.200000,0.000000,5,5,6,6,7,9,10,25,25,25,25,17435,0,5,6.239470160453477,3.0284199965535663,1521.0046399952262,442.0
1789885266,50,POST,POST /api/v1/auth/login,0.000000,0.000000,0,0,0,0,0,0,0,0,0,0,0,50,0,1300.0,1369.1218887201103,628.633758999058,2104.1982940005255,1622.0
1789885266,50,POST,POST /api/v1/auth/refresh,0.000000,0.000000,0,0,0,0,0,0,0,0,0,0,0,150,0,25,28.633832166863915,18.447431997628883,82.49066000280436,1622.0
1789885266,50,,Aggregated,25.100000,0.000000,6,7,7,7,9,9,11,12,27,27,27,70235,0,6,8.974029334822578,3.0284199965535663,2104.1982940005255,6828.3572293016305
1789885267,50,GET,GET /api/v1/reservas,18.100000,0.000000,7,7,7,8,9,10,11,12,27,27,27,52620,0,7,8.530757826809536,4.633864002244081,1957.275683998887,8965.0
1789885267,50,GET,GET /api/v1/reservas/{id},7.300000,0.000000,5,5,6,6,7,9,10,25,25,25,25,17443,0,5,6.2389318369840865,3.0284199965535663,1521.0046399952262,442.0
1789885267,50,POST,POST /api/v1/auth/login,0.000000,0.000000,0,0,0,0,0,0,0,0,0,0,0,50,0,1300.0,1369.1218887201103,628.633758999058,2104.1982940005255,1622.0
1789885267,50,POST,POST /api/v1/auth/refresh,0.000000,0.000000,0,0,0,0,0,0,0,0,0,0,0,150,0,25,28.633832166863915,18.447431997628883,82.49066000280436,1622.0
1789885267,50,,Aggregated,25.400000,0.000000,6,7,7,7,9,9,11,12,27,27,27,70263,0,6,8.972935031812877,3.0284199965535663,2104.1982940005255,6828.238276190883
1789885268,50,GET,GET /api/v1/reservas,18.100000,0.000000,7,7,7,8,9,10,11,12,27,27,27,52637,0,7,8.52996936147034,4.633864002244081,1957.275683998887,8965.0
1789885268,50,GET,GET /api/v1/reservas/{id},7.600000,0.000000,5,5,6,6,7,9,10,25,25,25,25,17448,0,5,6.23859746959577,3.0284199965535663,1521.0046399952262,442.0
1789885268,50,POST,POST /api/v1/auth/login,0.000000,0.000000,0,0,0,0,0,0,0,0,0,0,0,50,0,1300.0,1369.1218887201103,628.633758999058,2104.1982940005255,1622.0
1789885268,50,POST,POST /api/v1/auth/refresh,0.000000,0.000000,0,0,0,0,0,0,0,0,0,0,0,150,0,25,28.633832166863915,18.447431997628883,82.49066000280436,1622.0
1789885268,50,,Aggregated,25.700000,0.000000,6,7,7,8,9,10,11,12,27,27,27,70285,0,6,8.97196009376479,3.0284199965535663,2104.1982940005255,6828.300789642171
1789885269,50,GET,GET /api/v1/reservas,17.800000,0.000000,6,7,7,8,9,9,11,12,27,27,27,52657,0,7,8.529239143811955,4.633864002244081,1957.275683998887,8965.0
1789885269,50,GET,GET /api/v1/reservas/{id},7.400000,0.000000,5,5,6,6,7,9,10,25,25,25,25,17454,0,5,6.237979520253637,3.0284199965535663,1521.0046399952262,442.0
1789885269,50,POST,POST /api/v1/auth/login,0.000000,0.000000,0,0,0,0,0,0,0,0,0,0,0,50,0,1300.0,1369.1218887201103,628.633758999058,2104.1982940005255,1622.0
1789885269,50,POST,POST /api/v1/auth/refresh,0.000000,0.000000,0,0,0,0,0,0,0,0,0,0,0,150,0,25,28.633832166863915,18.447431997628883,82.49066000280436,1622.0
1789885269,50,,Aggregated,25.200000,0.000000,6,7,7,7,8,9,11,12,27,27,27,70311,0,6,8.9709008462865,3.0284199965535663,2104.1982940005255,6828.363598867887
1789885270,50,GET,GET /api/v1/reservas,18.000000,0.000000,7,7,8,8,9,11,13,16,27,27,27,52680,0,7,8.529596918009082,4.633864002244081,1957.275683998887,8965.0
1789885270,50,GET,GET /api/v1/reservas/{id},7.400000,0.000000,5,5,6,6,7,9,10,25,25,25,25,17457,0,5,6.237897344704686,3.0284199965535663,1521.0046399952262,442.0
1789885270,50,POST,POST /api/v1/auth/login,0.000000,0.000000,0,0,0,0,0,0,0,0,0,0,0,50,0,1300.0,1369.1218887201103,628.633758999058,2104.1982940005255,1622.0
1789885270,50,POST,POST /api/v1/auth/refresh,0.000000,0.000000,0,0,0,0,0,0,0,0,0,0,0,150,0,25,28.633832166863915,18.447431997628883,82.49066000280436,1622.0
1789885270,50,,Aggregated,25.400000,0.000000,6,7,7,8,9,11,13,16,27,27,27,70337,0,6,8.97088742551239,3.0284199965535663,2104.1982940005255,6828.789882991882
1789885271,50,GET,GET /api/v1/reservas,18.300000,0.000000,6,7,7,8,9,11,12,14,16,16,16,52697,0,7,8.528923211391957,4.633864002244081,1957.275683998887,8965.0
1789885271,50,GET,GET /api/v1/reservas/{id},7.200000,0.000000,5,5,6,6,7,9,9,10,10,10,10,17463,0,5,6.237359823540694,3.0284199965535663,1521.0046399952262,442.0
1789885271,50,POST,POST /api/v1/auth/login,0.000000,0.000000,0,0,0,0,0,0,0,0,0,0,0,50,0,1300.0,1369.1218887201103,628.633758999058,2104.1982940005255,1622.0
1789885271,50,POST,POST /api/v1/auth/refresh,0.000000,0.000000,0,0,0,0,0,0,0,0,0,0,0,150,0,25,28.633832166863915,18.447431997628883,82.49066000280436,1622.0
1789885271,50,,Aggregated,25.500000,0.000000,6,7,7,7,9,11,12,13,16,16,16,70360,0,6,8.969909754551592,3.0284199965535663,2104.1982940005255,6828.761384309267
1789885272,50,GET,GET /api/v1/reservas,18.800000,0.000000,6,7,7,8,9,11,12,14,16,16,16,52717,0,7,8.528103066064515,4.633864002244081,1957.275683998887,8965.0
1789885272,50,GET,GET /api/v1/reservas/{id},6.500000,0.000000,5,5,5,6,7,7,7,9,9,9,9,17470,0,5,6.236824448740435,3.0284199965535663,1521.0046399952262,442.0
1789885272,50,POST,POST /api/v1/auth/login,0.000000,0.000000,0,0,0,0,0,0,0,0,0,0,0,50,0,1300.0,1369.1218887201103,628.633758999058,2104.1982940005255,1622.0
1789885272,50,POST,POST /api/v1/auth/refresh,0.000000,0.000000,0,0,0,0,0,0,0,0,0,0,0,150,0,25,28.633832166863915,18.447431997628883,82.49066000280436,1622.0
1789885272,50,,Aggregated,25.300000,0.000000,6,7,7,7,9,11,12,13,16,16,16,70387,0,6,8.96876556344574,3.0284199965535663,2104.1982940005255,6828.7332177816925
1789885273,50,GET,GET /api/v1/reservas,18.900000,0.000000,6,7,7,8,9,11,12,14,16,16,16,52736,0,7,8.52744934816292,4.633864002244081,1957.275683998887,8965.0
1789885273,50,GET,GET /api/v1/reservas/{id},6.100000,0.000000,5,5,5,6,7,7,7,9,9,9,9,17473,0,5,6.236578973243786,3.0284199965535663,1521.0046399952262,442.0
1789885273,50,POST,POST /api/v1/auth/login,0.000000,0.000000,0,0,0,0,0,0,0,0,0,0,0,50,0,1300.0,1369.1218887201103,628.633758999058,2104.1982940005255,1622.0
1789885273,50,POST,POST /api/v1/auth/refresh,0.000000,0.000000,0,0,0,0,0,0,0,0,0,0,0,150,0,25,28.633832166863915,18.447431997628883,82.49066000280436,1622.0
1789885273,50,,Aggregated,25.000000,0.000000,6,7,7,7,9,11,12,13,16,16,16,70409,0,6,8.96797969698824,3.0284199965535663,2104.1982940005255,6829.037566220228
1789885274,50,GET,GET /api/v1/reservas,18.900000,0.000000,6,7,8,8,9,11,12,14,16,16,16,52752,0,7,8.527081935579908,4.633864002244081,1957.275683998887,8965.0
1789885274,50,GET,GET /api/v1/reservas/{id},6.200000,0.000000,5,5,6,6,7,8,8,9,9,9,9,17483,0,5,6.235915837812231,3.0284199965535663,1521.0046399952262,442.0
1789885274,50,POST,POST /api/v1/auth/login,0.000000,0.000000,0,0,0,0,0,0,0,0,0,0,0,50,0,1300.0,1369.1218887201103,628.633758999058,2104.1982940005255,1622.0
1789885274,50,POST,POST /api/v1/auth/refresh,0.000000,0.000000,0,0,0,0,0,0,0,0,0,0,0,150,0,25,28.633832166863915,18.447431997628883,82.49066000280436,1622.0
1789885274,50,,Aggregated,25.100000,0.000000,6,7,7,8,9,11,12,13,16,16,16,70435,0,6,8.96705206387761,3.0284199965535663,2104.1982940005255,6828.6159721729255
1789885275,50,GET,GET /api/v1/reservas,18.900000,0.000000,6,7,7,8,10,12,12,14,16,16,16,52769,0,7,8.526781453195872,4.633864002244081,1957.275683998887,8965.0
1789885275,50,GET,GET /api/v1/reservas/{id},5.900000,0.000000,5,5,5,6,6,8,8,9,9,9,9,17487,0,5,6.23559254088583,3.0284199965535663,1521.0046399952262,442.0
1789885275,50,POST,POST /api/v1/auth/login,0.000000,0.000000,0,0,0,0,0,0,0,0,0,0,0,50,0,1300.0,1369.1218887201103,628.633758999058,2104.1982940005255,1622.0
1789885275,50,POST,POST /api/v1/auth/refresh,0.000000,0.000000,0,0,0,0,0,0,0,0,0,0,0,150,0,25,28.633832166863915,18.447431997628883,82.49066000280436,1622.0
1789885275,50,,Aggregated,24.800000,0.000000,6,7,7,8,9,11,12,13,16,16,16,70456,0,6,8.966485558748726,3.0284199965535663,2104.1982940005255,6828.76886283638
1789885276,50,GET,GET /api/v1/reservas,19.400000,0.000000,6,7,8,8,10,12,12,14,16,16,16,52785,0,7,8.526238472022078,4.633864002244081,1957.275683998887,8965.0
1789885276,50,GET,GET /api/v1/reservas/{id},5.900000,0.000000,5,5,5,6,7,8,8,9,9,9,9,17494,0,5,6.235391706440601,3.0284199965535663,1521.0046399952262,442.0
1789885276,50,POST,POST /api/v1/auth/login,0.000000,0.000000,0,0,0,0,0,0,0,0,0,0,0,50,0,1300.0,1369.1218887201103,628.633758999058,2104.1982940005255,1622.0
1789885276,50,POST,POST /api/v1/auth/refresh,0.000000,0.000000,0,0,0,0,0,0,0,0,0,0,0,150,0,25,28.633832166863915,18.447431997628883,82.49066000280436,1622.0
1789885276,50,,Aggregated,25.300000,0.000000,6,7,7,8,9,11,12,13,16,16,16,70479,0,6,8.965657990595691,3.0284199965535663,2104.1982940005255,6828.619489493324
1789885277,50,GET,GET /api/v1/reservas,18.600000,0.000000,6,7,8,8,10,12,12,14,16,16,16,52811,0,7,8.525461315440326,4.633864002244081,1957.275683998887,8965.0
1789885277,50,GET,GET /api/v1/reservas/{id},5.900000,0.000000,5,5,6,6,7,8,8,8,8,8,8,17499,0,5,6.235109776585877,3.0284199965535663,1521.0046399952262,442.0
1789885277,50,POST,POST /api/v1/auth/login,0.000000,0.000000,0,0,0,0,0,0,0,0,0,0,0,50,0,1300.0,1369.1218887201103,628.633758999058,2104.1982940005255,1622.0
1789885277,50,POST,POST /api/v1/auth/refresh,0.000000,0.000000,0,0,0,0,0,0,0,0,0,0,0,150,0,25,28.633832166863915,18.447431997628883,82.49066000280436,1622.0
1789885277,50,,Aggregated,24.500000,0.000000,6,7,7,8,9,11,12,13,16,16,16,70510,0,6,8.964650301676807,3.0284199965535663,2104.1982940005255,6828.95437526592
1789885278,50,GET,GET /api/v1/reservas,19.000000,0.000000,7,7,8,8,10,12,12,14,16,16,16,52826,0,7,8.524847664686286,4.633864002244081,1957.275683998887,8965.0
1789885278,50,GET,GET /api/v1/reservas/{id},5.700000,0.000000,5,5,5,6,7,8,8,8,8,8,8,17506,0,5,6.2342921717959765,3.0284199965535663,1521.0046399952262,442.0
1789885278,50,POST,POST /api/v1/auth/login,0.000000,0.000000,0,0,0,0,0,0,0,0,0,0,0,50,0,1300.0,1369.1218887201103,628.633758999058,2104.1982940005255,1622.0
1789885278,50,POST,POST /api/v1/auth/refresh,0.000000,0.000000,0,0,0,0,0,0,0,0,0,0,0,150,0,25,28.633832166863915,18.447431997628883,82.49066000280436,1622.0
1789885278,50,,Aggregated,24.700000,0.000000,6,7,7,8,9,11,12,13,16,16,16,70532,0,6,8.963623472398549,3.0284199965535663,2104.1982940005255,6828.774768899223
1789885279,50,GET,GET /api/v1/reservas,19.100000,0.000000,6,7,8,8,9,10,12,12,16,16,16,52844,0,7,8.52411517070477,4.633864002244081,1957.275683998887,8965.0
1789885279,50,GET,GET /api/v1/reservas/{id},6.000000,0.000000,5,5,5,6,7,8,8,8,8,8,8,17515,0,5,6.233541071850633,3.0284199965535663,1521.0046399952262,442.0
1789885279,50,POST,POST /api/v1/auth/login,0.000000,0.000000,0,0,0,0,0,0,0,0,0,0,0,50,0,1300.0,1369.1218887201103,628.633758999058,2104.1982940005255,1622.0
1789885279,50,POST,POST /api/v1/auth/refresh,0.000000,0.000000,0,0,0,0,0,0,0,0,0,0,0,150,0,25,28.633832166863915,18.447431997628883,82.49066000280436,1622.0
1789885279,50,,Aggregated,25.100000,0.000000,6,7,7,8,9,10,12,12,16,16,16,70559,0,6,8.962428367964728,3.0284199965535663,2104.1982940005255,6828.50508085432
1789885280,50,GET,GET /api/v1/reservas,19.100000,0.000000,6,7,8,8,9,10,12,12,13,13,13,52863,0,7,8.523546391194614,4.633864002244081,1957.275683998887,8965.0
1789885280,50,GET,GET /api/v1/reservas/{id},5.300000,0.000000,5,5,5,6,6,7,8,8,8,8,8,17523,0,5,6.232672360182333,3.0284199965535663,1521.0046399952262,442.0
1789885280,50,POST,POST /api/v1/auth/login,0.000000,0.000000,0,0,0,0,0,0,0,0,0,0,0,50,0,1300.0,1369.1218887201103,628.633758999058,2104.1982940005255,1622.0
1789885280,50,POST,POST /api/v1/auth/refresh,0.000000,0.000000,0,0,0,0,0,0,0,0,0,0,0,150,0,25,28.633832166863915,18.447431997628883,82.49066000280436,1622.0
1789885280,50,,Aggregated,24.400000,0.000000,6,7,7,8,8,9,11,12,13,13,13,70586,0,6,8.961359475055007,3.0284199965535663,2104.1982940005255,6828.356345450939
1789885281,50,GET,GET /api/v1/reservas,18.900000,0.000000,6,7,8,8,9,10,11,12,13,13,13,52882,0,7,8.523007371368223,4.633864002244081,1957.275683998887,8965.0
1789885281,50,GET,GET /api/v1/reservas/{id},5.500000,0.000000,5,5,5,6,7,8,8,8,8,8,8,17527,0,5,6.2324184993136775,3.0284199965535663,1521.0046399952262,442.0
1789885281,50,POST,POST /api/v1/auth/login,0.000000,0.000000,0,0,0,0,0,0,0,0,0,0,0,50,0,1300.0,1369.1218887201103,628.633758999058,2104.1982940005255,1622.0
1789885281,50,POST,POST /api/v1/auth/refresh,0.000000,0.000000,0,0,0,0,0,0,0,0,0,0,0,150,0,25,28.633832166863915,18.447431997628883,82.49066000280436,1622.0
1789885281,50,,Aggregated,24.400000,0.000000,6,7,7,8,9,10,11,12,13,13,13,70609,0,6,8.960620375748164,3.0284199965535663,2104.1982940005255,6828.569502471356
1789885282,50,GET,GET /api/v1/reservas,18.900000,0.000000,6,7,8,8,9,10,11,12,13,13,13,52909,0,7,8.521918194081884,4.633864002244081,1957.275683998887,8965.0
1789885282,50,GET,GET /api/v1/reservas/{id},6.300000,0.000000,5,5,5,6,7,8,8,8,8,8,8,17530,0,5,6.232086381258966,3.0284199965535663,1521.0046399952262,442.0
1789885282,50,POST,POST /api/v1/auth/login,0.000000,0.000000,0,0,0,0,0,0,0,0,0,0,0,50,0,1300.0,1369.1218887201103,628.633758999058,2104.1982940005255,1622.0
1789885282,50,POST,POST /api/v1/auth/refresh,0.000000,0.000000,0,0,0,0,0,0,0,0,0,0,0,150,0,25,28.633832166863915,18.447431997628883,82.49066000280436,1622.0
1789885282,50,,Aggregated,25.200000,0.000000,6,7,7,8,8,10,11,12,13,13,13,70639,0,6,8.95943902454997,3.0284199965535663,2104.1982940005255,6829.114865725733
1789885283,50,GET,GET /api/v1/reservas,18.600000,0.000000,6,7,8,8,9,10,12,13,16,16,16,52926,0,7,8.52172181369585,4.633864002244081,1957.275683998887,8965.0
1789885283,50,GET,GET /api/v1/reservas/{id},6.500000,0.000000,5,5,5,6,7,8,8,8,8,8,8,17533,0,5,6.231963716503911,3.0284199965535663,1521.0046399952262,442.0
1789885283,50,POST,POST /api/v1/auth/login,0.000000,0.000000,0,0,0,0,0,0,0,0,0,0,0,50,0,1300.0,1369.1218887201103,628.633758999058,2104.1982940005255,1622.0
1789885283,50,POST,POST /api/v1/auth/refresh,0.000000,0.000000,0,0,0,0,0,0,0,0,0,0,0,150,0,25,28.633832166863915,18.447431997628883,82.49066000280436,1622.0
1789885283,50,,Aggregated,25.100000,0.000000,6,7,7,8,8,10,11,13,16,16,16,70659,0,6,8.959040431001952,3.0284199965535663,2104.1982940005255,6829.35756237705
1789885284,50,GET,GET /api/v1/reservas,18.200000,0.000000,6,7,8,8,9,10,12,13,16,16,16,52948,0,7,8.520961548229431,4.633864002244081,1957.275683998887,8965.0
1789885284,50,GET,GET /api/v1/reservas/{id},6.000000,0.000000,5,5,5,5,6,7,8,8,8,8,8,17537,0,5,6.231609315873215,3.0284199965535663,1521.0046399952262,442.0
1789885284,50,POST,POST /api/v1/auth/login,0.000000,0.000000,0,0,0,0,0,0,0,0,0,0,0,50,0,1300.0,1369.1218887201103,628.633758999058,2104.1982940005255,1622.0
1789885284,50,POST,POST /api/v1/auth/refresh,0.000000,0.000000,0,0,0,0,0,0,0,0,0,0,0,150,0,25,28.633832166863915,18.447431997628883,82.49066000280436,1622.0
1789885284,50,,Aggregated,24.200000,0.000000,6,7,7,8,8,10,11,13,16,16,16,70685,0,6,8.95809257818714,3.0284199965535663,2104.1982940005255,6829.660804979841
1789885285,50,GET,GET /api/v1/reservas,18.900000,0.000000,6,7,7,8,9,10,11,13,16,16,16,52971,0,7,8.519881771358682,4.633864002244081,1957.275683998887,8965.0
1789885285,50,GET,GET /api/v1/reservas/{id},6.100000,0.000000,5,5,5,5,6,7,8,8,8,8,8,17540,0,5,6.23128448075654,3.0284199965535663,1521.0046399952262,442.0
1789885285,50,POST,POST /api/v1/auth/login,0.000000,0.000000,0,0,0,0,0,0,0,0,0,0,0,50,0,1300.0,1369.1218887201103,628.633758999058,2104.1982940005255,1622.0
1789885285,50,POST,POST /api/v1/auth/refresh,0.000000,0.000000,0,0,0,0,0,0,0,0,0,0,0,150,0,25,28.633832166863915,18.447431997628883,82.49066000280436,1622.0
1789885285,50,,Aggregated,25.000000,0.000000,6,7,7,7,8,9,10,13,16,16,16,70711,0,6,8.956945261192004,3.0284199965535663,2104.1982940005255,6830.084357454993
1789885286,50,GET,GET /api/v1/reservas,19.000000,0.000000,6,7,7,8,9,10,11,13,16,16,16,52987,0,7,8.5196132032504,4.633864002244081,1957.275683998887,8965.0
1789885286,50,GET,GET /api/v1/reservas/{id},5.800000,0.000000,5,5,5,5,6,7,7,8,8,8,8,17550,0,5,6.230824082020864,3.0284199965535663,1521.0046399952262,442.0
1789885286,50,POST,POST /api/v1/auth/login,0.000000,0.000000,0,0,0,0,0,0,0,0,0,0,0,50,0,1300.0,1369.1218887201103,628.633758999058,2104.1982940005255,1622.0
1789885286,50,POST,POST /api/v1/auth/refresh,0.000000,0.000000,0,0,0,0,0,0,0,0,0,0,0,150,0,25,28.633832166863915,18.447431997628883,82.49066000280436,1622.0
1789885286,50,,Aggregated,24.800000,0.000000,6,7,7,7,8,10,11,13,16,16,16,70737,0,6,8.956145676253339,3.0284199965535663,2104.1982940005255,6829.6641785769825
1789885287,50,GET,GET /api/v1/reservas,20.300000,0.000000,6,7,7,8,9,10,11,13,16,16,16,53008,0,7,8.518787630256549,4.633864002244081,1957.275683998887,8965.0
1789885287,50,GET,GET /api/v1/reservas/{id},5.400000,0.000000,5,5,5,5,6,7,7,8,8,8,8,17554,0,5,6.230387133387241,3.0284199965535663,1521.0046399952262,442.0
1789885287,50,POST,POST /api/v1/auth/login,0.000000,0.000000,0,0,0,0,0,0,0,0,0,0,0,50,0,1300.0,1369.1218887201103,628.633758999058,2104.1982940005255,1622.0
1789885287,50,POST,POST /api/v1/auth/refresh,0.000000,0.000000,0,0,0,0,0,0,0,0,0,0,0,150,0,25,28.633832166863915,18.447431997628883,82.49066000280436,1622.0
1789885287,50,,Aggregated,25.700000,0.000000,6,7,7,7,8,10,11,13,16,16,16,70762,0,6,8.955135237912383,3.0284199965535663,2104.1982940005255,6829.93680223849
1789885288,50,GET,GET /api/v1/reservas,19.500000,0.000000,6,7,7,7,9,10,11,13,16,16,16,53032,0,7,8.517694606551437,4.633864002244081,1957.275683998887,8965.0
1789885288,50,GET,GET /api/v1/reservas/{id},5.300000,0.000000,5,5,5,5,6,7,7,8,8,8,8,17561,0,5,6.229659190734727,3.0284199965535663,1521.0046399952262,442.0
1789885288,50,POST,POST /api/v1/auth/login,0.000000,0.000000,0,0,0,0,0,0,0,0,0,0,0,50,0,1300.0,1369.1218887201103,628.633758999058,2104.1982940005255,1622.0
1789885288,50,POST,POST /api/v1/auth/refresh,0.000000,0.000000,0,0,0,0,0,0,0,0,0,0,0,150,0,25,28.633832166863915,18.447431997628883,82.49066000280436,1622.0
1789885288,50,,Aggregated,24.800000,0.000000,6,7,7,7,8,10,11,13,16,16,16,70793,0,6,8.953718512906162,3.0284199965535663,2104.1982940005255,6830.028985916687
1789885289,50,GET,GET /api/v1/reservas,19.800000,0.000000,6,7,7,7,8,10,11,13,16,16,16,53047,0,7,8.517045441168031,4.633864002244081,1957.275683998887,8965.0
1789885289,50,GET,GET /api/v1/reservas/{id},5.400000,0.000000,5,5,5,6,6,7,8,8,8,8,8,17565,0,5,6.229277247338293,3.0284199965535663,1521.0046399952262,442.0
1789885289,50,POST,POST /api/v1/auth/login,0.000000,0.000000,0,0,0,0,0,0,0,0,0,0,0,50,0,1300.0,1369.1218887201103,628.633758999058,2104.1982940005255,1622.0
1789885289,50,POST,POST /api/v1/auth/refresh,0.000000,0.000000,0,0,0,0,0,0,0,0,0,0,0,150,0,25,28.633832166863915,18.447431997628883,82.49066000280436,1622.0
1789885289,50,,Aggregated,25.200000,0.000000,6,7,7,7,8,10,11,13,16,16,16,70812,0,6,8.952891227873456,3.0284199965535663,2104.1982940005255,6830.120389199571
1789885290,50,GET,GET /api/v1/reservas,20.100000,0.000000,6,7,7,7,8,10,12,16,23,23,23,53067,0,7,8.516819164238118,4.633864002244081,1957.275683998887,8965.0
1789885290,50,GET,GET /api/v1/reservas/{id},5.700000,0.000000,4,5,5,6,7,7,8,8,8,8,8,17568,0,5,6.229185809967163,3.0284199965535663,1521.0046399952262,442.0
1789885290,50,POST,POST /api/v1/auth/login,0.000000,0.000000,0,0,0,0,0,0,0,0,0,0,0,50,0,1300.0,1369.1218887201103,628.633758999058,2104.1982940005255,1622.0
1789885290,50,POST,POST /api/v1/auth/refresh,0.000000,0.000000,0,0,0,0,0,0,0,0,0,0,0,150,0,25,28.633832166863915,18.447431997628883,82.49066000280436,1622.0
1789885290,50,,Aggregated,25.800000,0.000000,6,7,7,7,8,10,11,13,23,23,23,70835,0,6,8.952460621997107,3.0284199965535663,2104.1982940005255,6830.4526152325825
1789885291,50,GET,GET /api/v1/reservas,20.100000,0.000000,6,7,7,7,9,10,12,16,23,23,23,53089,0,7,8.516372616919208,4.633864002244081,1957.275683998887,8965.0
1789885291,50,GET,GET /api/v1/reservas/{id},5.700000,0.000000,4,5,5,6,7,7,8,8,8,8,8,17572,0,5,6.228916007313059,3.0284199965535663,1521.0046399952262,442.0
1789885291,50,POST,POST /api/v1/auth/login,0.000000,0.000000,0,0,0,0,0,0,0,0,0,0,0,50,0,1300.0,1369.1218887201103,628.633758999058,2104.1982940005255,1622.0
1789885291,50,POST,POST /api/v1/auth/refresh,0.000000,0.000000,0,0,0,0,0,0,0,0,0,0,0,150,0,25,28.633832166863915,18.447431997628883,82.49066000280436,1622.0
1789885291,50,,Aggregated,25.800000,0.000000,6,7,7,7,8,10,12,13,23,23,23,70861,0,6,8.951770186720012,3.0284199965535663,2104.1982940005255,6830.754702868997
1789885292,50,GET,GET /api/v1/reservas,19.900000,0.000000,6,7,7,7,8,10,12,22,23,23,23,53107,0,7,8.515913344505337,4.633864002244081,1957.275683998887,8965.0
1789885292,50,GET,GET /api/v1/reservas/{id},4.900000,0.000000,4,5,5,5,6,7,8,8,8,8,8,17578,0,5,6.228170411964644,3.0284199965535663,1521.0046399952262,442.0
1789885292,50,POST,POST /api/v1/auth/login,0.000000,0.000000,0,0,0,0,0,0,0,0,0,0,0,50,0,1300.0,1369.1218887201103,628.633758999058,2104.1982940005255,1622.0
1789885292,50,POST,POST /api/v1/auth/refresh,0.000000,0.000000,0,0,0,0,0,0,0,0,0,0,0,150,0,25,28.633832166863915,18.447431997628883,82.49066000280436,1622.0
1789885292,50,,Aggregated,24.800000,0.000000,6,7,7,7,8,10,11,12,23,23,23,70885,0,6,8.950900172803799,3.0284199965535663,2104.1982940005255,6830.755886294703
1789885293,50,GET,GET /api/v1/reservas,20.200000,0.000000,7,7,7,7,9,10,12,22,23,23,23,53125,0,7,8.515531620322726,4.633864002244081,1957.275683998887,8965.0
1789885293,50,GET,GET /api/v1/reservas/{id},4.500000,0.000000,5,5,5,6,6,7,8,9,9,9,9,17587,0,5,6.2279308754492835,3.0284199965535663,1521.0046399952262,442.0
1789885293,50,POST,POST /api/v1/auth/login,0.000000,0.000000,0,0,0,0,0,0,0,0,0,0,0,50,0,1300.0,1369.1218887201103,628.633758999058,2104.1982940005255,1622.0
1789885293,50,POST,POST /api/v1/auth/refresh,0.000000,0.000000,0,0,0,0,0,0,0,0,0,0,0,150,0,25,28.633832166863915,18.447431997628883,82.49066000280436,1622.0
1789885293,50,,Aggregated,24.700000,0.000000,6,7,7,7,8,10,12,12,23,23,23,70912,0,6,8.95009881116326,3.0284199965535663,2104.1982940005255,6830.486786439531
1789885294,50,GET,GET /api/v1/reservas,20.700000,0.000000,6,7,7,7,9,10,12,22,23,23,23,53144,0,7,8.514809224007669,4.633864002244081,1957.275683998887,8965.0
1789885294,50,GET,GET /api/v1/reservas/{id},4.600000,0.000000,5,5,5,6,6,7,8,9,9,9,9,17594,0,5,6.22712429387963,3.0284199965535663,1521.0046399952262,442.0
1789885294,50,POST,POST /api/v1/auth/login,0.000000,0.000000,0,0,0,0,0,0,0,0,0,0,0,50,0,1300.0,1369.1218887201103,628.633758999058,2104.1982940005255,1622.0
1789885294,50,POST,POST /api/v1/auth/refresh,0.000000,0.000000,0,0,0,0,0,0,0,0,0,0,0,150,0,25,28.633832166863915,18.447431997628883,82.49066000280436,1622.0
1789885294,50,,Aggregated,25.300000,0.000000,6,7,7,7,8,10,12,12,23,23,23,70938,0,6,8.94897256037976,3.0284199965535663,2104.1982940005255,6830.428092136795
1789885295,50,GET,GET /api/v1/reservas,19.900000,0.000000,7,7,7,7,9,10,12,22,23,23,23,53159,0,7,8.514341724047943,4.633864002244081,1957.275683998887,8965.0
1789885295,50,GET,GET /api/v1/reservas/{id},4.900000,0.000000,4,5,5,5,6,7,8,9,9,9,9,17599,0,5,6.226609753651503,3.0284199965535663,1521.0046399952262,442.0
1789885295,50,POST,POST /api/v1/auth/login,0.000000,0.000000,0,0,0,0,0,0,0,0,0,0,0,50,0,1300.0,1369.1218887201103,628.633758999058,2104.1982940005255,1622.0
1789885295,50,POST,POST /api/v1/auth/refresh,0.000000,0.000000,0,0,0,0,0,0,0,0,0,0,0,150,0,25,28.633832166863915,18.447431997628883,82.49066000280436,1622.0
1789885295,50,,Aggregated,24.800000,0.000000,6,7,7,7,8,10,12,12,23,23,23,70958,0,6,8.948211139324883,3.0284199965535663,2104.1982940005255,6830.429169367795
1789885296,50,GET,GET /api/v1/reservas,19.500000,0.000000,7,7,7,8,9,10,12,22,23,23,23,53178,0,7,8.514119827178078,4.633864002244081,1957.275683998887,8965.0
1789885296,50,GET,GET /api/v1/reservas/{id},5.300000,0.000000,5,5,5,6,6,7,8,9,9,9,9,17609,0,5,6.226142962889968,3.0284199965535663,1521.0046399952262,442.0
1789885296,50,POST,POST /api/v1/auth/login,0.000000,0.000000,0,0,0,0,0,0,0,0,0,0,0,50,0,1300.0,1369.1218887201103,628.633758999058,2104.1982940005255,1622.0
1789885296,50,POST,POST /api/v1/auth/refresh,0.000000,0.000000,0,0,0,0,0,0,0,0,0,0,0,150,0,25,28.633832166863915,18.447431997628883,82.49066000280436,1622.0
1789885296,50,,Aggregated,24.800000,0.000000,6,7,7,7,9,10,12,12,23,23,23,70987,0,6,8.947429597873455,3.0284199965535663,2104.1982940005255,6830.100553622494
1789885297,50,GET,GET /api/v1/reservas,19.100000,0.000000,7,7,7,8,10,11,12,22,23,23,23,53198,0,7,8.513649096727127,4.633864002244081,1957.275683998887,8965.0
1789885297,50,GET,GET /api/v1/reservas/{id},5.700000,0.000000,4,5,5,6,6,7,8,9,9,9,9,17616,0,5,6.225439109816551,3.0284199965535663,1521.0046399952262,442.0
1789885297,50,POST,POST /api/v1/auth/login,0.000000,0.000000,0,0,0,0,0,0,0,0,0,0,0,50,0,1300.0,1369.1218887201103,628.633758999058,2104.1982940005255,1622.0
1789885297,50,POST,POST /api/v1/auth/refresh,0.000000,0.000000,0,0,0,0,0,0,0,0,0,0,0,150,0,25,28.633832166863915,18.447431997628883,82.49066000280436,1622.0
1789885297,50,,Aggregated,24.800000,0.000000,6,7,7,7,9,10,12,12,23,23,23,71014,0,6,8.946512085888076,3.0284199965535663,2104.1982940005255,6830.072126622919
1789885298,50,GET,GET /api/v1/reservas,19.300000,0.000000,7,7,7,8,10,11,12,22,23,23,23,53217,0,7,8.51278551533694,4.633864002244081,1957.275683998887,8965.0
1789885298,50,GET,GET /api/v1/reservas/{id},6.000000,0.000000,5,5,5,6,6,7,8,9,9,9,9,17627,0,5,6.224461351877471,3.0284199965535663,1521.0046399952262,442.0
1789885298,50,POST,POST /api/v1/auth/login,0.000000,0.000000,0,0,0,0,0,0,0,0,0,0,0,50,0,1300.0,1369.1218887201103,628.633758999058,2104.1982940005255,1622.0
1789885298,50,POST,POST /api/v1/auth/refresh,0.000000,0.000000,0,0,0,0,0,0,0,0,0,0,0,150,0,25,28.633832166863915,18.447431997628883,82.49066000280436,1622.0
1789885298,50,,Aggregated,25.300000,0.000000,6,7,7,7,9,10,12,12,23,23,23,71044,0,6,8.945085528408706,3.0284199965535663,2104.1982940005255,6829.654003152976
1789885299,50,GET,GET /api/v1/reservas,18.800000,0.000000,7,7,7,8,10,11,12,22,23,23,23,53234,0,7,8.51207380395388,4.633864002244081,1957.275683998887,8965.0
1789885299,50,GET,GET /api/v1/reservas/{id},6.100000,0.000000,5,5,5,6,6,7,8,9,9,9,9,17633,0,5,6.223935396446886,3.0284199965535663,1521.0046399952262,442.0
1789885299,50,POST,POST /api/v1/auth/login,0.000000,0.000000,0,0,0,0,0,0,0,0,0,0,0,50,0,1300.0,1369.1218887201103,628.633758999058,2104.1982940005255,1622.0
1789885299,50,POST,POST /api/v1/auth/refresh,0.000000,0.000000,0,0,0,0,0,0,0,0,0,0,0,150,0,25,28.633832166863915,18.447431997628883,82.49066000280436,1622.0
1789885299,50,,Aggregated,24.900000,0.000000,6,7,7,7,9,10,12,12,23,23,23,71067,0,6,8.944088803330192,3.0284199965535663,2104.1982940005255,6829.625508323132
1789885300,50,GET,GET /api/v1/reservas,18.600000,0.000000,7,7,7,8,9,10,12,12,22,22,22,53253,0,7,8.511424172641565,4.633864002244081,1957.275683998887,8965.0
1789885300,50,GET,GET /api/v1/reservas/{id},6.400000,0.000000,5,5,5,5,6,7,7,9,9,9,9,17640,0,5,6.2231306708925995,3.0284199965535663,1521.0046399952262,442.0
1789885300,50,POST,POST /api/v1/auth/login,0.000000,0.000000,0,0,0,0,0,0,0,0,0,0,0,50,0,1300.0,1369.1218887201103,628.633758999058,2104.1982940005255,1622.0
1789885300,50,POST,POST /api/v1/auth/refresh,0.000000,0.000000,0,0,0,0,0,0,0,0,0,0,0,150,0,25,28.633832166863915,18.447431997628883,82.49066000280436,1622.0
1789885300,50,,Aggregated,25.000000,0.000000,6,7,7,7,8,10,12,12,22,22,22,71093,0,6,8.943019224976647,3.0284199965535663,2104.1982940005255,6829.567256973261
1789885301,50,GET,GET /api/v1/reservas,18.900000,0.000000,7,7,8,8,10,12,13,82,100,100,100,53267,0,7,8.514846138465641,4.633864002244081,1957.275683998887,8965.0
1789885301,50,GET,GET /api/v1/reservas/{id},6.400000,0.000000,5,5,6,6,7,11,41,44,44,44,44,17649,0,5,6.228191069892828,3.0284199965535663,1521.0046399952262,442.0
1789885301,50,POST,POST /api/v1/auth/login,0.000000,0.000000,0,0,0,0,0,0,0,0,0,0,0,50,0,1300.0,1369.1218887201103,628.633758999058,2104.1982940005255,1622.0
1789885301,50,POST,POST /api/v1/auth/refresh,0.000000,0.000000,0,0,0,0,0,0,0,0,0,0,0,150,0,25,28.633832166863915,18.447431997628883,82.49066000280436,1622.0
1789885301,50,,Aggregated,25.300000,0.000000,6,7,7,8,10,12,18,44,100,100,100,71116,0,6,8.946409003757607,3.0284199965535663,2104.1982940005255,6829.179270487654
1789885302,50,GET,GET /api/v1/reservas,18.900000,0.000000,7,7,8,8,10,11,13,82,100,100,100,53283,0,7,8.514160662868779,4.633864002244081,1957.275683998887,8965.0
1789885302,50,GET,GET /api/v1/reservas/{id},7.100000,0.000000,5,5,5,6,7,11,41,44,44,44,44,17656,0,5,6.227452735757677,3.0284199965535663,1521.0046399952262,442.0
1789885302,50,POST,POST /api/v1/auth/login,0.000000,0.000000,0,0,0,0,0,0,0,0,0,0,0,50,0,1300.0,1369.1218887201103,628.633758999058,2104.1982940005255,1622.0
1789885302,50,POST,POST /api/v1/auth/refresh,0.000000,0.000000,0,0,0,0,0,0,0,0,0,0,0,150,0,25,28.633832166863915,18.447431997628883,82.49066000280436,1622.0
1789885302,50,,Aggregated,26.000000,0.000000,6,7,7,8,9,11,18,44,100,100,100,71139,0,6,8.945347803078663,3.0284199965535663,2104.1982940005255,6829.031150283248
1789885303,50,GET,GET /api/v1/reservas,18.500000,0.000000,7,7,8,8,10,12,13,82,100,100,100,53305,0,7,8.513689744182338,4.633864002244081,1957.275683998887,8965.0
1789885303,50,GET,GET /api/v1/reservas/{id},7.600000,0.000000,5,5,5,6,7,11,41,44,44,44,44,17659,0,5,6.227248990007215,3.0284199965535663,1521.0046399952262,442.0
1789885303,50,POST,POST /api/v1/auth/login,0.000000,0.000000,0,0,0,0,0,0,0,0,0,0,0,50,0,1300.0,1369.1218887201103,628.633758999058,2104.1982940005255,1622.0
1789885303,50,POST,POST /api/v1/auth/refresh,0.000000,0.000000,0,0,0,0,0,0,0,0,0,0,0,150,0,25,28.633832166863915,18.447431997628883,82.49066000280436,1622.0
1789885303,50,,Aggregated,26.100000,0.000000,6,7,7,8,10,12,18,44,100,100,100,71164,0,6,8.94469663016715,3.0284199965535663,2104.1982940005255,6829.422221909955
1789885304,50,GET,GET /api/v1/reservas,17.900000,0.000000,7,7,8,8,10,12,13,82,100,100,100,53328,0,7,8.512864156271643,4.633864002244081,1957.275683998887,8965.0
1789885304,50,GET,GET /api/v1/reservas/{id},8.000000,0.000000,5,5,6,6,7,11,41,44,44,44,44,17662,0,5,6.226956146559649,3.0284199965535663,1521.0046399952262,442.0
1789885304,50,POST,POST /api/v1/auth/login,0.000000,0.000000,0,0,0,0,0,0,0,0,0,0,0,50,0,1300.0,1369.1218887201103,628.633758999058,2104.1982940005255,1622.0
1789885304,50,POST,POST /api/v1/auth/refresh,0.000000,0.000000,0,0,0,0,0,0,0,0,0,0,0,150,0,25,28.633832166863915,18.447431997628883,82.49066000280436,1622.0
1789885304,50,,Aggregated,25.900000,0.000000,6,7,7,8,9,11,18,44,100,100,100,71190,0,6,8.943751769170236,3.0284199965535663,2104.1982940005255,6829.843011658941
1789885305,50,GET,GET /api/v1/reservas,17.800000,0.000000,7,7,8,8,10,12,13,82,100,100,100,53347,0,7,8.512620135746092,4.633864002244081,1957.275683998887,8965.0
1789885305,50,GET,GET /api/v1/reservas/{id},7.500000,0.000000,5,5,6,6,7,11,41,44,44,44,44,17670,0,5,6.226613300539747,3.0284199965535663,1521.0046399952262,442.0
1789885305,50,POST,POST /api/v1/auth/login,0.000000,0.000000,0,0,0,0,0,0,0,0,0,0,0,50,0,1300.0,1369.1218887201103,628.633758999058,2104.1982940005255,1622.0
1789885305,50,POST,POST /api/v1/auth/refresh,0.000000,0.000000,0,0,0,0,0,0,0,0,0,0,0,150,0,25,28.633832166863915,18.447431997628883,82.49066000280436,1622.0
1789885305,50,,Aggregated,25.300000,0.000000,6,7,8,8,10,11,18,44,100,100,100,71217,0,6,8.943063772178304,3.0284199965535663,2104.1982940005255,6829.695086847241
1789885306,50,GET,GET /api/v1/reservas,18.900000,0.000000,7,7,8,8,10,12,13,82,100,100,100,53366,0,7,8.512258912765581,4.633864002244081,1957.275683998887,8965.0
1789885306,50,GET,GET /api/v1/reservas/{id},7.100000,0.000000,5,5,6,6,7,11,41,44,44,44,44,17675,0,5,6.22621139748372,3.0284199965535663,1521.0046399952262,442.0
1789885306,50,POST,POST /api/v1/auth/login,0.000000,0.000000,0,0,0,0,0,0,0,0,0,0,0,50,0,1300.0,1369.1218887201103,628.633758999058,2104.1982940005255,1622.0
1789885306,50,POST,POST /api/v1/auth/refresh,0.000000,0.000000,0,0,0,0,0,0,0,0,0,0,0,150,0,25,28.633832166863915,18.447431997628883,82.49066000280436,1622.0
1789885306,50,,Aggregated,26.000000,0.000000,6,7,8,8,9,12,18,44,100,100,100,71241,0,6,8.942388018840427,3.0284199965535663,2104.1982940005255,6829.816257492174
1789885307,50,GET,GET /api/v1/reservas,18.700000,0.000000,7,7,8,8,10,12,13,82,100,100,100,53390,0,7,8.511407066541736,4.633864002244081,1957.275683998887,8965.0
1789885307,50,GET,GET /api/v1/reservas/{id},6.800000,0.000000,5,6,6,6,7,11,41,44,44,44,44,17682,0,5,6.2259270811850715,3.0284199965535663,1521.0046399952262,442.0
1789885307,50,POST,POST /api/v1/auth/login,0.000000,0.000000,0,0,0,0,0,0,0,0,0,0,0,50,0,1300.0,1369.1218887201103,628.633758999058,2104.1982940005255,1622.0
1789885307,50,POST,POST /api/v1/auth/refresh,0.000000,0.000000,0,0,0,0,0,0,0,0,0,0,0,150,0,25,28.633832166863915,18.447431997628883,82.49066000280436,1622.0
1789885307,50,,Aggregated,25.500000,0.000000,6,7,8,8,9,12,18,44,100,100,100,71272,0,6,8.941267751616566,3.0284199965535663,2104.1982940005255,6829.90787405994
1789885308,50,GET,GET /api/v1/reservas,18.400000,0.000000,7,7,8,8,10,12,13,82,100,100,100,53401,0,7,8.510923323040124,4.633864002244081,1957.275683998887,8965.0
1789885308,50,GET,GET /api/v1/reservas/{id},7.000000,0.000000,5,6,6,6,7,18,41,44,44,44,44,17688,0,5,6.22533288209564,3.0284199965535663,1521.0046399952262,442.0
1789885308,50,POST,POST /api/v1/auth/login,0.000000,0.000000,0,0,0,0,0,0,0,0,0,0,0,50,0,1300.0,1369.1218887201103,628.633758999058,2104.1982940005255,1622.0
1789885308,50,POST,POST /api/v1/auth/refresh,0.000000,0.000000,0,0,0,0,0,0,0,0,0,0,0,150,0,25,28.633832166863915,18.447431997628883,82.49066000280436,1622.0
1789885308,50,,Aggregated,25.400000,0.000000,6,7,8,8,9,12,18,44,100,100,100,71289,0,6,8.940463096034609,3.0284199965535663,2104.1982940005255,6829.699687188767
1789885309,50,GET,GET /api/v1/reservas,18.800000,0.000000,7,7,8,8,10,12,13,82,100,100,100,53418,0,7,8.510304937711583,4.633864002244081,1957.275683998887,8965.0
1789885309,50,GET,GET /api/v1/reservas/{id},6.700000,0.000000,5,6,6,6,7,18,41,44,44,44,44,17695,0,5,6.224680316388948,3.0284199965535663,1521.0046399952262,442.0
1789885309,50,POST,POST /api/v1/auth/login,0.000000,0.000000,0,0,0,0,0,0,0,0,0,0,0,50,0,1300.0,1369.1218887201103,628.633758999058,2104.1982940005255,1622.0
1789885309,50,POST,POST /api/v1/auth/refresh,0.000000,0.000000,0,0,0,0,0,0,0,0,0,0,0,150,0,25,28.633832166863915,18.447431997628883,82.49066000280436,1622.0
1789885309,50,,Aggregated,25.500000,0.000000,6,7,8,8,9,12,18,44,100,100,100,71313,0,6,8.939469053639836,3.0284199965535663,2104.1982940005255,6829.58170319577
1789885310,50,GET,GET /api/v1/reservas,19.100000,0.000000,7,7,8,8,9,10,12,82,100,100,100,53439,0,7,8.509432454512222,4.633864002244081,1957.275683998887,8965.0
1789885310,50,GET,GET /api/v1/reservas/{id},6.200000,0.000000,5,5,6,6,7,8,41,44,44,44,44,17701,0,5,6.224199050082987,3.0284199965535663,1521.0046399952262,442.0
1789885310,50,POST,POST /api/v1/auth/login,0.000000,0.000000,0,0,0,0,0,0,0,0,0,0,0,50,0,1300.0,1369.1218887201103,628.633758999058,2104.1982940005255,1622.0
1789885310,50,POST,POST /api/v1/auth/refresh,0.000000,0.000000,0,0,0,0,0,0,0,0,0,0,0,150,0,25,28.633832166863915,18.447431997628883,82.49066000280436,1622.0
1789885310,50,,Aggregated,25.300000,0.000000,6,7,7,8,9,10,13,44,100,100,100,71340,0,6,8.938341429537926,3.0284199965535663,2104.1982940005255,6829.673072610037
1789885311,50,GET,GET /api/v1/reservas,18.300000,0.000000,7,7,8,8,9,10,12,17,23,23,23,53458,0,7,8.509394070273697,4.633864002244081,1957.275683998887,8965.0
1789885311,50,GET,GET /api/v1/reservas/{id},6.200000,0.000000,5,5,6,6,6,7,8,9,9,9,9,17704,0,5,6.2242431920199905,3.0284199965535663,1521.0046399952262,442.0
1789885311,50,POST,POST /api/v1/auth/login,0.000000,0.000000,0,0,0,0,0,0,0,0,0,0,0,50,0,1300.0,1369.1218887201103,628.633758999058,2104.1982940005255,1622.0
1789885311,50,POST,POST /api/v1/auth/refresh,0.000000,0.000000,0,0,0,0,0,0,0,0,0,0,0,150,0,25,28.633832166863915,18.447431997628883,82.49066000280436,1622.0
1789885311,50,,Aggregated,24.500000,0.000000,6,7,7,8,9,10,12,13,23,23,23,71362,0,6,8.938095330025105,3.0284199965535663,2104.1982940005255,6829.973066898349
1789885312,50,GET,GET /api/v1/reservas,18.400000,0.000000,7,7,8,8,9,10,13,23,31,31,31,53481,0,7,8.50927398849531,4.633864002244081,1957.275683998887,8965.0
1789885312,50,GET,GET /api/v1/reservas/{id},5.900000,0.000000,5,5,6,6,6,7,8,9,9,9,9,17710,0,5,6.223506897263006,3.0284199965535663,1521.0046399952262,442.0
1789885312,50,POST,POST /api/v1/auth/login,0.000000,0.000000,0,0,0,0,0,0,0,0,0,0,0,50,0,1300.0,1369.1218887201103,628.633758999058,2104.1982940005255,1622.0
1789885312,50,POST,POST /api/v1/auth/refresh,0.000000,0.000000,0,0,0,0,0,0,0,0,0,0,0,150,0,25,28.633832166863915,18.447431997628883,82.49066000280436,1622.0
1789885312,50,,Aggregated,24.300000,0.000000,6,7,7,8,9,10,12,17,31,31,31,71391,0,6,8.937456522394756,3.0284199965535663,2104.1982940005255,6830.1240352425375
1789885313,50,GET,GET /api/v1/reservas,18.600000,0.000000,7,7,7,8,9,10,12,23,31,31,31,53497,0,7,8.508569048558055,4.633864002244081,1957.275683998887,8965.0
1789885313,50,GET,GET /api/v1/reservas/{id},5.600000,0.000000,5,5,6,6,7,8,9,9,9,9,9,17716,0,5,6.223229798403912,3.0284199965535663,1521.0046399952262,442.0
1789885313,50,POST,POST /api/v1/auth/login,0.000000,0.000000,0,0,0,0,0,0,0,0,0,0,0,50,0,1300.0,1369.1218887201103,628.633758999058,2104.1982940005255,1622.0
1789885313,50,POST,POST /api/v1/auth/refresh,0.000000,0.000000,0,0,0,0,0,0,0,0,0,0,0,150,0,25,28.633832166863915,18.447431997628883,82.49066000280436,1622.0
1789885313,50,,Aggregated,24.200000,0.000000,6,7,7,8,9,10,12,17,31,31,31,71413,0,6,8.936535739435014,3.0284199965535663,2104.1982940005255,6830.065632307843
1789885314,50,GET,GET /api/v1/reservas,19.500000,0.000000,7,7,7,8,9,10,12,23,31,31,31,53516,0,7,8.507799952887039,4.633864002244081,1957.275683998887,8965.0
1789885314,50,GET,GET /api/v1/reservas/{id},5.100000,0.000000,5,5,6,6,7,8,9,9,9,9,9,17722,0,5,6.222649564356834,3.0284199965535663,1521.0046399952262,442.0
1789885314,50,POST,POST /api/v1/auth/login,0.000000,0.000000,0,0,0,0,0,0,0,0,0,0,0,50,0,1300.0,1369.1218887201103,628.633758999058,2104.1982940005255,1622.0
1789885314,50,POST,POST /api/v1/auth/refresh,0.000000,0.000000,0,0,0,0,0,0,0,0,0,0,0,150,0,25,28.633832166863915,18.447431997628883,82.49066000280436,1622.0
1789885314,50,,Aggregated,24.600000,0.000000,6,7,7,7,8,9,12,17,31,31,31,71438,0,6,8.935473937110125,3.0284199965535663,2104.1982940005255,6830.096923206137
1789885315,50,GET,GET /api/v1/reservas,19.300000,0.000000,7,7,7,8,9,10,12,23,31,31,31,53532,0,7,8.507285522485502,4.633864002244081,1957.275683998887,8965.0
1789885315,50,GET,GET /api/v1/reservas/{id},5.800000,0.000000,5,5,6,6,7,8,9,9,9,9,9,17727,0,5,6.222285194253584,3.0284199965535663,1521.0046399952262,442.0
1789885315,50,POST,POST /api/v1/auth/login,0.000000,0.000000,0,0,0,0,0,0,0,0,0,0,0,50,0,1300.0,1369.1218887201103,628.633758999058,2104.1982940005255,1622.0
1789885315,50,POST,POST /api/v1/auth/refresh,0.000000,0.000000,0,0,0,0,0,0,0,0,0,0,0,150,0,25,28.633832166863915,18.447431997628883,82.49066000280436,1622.0
1789885315,50,,Aggregated,25.100000,0.000000,6,7,7,7,8,9,12,17,31,31,31,71459,0,6,8.934712597283278,3.0284199965535663,2104.1982940005255,6830.127961488406
1789885316,50,GET,GET /api/v1/reservas,18.400000,0.000000,6,7,7,7,8,9,10,23,31,31,31,53554,0,7,8.506334999638694,4.633864002244081,1957.275683998887,8965.0
1789885316,50,GET,GET /api/v1/reservas/{id},5.800000,0.000000,4,5,5,6,7,8,9,9,9,9,9,17732,0,5,6.221808616824536,3.0284199965535663,1521.0046399952262,442.0
1789885316,50,POST,POST /api/v1/auth/login,0.000000,0.000000,0,0,0,0,0,0,0,0,0,0,0,50,0,1300.0,1369.1218887201103,628.633758999058,2104.1982940005255,1622.0
1789885316,50,POST,POST /api/v1/auth/refresh,0.000000,0.000000,0,0,0,0,0,0,0,0,0,0,0,150,0,25,28.633832166863915,18.447431997628883,82.49066000280436,1622.0
1789885316,50,,Aggregated,24.200000,0.000000,6,7,7,7,8,9,10,17,31,31,31,71486,0,6,8.9335610360801,3.0284199965535663,2104.1982940005255,6830.33816411605
1789885317,50,GET,GET /api/v1/reservas,18.400000,0.000000,6,7,7,8,9,10,13,23,31,31,31,53572,0,7,8.50611814200804,4.633864002244081,1957.275683998887,8965.0
1789885317,50,GET,GET /api/v1/reservas/{id},6.000000,0.000000,5,5,5,6,7,8,9,9,9,9,9,17737,0,5,6.221747489458475,3.0284199965535663,1521.0046399952262,442.0
1789885317,50,POST,POST /api/v1/auth/login,0.000000,0.000000,0,0,0,0,0,0,0,0,0,0,0,50,0,1300.0,1369.1218887201103,628.633758999058,2104.1982940005255,1622.0
1789885317,50,POST,POST /api/v1/auth/refresh,0.000000,0.000000,0,0,0,0,0,0,0,0,0,0,0,150,0,25,28.633832166863915,18.447431997628883,82.49066000280436,1622.0
1789885317,50,,Aggregated,24.400000,0.000000,6,7,7,7,9,10,10,17,31,31,31,71509,0,6,8.93308626306085,3.0284199965535663,2104.1982940005255,6830.428813156386
1789885318,50,GET,GET /api/v1/reservas,18.600000,0.000000,6,7,7,8,9,10,13,23,31,31,31,53592,0,7,8.505457736614716,4.633864002244081,1957.275683998887,8965.0
1789885318,50,GET,GET /api/v1/reservas/{id},5.700000,0.000000,5,5,5,6,7,9,9,10,10,10,10,17746,0,5,6.221165612054422,3.0284199965535663,1521.0046399952262,442.0
1789885318,50,POST,POST /api/v1/auth/login,0.000000,0.000000,0,0,0,0,0,0,0,0,0,0,0,50,0,1300.0,1369.1218887201103,628.633758999058,2104.1982940005255,1622.0
1789885318,50,POST,POST /api/v1/auth/refresh,0.000000,0.000000,0,0,0,0,0,0,0,0,0,0,0,150,0,25,28.633832166863915,18.447431997628883,82.49066000280436,1622.0
1789885318,50,,Aggregated,24.300000,0.000000,6,7,7,8,9,10,12,17,31,31,31,71538,0,6,8.931986709625823,3.0284199965535663,2104.1982940005255,6830.221868098074
1789885319,50,GET,GET /api/v1/reservas,18.800000,0.000000,7,7,8,8,9,10,13,23,31,31,31,53613,0,7,8.504985313593442,4.633864002244081,1957.275683998887,8965.0
1789885319,50,GET,GET /api/v1/reservas/{id},5.600000,0.000000,5,5,6,6,8,9,9,10,10,10,10,17752,0,5,6.220936759210823,3.0284199965535663,1521.0046399952262,442.0
1789885319,50,POST,POST /api/v1/auth/login,0.000000,0.000000,0,0,0,0,0,0,0,0,0,0,0,50,0,1300.0,1369.1218887201103,628.633758999058,2104.1982940005255,1622.0
1789885319,50,POST,POST /api/v1/auth/refresh,0.000000,0.000000,0,0,0,0,0,0,0,0,0,0,0,150,0,25,28.633832166863915,18.447431997628883,82.49066000280436,1622.0
1789885319,50,,Aggregated,24.400000,0.000000,6,7,7,8,9,10,12,17,31,31,31,71565,0,6,8.931223590138117,3.0284199965535663,2104.1982940005255,6830.312708726333
1789885320,50,GET,GET /api/v1/reservas,18.400000,0.000000,7,7,8,8,9,10,13,23,31,31,31,53630,0,7,8.504648475082616,4.633864002244081,1957.275683998887,8965.0
1789885320,50,GET,GET /api/v1/reservas/{id},6.000000,0.000000,5,5,5,6,7,9,9,10,10,10,10,17758,0,5,6.220385150946337,3.0284199965535663,1521.0046399952262,442.0
1789885320,50,POST,POST /api/v1/auth/login,0.000000,0.000000,0,0,0,0,0,0,0,0,0,0,0,50,0,1300.0,1369.1218887201103,628.633758999058,2104.1982940005255,1622.0
1789885320,50,POST,POST /api/v1/auth/refresh,0.000000,0.000000,0,0,0,0,0,0,0,0,0,0,0,150,0,25,28.633832166863915,18.447431997628883,82.49066000280436,1622.0
1789885320,50,,Aggregated,24.400000,0.000000,6,7,8,8,9,10,12,17,31,31,31,71588,0,6,8.930506041378786,3.0284199965535663,2104.1982940005255,6830.2842096440745
1789885321,50,GET,GET /api/v1/reservas,19.200000,0.000000,6,7,8,8,9,10,13,24,25,25,25,53647,0,7,8.504890692427963,4.633864002244081,1957.275683998887,8965.0
1789885321,50,GET,GET /api/v1/reservas/{id},5.600000,0.000000,5,5,6,6,7,8,10,18,18,18,18,17768,0,5,6.220589855385917,3.0284199965535663,1521.0046399952262,442.0
1789885321,50,POST,POST /api/v1/auth/login,0.000000,0.000000,0,0,0,0,0,0,0,0,0,0,0,50,0,1300.0,1369.1218887201103,628.633758999058,2104.1982940005255,1622.0
1789885321,50,POST,POST /api/v1/auth/refresh,0.000000,0.000000,0,0,0,0,0,0,0,0,0,0,0,150,0,25,28.633832166863915,18.447431997628883,82.49066000280436,1622.0
1789885321,50,,Aggregated,24.800000,0.000000,6,7,7,8,9,10,13,18,25,25,25,71615,0,6,8.93025875568273,3.0284199965535663,2104.1982940005255,6829.898917824478
1789885322,50,GET,GET /api/v1/reservas,19.000000,0.000000,7,7,8,8,9,10,13,24,25,25,25,53667,0,7,8.504448915547494,4.633864002244081,1957.275683998887,8965.0
1789885322,50,GET,GET /api/v1/reservas/{id},5.500000,0.000000,5,5,6,6,7,9,10,18,18,18,18,17771,0,5,6.220407402593696,3.0284199965535663,1521.0046399952262,442.0
1789885322,50,POST,POST /api/v1/auth/login,0.000000,0.000000,0,0,0,0,0,0,0,0,0,0,0,50,0,1300.0,1369.1218887201103,628.633758999058,2104.1982940005255,1622.0
1789885322,50,POST,POST /api/v1/auth/refresh,0.000000,0.000000,0,0,0,0,0,0,0,0,0,0,0,150,0,25,28.633832166863915,18.447431997628883,82.49066000280436,1622.0
1789885322,50,,Aggregated,24.500000,0.000000,6,7,8,8,9,10,13,18,25,25,25,71638,0,6,8.929650313565686,3.0284199965535663,2104.1982940005255,6830.227490996399
1789885323,50,GET,GET /api/v1/reservas,19.200000,0.000000,7,7,8,8,9,10,13,24,25,25,25,53685,0,7,8.503663700841743,4.633864002244081,1957.275683998887,8965.0
1789885323,50,GET,GET /api/v1/reservas/{id},6.100000,0.000000,5,5,6,6,7,8,10,18,18,18,18,17778,0,5,6.219558136264431,3.0284199965535663,1521.0046399952262,442.0
1789885323,50,POST,POST /api/v1/auth/login,0.000000,0.000000,0,0,0,0,0,0,0,0,0,0,0,50,0,1300.0,1369.1218887201103,628.633758999058,2104.1982940005255,1622.0
1789885323,50,POST,POST /api/v1/auth/refresh,0.000000,0.000000,0,0,0,0,0,0,0,0,0,0,0,150,0,25,28.633832166863915,18.447431997628883,82.49066000280436,1622.0
1789885323,50,,Aggregated,25.300000,0.000000,6,7,7,8,9,10,13,18,25,25,25,71663,0,6,8.928479962982802,3.0284199965535663,2104.1982940005255,6830.139695519306
1789885324,50,GET,GET /api/v1/reservas,18.600000,0.000000,7,7,8,8,10,10,13,24,25,25,25,53707,0,7,8.503156399904862,4.633864002244081,1957.275683998887,8965.0
1789885324,50,GET,GET /api/v1/reservas/{id},6.500000,0.000000,5,5,6,6,7,8,10,18,18,18,18,17783,0,5,6.219150489428678,3.0284199965535663,1521.0046399952262,442.0
1789885324,50,POST,POST /api/v1/auth/login,0.000000,0.000000,0,0,0,0,0,0,0,0,0,0,0,50,0,1300.0,1369.1218887201103,628.633758999058,2104.1982940005255,1622.0
1789885324,50,POST,POST /api/v1/auth/refresh,0.000000,0.000000,0,0,0,0,0,0,0,0,0,0,0,150,0,25,28.633832166863915,18.447431997628883,82.49066000280436,1622.0
1789885324,50,,Aggregated,25.100000,0.000000,6,7,7,8,9,10,13,18,25,25,25,71690,0,6,8.927679497618065,3.0284199965535663,2104.1982940005255,6830.349295578184
1789885325,50,GET,GET /api/v1/reservas,18.600000,0.000000,7,7,8,8,10,11,13,24,25,25,25,53724,0,7,8.502817707182867,4.633864002244081,1957.275683998887,8965.0
1789885325,50,GET,GET /api/v1/reservas/{id},6.000000,0.000000,5,5,5,6,7,8,10,18,18,18,18,17789,0,5,6.21857295297762,3.0284199965535663,1521.0046399952262,442.0
1789885325,50,POST,POST /api/v1/auth/login,0.000000,0.000000,0,0,0,0,0,0,0,0,0,0,0,50,0,1300.0,1369.1218887201103,628.633758999058,2104.1982940005255,1622.0
1789885325,50,POST,POST /api/v1/auth/refresh,0.000000,0.000000,0,0,0,0,0,0,0,0,0,0,0,150,0,25,28.633832166863915,18.447431997628883,82.49066000280436,1622.0
1789885325,50,,Aggregated,24.600000,0.000000,6,7,8,8,9,10,13,18,25,25,25,71713,0,6,8.926955252496061,3.0284199965535663,2104.1982940005255,6830.320834437271
1789885326,50,GET,GET /api/v1/reservas,18.800000,0.000000,7,7,8,8,10,10,13,24,25,25,25,53749,0,7,8.501826126805739,4.633864002244081,1957.275683998887,8965.0
1789885326,50,GET,GET /api/v1/reservas/{id},6.200000,0.000000,5,5,5,6,6,8,10,18,18,18,18,17792,0,5,6.218376181909057,3.0284199965535663,1521.0046399952262,442.0
1789885326,50,POST,POST /api/v1/auth/login,0.000000,0.000000,0,0,0,0,0,0,0,0,0,0,0,50,0,1300.0,1369.1218887201103,628.633758999058,2104.1982940005255,1622.0
1789885326,50,POST,POST /api/v1/auth/refresh,0.000000,0.000000,0,0,0,0,0,0,0,0,0,0,0,150,0,25,28.633832166863915,18.447431997628883,82.49066000280436,1622.0
1789885326,50,,Aggregated,25.000000,0.000000,6,7,7,8,9,10,13,18,25,25,25,71741,0,6,8.925902493403303,3.0284199965535663,2104.1982940005255,6830.797577396468
1789885327,50,GET,GET /api/v1/reservas,19.100000,0.000000,7,7,8,8,10,11,14,24,25,25,25,53767,0,7,8.501690386141899,4.633864002244081,1957.275683998887,8965.0
1789885327,50,GET,GET /api/v1/reservas/{id},6.100000,0.000000,5,5,6,6,7,8,10,18,18,18,18,17794,0,5,6.218405206896954,3.0284199965535663,1521.0046399952262,442.0
1789885327,50,POST,POST /api/v1/auth/login,0.000000,0.000000,0,0,0,0,0,0,0,0,0,0,0,50,0,1300.0,1369.1218887201103,628.633758999058,2104.1982940005255,1622.0
1789885327,50,POST,POST /api/v1/auth/refresh,0.000000,0.000000,0,0,0,0,0,0,0,0,0,0,0,150,0,25,28.633832166863915,18.447431997628883,82.49066000280436,1622.0
1789885327,50,,Aggregated,25.200000,0.000000,6,7,8,8,10,11,14,18,25,25,25,71761,0,6,8.9256261549345,3.0284199965535663,2104.1982940005255,6831.154847340477
1789885328,50,GET,GET /api/v1/reservas,19.300000,0.000000,7,7,8,8,10,11,14,24,25,25,25,53791,0,7,8.500681635212544,4.633864002244081,1957.275683998887,8965.0
1789885328,50,GET,GET /api/v1/reservas/{id},6.100000,0.000000,5,5,5,6,6,7,8,18,18,18,18,17799,0,5,6.217776599108333,3.0284199965535663,1521.0046399952262,442.0
1789885328,50,POST,POST /api/v1/auth/login,0.000000,0.000000,0,0,0,0,0,0,0,0,0,0,0,50,0,1300.0,1369.1218887201103,628.633758999058,2104.1982940005255,1622.0
1789885328,50,POST,POST /api/v1/auth/refresh,0.000000,0.000000,0,0,0,0,0,0,0,0,0,0,0,150,0,25,28.633832166863915,18.447431997628883,82.49066000280436,1622.0
1789885328,50,,Aggregated,25.400000,0.000000,6,7,7,8,9,10,14,18,25,25,25,71790,0,6,8.924384187049531,3.0284199965535663,2104.1982940005255,6831.423220504248
1789885329,50,GET,GET /api/v1/reservas,19.700000,0.000000,7,7,7,8,10,10,14,24,25,25,25,53810,0,7,8.499975978994962,4.633864002244081,1957.275683998887,8965.0
1789885329,50,GET,GET /api/v1/reservas/{id},5.700000,0.000000,4,5,5,5,6,7,7,18,18,18,18,17807,0,5,6.21700875855086,3.0284199965535663,1521.0046399952262,442.0
1789885329,50,POST,POST /api/v1/auth/login,0.000000,0.000000,0,0,0,0,0,0,0,0,0,0,0,50,0,1300.0,1369.1218887201103,628.633758999058,2104.1982940005255,1622.0
1789885329,50,POST,POST /api/v1/auth/refresh,0.000000,0.000000,0,0,0,0,0,0,0,0,0,0,0,150,0,25,28.633832166863915,18.447431997628883,82.49066000280436,1622.0
1789885329,50,,Aggregated,25.400000,0.000000,6,7,7,7,9,10,14,18,25,25,25,71817,0,6,8.923251481602867,3.0284199965535663,2104.1982940005255,6831.275937452136
1789885330,50,GET,GET /api/v1/reservas,19.700000,0.000000,7,7,7,8,10,10,14,24,25,25,25,53823,0,7,8.49946016618779,4.633864002244081,1957.275683998887,8965.0
1789885330,50,GET,GET /api/v1/reservas/{id},5.400000,0.000000,4,5,5,6,7,7,10,18,18,18,18,17816,0,5,6.216606655337832,3.0284199965535663,1521.0046399952262,442.0
1789885330,50,POST,POST /api/v1/auth/login,0.000000,0.000000,0,0,0,0,0,0,0,0,0,0,0,50,0,1300.0,1369.1218887201103,628.633758999058,2104.1982940005255,1622.0
1789885330,50,POST,POST /api/v1/auth/refresh,0.000000,0.000000,0,0,0,0,0,0,0,0,0,0,0,150,0,25,28.633832166863915,18.447431997628883,82.49066000280436,1622.0
1789885330,50,,Aggregated,25.100000,0.000000,6,7,7,7,9,10,14,18,25,25,25,71839,0,6,8.922349670196729,3.0284199965535663,2104.1982940005255,6830.861607205
1789885331,50,GET,GET /api/v1/reservas,19.300000,0.000000,6,7,7,7,8,10,11,14,15,15,15,53842,0,7,8.498658525291,4.633864002244081,1957.275683998887,8965.0
1789885331,50,GET,GET /api/v1/reservas/{id},5.500000,0.000000,4,5,5,5,6,7,7,10,10,10,10,17824,0,5,6.215854714290059,3.0284199965535663,1521.0046399952262,442.0
1789885331,50,POST,POST /api/v1/auth/login,0.000000,0.000000,0,0,0,0,0,0,0,0,0,0,0,50,0,1300.0,1369.1218887201103,628.633758999058,2104.1982940005255,1622.0
1789885331,50,POST,POST /api/v1/auth/refresh,0.000000,0.000000,0,0,0,0,0,0,0,0,0,0,0,150,0,25,28.633832166863915,18.447431997628883,82.49066000280436,1622.0
1789885331,50,,Aggregated,24.800000,0.000000,6,7,7,7,8,9,10,11,15,15,15,71866,0,6,8.92114958404896,3.0284199965535663,2104.1982940005255,6830.714635571759
1789885332,50,GET,GET /api/v1/reservas,19.800000,0.000000,7,7,7,8,9,10,11,14,15,15,15,53860,0,7,8.498433441045687,4.633864002244081,1957.275683998887,8965.0
1789885332,50,GET,GET /api/v1/reservas/{id},5.700000,0.000000,4,5,5,5,6,7,7,10,10,10,10,17829,0,5,6.215477174912584,3.0284199965535663,1521.0046399952262,442.0
1789885332,50,POST,POST /api/v1/auth/login,0.000000,0.000000,0,0,0,0,0,0,0,0,0,0,0,50,0,1300.0,1369.1218887201103,628.633758999058,2104.1982940005255,1622.0
1789885332,50,POST,POST /api/v1/auth/refresh,0.000000,0.000000,0,0,0,0,0,0,0,0,0,0,0,150,0,25,28.633832166863915,18.447431997628883,82.49066000280436,1622.0
1789885332,50,,Aggregated,25.500000,0.000000,6,7,7,7,8,10,11,12,15,15,15,71889,0,6,8.920593372383475,3.0284199965535663,2104.1982940005255,6830.804685000487
1789885333,50,GET,GET /api/v1/reservas,19.100000,0.000000,7,7,7,8,9,10,11,14,15,15,15,53884,0,7,8.497530428062657,4.633864002244081,1957.275683998887,8965.0
1789885333,50,GET,GET /api/v1/reservas/{id},5.800000,0.000000,5,5,5,5,6,7,7,10,10,10,10,17834,0,5,6.215123494701249,3.0284199965535663,1521.0046399952262,442.0
1789885333,50,POST,POST /api/v1/auth/login,0.000000,0.000000,0,0,0,0,0,0,0,0,0,0,0,50,0,1300.0,1369.1218887201103,628.633758999058,2104.1982940005255,1622.0
1789885333,50,POST,POST /api/v1/auth/refresh,0.000000,0.000000,0,0,0,0,0,0,0,0,0,0,0,150,0,25,28.633832166863915,18.447431997628883,82.49066000280436,1622.0
1789885333,50,,Aggregated,24.900000,0.000000,6,7,7,7,8,10,11,12,15,15,15,71918,0,6,8.919500142541068,3.0284199965535663,2104.1982940005255,6831.072721710837
1789885334,50,GET,GET /api/v1/reservas,19.400000,0.000000,7,7,7,8,9,10,14,15,15,15,15,53902,0,7,8.497248843711517,4.633864002244081,1957.275683998887,8965.0
1789885334,50,GET,GET /api/v1/reservas/{id},5.800000,0.000000,5,5,5,5,6,7,8,10,10,10,10,17837,0,5,6.2149451513988705,3.0284199965535663,1521.0046399952262,442.0
1789885334,50,POST,POST /api/v1/auth/login,0.000000,0.000000,0,0,0,0,0,0,0,0,0,0,0,50,0,1300.0,1369.1218887201103,628.633758999058,2104.1982940005255,1622.0
1789885334,50,POST,POST /api/v1/auth/refresh,0.000000,0.000000,0,0,0,0,0,0,0,0,0,0,0,150,0,25,28.633832166863915,18.447431997628883,82.49066000280436,1622.0
1789885334,50,,Aggregated,25.200000,0.000000,6,7,7,7,8,10,12,14,15,15,15,71939,0,6,8.91902657946702,3.0284199965535663,2104.1982940005255,6831.34021879648
1789885335,50,GET,GET /api/v1/reservas,19.600000,0.000000,7,7,7,7,8,10,12,15,15,15,15,53923,0,7,8.496374982544568,4.633864002244081,1957.275683998887,8965.0
1789885335,50,GET,GET /api/v1/reservas/{id},5.500000,0.000000,5,5,5,5,6,7,8,10,10,10,10,17843,0,5,6.214321498430217,3.0284199965535663,1521.0046399952262,442.0
1789885335,50,POST,POST /api/v1/auth/login,0.000000,0.000000,0,0,0,0,0,0,0,0,0,0,0,50,0,1300.0,1369.1218887201103,628.633758999058,2104.1982940005255,1622.0
1789885335,50,POST,POST /api/v1/auth/refresh,0.000000,0.000000,0,0,0,0,0,0,0,0,0,0,0,150,0,25,28.633832166863915,18.447431997628883,82.49066000280436,1622.0
1789885335,50,,Aggregated,25.100000,0.000000,6,7,7,7,8,10,11,14,15,15,15,71966,0,6,8.9178686593847,3.0284199965535663,2104.1982940005255,6831.430133674235
1789885336,50,GET,GET /api/v1/reservas,19.900000,0.000000,6,7,7,8,8,10,14,23,29,29,29,53945,0,7,8.496289538525613,4.633864002244081,1957.275683998887,8965.0
1789885336,50,GET,GET /api/v1/reservas/{id},5.600000,0.000000,5,5,5,6,7,7,8,10,10,10,10,17846,0,5,6.214381390423194,3.0284199965535663,1521.0046399952262,442.0
1789885336,50,POST,POST /api/v1/auth/login,0.000000,0.000000,0,0,0,0,0,0,0,0,0,0,0,50,0,1300.0,1369.1218887201103,628.633758999058,2104.1982940005255,1622.0
1789885336,50,POST,POST /api/v1/auth/refresh,0.000000,0.000000,0,0,0,0,0,0,0,0,0,0,0,150,0,25,28.633832166863915,18.447431997628883,82.49066000280436,1622.0
1789885336,50,,Aggregated,25.500000,0.000000,6,7,7,7,8,10,12,15,29,29,29,71991,0,6,8.917578012672344,3.0284199965535663,2104.1982940005255,6831.815879762748
1789885337,50,GET,GET /api/v1/reservas,19.700000,0.000000,6,7,7,8,9,11,14,23,29,29,29,53961,0,7,8.496113843475046,4.633864002244081,1957.275683998887,8965.0
1789885337,50,GET,GET /api/v1/reservas/{id},5.400000,0.000000,5,5,5,5,7,8,9,10,10,10,10,17852,0,5,6.213946122703334,3.0284199965535663,1521.0046399952262,442.0
1789885337,50,POST,POST /api/v1/auth/login,0.000000,0.000000,0,0,0,0,0,0,0,0,0,0,0,50,0,1300.0,1369.1218887201103,628.633758999058,2104.1982940005255,1622.0
1789885337,50,POST,POST /api/v1/auth/refresh,0.000000,0.000000,0,0,0,0,0,0,0,0,0,0,0,150,0,25,28.633832166863915,18.447431997628883,82.49066000280436,1622.0
1789885337,50,,Aggregated,25.100000,0.000000,6,7,7,7,8,10,14,15,29,29,29,72013,0,6,8.91701962911273,3.0284199965535663,2104.1982940005255,6831.757446572146
1789885338,50,GET,GET /api/v1/reservas,19.600000,0.000000,6,7,7,8,9,11,14,23,29,29,29,53984,0,7,8.495168242345075,4.633864002244081,1957.275683998887,8965.0
1789885338,50,GET,GET /api/v1/reservas/{id},5.300000,0.000000,4,5,5,5,7,9,9,10,10,10,10,17862,0,5,6.212846154322609,3.0284199965535663,1521.0046399952262,442.0
1789885338,50,POST,POST /api/v1/auth/login,0.000000,0.000000,0,0,0,0,0,0,0,0,0,0,0,50,0,1300.0,1369.1218887201103,628.633758999058,2104.1982940005255,1622.0
1789885338,50,POST,POST /api/v1/auth/refresh,0.000000,0.000000,0,0,0,0,0,0,0,0,0,0,0,150,0,25,28.633832166863915,18.447431997628883,82.49066000280436,1622.0
1789885338,50,,Aggregated,24.900000,0.000000,6,7,7,7,8,10,14,15,29,29,29,72046,0,6,8.915528824144365,3.0284199965535663,2104.1982940005255,6831.551564278378
1789885339,50,GET,GET /api/v1/reservas,19.200000,0.000000,6,7,7,8,9,11,14,23,29,29,29,53992,0,7,8.494861913649356,4.633864002244081,1957.275683998887,8965.0
1789885339,50,GET,GET /api/v1/reservas/{id},5.600000,0.000000,5,5,5,5,7,9,9,10,10,10,10,17866,0,5,6.212538135201505,3.0284199965535663,1521.0046399952262,442.0
1789885339,50,POST,POST /api/v1/auth/login,0.000000,0.000000,0,0,0,0,0,0,0,0,0,0,0,50,0,1300.0,1369.1218887201103,628.633758999058,2104.1982940005255,1622.0
1789885339,50,POST,POST /api/v1/auth/refresh,0.000000,0.000000,0,0,0,0,0,0,0,0,0,0,0,150,0,25,28.633832166863915,18.447431997628883,82.49066000280436,1622.0
1789885339,50,,Aggregated,24.800000,0.000000,6,7,7,7,8,10,14,15,29,29,29,72058,0,6,8.91502622923623,3.0284199965535663,2104.1982940005255,6831.433733936551
1789885340,50,GET,GET /api/v1/reservas,19.000000,0.000000,6,7,7,8,9,11,14,23,29,29,29,54016,0,7,8.493817314680012,4.633864002244081,1957.275683998887,8965.0
1789885340,50,GET,GET /api/v1/reservas/{id},5.700000,0.000000,4,5,5,5,7,8,9,9,9,9,9,17872,0,5,6.211738970540601,3.0284199965535663,1521.0046399952262,442.0
1789885340,50,POST,POST /api/v1/auth/login,0.000000,0.000000,0,0,0,0,0,0,0,0,0,0,0,50,0,1300.0,1369.1218887201103,628.633758999058,2104.1982940005255,1622.0
1789885340,50,POST,POST /api/v1/auth/refresh,0.000000,0.000000,0,0,0,0,0,0,0,0,0,0,0,150,0,25,28.633832166863915,18.447431997628883,82.49066000280436,1622.0
1789885340,50,,Aggregated,24.700000,0.000000,6,7,7,7,8,10,14,15,29,29,29,72088,0,6,8.913680560041831,3.0284199965535663,2104.1982940005255,6831.612251692376
1789885341,50,GET,GET /api/v1/reservas,19.300000,0.000000,6,7,7,7,9,11,15,23,29,29,29,54038,0,7,8.493176167007324,4.633864002244081,1957.275683998887,8965.0
1789885341,50,GET,GET /api/v1/reservas/{id},6.200000,0.000000,4,5,5,5,7,9,9,14,14,14,14,17878,0,5,6.211654254699243,3.0284199965535663,1521.0046399952262,442.0
1789885341,50,POST,POST /api/v1/auth/login,0.000000,0.000000,0,0,0,0,0,0,0,0,0,0,0,50,0,1300.0,1369.1218887201103,628.633758999058,2104.1982940005255,1622.0
1789885341,50,POST,POST /api/v1/auth/refresh,0.000000,0.000000,0,0,0,0,0,0,0,0,0,0,0,150,0,25,28.633832166863915,18.447431997628883,82.49066000280436,1622.0
1789885341,50,,Aggregated,25.500000,0.000000,6,7,7,7,8,11,14,15,29,29,29,72116,0,6,8.91282624853421,3.0284199965535663,2104.1982940005255,6831.731460424871
1789885342,50,GET,GET /api/v1/reservas,18.400000,0.000000,6,7,7,8,10,12,15,23,29,29,29,54060,0,7,8.493007880480022,4.633864002244081,1957.275683998887,8965.0
1789885342,50,GET,GET /api/v1/reservas/{id},6.200000,0.000000,4,5,5,6,7,9,9,14,14,14,14,17884,0,5,6.211311725425743,3.0284199965535663,1521.0046399952262,442.0
1789885342,50,POST,POST /api/v1/auth/login,0.000000,0.000000,0,0,0,0,0,0,0,0,0,0,0,50,0,1300.0,1369.1218887201103,628.633758999058,2104.1982940005255,1622.0
1789885342,50,POST,POST /api/v1/auth/refresh,0.000000,0.000000,0,0,0,0,0,0,0,0,0,0,0,150,0,25,28.633832166863915,18.447431997628883,82.49066000280436,1622.0
1789885342,50,,Aggregated,24.600000,0.000000,6,7,7,7,9,11,14,15,29,29,29,72144,0,6,8.912262616119184,3.0284199965535663,2104.1982940005255,6831.850576624529
1789885343,50,GET,GET /api/v1/reservas,19.800000,0.000000,6,7,7,8,10,12,15,23,29,29,29,54082,0,7,8.492183881526925,4.633864002244081,1957.275683998887,8965.0
1789885343,50,GET,GET /api/v1/reservas/{id},5.500000,0.000000,4,5,5,5,7,9,9,14,14,14,14,17894,0,5,6.210309308287939,3.0284199965535663,1521.0046399952262,442.0
1789885343,50,POST,POST /api/v1/auth/login,0.000000,0.000000,0,0,0,0,0,0,0,0,0,0,0,50,0,1300.0,1369.1218887201103,628.633758999058,2104.1982940005255,1622.0
1789885343,50,POST,POST /api/v1/auth/refresh,0.000000,0.000000,0,0,0,0,0,0,0,0,0,0,0,150,0,25,28.633832166863915,18.447431997628883,82.49066000280436,1622.0
1789885343,50,,Aggregated,25.300000,0.000000,6,7,7,7,9,11,14,15,29,29,29,72176,0,6,8.910894656177701,3.0284199965535663,2104.1982940005255,6831.615467745511
1789885344,50,GET,GET /api/v1/reservas,19.300000,0.000000,6,7,7,8,9,11,14,23,29,29,29,54093,0,7,8.491724267146305,4.633864002244081,1957.275683998887,8965.0
1789885344,50,GET,GET /api/v1/reservas/{id},5.200000,0.000000,4,5,5,5,6,7,9,14,14,14,14,17899,0,5,6.209974036063346,3.0284199965535663,1521.0046399952262,442.0
1789885344,50,POST,POST /api/v1/auth/login,0.000000,0.000000,0,0,0,0,0,0,0,0,0,0,0,50,0,1300.0,1369.1218887201103,628.633758999058,2104.1982940005255,1622.0
1789885344,50,POST,POST /api/v1/auth/refresh,0.000000,0.000000,0,0,0,0,0,0,0,0,0,0,0,150,0,25,28.633832166863915,18.447431997628883,82.49066000280436,1622.0
1789885344,50,,Aggregated,24.600000,0.000000,6,6,7,7,9,10,14,15,29,29,29,72192,0,6,8.910216302572048,3.0284199965535663,2104.1982940005255,6831.4979914671985
1789885345,50,GET,GET /api/v1/reservas,19.400000,0.000000,6,7,7,7,9,11,13,14,15,15,15,54120,0,7,8.490987169636668,4.633864002244081,1957.275683998887,8965.0
1789885345,50,GET,GET /api/v1/reservas/{id},5.600000,0.000000,4,5,5,5,6,9,9,14,14,14,14,17902,0,5,6.209688372723584,3.0284199965535663,1521.0046399952262,442.0
1789885345,50,POST,POST /api/v1/auth/login,0.000000,0.000000,0,0,0,0,0,0,0,0,0,0,0,50,0,1300.0,1369.1218887201103,628.633758999058,2104.1982940005255,1622.0
1789885345,50,POST,POST /api/v1/auth/refresh,0.000000,0.000000,0,0,0,0,0,0,0,0,0,0,0,150,0,25,28.633832166863915,18.447431997628883,82.49066000280436,1622.0
1789885345,50,,Aggregated,25.000000,0.000000,6,6,7,7,9,10,13,14,15,15,15,72222,0,6,8.90932452895617,3.0284199965535663,2104.1982940005255,6832.030184708261
1789885346,50,GET,GET /api/v1/reservas,19.300000,0.000000,6,7,7,8,9,11,13,14,15,15,15,54132,0,7,8.49062493956871,4.633864002244081,1957.275683998887,8965.0
1789885346,50,GET,GET /api/v1/reservas/{id},5.900000,0.000000,4,5,5,5,6,9,9,14,14,14,14,17911,0,5,6.209484797470965,3.0284199965535663,1521.0046399952262,442.0
1789885346,50,POST,POST /api/v1/auth/login,0.000000,0.000000,0,0,0,0,0,0,0,0,0,0,0,50,0,1300.0,1369.1218887201103,628.633758999058,2104.1982940005255,1622.0
1789885346,50,POST,POST /api/v1/auth/refresh,0.000000,0.000000,0,0,0,0,0,0,0,0,0,0,0,150,0,25,28.633832166863915,18.447431997628883,82.49066000280436,1622.0
1789885346,50,,Aggregated,25.200000,0.000000,6,7,7,7,9,10,13,14,15,15,15,72243,0,6,8.908596828720768,3.0284199965535663,2104.1982940005255,6831.588416870839
1789885347,50,GET,GET /api/v1/reservas,19.300000,0.000000,6,7,7,7,9,11,12,13,15,15,15,54151,0,7,8.490234366359301,4.633864002244081,1957.275683998887,8965.0
1789885347,50,GET,GET /api/v1/reservas/{id},6.300000,0.000000,4,5,5,5,6,9,10,14,14,14,14,17920,0,5,6.209072414760693,3.0284199965535663,1521.0046399952262,442.0
1789885347,50,POST,POST /api/v1/auth/login,0.000000,0.000000,0,0,0,0,0,0,0,0,0,0,0,50,0,1300.0,1369.1218887201103,628.633758999058,2104.1982940005255,1622.0
1789885347,50,POST,POST /api/v1/auth/refresh,0.000000,0.000000,0,0,0,0,0,0,0,0,0,0,0,150,0,25,28.633832166863915,18.447431997628883,82.49066000280436,1622.0
1789885347,50,,Aggregated,25.600000,0.000000,6,6,7,7,9,10,12,13,15,15,15,72271,0,6,8.907755920165386,3.0284199965535663,2104.1982940005255,6831.353585808969
1789885348,50,GET,GET /api/v1/reservas,19.300000,0.000000,6,7,8,8,10,11,13,15,15,15,15,54168,0,7,8.490190230665867,4.633864002244081,1957.275683998887,8965.0
1789885348,50,GET,GET /api/v1/reservas/{id},6.000000,0.000000,5,5,6,6,7,9,10,14,14,14,14,17923,0,5,6.209032408553771,3.0284199965535663,1521.0046399952262,442.0
1789885348,50,POST,POST /api/v1/auth/login,0.000000,0.000000,0,0,0,0,0,0,0,0,0,0,0,50,0,1300.0,1369.1218887201103,628.633758999058,2104.1982940005255,1622.0
1789885348,50,POST,POST /api/v1/auth/refresh,0.000000,0.000000,0,0,0,0,0,0,0,0,0,0,0,150,0,25,28.633832166863915,18.447431997628883,82.49066000280436,1622.0
1789885348,50,,Aggregated,25.300000,0.000000,6,7,7,8,9,11,13,14,15,15,15,72291,0,6,8.907502753237003,3.0284199965535663,2104.1982940005255,6831.590184116972
1789885349,50,GET,GET /api/v1/reservas,18.600000,0.000000,6,7,7,8,10,11,13,15,15,15,15,54189,0,7,8.489408964710746,4.633864002244081,1957.275683998887,8965.0
1789885349,50,GET,GET /api/v1/reservas/{id},6.500000,0.000000,5,5,6,6,7,9,10,14,14,14,14,17931,0,5,6.20862829923016,3.0284199965535663,1521.0046399952262,442.0
1789885349,50,POST,POST /api/v1/auth/login,0.000000,0.000000,0,0,0,0,0,0,0,0,0,0,0,50,0,1300.0,1369.1218887201103,628.633758999058,2104.1982940005255,1622.0
1789885349,50,POST,POST /api/v1/auth/refresh,0.000000,0.000000,0,0,0,0,0,0,0,0,0,0,0,150,0,25,28.633832166863915,18.447431997628883,82.49066000280436,1622.0
1789885349,50,,Aggregated,25.100000,0.000000,6,7,7,8,9,11,13,14,15,15,15,72320,0,6,8.906397479027172,3.0284199965535663,2104.1982940005255,6831.502862278761
1789885350,50,GET,GET /api/v1/reservas,19.100000,0.000000,7,7,8,8,10,11,13,15,15,15,15,54209,0,7,8.488708604617353,4.633864002244081,1957.275683998887,8965.0
1789885350,50,GET,GET /api/v1/reservas/{id},6.700000,0.000000,5,5,6,6,7,9,10,14,14,14,14,17940,0,5,6.207891385089604,3.0284199965535663,1521.0046399952262,442.0
1789885350,50,POST,POST /api/v1/auth/login,0.000000,0.000000,0,0,0,0,0,0,0,0,0,0,0,50,0,1300.0,1369.1218887201103,628.633758999058,2104.1982940005255,1622.0
1789885350,50,POST,POST /api/v1/auth/refresh,0.000000,0.000000,0,0,0,0,0,0,0,0,0,0,0,150,0,25,28.633832166863915,18.447431997628883,82.49066000280436,1622.0
1789885350,50,,Aggregated,25.800000,0.000000,6,7,7,8,9,11,13,14,15,15,15,72349,0,6,8.905239125036257,3.0284199965535663,2104.1982940005255,6831.297806465881
1789885351,50,GET,GET /api/v1/reservas,19.000000,0.000000,7,7,8,8,10,12,19,31,44,44,44,54222,0,7,8.489972000861234,4.633864002244081,1957.275683998887,8965.0
1789885351,50,GET,GET /api/v1/reservas/{id},6.300000,0.000000,5,5,6,6,7,9,10,36,36,36,36,17948,0,5,6.2092893631320525,3.0284199965535663,1521.0046399952262,442.0
1789885351,50,POST,POST /api/v1/auth/login,0.000000,0.000000,0,0,0,0,0,0,0,0,0,0,0,50,0,1300.0,1369.1218887201103,628.633758999058,2104.1982940005255,1622.0
1789885351,50,POST,POST /api/v1/auth/refresh,0.000000,0.000000,0,0,0,0,0,0,0,0,0,0,0,150,0,25,28.633832166863915,18.447431997628883,82.49066000280436,1622.0
1789885351,50,,Aggregated,25.300000,0.000000,6,7,7,8,9,11,19,31,44,44,44,72370,0,6,8.90615941109894,3.0284199965535663,2104.1982940005255,6830.974796186265
1789885352,50,GET,GET /api/v1/reservas,19.500000,0.000000,7,7,8,9,13,20,44,59,97,97,97,54241,0,7,8.495824256184529,4.633864002244081,1957.275683998887,8965.0
1789885352,50,GET,GET /api/v1/reservas/{id},6.400000,0.000000,5,6,6,7,12,25,76,82,82,82,82,17955,0,5,6.220498214787127,3.0284199965535663,1521.0046399952262,442.0
1789885352,50,POST,POST /api/v1/auth/login,0.000000,0.000000,0,0,0,0,0,0,0,0,0,0,0,50,0,1300.0,1369.1218887201103,628.633758999058,2104.1982940005255,1622.0
1789885352,50,POST,POST /api/v1/auth/refresh,0.000000,0.000000,0,0,0,0,0,0,0,0,0,0,0,150,0,25,28.633832166863915,18.447431997628883,82.49066000280436,1622.0
1789885352,50,,Aggregated,25.900000,0.000000,6,7,8,9,12,21,53,76,97,97,97,72396,0,6,8.912954005570011,3.0284199965535663,2104.1982940005255,6830.917108680038
1789885353,50,GET,GET /api/v1/reservas,18.500000,0.000000,7,8,10,12,25,53,160,180,190,190,190,54258,0,7,8.514680844220633,4.633864002244081,1957.275683998887,8965.0
1789885353,50,GET,GET /api/v1/reservas/{id},6.700000,0.000000,5,6,7,9,25,36,76,82,82,82,82,17964,0,5,6.225893696142289,3.0284199965535663,1521.0046399952262,442.0
1789885353,50,POST,POST /api/v1/auth/login,0.000000,0.000000,0,0,0,0,0,0,0,0,0,0,0,50,0,1300.0,1369.1218887201103,628.633758999058,2104.1982940005255,1622.0
1789885353,50,POST,POST /api/v1/auth/refresh,0.000000,0.000000,0,0,0,0,0,0,0,0,0,0,0,150,0,25,28.633832166863915,18.447431997628883,82.49066000280436,1622.0
1789885353,50,,Aggregated,25.200000,0.000000,7,8,9,11,25,47,130,160,190,190,190,72422,0,6,8.927987032452318,3.0284199965535663,2104.1982940005255,6830.624092126702
1789885354,50,GET,GET /api/v1/reservas,18.700000,0.000000,7,9,11,13,25,53,160,180,190,190,190,54275,0,7,8.515082081800589,4.633864002244081,1957.275683998887,8965.0
1789885354,50,GET,GET /api/v1/reservas/{id},7.400000,0.000000,6,7,8,9,25,36,76,82,82,82,82,17971,0,5,6.226037262283908,3.0284199965535663,1521.0046399952262,442.0
1789885354,50,POST,POST /api/v1/auth/login,0.000000,0.000000,0,0,0,0,0,0,0,0,0,0,0,50,0,1300.0,1369.1218887201103,628.633758999058,2104.1982940005255,1622.0
1789885354,50,POST,POST /api/v1/auth/refresh,0.000000,0.000000,0,0,0,0,0,0,0,0,0,0,0,150,0,25,28.633832166863915,18.447431997628883,82.49066000280436,1622.0
1789885354,50,,Aggregated,26.000000,0.000000,7,8,10,12,25,47,130,160,190,190,190,72446,0,6,8.92796517255983,3.0284199965535663,2104.1982940005255,6830.507647075063
1789885355,50,GET,GET /api/v1/reservas,18.400000,0.000000,7,9,11,14,25,53,160,180,190,190,190,54295,0,7,8.515539108624369,4.633864002244081,1957.275683998887,8965.0
1789885355,50,GET,GET /api/v1/reservas/{id},7.200000,0.000000,6,7,8,9,21,36,76,82,82,82,82,17976,0,5,6.226116121022579,3.0284199965535663,1521.0046399952262,442.0
1789885355,50,POST,POST /api/v1/auth/login,0.000000,0.000000,0,0,0,0,0,0,0,0,0,0,0,50,0,1300.0,1369.1218887201103,628.633758999058,2104.1982940005255,1622.0
1789885355,50,POST,POST /api/v1/auth/refresh,0.000000,0.000000,0,0,0,0,0,0,0,0,0,0,0,150,0,25,28.633832166863915,18.447431997628883,82.49066000280436,1622.0
1789885355,50,,Aggregated,25.600000,0.000000,7,9,10,12,25,47,130,160,190,190,190,72471,0,6,8.928026776990798,3.0284199965535663,2104.1982940005255,6830.655945136676
1789885356,50,GET,GET /api/v1/reservas,18.000000,0.000000,7,9,11,13,25,53,160,180,190,190,190,54314,0,7,8.514911181845415,4.633864002244081,1957.275683998887,8965.0
1789885356,50,GET,GET /api/v1/reservas/{id},7.100000,0.000000,6,7,8,9,25,36,76,82,82,82,82,17979,0,5,6.225894246371099,3.0284199965535663,1521.0046399952262,442.0
1789885356,50,POST,POST /api/v1/auth/login,0.000000,0.000000,0,0,0,0,0,0,0,0,0,0,0,50,0,1300.0,1369.1218887201103,628.633758999058,2104.1982940005255,1622.0
1789885356,50,POST,POST /api/v1/auth/refresh,0.000000,0.000000,0,0,0,0,0,0,0,0,0,0,0,150,0,25,28.633832166863915,18.447431997628883,82.49066000280436,1622.0
1789885356,50,,Aggregated,25.100000,0.000000,7,9,10,12,25,47,130,160,190,190,190,72493,0,6,8.927281362990854,3.0284199965535663,2104.1982940005255,6830.95096078242
1789885357,50,GET,GET /api/v1/reservas,17.700000,0.000000,7,9,11,14,25,53,160,180,190,190,190,54332,0,7,8.51425701033902,4.633864002244081,1957.275683998887,8965.0
1789885357,50,GET,GET /api/v1/reservas/{id},7.200000,0.000000,6,7,8,9,25,36,76,82,82,82,82,17985,0,5,6.225339925855327,3.0284199965535663,1521.0046399952262,442.0
1789885357,50,POST,POST /api/v1/auth/login,0.000000,0.000000,0,0,0,0,0,0,0,0,0,0,0,50,0,1300.0,1369.1218887201103,628.633758999058,2104.1982940005255,1622.0
1789885357,50,POST,POST /api/v1/auth/refresh,0.000000,0.000000,0,0,0,0,0,0,0,0,0,0,0,150,0,25,28.633832166863915,18.447431997628883,82.49066000280436,1622.0
1789885357,50,,Aggregated,24.900000,0.000000,7,8,10,12,25,53,130,160,190,190,190,72517,0,6,8.926327891574191,3.0284199965535663,2104.1982940005255,6830.952052622144
1789885358,50,GET,GET /api/v1/reservas,18.000000,0.000000,7,9,11,13,25,53,160,180,190,190,190,54353,0,7,8.514010142085384,4.633864002244081,1957.275683998887,8965.0
1789885358,50,GET,GET /api/v1/reservas/{id},7.200000,0.000000,6,7,8,9,25,36,76,82,82,82,82,17993,0,5,6.225502766271139,3.0284199965535663,1521.0046399952262,442.0
1789885358,50,POST,POST /api/v1/auth/login,0.000000,0.000000,0,0,0,0,0,0,0,0,0,0,0,50,0,1300.0,1369.1218887201103,628.633758999058,2104.1982940005255,1622.0
1789885358,50,POST,POST /api/v1/auth/refresh,0.000000,0.000000,0,0,0,0,0,0,0,0,0,0,0,150,0,25,28.633832166863915,18.447431997628883,82.49066000280436,1622.0
1789885358,50,,Aggregated,25.200000,0.000000,7,8,10,12,25,47,130,160,190,190,190,72546,0,6,8.92576618679626,3.0284199965535663,2104.1982940005255,6830.865257905329
1789885359,50,GET,GET /api/v1/reservas,18.700000,0.000000,7,9,11,13,25,53,160,180,190,190,190,54370,0,7,8.513434567238352,4.633864002244081,1957.275683998887,8965.0
1789885359,50,GET,GET /api/v1/reservas/{id},6.700000,0.000000,6,7,8,9,25,36,76,82,82,82,82,17998,0,5,6.225251041533232,3.0284199965535663,1521.0046399952262,442.0
1789885359,50,POST,POST /api/v1/auth/login,0.000000,0.000000,0,0,0,0,0,0,0,0,0,0,0,50,0,1300.0,1369.1218887201103,628.633758999058,2104.1982940005255,1622.0
1789885359,50,POST,POST /api/v1/auth/refresh,0.000000,0.000000,0,0,0,0,0,0,0,0,0,0,0,150,0,25,28.633832166863915,18.447431997628883,82.49066000280436,1622.0
1789885359,50,,Aggregated,25.400000,0.000000,7,9,10,12,25,53,130,160,190,190,190,72568,0,6,8.924990008368734,3.0284199965535663,2104.1982940005255,6830.925008268107
1789885360,50,GET,GET /api/v1/reservas,18.400000,0.000000,7,9,10,13,25,53,160,180,190,190,190,54390,0,7,8.512680414464747,4.633864002244081,1957.275683998887,8965.0
1789885360,50,GET,GET /api/v1/reservas/{id},6.400000,0.000000,6,7,8,10,27,58,76,82,82,82,82,18000,0,5,6.225027775250863,3.0284199965535663,1521.0046399952262,442.0
1789885360,50,POST,POST /api/v1/auth/login,0.000000,0.000000,0,0,0,0,0,0,0,0,0,0,0,50,0,1300.0,1369.1218887201103,628.633758999058,2104.1982940005255,1622.0
1789885360,50,POST,POST /api/v1/auth/refresh,0.000000,0.000000,0,0,0,0,0,0,0,0,0,0,0,150,0,25,28.633832166863915,18.447431997628883,82.49066000280436,1622.0
1789885360,50,,Aggregated,24.800000,0.000000,7,9,10,12,25,53,130,160,190,190,190,72590,0,6,8.924181801326508,3.0284199965535663,2104.1982940005255,6831.336961013913
1789885361,50,GET,GET /api/v1/reservas,17.900000,0.000000,7,8,9,10,18,37,160,180,190,190,190,54412,0,7,8.512251605798598,4.633864002244081,1957.275683998887,8965.0
1789885361,50,GET,GET /api/v1/reservas/{id},6.700000,0.000000,6,6,7,8,25,33,76,76,76,76,76,18002,0,5,6.224792433757768,3.0284199965535663,1521.0046399952262,442.0
1789885361,50,POST,POST /api/v1/auth/login,0.000000,0.000000,0,0,0,0,0,0,0,0,0,0,0,50,0,1300.0,1369.1218887201103,628.633758999058,2104.1982940005255,1622.0
1789885361,50,POST,POST /api/v1/auth/refresh,0.000000,0.000000,0,0,0,0,0,0,0,0,0,0,0,150,0,25,28.633832166863915,18.447431997628883,82.49066000280436,1622.0
1789885361,50,,Aggregated,24.600000,0.000000,7,8,9,10,18,37,130,160,190,190,190,72614,0,6,8.923603120999513,3.0284199965535663,2104.1982940005255,6831.807420056738
1789885362,50,GET,GET /api/v1/reservas,18.600000,0.000000,7,8,8,9,11,17,160,180,190,190,190,54428,0,7,8.511708365155668,4.633864002244081,1957.275683998887,8965.0
1789885362,50,GET,GET /api/v1/reservas/{id},6.400000,0.000000,5,6,6,7,8,11,27,58,58,58,58,18011,0,5,6.223735335601374,3.0284199965535663,1521.0046399952262,442.0
1789885362,50,POST,POST /api/v1/auth/login,0.000000,0.000000,0,0,0,0,0,0,0,0,0,0,0,50,0,1300.0,1369.1218887201103,628.633758999058,2104.1982940005255,1622.0
1789885362,50,POST,POST /api/v1/auth/refresh,0.000000,0.000000,0,0,0,0,0,0,0,0,0,0,0,150,0,25,28.633832166863915,18.447431997628883,82.49066000280436,1622.0
1789885362,50,,Aggregated,25.000000,0.000000,7,7,8,8,10,17,120,160,190,190,190,72639,0,6,8.922508972993127,3.0284199965535663,2104.1982940005255,6831.485593138672
1789885363,50,GET,GET /api/v1/reservas,18.500000,0.000000,7,7,8,8,9,10,15,21,25,25,25,54446,0,7,8.51135177707658,4.633864002244081,1957.275683998887,8965.0
1789885363,50,GET,GET /api/v1/reservas/{id},5.900000,0.000000,5,5,6,6,8,9,9,11,11,11,11,18017,0,5,6.223564890687663,3.0284199965535663,1521.0046399952262,442.0
1789885363,50,POST,POST /api/v1/auth/login,0.000000,0.000000,0,0,0,0,0,0,0,0,0,0,0,50,0,1300.0,1369.1218887201103,628.633758999058,2104.1982940005255,1622.0
1789885363,50,POST,POST /api/v1/auth/refresh,0.000000,0.000000,0,0,0,0,0,0,0,0,0,0,0,150,0,25,28.633832166863915,18.447431997628883,82.49066000280436,1622.0
1789885363,50,,Aggregated,24.400000,0.000000,7,7,8,8,9,10,15,21,25,25,25,72663,0,6,8.921874912283684,3.0284199965535663,2104.1982940005255,6831.486506199854
1789885364,50,GET,GET /api/v1/reservas,18.500000,0.000000,7,7,7,8,9,10,12,21,21,21,21,54469,0,7,8.510574783247304,4.633864002244081,1957.275683998887,8965.0
1789885364,50,GET,GET /api/v1/reservas/{id},5.200000,0.000000,5,5,6,6,7,8,9,9,9,9,9,18021,0,5,6.223280194745528,3.0284199965535663,1521.0046399952262,442.0
1789885364,50,POST,POST /api/v1/auth/login,0.000000,0.000000,0,0,0,0,0,0,0,0,0,0,0,50,0,1300.0,1369.1218887201103,628.633758999058,2104.1982940005255,1622.0
1789885364,50,POST,POST /api/v1/auth/refresh,0.000000,0.000000,0,0,0,0,0,0,0,0,0,0,0,150,0,25,28.633832166863915,18.447431997628883,82.49066000280436,1622.0
1789885364,50,,Aggregated,23.700000,0.000000,6,7,7,8,9,9,12,15,21,21,21,72690,0,6,8.920943727049734,3.0284199965535663,2104.1982940005255,6831.809973861604
1789885365,50,GET,GET /api/v1/reservas,18.900000,0.000000,7,7,7,8,9,10,15,34,35,35,35,54492,0,7,8.511188338851762,4.633864002244081,1957.275683998887,8965.0
1789885365,50,GET,GET /api/v1/reservas/{id},5.500000,0.000000,5,5,6,6,7,8,25,25,25,25,25,18025,0,5,6.22405802449394,3.0284199965535663,1521.0046399952262,442.0
1789885365,50,POST,POST /api/v1/auth/login,0.000000,0.000000,0,0,0,0,0,0,0,0,0,0,0,50,0,1300.0,1369.1218887201103,628.633758999058,2104.1982940005255,1622.0
1789885365,50,POST,POST /api/v1/auth/refresh,0.000000,0.000000,0,0,0,0,0,0,0,0,0,0,0,150,0,25,28.633832166863915,18.447431997628883,82.49066000280436,1622.0
1789885365,50,,Aggregated,24.400000,0.000000,6,7,7,7,9,9,15,25,35,35,35,72717,0,6,8.92131812524241,3.0284199965535663,2104.1982940005255,6832.133201314686
1789885366,50,GET,GET /api/v1/reservas,19.000000,0.000000,7,7,8,8,9,10,15,34,35,35,35,54513,0,7,8.510721959967746,4.633864002244081,1957.275683998887,8965.0
1789885366,50,GET,GET /api/v1/reservas/{id},5.200000,0.000000,5,5,6,6,8,8,25,25,25,25,25,18030,0,5,6.223735457320911,3.0284199965535663,1521.0046399952262,442.0
1789885366,50,POST,POST /api/v1/auth/login,0.000000,0.000000,0,0,0,0,0,0,0,0,0,0,0,50,0,1300.0,1369.1218887201103,628.633758999058,2104.1982940005255,1622.0
1789885366,50,POST,POST /api/v1/auth/refresh,0.000000,0.000000,0,0,0,0,0,0,0,0,0,0,0,150,0,25,28.633832166863915,18.447431997628883,82.49066000280436,1622.0
1789885366,50,,Aggregated,24.200000,0.000000,6,7,7,8,9,10,15,25,35,35,35,72743,0,6,8.920584877723716,3.0284199965535663,2104.1982940005255,6832.30970677591
1789885367,50,GET,GET /api/v1/reservas,19.900000,0.000000,7,7,8,8,9,10,15,34,35,35,35,54529,0,7,8.510298214394718,4.633864002244081,1957.275683998887,8965.0
1789885367,50,GET,GET /api/v1/reservas/{id},4.900000,0.000000,5,5,6,6,8,8,9,25,25,25,25,18037,0,5,6.223527411459587,3.0284199965535663,1521.0046399952262,442.0
1789885367,50,POST,POST /api/v1/auth/login,0.000000,0.000000,0,0,0,0,0,0,0,0,0,0,0,50,0,1300.0,1369.1218887201103,628.633758999058,2104.1982940005255,1622.0
1789885367,50,POST,POST /api/v1/auth/refresh,0.000000,0.000000,0,0,0,0,0,0,0,0,0,0,0,150,0,25,28.633832166863915,18.447431997628883,82.49066000280436,1622.0
1789885367,50,,Aggregated,24.800000,0.000000,7,7,7,8,9,10,15,25,35,35,35,72766,0,6,8.919866208315211,3.0284199965535663,2104.1982940005255,6832.163908968474
1789885368,50,GET,GET /api/v1/reservas,19.900000,0.000000,7,7,8,8,9,11,15,34,35,35,35,54546,0,7,8.510254828579981,4.633864002244081,1957.275683998887,8965.0
1789885368,50,GET,GET /api/v1/reservas/{id},4.800000,0.000000,5,5,6,6,7,8,25,25,25,25,25,18043,0,5,6.22335856739418,3.0284199965535663,1521.0046399952262,442.0
1789885368,50,POST,POST /api/v1/auth/login,0.000000,0.000000,0,0,0,0,0,0,0,0,0,0,0,50,0,1300.0,1369.1218887201103,628.633758999058,2104.1982940005255,1622.0
1789885368,50,POST,POST /api/v1/auth/refresh,0.000000,0.000000,0,0,0,0,0,0,0,0,0,0,0,150,0,25,28.633832166863915,18.447431997628883,82.49066000280436,1622.0
1789885368,50,,Aggregated,24.700000,0.000000,7,7,7,8,9,10,15,25,35,35,35,72789,0,6,8.919473928371806,3.0284199965535663,2104.1982940005255,6832.135295168226
1789885369,50,GET,GET /api/v1/reservas,19.400000,0.000000,7,7,8,8,9,11,15,34,35,35,35,54569,0,7,8.509514214860287,4.633864002244081,1957.275683998887,8965.0
1789885369,50,GET,GET /api/v1/reservas/{id},5.300000,0.000000,4,5,5,6,7,8,25,25,25,25,25,18048,0,5,6.222743904504649,3.0284199965535663,1521.0046399952262,442.0
1789885369,50,POST,POST /api/v1/auth/login,0.000000,0.000000,0,0,0,0,0,0,0,0,0,0,0,50,0,1300.0,1369.1218887201103,628.633758999058,2104.1982940005255,1622.0
1789885369,50,POST,POST /api/v1/auth/refresh,0.000000,0.000000,0,0,0,0,0,0,0,0,0,0,0,150,0,25,28.633832166863915,18.447431997628883,82.49066000280436,1622.0
1789885369,50,,Aggregated,24.700000,0.000000,7,7,7,8,9,10,15,25,35,35,35,72817,0,6,8.918452180675525,3.0284199965535663,2104.1982940005255,6832.370202013266
1789885370,50,GET,GET /api/v1/reservas,18.900000,0.000000,7,7,8,8,9,11,15,34,35,35,35,54586,0,7,8.508861780579418,4.633864002244081,1957.275683998887,8965.0
1789885370,50,GET,GET /api/v1/reservas/{id},5.500000,0.000000,5,5,6,6,7,8,8,25,25,25,25,18055,0,5,6.222425175768936,3.0284199965535663,1521.0046399952262,442.0
1789885370,50,POST,POST /api/v1/auth/login,0.000000,0.000000,0,0,0,0,0,0,0,0,0,0,0,50,0,1300.0,1369.1218887201103,628.633758999058,2104.1982940005255,1622.0
1789885370,50,POST,POST /api/v1/auth/refresh,0.000000,0.000000,0,0,0,0,0,0,0,0,0,0,0,150,0,25,28.633832166863915,18.447431997628883,82.49066000280436,1622.0
1789885370,50,,Aggregated,24.400000,0.000000,7,7,7,8,9,10,15,25,35,35,35,72841,0,6,8.917529756102395,3.0284199965535663,2104.1982940005255,6832.2538130997655
1789885371,50,GET,GET /api/v1/reservas,19.500000,0.000000,7,7,7,8,9,10,14,34,35,35,35,54602,0,7,8.508167623286576,4.633864002244081,1957.275683998887,8965.0
1789885371,50,GET,GET /api/v1/reservas/{id},5.100000,0.000000,5,5,6,6,8,8,11,25,25,25,25,18064,0,5,6.221721116835832,3.0284199965535663,1521.0046399952262,442.0
1789885371,50,POST,POST /api/v1/auth/login,0.000000,0.000000,0,0,0,0,0,0,0,0,0,0,0,50,0,1300.0,1369.1218887201103,628.633758999058,2104.1982940005255,1622.0
1789885371,50,POST,POST /api/v1/auth/refresh,0.000000,0.000000,0,0,0,0,0,0,0,0,0,0,0,150,0,25,28.633832166863915,18.447431997628883,82.49066000280436,1622.0
1789885371,50,,Aggregated,24.600000,0.000000,6,7,7,8,9,10,14,25,35,35,35,72866,0,6,8.916412429421872,3.0284199965535663,2104.1982940005255,6831.932835616062
1789885372,50,GET,GET /api/v1/reservas,18.900000,0.000000,7,7,8,8,9,10,14,34,35,35,35,54620,0,7,8.507556229068378,4.633864002244081,1957.275683998887,8965.0
1789885372,50,GET,GET /api/v1/reservas/{id},5.100000,0.000000,5,5,6,7,8,8,11,25,25,25,25,18067,0,5,6.221516846268025,3.0284199965535663,1521.0046399952262,442.0
1789885372,50,POST,POST /api/v1/auth/login,0.000000,0.000000,0,0,0,0,0,0,0,0,0,0,0,50,0,1300.0,1369.1218887201103,628.633758999058,2104.1982940005255,1622.0
1789885372,50,POST,POST /api/v1/auth/refresh,0.000000,0.000000,0,0,0,0,0,0,0,0,0,0,0,150,0,25,28.633832166863915,18.447431997628883,82.49066000280436,1622.0
1789885372,50,,Aggregated,24.000000,0.000000,6,7,7,8,9,10,14,25,35,35,35,72887,0,6,8.915691897790788,3.0284199965535663,2104.1982940005255,6832.196605704721
1789885373,50,GET,GET /api/v1/reservas,19.300000,0.000000,7,7,8,8,10,11,18,35,36,36,36,54643,0,7,8.507671954059878,4.633864002244081,1957.275683998887,8965.0
1789885373,50,GET,GET /api/v1/reservas/{id},5.600000,0.000000,5,5,6,6,7,8,11,25,25,25,25,18071,0,5,6.221447880113329,3.0284199965535663,1521.0046399952262,442.0
1789885373,50,POST,POST /api/v1/auth/login,0.000000,0.000000,0,0,0,0,0,0,0,0,0,0,0,50,0,1300.0,1369.1218887201103,628.633758999058,2104.1982940005255,1622.0
1789885373,50,POST,POST /api/v1/auth/refresh,0.000000,0.000000,0,0,0,0,0,0,0,0,0,0,0,150,0,25,28.633832166863915,18.447431997628883,82.49066000280436,1622.0
1789885373,50,,Aggregated,24.900000,0.000000,6,7,7,8,9,11,18,34,36,36,36,72914,0,6,8.915484989004304,3.0284199965535663,2104.1982940005255,6832.5188166881535
1789885374,50,GET,GET /api/v1/reservas,19.100000,0.000000,7,7,8,8,10,11,18,35,36,36,36,54660,0,7,8.507243097908725,4.633864002244081,1957.275683998887,8965.0
1789885374,50,GET,GET /api/v1/reservas/{id},6.000000,0.000000,5,5,6,6,7,8,11,25,25,25,25,18078,0,5,6.221074103248678,3.0284199965535663,1521.0046399952262,442.0
1789885374,50,POST,POST /api/v1/auth/login,0.000000,0.000000,0,0,0,0,0,0,0,0,0,0,0,50,0,1300.0,1369.1218887201103,628.633758999058,2104.1982940005255,1622.0
1789885374,50,POST,POST /api/v1/auth/refresh,0.000000,0.000000,0,0,0,0,0,0,0,0,0,0,0,150,0,25,28.633832166863915,18.447431997628883,82.49066000280436,1622.0
1789885374,50,,Aggregated,25.100000,0.000000,6,7,7,8,9,11,18,34,36,36,36,72938,0,6,8.914717357636057,3.0284199965535663,2104.1982940005255,6832.402533658724
1789885375,50,GET,GET /api/v1/reservas,18.800000,0.000000,7,7,8,8,9,10,12,18,36,36,36,54681,0,7,8.506531210433433,4.633864002244081,1957.275683998887,8965.0
1789885375,50,GET,GET /api/v1/reservas/{id},5.500000,0.000000,5,6,6,6,7,8,8,11,11,11,11,18084,0,5,6.2208913140631505,3.0284199965535663,1521.0046399952262,442.0
1789885375,50,POST,POST /api/v1/auth/login,0.000000,0.000000,0,0,0,0,0,0,0,0,0,0,0,50,0,1300.0,1369.1218887201103,628.633758999058,2104.1982940005255,1622.0
1789885375,50,POST,POST /api/v1/auth/refresh,0.000000,0.000000,0,0,0,0,0,0,0,0,0,0,0,150,0,25,28.633832166863915,18.447431997628883,82.49066000280436,1622.0
1789885375,50,,Aggregated,24.300000,0.000000,6,7,7,8,9,10,12,15,36,36,36,72965,0,6,8.91379977937733,3.0284199965535663,2104.1982940005255,6832.490824367847
1789885376,50,GET,GET /api/v1/reservas,19.300000,0.000000,7,7,7,8,9,10,15,18,36,36,36,54703,0,7,8.506004320050106,4.633864002244081,1957.275683998887,8965.0
1789885376,50,GET,GET /api/v1/reservas/{id},5.800000,0.000000,5,5,6,6,7,7,8,11,11,11,11,18090,0,5,6.220129497928507,3.0284199965535663,1521.0046399952262,442.0
1789885376,50,POST,POST /api/v1/auth/login,0.000000,0.000000,0,0,0,0,0,0,0,0,0,0,0,50,0,1300.0,1369.1218887201103,628.633758999058,2104.1982940005255,1622.0
1789885376,50,POST,POST /api/v1/auth/refresh,0.000000,0.000000,0,0,0,0,0,0,0,0,0,0,0,150,0,25,28.633832166863915,18.447431997628883,82.49066000280436,1622.0
1789885376,50,,Aggregated,25.100000,0.000000,6,7,7,7,9,10,14,15,36,36,36,72993,0,6,8.912872004141022,3.0284199965535663,2104.1982940005255,6832.608263806118
1789885377,50,GET,GET /api/v1/reservas,18.900000,0.000000,7,7,7,8,9,10,15,18,36,36,36,54718,0,7,8.50555441561631,4.633864002244081,1957.275683998887,8965.0
1789885377,50,GET,GET /api/v1/reservas/{id},5.700000,0.000000,5,5,6,6,6,7,8,11,11,11,11,18094,0,5,6.219957139522382,3.0284199965535663,1521.0046399952262,442.0
1789885377,50,POST,POST /api/v1/auth/login,0.000000,0.000000,0,0,0,0,0,0,0,0,0,0,0,50,0,1300.0,1369.1218887201103,628.633758999058,2104.1982940005255,1622.0
1789885377,50,POST,POST /api/v1/auth/refresh,0.000000,0.000000,0,0,0,0,0,0,0,0,0,0,0,150,0,25,28.633832166863915,18.447431997628883,82.49066000280436,1622.0
1789885377,50,,Aggregated,24.600000,0.000000,6,7,7,7,9,10,14,15,36,36,36,73012,0,6,8.912261001715457,3.0284199965535663,2104.1982940005255,6832.696241713691
1789885378,50,GET,GET /api/v1/reservas,18.600000,0.000000,6,7,7,8,9,10,14,18,36,36,36,54742,0,7,8.504925308258674,4.633864002244081,1957.275683998887,8965.0
1789885378,50,GET,GET /api/v1/reservas/{id},5.900000,0.000000,5,5,6,6,6,7,8,11,11,11,11,18100,0,5,6.21941081781861,3.0284199965535663,1521.0046399952262,442.0
1789885378,50,POST,POST /api/v1/auth/login,0.000000,0.000000,0,0,0,0,0,0,0,0,0,0,0,50,0,1300.0,1369.1218887201103,628.633758999058,2104.1982940005255,1622.0
1789885378,50,POST,POST /api/v1/auth/refresh,0.000000,0.000000,0,0,0,0,0,0,0,0,0,0,0,150,0,25,28.633832166863915,18.447431997628883,82.49066000280436,1622.0
1789885378,50,,Aggregated,24.500000,0.000000,6,7,7,7,8,10,11,15,36,36,36,73042,0,6,8.911299338575768,3.0284199965535663,2104.1982940005255,6832.87190931245
1789885379,50,GET,GET /api/v1/reservas,18.600000,0.000000,7,7,7,8,9,10,14,18,36,36,36,54757,0,7,8.504599557475451,4.633864002244081,1957.275683998887,8965.0
1789885379,50,GET,GET /api/v1/reservas/{id},5.700000,0.000000,5,5,6,6,6,8,8,11,11,11,11,18106,0,5,6.219249738955388,3.0284199965535663,1521.0046399952262,442.0
1789885379,50,POST,POST /api/v1/auth/login,0.000000,0.000000,0,0,0,0,0,0,0,0,0,0,0,50,0,1300.0,1369.1218887201103,628.633758999058,2104.1982940005255,1622.0
1789885379,50,POST,POST /api/v1/auth/refresh,0.000000,0.000000,0,0,0,0,0,0,0,0,0,0,0,150,0,25,28.633832166863915,18.447431997628883,82.49066000280436,1622.0
1789885379,50,,Aggregated,24.300000,0.000000,6,7,7,8,8,10,12,15,36,36,36,73063,0,6,8.91071079757535,3.0284199965535663,2104.1982940005255,6832.784815843861
1789885380,50,GET,GET /api/v1/reservas,19.300000,0.000000,7,7,8,8,9,10,14,18,36,36,36,54778,0,7,8.503870489095911,4.633864002244081,1957.275683998887,8965.0
1789885380,50,GET,GET /api/v1/reservas/{id},5.600000,0.000000,5,6,6,6,6,7,8,11,11,11,11,18111,0,5,6.218928052317269,3.0284199965535663,1521.0046399952262,442.0
1789885380,50,POST,POST /api/v1/auth/login,0.000000,0.000000,0,0,0,0,0,0,0,0,0,0,0,50,0,1300.0,1369.1218887201103,628.633758999058,2104.1982940005255,1622.0
1789885380,50,POST,POST /api/v1/auth/refresh,0.000000,0.000000,0,0,0,0,0,0,0,0,0,0,0,150,0,25,28.633832166863915,18.447431997628883,82.49066000280436,1622.0
1789885380,50,,Aggregated,24.900000,0.000000,6,7,7,8,8,10,12,15,36,36,36,73089,0,6,8.90978386444269,3.0284199965535663,2104.1982940005255,6832.960253936981
1789885381,50,GET,GET /api/v1/reservas,19.500000,0.000000,7,7,8,8,9,10,14,18,36,36,36,54793,0,7,8.503362268970497,4.633864002244081,1957.275683998887,8965.0
1789885381,50,GET,GET /api/v1/reservas/{id},5.600000,0.000000,5,6,6,6,6,7,7,8,8,8,8,18117,0,5,6.218452239527163,3.0284199965535663,1521.0046399952262,442.0
1789885381,50,POST,POST /api/v1/auth/login,0.000000,0.000000,0,0,0,0,0,0,0,0,0,0,0,50,0,1300.0,1369.1218887201103,628.633758999058,2104.1982940005255,1622.0
1789885381,50,POST,POST /api/v1/auth/refresh,0.000000,0.000000,0,0,0,0,0,0,0,0,0,0,0,150,0,25,28.633832166863915,18.447431997628883,82.49066000280436,1622.0
1789885381,50,,Aggregated,25.100000,0.000000,6,7,7,8,8,10,12,15,36,36,36,73110,0,6,8.908980950461657,3.0284199965535663,2104.1982940005255,6832.8731910819315
1789885382,50,GET,GET /api/v1/reservas,19.300000,0.000000,7,7,8,8,10,11,15,18,36,36,36,54811,0,7,8.502995575207505,4.633864002244081,1957.275683998887,8965.0
1789885382,50,GET,GET /api/v1/reservas/{id},5.800000,0.000000,5,6,6,6,6,7,7,8,8,8,8,18124,0,5,6.217661696894698,3.0284199965535663,1521.0046399952262,442.0
1789885382,50,POST,POST /api/v1/auth/login,0.000000,0.000000,0,0,0,0,0,0,0,0,0,0,0,50,0,1300.0,1369.1218887201103,628.633758999058,2104.1982940005255,1622.0
1789885382,50,POST,POST /api/v1/auth/refresh,0.000000,0.000000,0,0,0,0,0,0,0,0,0,0,0,150,0,25,28.633832166863915,18.447431997628883,82.49066000280436,1622.0
1789885382,50,,Aggregated,25.100000,0.000000,6,7,7,8,9,10,14,15,36,36,36,73135,0,6,8.908152872472222,3.0284199965535663,2104.1982940005255,6832.786258289465
1789885383,50,GET,GET /api/v1/reservas,19.100000,0.000000,7,7,8,8,9,10,13,15,15,15,15,54834,0,7,8.502520623148177,4.633864002244081,1957.275683998887,8965.0
1789885383,50,GET,GET /api/v1/reservas/{id},5.600000,0.000000,5,5,5,6,6,7,7,8,8,8,8,18129,0,5,6.217055374401854,3.0284199965535663,1521.0046399952262,442.0
1789885383,50,POST,POST /api/v1/auth/login,0.000000,0.000000,0,0,0,0,0,0,0,0,0,0,0,50,0,1300.0,1369.1218887201103,628.633758999058,2104.1982940005255,1622.0
1789885383,50,POST,POST /api/v1/auth/refresh,0.000000,0.000000,0,0,0,0,0,0,0,0,0,0,0,150,0,25,28.633832166863915,18.447431997628883,82.49066000280436,1622.0
1789885383,50,,Aggregated,24.700000,0.000000,6,7,7,8,9,10,12,14,15,15,15,73163,0,6,8.907335429018437,3.0284199965535663,2104.1982940005255,6833.019805092738
1789885384,50,GET,GET /api/v1/reservas,19.000000,0.000000,7,7,8,8,9,11,13,15,15,15,15,54849,0,7,8.502397507934672,4.633864002244081,1957.275683998887,8965.0
1789885384,50,GET,GET /api/v1/reservas/{id},5.200000,0.000000,5,5,5,6,6,7,7,8,8,8,8,18135,0,5,6.216635584368658,3.0284199965535663,1521.0046399952262,442.0
1789885384,50,POST,POST /api/v1/auth/login,0.000000,0.000000,0,0,0,0,0,0,0,0,0,0,0,50,0,1300.0,1369.1218887201103,628.633758999058,2104.1982940005255,1622.0
1789885384,50,POST,POST /api/v1/auth/refresh,0.000000,0.000000,0,0,0,0,0,0,0,0,0,0,0,150,0,25,28.633832166863915,18.447431997628883,82.49066000280436,1622.0
1789885384,50,,Aggregated,24.200000,0.000000,6,7,7,8,9,10,13,14,15,15,15,73184,0,6,8.906835599260383,3.0284199965535663,2104.1982940005255,6832.93281318321
1789885385,50,GET,GET /api/v1/reservas,19.100000,0.000000,7,7,8,8,9,10,12,13,15,15,15,54863,0,7,8.501834022140988,4.633864002244081,1957.275683998887,8965.0
1789885385,50,GET,GET /api/v1/reservas/{id},5.700000,0.000000,5,5,5,5,6,7,7,8,8,8,8,18142,0,5,6.216095604206841,3.0284199965535663,1521.0046399952262,442.0
1789885385,50,POST,POST /api/v1/auth/login,0.000000,0.000000,0,0,0,0,0,0,0,0,0,0,0,50,0,1300.0,1369.1218887201103,628.633758999058,2104.1982940005255,1622.0
1789885385,50,POST,POST /api/v1/auth/refresh,0.000000,0.000000,0,0,0,0,0,0,0,0,0,0,0,150,0,25,28.633832166863915,18.447431997628883,82.49066000280436,1622.0
1789885385,50,,Aggregated,24.800000,0.000000,6,7,7,8,9,10,12,13,15,15,15,73205,0,6,8.905944889956684,3.0284199965535663,2104.1982940005255,6832.729444710061
1789885386,50,GET,GET /api/v1/reservas,19.200000,0.000000,7,7,8,8,9,10,12,13,15,15,15,54882,0,7,8.501420167846074,4.633864002244081,1957.275683998887,8965.0
1789885386,50,GET,GET /api/v1/reservas/{id},5.500000,0.000000,5,5,6,6,6,7,8,9,9,9,9,18146,0,5,6.216151723217995,3.0284199965535663,1521.0046399952262,442.0
1789885386,50,POST,POST /api/v1/auth/login,0.000000,0.000000,0,0,0,0,0,0,0,0,0,0,0,50,0,1300.0,1369.1218887201103,628.633758999058,2104.1982940005255,1622.0
1789885386,50,POST,POST /api/v1/auth/refresh,0.000000,0.000000,0,0,0,0,0,0,0,0,0,0,0,150,0,25,28.633832166863915,18.447431997628883,82.49066000280436,1622.0
1789885386,50,,Aggregated,24.700000,0.000000,6,7,7,8,9,10,12,13,15,15,15,73228,0,6,8.905396843861363,3.0284199965535663,2104.1982940005255,6832.933604632108
1789885387,50,GET,GET /api/v1/reservas,18.600000,0.000000,7,7,8,8,9,11,13,15,20,20,20,54904,0,7,8.501280861699161,4.633864002244081,1957.275683998887,8965.0
1789885387,50,GET,GET /api/v1/reservas/{id},5.600000,0.000000,5,5,6,6,7,8,8,9,9,9,9,18155,0,5,6.215876431424609,3.0284199965535663,1521.0046399952262,442.0
1789885387,50,POST,POST /api/v1/auth/login,0.000000,0.000000,0,0,0,0,0,0,0,0,0,0,0,50,0,1300.0,1369.1218887201103,628.633758999058,2104.1982940005255,1622.0
1789885387,50,POST,POST /api/v1/auth/refresh,0.000000,0.000000,0,0,0,0,0,0,0,0,0,0,0,150,0,25,28.633832166863915,18.447431997628883,82.49066000280436,1622.0
1789885387,50,,Aggregated,24.200000,0.000000,6,7,7,8,9,10,13,15,20,20,20,73259,0,6,8.904772523570928,3.0284199965535663,2104.1982940005255,6832.788735854981
1789885388,50,GET,GET /api/v1/reservas,18.200000,0.000000,7,7,8,8,9,10,13,15,20,20,20,54918,0,7,8.500664474994291,4.633864002244081,1957.275683998887,8965.0
1789885388,50,GET,GET /api/v1/reservas/{id},6.000000,0.000000,5,5,6,6,7,8,8,9,9,9,9,18161,0,5,6.215368876632125,3.0284199965535663,1521.0046399952262,442.0
1789885388,50,POST,POST /api/v1/auth/login,0.000000,0.000000,0,0,0,0,0,0,0,0,0,0,0,50,0,1300.0,1369.1218887201103,628.633758999058,2104.1982940005255,1622.0
1789885388,50,POST,POST /api/v1/auth/refresh,0.000000,0.000000,0,0,0,0,0,0,0,0,0,0,0,150,0,25,28.633832166863915,18.447431997628883,82.49066000280436,1622.0
1789885388,50,,Aggregated,24.200000,0.000000,6,7,7,8,9,10,13,15,20,20,20,73279,0,6,8.903887540322474,3.0284199965535663,2104.1982940005255,6832.672825775461
1789885389,50,GET,GET /api/v1/reservas,18.200000,0.000000,7,7,8,8,10,12,15,20,21,21,21,54935,0,7,8.500925030358294,4.633864002244081,1957.275683998887,8965.0
1789885389,50,GET,GET /api/v1/reservas/{id},5.900000,0.000000,5,5,6,6,7,9,12,23,23,23,23,18167,0,5,6.21633782801321,3.0284199965535663,1521.0046399952262,442.0
1789885389,50,POST,POST /api/v1/auth/login,0.000000,0.000000,0,0,0,0,0,0,0,0,0,0,0,50,0,1300.0,1369.1218887201103,628.633758999058,2104.1982940005255,1622.0
1789885389,50,POST,POST /api/v1/auth/refresh,0.000000,0.000000,0,0,0,0,0,0,0,0,0,0,0,150,0,25,28.633832166863915,18.447431997628883,82.49066000280436,1622.0
1789885389,50,,Aggregated,24.100000,0.000000,6,7,8,8,9,11,15,20,23,23,23,73302,0,6,8.904009373895489,3.0284199965535663,2104.1982940005255,6832.644252544269
1789885390,50,GET,GET /api/v1/reservas,18.200000,0.000000,7,7,8,8,10,12,15,20,21,21,21,54953,0,7,8.500282005017635,4.633864002244081,1957.275683998887,8965.0
1789885390,50,GET,GET /api/v1/reservas/{id},6.000000,0.000000,5,5,6,6,7,9,12,23,23,23,23,18173,0,5,6.215747370908185,3.0284199965535663,1521.0046399952262,442.0
1789885390,50,POST,POST /api/v1/auth/login,0.000000,0.000000,0,0,0,0,0,0,0,0,0,0,0,50,0,1300.0,1369.1218887201103,628.633758999058,2104.1982940005255,1622.0
1789885390,50,POST,POST /api/v1/auth/refresh,0.000000,0.000000,0,0,0,0,0,0,0,0,0,0,0,150,0,25,28.633832166863915,18.447431997628883,82.49066000280436,1622.0
1789885390,50,,Aggregated,24.200000,0.000000,6,7,7,8,9,11,15,20,23,23,23,73326,0,6,8.903062259693515,3.0284199965535663,2104.1982940005255,6832.644778114175
1789885391,50,GET,GET /api/v1/reservas,17.500000,0.000000,7,7,8,8,9,12,15,20,21,21,21,54973,0,7,8.49948943957448,4.633864002244081,1957.275683998887,8965.0
1789885391,50,GET,GET /api/v1/reservas/{id},6.100000,0.000000,5,5,6,6,7,9,20,23,23,23,23,18181,0,5,6.215849131814413,3.0284199965535663,1521.0046399952262,442.0
1789885391,50,POST,POST /api/v1/auth/login,0.000000,0.000000,0,0,0,0,0,0,0,0,0,0,0,50,0,1300.0,1369.1218887201103,628.633758999058,2104.1982940005255,1622.0
1789885391,50,POST,POST /api/v1/auth/refresh,0.000000,0.000000,0,0,0,0,0,0,0,0,0,0,0,150,0,25,28.633832166863915,18.447431997628883,82.49066000280436,1622.0
1789885391,50,,Aggregated,23.600000,0.000000,6,7,7,8,9,11,15,20,23,23,23,73354,0,6,8.902090619302072,3.0284199965535663,2104.1982940005255,6832.529200861575
1789885392,50,GET,GET /api/v1/reservas,18.000000,0.000000,7,7,8,8,9,11,15,20,21,21,21,54990,0,7,8.49876847526326,4.633864002244081,1957.275683998887,8965.0
1789885392,50,GET,GET /api/v1/reservas/{id},5.900000,0.000000,5,5,6,6,7,9,20,23,23,23,23,18186,0,5,6.215276270896112,3.0284199965535663,1521.0046399952262,442.0
1789885392,50,POST,POST /api/v1/auth/login,0.000000,0.000000,0,0,0,0,0,0,0,0,0,0,0,50,0,1300.0,1369.1218887201103,628.633758999058,2104.1982940005255,1622.0
1789885392,50,POST,POST /api/v1/auth/refresh,0.000000,0.000000,0,0,0,0,0,0,0,0,0,0,0,150,0,25,28.633832166863915,18.447431997628883,82.49066000280436,1622.0
1789885392,50,,Aggregated,23.900000,0.000000,6,7,7,8,9,11,15,20,23,23,23,73376,0,6,8.901132004719281,3.0284199965535663,2104.1982940005255,6832.5877943741825
1789885393,50,GET,GET /api/v1/reservas,17.500000,0.000000,7,7,7,8,9,10,15,20,21,21,21,55014,0,7,8.497719157755283,4.633864002244081,1957.275683998887,8965.0
1789885393,50,GET,GET /api/v1/reservas/{id},6.300000,0.000000,5,5,6,6,7,9,20,23,23,23,23,18193,0,5,6.21466435769305,3.0284199965535663,1521.0046399952262,442.0
1789885393,50,POST,POST /api/v1/auth/login,0.000000,0.000000,0,0,0,0,0,0,0,0,0,0,0,50,0,1300.0,1369.1218887201103,628.633758999058,2104.1982940005255,1622.0
1789885393,50,POST,POST /api/v1/auth/refresh,0.000000,0.000000,0,0,0,0,0,0,0,0,0,0,0,150,0,25,28.633832166863915,18.447431997628883,82.49066000280436,1622.0
1789885393,50,,Aggregated,23.800000,0.000000,6,7,7,7,9,10,15,20,23,23,23,73407,0,6,8.899806280944562,3.0284199965535663,2104.1982940005255,6832.6755758987565
1789885394,50,GET,GET /api/v1/reservas,18.000000,0.000000,7,7,7,8,9,10,15,20,21,21,21,55032,0,7,8.497447859241005,4.633864002244081,1957.275683998887,8965.0
1789885394,50,GET,GET /api/v1/reservas/{id},6.500000,0.000000,5,6,6,6,8,9,20,23,23,23,23,18198,0,5,6.214642257144318,3.0284199965535663,1521.0046399952262,442.0
1789885394,50,POST,POST /api/v1/auth/login,0.000000,0.000000,0,0,0,0,0,0,0,0,0,0,0,50,0,1300.0,1369.1218887201103,628.633758999058,2104.1982940005255,1622.0
1789885394,50,POST,POST /api/v1/auth/refresh,0.000000,0.000000,0,0,0,0,0,0,0,0,0,0,0,150,0,25,28.633832166863915,18.447431997628883,82.49066000280436,1622.0
1789885394,50,,Aggregated,24.500000,0.000000,6,7,7,8,9,10,15,20,23,23,23,73430,0,6,8.899316078527873,3.0284199965535663,2104.1982940005255,6832.763121340052
1789885395,50,GET,GET /api/v1/reservas,18.000000,0.000000,6,7,7,8,9,10,15,20,21,21,21,55049,0,7,8.49679648810623,4.633864002244081,1957.275683998887,8965.0
1789885395,50,GET,GET /api/v1/reservas/{id},6.600000,0.000000,5,5,6,6,7,8,20,23,23,23,23,18205,0,5,6.213809715380601,3.0284199965535663,1521.0046399952262,442.0
1789885395,50,POST,POST /api/v1/auth/login,0.000000,0.000000,0,0,0,0,0,0,0,0,0,0,0,50,0,1300.0,1369.1218887201103,628.633758999058,2104.1982940005255,1622.0
1789885395,50,POST,POST /api/v1/auth/refresh,0.000000,0.000000,0,0,0,0,0,0,0,0,0,0,0,150,0,25,28.633832166863915,18.447431997628883,82.49066000280436,1622.0
1789885395,50,,Aggregated,24.600000,0.000000,6,7,7,7,9,10,15,20,23,23,23,73454,0,6,8.898272728555321,3.0284199965535663,2104.1982940005255,6832.647575353282
1789885396,50,GET,GET /api/v1/reservas,17.900000,0.000000,6,7,7,8,9,10,15,20,21,21,21,55067,0,7,8.496232812877968,4.633864002244081,1957.275683998887,8965.0
1789885396,50,GET,GET /api/v1/reservas/{id},6.300000,0.000000,5,5,6,6,7,8,20,23,23,23,23,18213,0,5,6.2130193827212565,3.0284199965535663,1521.0046399952262,442.0
1789885396,50,POST,POST /api/v1/auth/login,0.000000,0.000000,0,0,0,0,0,0,0,0,0,0,0,50,0,1300.0,1369.1218887201103,628.633758999058,2104.1982940005255,1622.0
1789885396,50,POST,POST /api/v1/auth/refresh,0.000000,0.000000,0,0,0,0,0,0,0,0,0,0,0,150,0,25,28.633832166863915,18.447431997628883,82.49066000280436,1622.0
1789885396,50,,Aggregated,24.200000,0.000000,6,7,7,7,9,10,15,20,23,23,23,73480,0,6,8.89726379402956,3.0284199965535663,2104.1982940005255,6832.474156232988
1789885397,50,GET,GET /api/v1/reservas,18.000000,0.000000,6,7,7,8,8,10,11,15,21,21,21,55078,0,7,8.495837476991627,4.633864002244081,1957.275683998887,8965.0
1789885397,50,GET,GET /api/v1/reservas/{id},6.500000,0.000000,5,5,5,6,6,8,20,23,23,23,23,18223,0,5,6.212340086951853,3.0284199965535663,1521.0046399952262,442.0
1789885397,50,POST,POST /api/v1/auth/login,0.000000,0.000000,0,0,0,0,0,0,0,0,0,0,0,50,0,1300.0,1369.1218887201103,628.633758999058,2104.1982940005255,1622.0
1789885397,50,POST,POST /api/v1/auth/refresh,0.000000,0.000000,0,0,0,0,0,0,0,0,0,0,0,150,0,25,28.633832166863915,18.447431997628883,82.49066000280436,1622.0
1789885397,50,,Aggregated,24.500000,0.000000,6,6,7,7,8,10,15,20,23,23,23,73501,0,6,8.896373916318241,3.0284199965535663,2104.1982940005255,6831.923864981429
1789885398,50,GET,GET /api/v1/reservas,18.300000,0.000000,6,7,7,8,8,10,11,15,21,21,21,55096,0,7,8.495403883671019,4.633864002244081,1957.275683998887,8965.0
1789885398,50,GET,GET /api/v1/reservas/{id},6.500000,0.000000,5,5,6,6,6,8,20,23,23,23,23,18230,0,5,6.212127615168337,3.0284199965535663,1521.0046399952262,442.0
1789885398,50,POST,POST /api/v1/auth/login,0.000000,0.000000,0,0,0,0,0,0,0,0,0,0,0,50,0,1300.0,1369.1218887201103,628.633758999058,2104.1982940005255,1622.0
1789885398,50,POST,POST /api/v1/auth/refresh,0.000000,0.000000,0,0,0,0,0,0,0,0,0,0,0,150,0,25,28.633832166863915,18.447431997628883,82.49066000280436,1622.0
1789885398,50,,Aggregated,24.800000,0.000000,6,7,7,7,8,9,15,20,23,23,23,73526,0,6,8.895642739443133,3.0284199965535663,2104.1982940005255,6831.837717270081
1789885399,50,GET,GET /api/v1/reservas,18.600000,0.000000,7,7,8,8,9,9,10,11,13,13,13,55113,0,7,8.495425829472833,4.633864002244081,1957.275683998887,8965.0
1789885399,50,GET,GET /api/v1/reservas/{id},6.600000,0.000000,5,5,6,6,6,7,11,20,20,20,20,18240,0,5,6.212139744929389,3.0284199965535663,1521.0046399952262,442.0
1789885399,50,POST,POST /api/v1/auth/login,0.000000,0.000000,0,0,0,0,0,0,0,0,0,0,0,50,0,1300.0,1369.1218887201103,628.633758999058,2104.1982940005255,1622.0
1789885399,50,POST,POST /api/v1/auth/refresh,0.000000,0.000000,0,0,0,0,0,0,0,0,0,0,0,150,0,25,28.633832166863915,18.447431997628883,82.49066000280436,1622.0
1789885399,50,,Aggregated,25.200000,0.000000,6,7,7,7,8,9,10,11,20,20,20,73553,0,6,8.895204844782498,3.0284199965535663,2104.1982940005255,6831.4620069881585
1789885400,50,GET,GET /api/v1/reservas,17.600000,0.000000,7,7,8,8,9,9,10,11,13,13,13,55124,0,7,8.49533392882849,4.633864002244081,1957.275683998887,8965.0
1789885400,50,GET,GET /api/v1/reservas/{id},6.800000,0.000000,5,5,6,6,6,7,11,20,20,20,20,18249,0,5,6.211720302838415,3.0284199965535663,1521.0046399952262,442.0
1789885400,50,POST,POST /api/v1/auth/login,0.000000,0.000000,0,0,0,0,0,0,0,0,0,0,0,50,0,1300.0,1369.1218887201103,628.633758999058,2104.1982940005255,1622.0
1789885400,50,POST,POST /api/v1/auth/refresh,0.000000,0.000000,0,0,0,0,0,0,0,0,0,0,0,150,0,25,28.633832166863915,18.447431997628883,82.49066000280436,1622.0
1789885400,50,,Aggregated,24.400000,0.000000,6,7,7,8,8,9,10,11,20,20,20,73573,0,6,8.894643966676341,3.0284199965535663,2104.1982940005255,6830.999388362578
1789885401,50,GET,GET /api/v1/reservas,17.900000,0.000000,7,7,8,8,9,10,11,13,16,16,16,55147,0,7,8.49498695360997,4.633864002244081,1957.275683998887,8965.0
1789885401,50,GET,GET /api/v1/reservas/{id},7.000000,0.000000,5,5,6,6,6,7,8,11,11,11,11,18255,0,5,6.211443383977755,3.0284199965535663,1521.0046399952262,442.0
1789885401,50,POST,POST /api/v1/auth/login,0.000000,0.000000,0,0,0,0,0,0,0,0,0,0,0,50,0,1300.0,1369.1218887201103,628.633758999058,2104.1982940005255,1622.0
1789885401,50,POST,POST /api/v1/auth/refresh,0.000000,0.000000,0,0,0,0,0,0,0,0,0,0,0,150,0,25,28.633832166863915,18.447431997628883,82.49066000280436,1622.0
1789885401,50,,Aggregated,24.900000,0.000000,6,7,7,8,8,9,11,12,16,16,16,73602,0,6,8.893971818242457,3.0284199965535663,2104.1982940005255,6831.145417244096
1789885402,50,GET,GET /api/v1/reservas,17.200000,0.000000,7,8,8,8,9,10,11,13,16,16,16,55165,0,7,8.49447197055633,4.633864002244081,1957.275683998887,8965.0
1789885402,50,GET,GET /api/v1/reservas/{id},7.300000,0.000000,5,6,6,6,6,7,8,11,11,11,11,18263,0,5,6.211034065186755,3.0284199965535663,1521.0046399952262,442.0
1789885402,50,POST,POST /api/v1/auth/login,0.000000,0.000000,0,0,0,0,0,0,0,0,0,0,0,50,0,1300.0,1369.1218887201103,628.633758999058,2104.1982940005255,1622.0
1789885402,50,POST,POST /api/v1/auth/refresh,0.000000,0.000000,0,0,0,0,0,0,0,0,0,0,0,150,0,25,28.633832166863915,18.447431997628883,82.49066000280436,1622.0
1789885402,50,,Aggregated,24.500000,0.000000,6,7,7,8,8,9,11,12,16,16,16,73628,0,6,8.893095434471721,3.0284199965535663,2104.1982940005255,6830.972877166296
1789885403,50,GET,GET /api/v1/reservas,17.300000,0.000000,7,8,8,8,9,10,11,13,16,16,16,55177,0,7,8.494191554900498,4.633864002244081,1957.275683998887,8965.0
1789885403,50,GET,GET /api/v1/reservas/{id},7.300000,0.000000,5,6,6,6,6,7,11,12,12,12,12,18272,0,5,6.210974076373614,3.0284199965535663,1521.0046399952262,442.0
1789885403,50,POST,POST /api/v1/auth/login,0.000000,0.000000,0,0,0,0,0,0,0,0,0,0,0,50,0,1300.0,1369.1218887201103,628.633758999058,2104.1982940005255,1622.0
1789885403,50,POST,POST /api/v1/auth/refresh,0.000000,0.000000,0,0,0,0,0,0,0,0,0,0,0,150,0,25,28.633832166863915,18.447431997628883,82.49066000280436,1622.0
1789885403,50,,Aggregated,24.600000,0.000000,6,7,8,8,8,10,11,12,16,16,16,73649,0,6,8.892477766287145,3.0284199965535663,2104.1982940005255,6830.539844397073
1789885404,50,GET,GET /api/v1/reservas,17.400000,0.000000,7,8,8,8,9,10,12,13,16,16,16,55194,0,7,8.494062801241492,4.633864002244081,1957.275683998887,8965.0
1789885404,50,GET,GET /api/v1/reservas/{id},7.500000,0.000000,5,6,6,6,6,7,11,12,12,12,12,18281,0,5,6.210646248263039,3.0284199965535663,1521.0046399952262,442.0
1789885404,50,POST,POST /api/v1/auth/login,0.000000,0.000000,0,0,0,0,0,0,0,0,0,0,0,50,0,1300.0,1369.1218887201103,628.633758999058,2104.1982940005255,1622.0
1789885404,50,POST,POST /api/v1/auth/refresh,0.000000,0.000000,0,0,0,0,0,0,0,0,0,0,0,150,0,25,28.633832166863915,18.447431997628883,82.49066000280436,1622.0
1789885404,50,,Aggregated,24.900000,0.000000,6,7,8,8,9,9,12,12,16,16,16,73675,0,6,8.891880496467707,3.0284199965535663,2104.1982940005255,6830.251944350187
1789885405,50,GET,GET /api/v1/reservas,17.200000,0.000000,7,8,8,8,9,10,12,13,16,16,16,55206,0,7,8.49397473469752,4.633864002244081,1957.275683998887,8965.0
1789885405,50,GET,GET /api/v1/reservas/{id},7.400000,0.000000,5,6,6,6,6,7,11,12,12,12,12,18286,0,5,6.2104758744667095,3.0284199965535663,1521.0046399952262,442.0
1789885405,50,POST,POST /api/v1/auth/login,0.000000,0.000000,0,0,0,0,0,0,0,0,0,0,0,50,0,1300.0,1369.1218887201103,628.633758999058,2104.1982940005255,1622.0
1789885405,50,POST,POST /api/v1/auth/refresh,0.000000,0.000000,0,0,0,0,0,0,0,0,0,0,0,150,0,25,28.633832166863915,18.447431997628883,82.49066000280436,1622.0
1789885405,50,,Aggregated,24.600000,0.000000,7,7,8,8,9,10,12,12,16,16,16,73692,0,6,8.891525542870983,3.0284199965535663,2104.1982940005255,6830.166123866906
1789885406,50,GET,GET /api/v1/reservas,16.100000,0.000000,7,8,8,8,9,10,12,13,16,16,16,55229,0,7,8.493504092446567,4.633864002244081,1957.275683998887,8965.0
1789885406,50,GET,GET /api/v1/reservas/{id},8.100000,0.000000,5,6,6,6,6,8,11,12,12,12,12,18290,0,5,6.210558032832109,3.0284199965535663,1521.0046399952262,442.0
1789885406,50,POST,POST /api/v1/auth/login,0.000000,0.000000,0,0,0,0,0,0,0,0,0,0,0,50,0,1300.0,1369.1218887201103,628.633758999058,2104.1982940005255,1622.0
1789885406,50,POST,POST /api/v1/auth/refresh,0.000000,0.000000,0,0,0,0,0,0,0,0,0,0,0,150,0,25,28.633832166863915,18.447431997628883,82.49066000280436,1622.0
1789885406,50,,Aggregated,24.200000,0.000000,7,7,8,8,9,10,12,12,16,16,16,73719,0,6,8.890923821582897,3.0284199965535663,2104.1982940005255,6830.485560032013
1789885407,50,GET,GET /api/v1/reservas,16.500000,0.000000,7,8,8,9,10,11,13,15,16,16,16,55251,0,7,8.493253085676837,4.633864002244081,1957.275683998887,8965.0
1789885407,50,GET,GET /api/v1/reservas/{id},8.100000,0.000000,5,6,6,6,6,8,11,12,12,12,12,18295,0,5,6.210244132959441,3.0284199965535663,1521.0046399952262,442.0
1789885407,50,POST,POST /api/v1/auth/login,0.000000,0.000000,0,0,0,0,0,0,0,0,0,0,0,50,0,1300.0,1369.1218887201103,628.633758999058,2104.1982940005255,1622.0
1789885407,50,POST,POST /api/v1/auth/refresh,0.000000,0.000000,0,0,0,0,0,0,0,0,0,0,0,150,0,25,28.633832166863915,18.447431997628883,82.49066000280436,1622.0
1789885407,50,,Aggregated,24.600000,0.000000,7,7,8,8,9,11,12,13,16,16,16,73746,0,6,8.890357604619401,3.0284199965535663,2104.1982940005255,6830.6891899221655
1789885408,50,GET,GET /api/v1/reservas,16.200000,0.000000,7,8,8,9,10,11,13,15,16,16,16,55272,0,7,8.492618377202474,4.633864002244081,1957.275683998887,8965.0
1789885408,50,GET,GET /api/v1/reservas/{id},7.800000,0.000000,5,6,6,6,6,8,11,12,12,12,12,18301,0,5,6.209713371699995,3.0284199965535663,1521.0046399952262,442.0
1789885408,50,POST,POST /api/v1/auth/login,0.000000,0.000000,0,0,0,0,0,0,0,0,0,0,0,50,0,1300.0,1369.1218887201103,628.633758999058,2104.1982940005255,1622.0
1789885408,50,POST,POST /api/v1/auth/refresh,0.000000,0.000000,0,0,0,0,0,0,0,0,0,0,0,150,0,25,28.633832166863915,18.447431997628883,82.49066000280436,1622.0
1789885408,50,,Aggregated,24.000000,0.000000,7,7,8,8,9,11,12,13,16,16,16,73773,0,6,8.889419389495552,3.0284199965535663,2104.1982940005255,6830.777140688328
1789885409,50,GET,GET /api/v1/reservas,16.400000,0.000000,7,8,8,8,10,11,12,15,16,16,16,55290,0,7,8.49228861554955,4.633864002244081,1957.275683998887,8965.0
1789885409,50,GET,GET /api/v1/reservas/{id},7.600000,0.000000,5,6,6,6,6,7,9,12,12,12,12,18304,0,5,6.20948645014657,3.0284199965535663,1521.0046399952262,442.0
1789885409,50,POST,POST /api/v1/auth/login,0.000000,0.000000,0,0,0,0,0,0,0,0,0,0,0,50,0,1300.0,1369.1218887201103,628.633758999058,2104.1982940005255,1622.0
1789885409,50,POST,POST /api/v1/auth/refresh,0.000000,0.000000,0,0,0,0,0,0,0,0,0,0,0,150,0,25,28.633832166863915,18.447431997628883,82.49066000280436,1622.0
1789885409,50,,Aggregated,24.000000,0.000000,7,7,8,8,9,11,12,13,16,16,16,73794,0,6,8.88891030162691,3.0284199965535663,2104.1982940005255,6831.0379976691875
1789885410,50,GET,GET /api/v1/reservas,17.200000,0.000000,7,8,8,8,10,11,13,16,27,27,27,55312,0,7,8.492273660303825,4.633864002244081,1957.275683998887,8965.0
1789885410,50,GET,GET /api/v1/reservas/{id},7.100000,0.000000,5,6,6,6,6,8,9,12,12,12,12,18306,0,5,6.2092756068217705,3.0284199965535663,1521.0046399952262,442.0
1789885410,50,POST,POST /api/v1/auth/login,0.000000,0.000000,0,0,0,0,0,0,0,0,0,0,0,50,0,1300.0,1369.1218887201103,628.633758999058,2104.1982940005255,1622.0
1789885410,50,POST,POST /api/v1/auth/refresh,0.000000,0.000000,0,0,0,0,0,0,0,0,0,0,0,150,0,25,28.633832166863915,18.447431997628883,82.49066000280436,1622.0
1789885410,50,,Aggregated,24.300000,0.000000,7,7,8,8,9,11,13,15,27,27,27,73818,0,6,8.888656008266866,3.0284199965535663,2104.1982940005255,6831.500880544041
1789885411,50,GET,GET /api/v1/reservas,17.500000,0.000000,7,8,8,8,10,11,13,19,27,27,27,55331,0,7,8.491834719229933,4.633864002244081,1957.275683998887,8965.0
1789885411,50,GET,GET /api/v1/reservas/{id},7.000000,0.000000,5,6,6,6,6,9,10,12,12,12,12,18313,0,5,6.209132635257646,3.0284199965535663,1521.0046399952262,442.0
1789885411,50,POST,POST /api/v1/auth/login,0.000000,0.000000,0,0,0,0,0,0,0,0,0,0,0,50,0,1300.0,1369.1218887201103,628.633758999058,2104.1982940005255,1622.0
1789885411,50,POST,POST /api/v1/auth/refresh,0.000000,0.000000,0,0,0,0,0,0,0,0,0,0,0,150,0,25,28.633832166863915,18.447431997628883,82.49066000280436,1622.0
1789885411,50,,Aggregated,24.500000,0.000000,7,7,8,8,9,11,13,15,27,27,27,73844,0,6,8.887935676022751,3.0284199965535663,2104.1982940005255,6831.444138995721
1789885412,50,GET,GET /api/v1/reservas,17.800000,0.000000,7,7,8,8,10,11,13,19,27,27,27,55349,0,7,8.491114341374162,4.633864002244081,1957.275683998887,8965.0
1789885412,50,GET,GET /api/v1/reservas/{id},6.400000,0.000000,5,6,6,6,6,9,10,12,12,12,12,18320,0,5,6.208618950954012,3.0284199965535663,1521.0046399952262,442.0
1789885412,50,POST,POST /api/v1/auth/login,0.000000,0.000000,0,0,0,0,0,0,0,0,0,0,0,50,0,1300.0,1369.1218887201103,628.633758999058,2104.1982940005255,1622.0
1789885412,50,POST,POST /api/v1/auth/refresh,0.000000,0.000000,0,0,0,0,0,0,0,0,0,0,0,150,0,25,28.633832166863915,18.447431997628883,82.49066000280436,1622.0
1789885412,50,,Aggregated,24.200000,0.000000,7,7,8,8,9,11,13,15,27,27,27,73869,0,6,8.886918140535753,3.0284199965535663,2104.1982940005255,6831.358553655796
1789885413,50,GET,GET /api/v1/reservas,18.700000,0.000000,7,7,8,8,10,11,13,19,27,27,27,55373,0,7,8.49023013332609,4.633864002244081,1957.275683998887,8965.0
1789885413,50,GET,GET /api/v1/reservas/{id},5.900000,0.000000,5,6,6,6,7,8,10,10,10,10,10,18324,0,5,6.2084197510084405,3.0284199965535663,1521.0046399952262,442.0
1789885413,50,POST,POST /api/v1/auth/login,0.000000,0.000000,0,0,0,0,0,0,0,0,0,0,0,50,0,1300.0,1369.1218887201103,628.633758999058,2104.1982940005255,1622.0
1789885413,50,POST,POST /api/v1/auth/refresh,0.000000,0.000000,0,0,0,0,0,0,0,0,0,0,0,150,0,25,28.633832166863915,18.447431997628883,82.49066000280436,1622.0
1789885413,50,,Aggregated,24.600000,0.000000,7,7,8,8,9,11,13,15,27,27,27,73897,0,6,8.885932662370376,3.0284199965535663,2104.1982940005255,6831.705657875151
1789885414,50,GET,GET /api/v1/reservas,18.700000,0.000000,7,7,8,8,9,11,13,19,27,27,27,55390,0,7,8.489927923319764,4.633864002244081,1957.275683998887,8965.0
1789885414,50,GET,GET /api/v1/reservas/{id},5.700000,0.000000,5,6,6,6,7,7,10,10,10,10,10,18327,0,5,6.208281052189676,3.0284199965535663,1521.0046399952262,442.0
1789885414,50,POST,POST /api/v1/auth/login,0.000000,0.000000,0,0,0,0,0,0,0,0,0,0,0,50,0,1300.0,1369.1218887201103,628.633758999058,2104.1982940005255,1622.0
1789885414,50,POST,POST /api/v1/auth/refresh,0.000000,0.000000,0,0,0,0,0,0,0,0,0,0,0,150,0,25,28.633832166863915,18.447431997628883,82.49066000280436,1622.0
1789885414,50,,Aggregated,24.400000,0.000000,6,7,7,8,9,11,13,15,27,27,27,73917,0,6,8.885472134653751,3.0284199965535663,2104.1982940005255,6831.936956315868
1789885415,50,GET,GET /api/v1/reservas,18.500000,0.000000,7,7,8,8,9,11,13,15,27,27,27,55418,0,7,8.48910606403477,4.633864002244081,1957.275683998887,8965.0
1789885415,50,GET,GET /api/v1/reservas/{id},5.700000,0.000000,5,5,5,6,7,7,10,10,10,10,10,18332,0,5,6.2079241023605904,3.0284199965535663,1521.0046399952262,442.0
1789885415,50,POST,POST /api/v1/auth/login,0.000000,0.000000,0,0,0,0,0,0,0,0,0,0,0,50,0,1300.0,1369.1218887201103,628.633758999058,2104.1982940005255,1622.0
1789885415,50,POST,POST /api/v1/auth/refresh,0.000000,0.000000,0,0,0,0,0,0,0,0,0,0,0,150,0,25,28.633832166863915,18.447431997628883,82.49066000280436,1622.0
1789885415,50,,Aggregated,24.200000,0.000000,6,7,8,8,9,11,13,15,27,27,27,73950,0,6,8.884436967710515,3.0284199965535663,2104.1982940005255,6832.312562542258
1789885416,50,GET,GET /api/v1/reservas,19.700000,0.000000,7,7,8,8,9,10,12,19,27,27,27,55431,0,7,8.488668440379586,4.633864002244081,1957.275683998887,8965.0
1789885416,50,GET,GET /api/v1/reservas/{id},4.900000,0.000000,5,5,5,5,6,7,10,10,10,10,10,18337,0,5,6.207431278533823,3.0284199965535663,1521.0046399952262,442.0
1789885416,50,POST,POST /api/v1/auth/login,0.000000,0.000000,0,0,0,0,0,0,0,0,0,0,0,50,0,1300.0,1369.1218887201103,628.633758999058,2104.1982940005255,1622.0
1789885416,50,POST,POST /api/v1/auth/refresh,0.000000,0.000000,0,0,0,0,0,0,0,0,0,0,0,150,0,25,28.633832166863915,18.447431997628883,82.49066000280436,1622.0
1789885416,50,,Aggregated,24.600000,0.000000,6,7,7,8,9,9,11,13,27,27,27,73968,0,6,8.883736439192555,3.0284199965535663,2104.1982940005255,6832.2554212632485
1789885417,50,GET,GET /api/v1/reservas,19.700000,0.000000,7,7,8,8,9,10,13,19,27,27,27,55449,0,7,8.488591805328939,4.633864002244081,1957.275683998887,8965.0
1789885417,50,GET,GET /api/v1/reservas/{id},4.600000,0.000000,5,5,5,6,7,10,13,13,13,13,13,18344,0,5,6.207834059827445,3.0284199965535663,1521.0046399952262,442.0
1789885417,50,POST,POST /api/v1/auth/login,0.000000,0.000000,0,0,0,0,0,0,0,0,0,0,0,50,0,1300.0,1369.1218887201103,628.633758999058,2104.1982940005255,1622.0
1789885417,50,POST,POST /api/v1/auth/refresh,0.000000,0.000000,0,0,0,0,0,0,0,0,0,0,0,150,0,25,28.633832166863915,18.447431997628883,82.49066000280436,1622.0
1789885417,50,,Aggregated,24.300000,0.000000,6,7,7,8,9,10,13,18,27,27,27,73993,0,6,8.883429571286454,3.0284199965535663,2104.1982940005255,6832.169705242388
1789885418,50,GET,GET /api/v1/reservas,20.700000,0.000000,7,7,8,8,9,10,14,19,27,27,27,55474,0,7,8.487995369681538,4.633864002244081,1957.275683998887,8965.0
1789885418,50,GET,GET /api/v1/reservas/{id},4.500000,0.000000,5,5,5,6,8,10,13,13,13,13,13,18351,0,5,6.207704483378102,3.0284199965535663,1521.0046399952262,442.0
1789885418,50,POST,POST /api/v1/auth/login,0.000000,0.000000,0,0,0,0,0,0,0,0,0,0,0,50,0,1300.0,1369.1218887201103,628.633758999058,2104.1982940005255,1622.0
1789885418,50,POST,POST /api/v1/auth/refresh,0.000000,0.000000,0,0,0,0,0,0,0,0,0,0,0,150,0,25,28.633832166863915,18.447431997628883,82.49066000280436,1622.0
1789885418,50,,Aggregated,25.200000,0.000000,6,7,8,8,9,10,13,18,27,27,27,74025,0,6,8.882564125271536,3.0284199965535663,2104.1982940005255,6832.285741303614
1789885419,50,GET,GET /api/v1/reservas,19.700000,0.000000,7,7,8,8,9,10,13,18,27,27,27,55494,0,7,8.487386157994132,4.633864002244081,1957.275683998887,8965.0
1789885419,50,GET,GET /api/v1/reservas/{id},5.000000,0.000000,5,5,5,6,8,10,13,13,13,13,13,18354,0,5,6.207546957528102,3.0284199965535663,1521.0046399952262,442.0
1789885419,50,POST,POST /api/v1/auth/login,0.000000,0.000000,0,0,0,0,0,0,0,0,0,0,0,50,0,1300.0,1369.1218887201103,628.633758999058,2104.1982940005255,1622.0
1789885419,50,POST,POST /api/v1/auth/refresh,0.000000,0.000000,0,0,0,0,0,0,0,0,0,0,0,150,0,25,28.633832166863915,18.447431997628883,82.49066000280436,1622.0
1789885419,50,,Aggregated,24.700000,0.000000,6,7,7,8,9,10,13,18,27,27,27,74048,0,6,8.881853575670334,3.0284199965535663,2104.1982940005255,6832.602879213483
1789885420,50,GET,GET /api/v1/reservas,19.900000,0.000000,7,7,8,8,9,10,14,18,19,19,19,55513,0,7,8.487225604790513,4.633864002244081,1957.275683998887,8965.0
1789885420,50,GET,GET /api/v1/reservas/{id},4.900000,0.000000,5,5,6,7,8,11,13,13,13,13,13,18362,0,5,6.2077385666849185,3.0284199965535663,1521.0046399952262,442.0
1789885420,50,POST,POST /api/v1/auth/login,0.000000,0.000000,0,0,0,0,0,0,0,0,0,0,0,50,0,1300.0,1369.1218887201103,628.633758999058,2104.1982940005255,1622.0
1789885420,50,POST,POST /api/v1/auth/refresh,0.000000,0.000000,0,0,0,0,0,0,0,0,0,0,0,150,0,25,28.633832166863915,18.447431997628883,82.49066000280436,1622.0
1789885420,50,,Aggregated,24.800000,0.000000,6,7,7,8,9,10,13,15,19,19,19,74075,0,6,8.881390750202414,3.0284199965535663,2104.1982940005255,6832.459655754303
1789885421,50,GET,GET /api/v1/reservas,19.900000,0.000000,7,7,8,8,9,10,13,15,18,18,18,55529,0,7,8.486642761200915,4.633864002244081,1957.275683998887,8965.0
1789885421,50,GET,GET /api/v1/reservas/{id},4.900000,0.000000,5,5,6,6,8,11,13,13,13,13,13,18365,0,5,6.2075484817569615,3.0284199965535663,1521.0046399952262,442.0
1789885421,50,POST,POST /api/v1/auth/login,0.000000,0.000000,0,0,0,0,0,0,0,0,0,0,0,50,0,1300.0,1369.1218887201103,628.633758999058,2104.1982940005255,1622.0
1789885421,50,POST,POST /api/v1/auth/refresh,0.000000,0.000000,0,0,0,0,0,0,0,0,0,0,0,150,0,25,28.633832166863915,18.447431997628883,82.49066000280436,1622.0
1789885421,50,,Aggregated,24.800000,0.000000,6,7,7,8,9,10,13,14,18,18,18,74094,0,6,8.880713458785218,3.0284199965535663,2104.1982940005255,6832.661416578941
1789885422,50,GET,GET /api/v1/reservas,20.100000,0.000000,7,7,8,8,9,10,13,15,18,18,18,55549,0,7,8.485906713077616,4.633864002244081,1957.275683998887,8965.0
1789885422,50,GET,GET /api/v1/reservas/{id},5.100000,0.000000,5,5,6,7,8,11,13,13,13,13,13,18368,0,5,6.207287785631237,3.0284199965535663,1521.0046399952262,442.0
1789885422,50,POST,POST /api/v1/auth/login,0.000000,0.000000,0,0,0,0,0,0,0,0,0,0,0,50,0,1300.0,1369.1218887201103,628.633758999058,2104.1982940005255,1622.0
1789885422,50,POST,POST /api/v1/auth/refresh,0.000000,0.000000,0,0,0,0,0,0,0,0,0,0,0,150,0,25,28.633832166863915,18.447431997628883,82.49066000280436,1622.0
1789885422,50,,Aggregated,25.200000,0.000000,6,7,7,8,9,10,13,14,18,18,18,74117,0,6,8.879882662712507,3.0284199965535663,2104.1982940005255,6832.978142666325
1789885423,50,GET,GET /api/v1/reservas,19.700000,0.000000,7,7,8,8,9,10,13,15,18,18,18,55570,0,7,8.485009392761214,4.633864002244081,1957.275683998887,8965.0
1789885423,50,GET,GET /api/v1/reservas/{id},5.500000,0.000000,5,5,5,6,8,11,13,13,13,13,13,18374,0,5,6.2067232487467425,3.0284199965535663,1521.0046399952262,442.0
1789885423,50,POST,POST /api/v1/auth/login,0.000000,0.000000,0,0,0,0,0,0,0,0,0,0,0,50,0,1300.0,1369.1218887201103,628.633758999058,2104.1982940005255,1622.0
1789885423,50,POST,POST /api/v1/auth/refresh,0.000000,0.000000,0,0,0,0,0,0,0,0,0,0,0,150,0,25,28.633832166863915,18.447431997628883,82.49066000280436,1622.0
1789885423,50,,Aggregated,25.200000,0.000000,6,7,7,8,9,10,13,14,18,18,18,74144,0,6,8.878742368758806,3.0284199965535663,2104.1982940005255,6833.064819810099
1789885424,50,GET,GET /api/v1/reservas,19.700000,0.000000,7,7,8,8,9,10,13,15,18,18,18,55592,0,7,8.484492441749422,4.633864002244081,1957.275683998887,8965.0
1789885424,50,GET,GET /api/v1/reservas/{id},5.100000,0.000000,5,5,5,6,8,11,13,13,13,13,13,18380,0,5,6.206112538980936,3.0284199965535663,1521.0046399952262,442.0
1789885424,50,POST,POST /api/v1/auth/login,0.000000,0.000000,0,0,0,0,0,0,0,0,0,0,0,50,0,1300.0,1369.1218887201103,628.633758999058,2104.1982940005255,1622.0
1789885424,50,POST,POST /api/v1/auth/refresh,0.000000,0.000000,0,0,0,0,0,0,0,0,0,0,0,150,0,25,28.633832166863915,18.447431997628883,82.49066000280436,1622.0
1789885424,50,,Aggregated,24.800000,0.000000,6,7,7,8,9,10,13,14,18,18,18,74172,0,6,8.877870645920876,3.0284199965535663,2104.1982940005255,6833.180175807583
1789885425,50,GET,GET /api/v1/reservas,20.000000,0.000000,7,7,8,8,9,12,14,15,18,18,18,55607,0,7,8.484615978522807,4.633864002244081,1957.275683998887,8965.0
1789885425,50,GET,GET /api/v1/reservas/{id},4.700000,0.000000,5,5,6,6,9,13,13,15,15,15,15,18389,0,5,6.206419515714645,3.0284199965535663,1521.0046399952262,442.0
1789885425,50,POST,POST /api/v1/auth/login,0.000000,0.000000,0,0,0,0,0,0,0,0,0,0,0,50,0,1300.0,1369.1218887201103,628.633758999058,2104.1982940005255,1622.0
1789885425,50,POST,POST /api/v1/auth/refresh,0.000000,0.000000,0,0,0,0,0,0,0,0,0,0,0,150,0,25,28.633832166863915,18.447431997628883,82.49066000280436,1622.0
1789885425,50,,Aggregated,24.700000,0.000000,6,7,8,8,9,12,14,15,18,18,18,74196,0,6,8.87763570075522,3.0284199965535663,2104.1982940005255,6832.835907596097
1789885426,50,GET,GET /api/v1/reservas,19.600000,0.000000,7,7,8,8,9,12,13,14,15,15,15,55621,0,7,8.484083852604659,4.633864002244081,1957.275683998887,8965.0
1789885426,50,GET,GET /api/v1/reservas/{id},5.000000,0.000000,5,5,5,6,8,11,13,15,15,15,15,18398,0,5,6.2055278020143705,3.0284199965535663,1521.0046399952262,442.0
1789885426,50,POST,POST /api/v1/auth/login,0.000000,0.000000,0,0,0,0,0,0,0,0,0,0,0,50,0,1300.0,1369.1218887201103,628.633758999058,2104.1982940005255,1622.0
1789885426,50,POST,POST /api/v1/auth/refresh,0.000000,0.000000,0,0,0,0,0,0,0,0,0,0,0,150,0,25,28.633832166863915,18.447431997628883,82.49066000280436,1622.0
1789885426,50,,Aggregated,24.600000,0.000000,6,7,8,8,9,11,13,14,15,15,15,74219,0,6,8.876617816572901,3.0284199965535663,2104.1982940005255,6832.463129387354
1789885427,50,GET,GET /api/v1/reservas,19.800000,0.000000,7,7,8,8,9,11,13,14,15,15,15,55639,0,7,8.483752993075129,4.633864002244081,1957.275683998887,8965.0
1789885427,50,GET,GET /api/v1/reservas/{id},5.400000,0.000000,5,5,5,6,8,11,13,15,15,15,15,18402,0,5,6.205283543226531,3.0284199965535663,1521.0046399952262,442.0
1789885427,50,POST,POST /api/v1/auth/login,0.000000,0.000000,0,0,0,0,0,0,0,0,0,0,0,50,0,1300.0,1369.1218887201103,628.633758999058,2104.1982940005255,1622.0
1789885427,50,POST,POST /api/v1/auth/refresh,0.000000,0.000000,0,0,0,0,0,0,0,0,0,0,0,150,0,25,28.633832166863915,18.447431997628883,82.49066000280436,1622.0
1789885427,50,,Aggregated,25.200000,0.000000,6,7,8,8,9,11,13,14,15,15,15,74241,0,6,8.876070228111177,3.0284199965535663,2104.1982940005255,6832.635861585916
1789885428,50,GET,GET /api/v1/reservas,18.900000,0.000000,7,7,8,8,9,11,13,14,15,15,15,55662,0,7,8.483125553118951,4.633864002244081,1957.275683998887,8965.0
1789885428,50,GET,GET /api/v1/reservas/{id},5.800000,0.000000,5,5,5,6,8,9,13,15,15,15,15,18410,0,5,6.204742261295921,3.0284199965535663,1521.0046399952262,442.0
1789885428,50,POST,POST /api/v1/auth/login,0.000000,0.000000,0,0,0,0,0,0,0,0,0,0,0,50,0,1300.0,1369.1218887201103,628.633758999058,2104.1982940005255,1622.0
1789885428,50,POST,POST /api/v1/auth/refresh,0.000000,0.000000,0,0,0,0,0,0,0,0,0,0,0,150,0,25,28.633832166863915,18.447431997628883,82.49066000280436,1622.0
1789885428,50,,Aggregated,24.700000,0.000000,6,7,7,8,9,11,13,14,15,15,15,74272,0,6,8.875056667777965,3.0284199965535663,2104.1982940005255,6832.607846833262
1789885429,50,GET,GET /api/v1/reservas,19.300000,0.000000,6,7,8,8,9,11,13,14,15,15,15,55687,0,7,8.482060340163667,4.633864002244081,1957.275683998887,8965.0
1789885429,50,GET,GET /api/v1/reservas/{id},5.700000,0.000000,4,5,5,5,6,9,13,15,15,15,15,18419,0,5,6.203688156927637,3.0284199965535663,1521.0046399952262,442.0
1789885429,50,POST,POST /api/v1/auth/login,0.000000,0.000000,0,0,0,0,0,0,0,0,0,0,0,50,0,1300.0,1369.1218887201103,628.633758999058,2104.1982940005255,1622.0
1789885429,50,POST,POST /api/v1/auth/refresh,0.000000,0.000000,0,0,0,0,0,0,0,0,0,0,0,150,0,25,28.633832166863915,18.447431997628883,82.49066000280436,1622.0
1789885429,50,,Aggregated,25.000000,0.000000,6,7,7,8,9,10,13,14,15,15,15,74306,0,6,8.873541781096872,3.0284199965535663,2104.1982940005255,6832.55124754394
1789885430,50,GET,GET /api/v1/reservas,18.900000,0.000000,7,7,7,8,9,10,12,13,14,14,14,55702,0,7,8.48188227693222,4.633864002244081,1957.275683998887,8965.0
1789885430,50,GET,GET /api/v1/reservas/{id},5.800000,0.000000,5,5,5,6,6,9,9,15,15,15,15,18425,0,5,6.203788999536247,3.0284199965535663,1521.0046399952262,442.0
1789885430,50,POST,POST /api/v1/auth/login,0.000000,0.000000,0,0,0,0,0,0,0,0,0,0,0,50,0,1300.0,1369.1218887201103,628.633758999058,2104.1982940005255,1622.0
1789885430,50,POST,POST /api/v1/auth/refresh,0.000000,0.000000,0,0,0,0,0,0,0,0,0,0,0,150,0,25,28.633832166863915,18.447431997628883,82.49066000280436,1622.0
1789885430,50,,Aggregated,24.700000,0.000000,6,7,7,8,9,10,12,13,15,15,15,74327,0,6,8.873138807797623,3.0284199965535663,2104.1982940005255,6832.465725779327
1789885431,50,GET,GET /api/v1/reservas,19.200000,0.000000,7,7,8,8,9,10,12,13,14,14,14,55719,0,7,8.48125025525768,4.633864002244081,1957.275683998887,8965.0
1789885431,50,GET,GET /api/v1/reservas/{id},5.900000,0.000000,5,5,5,6,6,9,9,15,15,15,15,18431,0,5,6.20347795113988,3.0284199965535663,1521.0046399952262,442.0
1789885431,50,POST,POST /api/v1/auth/login,0.000000,0.000000,0,0,0,0,0,0,0,0,0,0,0,50,0,1300.0,1369.1218887201103,628.633758999058,2104.1982940005255,1622.0
1789885431,50,POST,POST /api/v1/auth/refresh,0.000000,0.000000,0,0,0,0,0,0,0,0,0,0,0,150,0,25,28.633832166863915,18.447431997628883,82.49066000280436,1622.0
1789885431,50,,Aggregated,25.100000,0.000000,6,7,7,8,8,10,12,13,15,15,15,74350,0,6,8.872283178899824,3.0284199965535663,2104.1982940005255,6832.4376193678545
1789885432,50,GET,GET /api/v1/reservas,19.500000,0.000000,7,7,8,8,9,10,12,13,14,14,14,55740,0,7,8.480504476187457,4.633864002244081,1957.275683998887,8965.0
1789885432,50,GET,GET /api/v1/reservas/{id},6.400000,0.000000,5,5,5,5,6,9,9,15,15,15,15,18439,0,5,6.202581086472235,3.0284199965535663,1521.0046399952262,442.0
1789885432,50,POST,POST /api/v1/auth/login,0.000000,0.000000,0,0,0,0,0,0,0,0,0,0,0,50,0,1300.0,1369.1218887201103,628.633758999058,2104.1982940005255,1622.0
1789885432,50,POST,POST /api/v1/auth/refresh,0.000000,0.000000,0,0,0,0,0,0,0,0,0,0,0,150,0,25,28.633832166863915,18.447431997628883,82.49066000280436,1622.0
1789885432,50,,Aggregated,25.900000,0.000000,6,7,7,8,8,10,12,13,15,15,15,74379,0,6,8.871104497468245,3.0284199965535663,2104.1982940005255,6832.352384409578
1789885433,50,GET,GET /api/v1/reservas,19.400000,0.000000,7,7,7,8,9,10,12,13,14,14,14,55757,0,7,8.479874034788283,4.633864002244081,1957.275683998887,8965.0
1789885433,50,GET,GET /api/v1/reservas/{id},6.200000,0.000000,5,5,5,6,6,9,9,15,15,15,15,18443,0,5,6.202287174670804,3.0284199965535663,1521.0046399952262,442.0
1789885433,50,POST,POST /api/v1/auth/login,0.000000,0.000000,0,0,0,0,0,0,0,0,0,0,0,50,0,1300.0,1369.1218887201103,628.633758999058,2104.1982940005255,1622.0
1789885433,50,POST,POST /api/v1/auth/refresh,0.000000,0.000000,0,0,0,0,0,0,0,0,0,0,0,150,0,25,28.633832166863915,18.447431997628883,82.49066000280436,1622.0
1789885433,50,,Aggregated,25.600000,0.000000,6,7,7,7,8,10,12,13,15,15,15,74400,0,6,8.870326454048177,3.0284199965535663,2104.1982940005255,6832.496115591398
1789885434,50,GET,GET /api/v1/reservas,18.800000,0.000000,7,7,7,8,9,10,12,13,14,14,14,55772,0,7,8.479323339788404,4.633864002244081,1957.275683998887,8965.0
1789885434,50,GET,GET /api/v1/reservas/{id},6.600000,0.000000,5,5,5,5,6,8,9,15,15,15,15,18451,0,5,6.201579548449435,3.0284199965535663,1521.0046399952262,442.0
1789885434,50,POST,POST /api/v1/auth/login,0.000000,0.000000,0,0,0,0,0,0,0,0,0,0,0,50,0,1300.0,1369.1218887201103,628.633758999058,2104.1982940005255,1622.0
1789885434,50,POST,POST /api/v1/auth/refresh,0.000000,0.000000,0,0,0,0,0,0,0,0,0,0,0,150,0,25,28.633832166863915,18.447431997628883,82.49066000280436,1622.0
1789885434,50,,Aggregated,25.400000,0.000000,6,7,7,7,8,10,12,13,15,15,15,74423,0,6,8.869372839258826,3.0284199965535663,2104.1982940005255,6832.238985259933
1789885435,50,GET,GET /api/v1/reservas,19.100000,0.000000,7,7,7,8,8,10,12,13,14,14,14,55799,0,7,8.478921182972671,4.633864002244081,1957.275683998887,8965.0
1789885435,50,GET,GET /api/v1/reservas/{id},7.100000,0.000000,5,5,5,5,6,7,9,11,11,11,11,18457,0,5,6.2015896769490215,3.0284199965535663,1521.0046399952262,442.0
1789885435,50,POST,POST /api/v1/auth/login,0.000000,0.000000,0,0,0,0,0,0,0,0,0,0,0,50,0,1300.0,1369.1218887201103,628.633758999058,2104.1982940005255,1622.0
1789885435,50,POST,POST /api/v1/auth/refresh,0.000000,0.000000,0,0,0,0,0,0,0,0,0,0,0,150,0,25,28.633832166863915,18.447431997628883,82.49066000280436,1622.0
1789885435,50,,Aggregated,26.200000,0.000000,6,7,7,7,8,9,11,12,14,14,14,74456,0,6,8.868717538105466,3.0284199965535663,2104.1982940005255,6832.49743472655
1789885436,50,GET,GET /api/v1/reservas,18.600000,0.000000,7,7,7,8,9,11,13,14,15,15,15,55815,0,7,8.47882318895796,4.633864002244081,1957.275683998887,8965.0
1789885436,50,GET,GET /api/v1/reservas/{id},7.200000,0.000000,5,5,5,6,6,7,9,11,11,11,11,18460,0,5,6.201440129059912,3.0284199965535663,1521.0046399952262,442.0
1789885436,50,POST,POST /api/v1/auth/login,0.000000,0.000000,0,0,0,0,0,0,0,0,0,0,0,50,0,1300.0,1369.1218887201103,628.633758999058,2104.1982940005255,1622.0
1789885436,50,POST,POST /api/v1/auth/refresh,0.000000,0.000000,0,0,0,0,0,0,0,0,0,0,0,150,0,25,28.633832166863915,18.447431997628883,82.49066000280436,1622.0
1789885436,50,,Aggregated,25.800000,0.000000,6,7,7,7,8,10,13,14,15,15,15,74475,0,6,8.868415848743537,3.0284199965535663,2104.1982940005255,6832.698153742866
1789885437,50,GET,GET /api/v1/reservas,18.200000,0.000000,7,7,7,8,9,12,13,14,15,15,15,55836,0,7,8.478272742740831,4.633864002244081,1957.275683998887,8965.0
1789885437,50,GET,GET /api/v1/reservas/{id},7.100000,0.000000,5,5,6,6,7,8,9,11,11,11,11,18466,0,5,6.20134724577285,3.0284199965535663,1521.0046399952262,442.0
1789885437,50,POST,POST /api/v1/auth/login,0.000000,0.000000,0,0,0,0,0,0,0,0,0,0,0,50,0,1300.0,1369.1218887201103,628.633758999058,2104.1982940005255,1622.0
1789885437,50,POST,POST /api/v1/auth/refresh,0.000000,0.000000,0,0,0,0,0,0,0,0,0,0,0,150,0,25,28.633832166863915,18.447431997628883,82.49066000280436,1622.0
1789885437,50,,Aggregated,25.300000,0.000000,6,7,7,7,8,11,13,14,15,15,15,74502,0,6,8.86765569199698,3.0284199965535663,2104.1982940005255,6832.784515851923
1789885438,50,GET,GET /api/v1/reservas,19.400000,0.000000,7,7,7,8,9,11,13,14,15,15,15,55855,0,7,8.4778757156509,4.633864002244081,1957.275683998887,8965.0
1789885438,50,GET,GET /api/v1/reservas/{id},6.700000,0.000000,5,5,6,6,7,8,9,11,11,11,11,18470,0,5,6.201011201322866,3.0284199965535663,1521.0046399952262,442.0
1789885438,50,POST,POST /api/v1/auth/login,0.000000,0.000000,0,0,0,0,0,0,0,0,0,0,0,50,0,1300.0,1369.1218887201103,628.633758999058,2104.1982940005255,1622.0
1789885438,50,POST,POST /api/v1/auth/refresh,0.000000,0.000000,0,0,0,0,0,0,0,0,0,0,0,150,0,25,28.633832166863915,18.447431997628883,82.49066000280436,1622.0
1789885438,50,,Aggregated,26.100000,0.000000,6,7,7,8,8,10,13,14,15,15,15,74525,0,6,8.867032462222808,3.0284199965535663,2104.1982940005255,6832.985105669239
1789885439,50,GET,GET /api/v1/reservas,19.200000,0.000000,7,7,8,8,9,11,13,14,15,15,15,55869,0,7,8.477417404905815,4.633864002244081,1957.275683998887,8965.0
1789885439,50,GET,GET /api/v1/reservas/{id},6.300000,0.000000,5,5,6,6,7,8,9,11,11,11,11,18475,0,5,6.200506841592618,3.0284199965535663,1521.0046399952262,442.0
1789885439,50,POST,POST /api/v1/auth/login,0.000000,0.000000,0,0,0,0,0,0,0,0,0,0,0,50,0,1300.0,1369.1218887201103,628.633758999058,2104.1982940005255,1622.0
1789885439,50,POST,POST /api/v1/auth/refresh,0.000000,0.000000,0,0,0,0,0,0,0,0,0,0,0,150,0,25,28.633832166863915,18.447431997628883,82.49066000280436,1622.0
1789885439,50,,Aggregated,25.500000,0.000000,6,7,7,8,9,11,13,14,15,15,15,74544,0,6,8.866312059376305,3.0284199965535663,2104.1982940005255,6832.956844279888
1789885440,50,GET,GET /api/v1/reservas,19.700000,0.000000,7,7,8,8,9,11,14,15,19,19,19,55888,0,7,8.477353043527689,4.633864002244081,1957.275683998887,8965.0
1789885440,50,GET,GET /api/v1/reservas/{id},6.400000,0.000000,5,5,6,6,7,8,11,11,11,11,11,18484,0,5,6.20049515323642,3.0284199965535663,1521.0046399952262,442.0
1789885440,50,POST,POST /api/v1/auth/login,0.000000,0.000000,0,0,0,0,0,0,0,0,0,0,0,50,0,1300.0,1369.1218887201103,628.633758999058,2104.1982940005255,1622.0
1789885440,50,POST,POST /api/v1/auth/refresh,0.000000,0.000000,0,0,0,0,0,0,0,0,0,0,0,150,0,25,28.633832166863915,18.447431997628883,82.49066000280436,1622.0
1789885440,50,,Aggregated,26.100000,0.000000,6,7,7,8,9,11,13,14,19,19,19,74572,0,6,8.86584010848761,3.0284199965535663,2104.1982940005255,6832.728745373599
1789885441,50,GET,GET /api/v1/reservas,19.000000,0.000000,7,7,8,8,9,12,14,15,19,19,19,55904,0,7,8.477129891522543,4.633864002244081,1957.275683998887,8965.0
1789885441,50,GET,GET /api/v1/reservas/{id},6.000000,0.000000,5,5,6,6,7,11,11,18,18,18,18,18491,0,5,6.200944542449083,3.0284199965535663,1521.0046399952262,442.0
1789885441,50,POST,POST /api/v1/auth/login,0.000000,0.000000,0,0,0,0,0,0,0,0,0,0,0,50,0,1300.0,1369.1218887201103,628.633758999058,2104.1982940005255,1622.0
1789885441,50,POST,POST /api/v1/auth/refresh,0.000000,0.000000,0,0,0,0,0,0,0,0,0,0,0,150,0,25,28.633832166863915,18.447431997628883,82.49066000280436,1622.0
1789885441,50,,Aggregated,25.000000,0.000000,6,7,7,8,9,11,14,15,19,19,19,74595,0,6,8.865450824467361,3.0284199965535663,2104.1982940005255,6832.586393189892
1789885442,50,GET,GET /api/v1/reservas,18.200000,0.000000,7,7,8,8,9,12,14,15,19,19,19,55925,0,7,8.476218500021297,4.633864002244081,1957.275683998887,8965.0
1789885442,50,GET,GET /api/v1/reservas/{id},5.600000,0.000000,5,5,6,6,7,11,11,18,18,18,18,18495,0,5,6.200505851983274,3.0284199965535663,1521.0046399952262,442.0
1789885442,50,POST,POST /api/v1/auth/login,0.000000,0.000000,0,0,0,0,0,0,0,0,0,0,0,50,0,1300.0,1369.1218887201103,628.633758999058,2104.1982940005255,1622.0
1789885442,50,POST,POST /api/v1/auth/refresh,0.000000,0.000000,0,0,0,0,0,0,0,0,0,0,0,150,0,25,28.633832166863915,18.447431997628883,82.49066000280436,1622.0
1789885442,50,,Aggregated,23.800000,0.000000,6,7,7,8,9,11,14,15,19,19,19,74620,0,6,8.86440692317291,3.0284199965535663,2104.1982940005255,6832.843942642723
1789885443,50,GET,GET /api/v1/reservas,18.400000,0.000000,7,7,8,8,9,12,14,15,19,19,19,55944,0,7,8.475456709865345,4.633864002244081,1957.275683998887,8965.0
1789885443,50,GET,GET /api/v1/reservas/{id},6.100000,0.000000,5,6,6,6,7,11,11,18,18,18,18,18499,0,5,6.200332117164838,3.0284199965535663,1521.0046399952262,442.0
1789885443,50,POST,POST /api/v1/auth/login,0.000000,0.000000,0,0,0,0,0,0,0,0,0,0,0,50,0,1300.0,1369.1218887201103,628.633758999058,2104.1982940005255,1622.0
1789885443,50,POST,POST /api/v1/auth/refresh,0.000000,0.000000,0,0,0,0,0,0,0,0,0,0,0,150,0,25,28.633832166863915,18.447431997628883,82.49066000280436,1622.0
1789885443,50,,Aggregated,24.500000,0.000000,6,7,7,8,9,11,14,15,19,19,19,74643,0,6,8.863551348059165,3.0284199965535663,2104.1982940005255,6833.044197044599
1789885444,50,GET,GET /api/v1/reservas,18.200000,0.000000,7,7,8,8,9,12,14,15,19,19,19,55962,0,7,8.474699083176388,4.633864002244081,1957.275683998887,8965.0
1789885444,50,GET,GET /api/v1/reservas/{id},6.000000,0.000000,5,6,6,6,7,11,11,18,18,18,18,18506,0,5,6.199716932531942,3.0284199965535663,1521.0046399952262,442.0
1789885444,50,POST,POST /api/v1/auth/login,0.000000,0.000000,0,0,0,0,0,0,0,0,0,0,0,50,0,1300.0,1369.1218887201103,628.633758999058,2104.1982940005255,1622.0
1789885444,50,POST,POST /api/v1/auth/refresh,0.000000,0.000000,0,0,0,0,0,0,0,0,0,0,0,150,0,25,28.633832166863915,18.447431997628883,82.49066000280436,1622.0
1789885444,50,,Aggregated,24.200000,0.000000,6,7,7,8,9,11,14,15,19,19,19,74668,0,6,8.862487824867333,3.0284199965535663,2104.1982940005255,6832.958991803718
1789885445,50,GET,GET /api/v1/reservas,18.200000,0.000000,7,7,7,8,8,10,12,13,19,19,19,55984,0,7,8.473900439531432,4.633864002244081,1957.275683998887,8965.0
1789885445,50,GET,GET /api/v1/reservas/{id},5.700000,0.000000,5,5,6,6,7,8,11,18,18,18,18,18511,0,5,6.19928835948593,3.0284199965535663,1521.0046399952262,442.0
1789885445,50,POST,POST /api/v1/auth/login,0.000000,0.000000,0,0,0,0,0,0,0,0,0,0,0,50,0,1300.0,1369.1218887201103,628.633758999058,2104.1982940005255,1622.0
1789885445,50,POST,POST /api/v1/auth/refresh,0.000000,0.000000,0,0,0,0,0,0,0,0,0,0,0,150,0,25,28.633832166863915,18.447431997628883,82.49066000280436,1622.0
1789885445,50,,Aggregated,23.900000,0.000000,6,7,7,7,8,10,12,13,19,19,19,74695,0,6,8.86149057219644,3.0284199965535663,2104.1982940005255,6833.159140504719
1789885446,50,GET,GET /api/v1/reservas,18.900000,0.000000,7,7,7,8,8,9,11,12,19,19,19,56000,0,7,8.47348253799503,4.633864002244081,1957.275683998887,8965.0
1789885446,50,GET,GET /api/v1/reservas/{id},5.300000,0.000000,5,5,6,6,7,8,11,18,18,18,18,18517,0,5,6.198969212045711,3.0284199965535663,1521.0046399952262,442.0
1789885446,50,POST,POST /api/v1/auth/login,0.000000,0.000000,0,0,0,0,0,0,0,0,0,0,0,50,0,1300.0,1369.1218887201103,628.633758999058,2104.1982940005255,1622.0
1789885446,50,POST,POST /api/v1/auth/refresh,0.000000,0.000000,0,0,0,0,0,0,0,0,0,0,0,150,0,25,28.633832166863915,18.447431997628883,82.49066000280436,1622.0
1789885446,50,,Aggregated,24.200000,0.000000,6,7,7,7,8,9,11,12,19,19,19,74717,0,6,8.860801481432786,3.0284199965535663,2104.1982940005255,6833.102426489286
1789885447,50,GET,GET /api/v1/reservas,19.000000,0.000000,7,7,7,8,8,9,11,12,19,19,19,56021,0,7,8.472855789342542,4.633864002244081,1957.275683998887,8965.0
1789885447,50,GET,GET /api/v1/reservas/{id},5.400000,0.000000,5,5,6,6,6,8,11,18,18,18,18,18523,0,5,6.1986815188395195,3.0284199965535663,1521.0046399952262,442.0
1789885447,50,POST,POST /api/v1/auth/login,0.000000,0.000000,0,0,0,0,0,0,0,0,0,0,0,50,0,1300.0,1369.1218887201103,628.633758999058,2104.1982940005255,1622.0
1789885447,50,POST,POST /api/v1/auth/refresh,0.000000,0.000000,0,0,0,0,0,0,0,0,0,0,0,150,0,25,28.633832166863915,18.447431997628883,82.49066000280436,1622.0
1789885447,50,,Aggregated,24.400000,0.000000,6,7,7,7,8,9,11,12,19,19,19,74744,0,6,8.859937937617255,3.0284199965535663,2104.1982940005255,6833.188362945521
1789885448,50,GET,GET /api/v1/reservas,18.300000,0.000000,7,7,7,7,8,10,11,12,19,19,19,56033,0,7,8.472652451069575,4.633864002244081,1957.275683998887,8965.0
1789885448,50,GET,GET /api/v1/reservas/{id},5.500000,0.000000,5,5,6,6,6,8,11,18,18,18,18,18529,0,5,6.1982888648320715,3.0284199965535663,1521.0046399952262,442.0
1789885448,50,POST,POST /api/v1/auth/login,0.000000,0.000000,0,0,0,0,0,0,0,0,0,0,0,50,0,1300.0,1369.1218887201103,628.633758999058,2104.1982940005255,1622.0
1789885448,50,POST,POST /api/v1/auth/refresh,0.000000,0.000000,0,0,0,0,0,0,0,0,0,0,0,150,0,25,28.633832166863915,18.447431997628883,82.49066000280436,1622.0
1789885448,50,,Aggregated,23.800000,0.000000,6,7,7,7,8,9,11,12,19,19,19,74762,0,6,8.859412514757443,3.0284199965535663,2104.1982940005255,6833.017615901126
1789885449,50,GET,GET /api/v1/reservas,18.300000,0.000000,7,7,7,8,9,10,12,17,19,19,19,56054,0,7,8.472224138130937,4.633864002244081,1957.275683998887,8965.0
1789885449,50,GET,GET /api/v1/reservas/{id},5.600000,0.000000,5,6,6,6,7,7,11,18,18,18,18,18538,0,5,6.1978231290040355,3.0284199965535663,1521.0046399952262,442.0
1789885449,50,POST,POST /api/v1/auth/login,0.000000,0.000000,0,0,0,0,0,0,0,0,0,0,0,50,0,1300.0,1369.1218887201103,628.633758999058,2104.1982940005255,1622.0
1789885449,50,POST,POST /api/v1/auth/refresh,0.000000,0.000000,0,0,0,0,0,0,0,0,0,0,0,150,0,25,28.633832166863915,18.447431997628883,82.49066000280436,1622.0
1789885449,50,,Aggregated,23.900000,0.000000,6,7,7,7,8,9,12,17,19,19,19,74792,0,6,8.858547254590185,3.0284199965535663,2104.1982940005255,6832.847176168574
1789885450,50,GET,GET /api/v1/reservas,18.300000,0.000000,6,7,7,7,8,9,10,11,17,17,17,56073,0,7,8.471477883612351,4.633864002244081,1957.275683998887,8965.0
1789885450,50,GET,GET /api/v1/reservas/{id},5.800000,0.000000,5,5,6,6,6,7,8,18,18,18,18,18545,0,5,6.197192999216749,3.0284199965535663,1521.0046399952262,442.0
1789885450,50,POST,POST /api/v1/auth/login,0.000000,0.000000,0,0,0,0,0,0,0,0,0,0,0,50,0,1300.0,1369.1218887201103,628.633758999058,2104.1982940005255,1622.0
1789885450,50,POST,POST /api/v1/auth/refresh,0.000000,0.000000,0,0,0,0,0,0,0,0,0,0,0,150,0,25,28.633832166863915,18.447431997628883,82.49066000280436,1622.0
1789885450,50,,Aggregated,24.100000,0.000000,6,7,7,7,8,9,10,11,18,18,18,74818,0,6,8.85748473361104,3.0284199965535663,2104.1982940005255,6832.7907054452135
1789885451,50,GET,GET /api/v1/reservas,18.200000,0.000000,7,7,7,7,8,9,13,20,30,30,30,56088,0,7,8.471957868559961,4.633864002244081,1957.275683998887,8965.0
1789885451,50,GET,GET /api/v1/reservas/{id},5.900000,0.000000,5,5,6,6,6,7,7,8,8,8,8,18556,0,5,6.1967519163338265,3.0284199965535663,1521.0046399952262,442.0
1789885451,50,POST,POST /api/v1/auth/login,0.000000,0.000000,0,0,0,0,0,0,0,0,0,0,0,50,0,1300.0,1369.1218887201103,628.633758999058,2104.1982940005255,1622.0
1789885451,50,POST,POST /api/v1/auth/refresh,0.000000,0.000000,0,0,0,0,0,0,0,0,0,0,0,150,0,25,28.633832166863915,18.447431997628883,82.49066000280436,1622.0
1789885451,50,,Aggregated,24.100000,0.000000,6,7,7,7,8,9,11,17,30,30,30,74844,0,6,8.857266724818585,3.0284199965535663,2104.1982940005255,6832.278766500989
1789885452,50,GET,GET /api/v1/reservas,18.400000,0.000000,7,7,7,7,8,9,13,20,30,30,30,56102,0,7,8.471397051937604,4.633864002244081,1957.275683998887,8965.0
1789885452,50,GET,GET /api/v1/reservas/{id},6.300000,0.000000,5,5,6,6,6,7,7,8,8,8,8,18561,0,5,6.1962973828726,3.0284199965535663,1521.0046399952262,442.0
1789885452,50,POST,POST /api/v1/auth/login,0.000000,0.000000,0,0,0,0,0,0,0,0,0,0,0,50,0,1300.0,1369.1218887201103,628.633758999058,2104.1982940005255,1622.0
1789885452,50,POST,POST /api/v1/auth/refresh,0.000000,0.000000,0,0,0,0,0,0,0,0,0,0,0,150,0,25,28.633832166863915,18.447431997628883,82.49066000280436,1622.0
1789885452,50,,Aggregated,24.700000,0.000000,6,7,7,7,8,9,11,17,30,30,30,74863,0,6,8.856484009354986,3.0284199965535663,2104.1982940005255,6832.250804803441
1789885453,50,GET,GET /api/v1/reservas,18.300000,0.000000,7,7,7,7,8,10,13,20,30,30,30,56125,0,7,8.470510059595316,4.633864002244081,1957.275683998887,8965.0
1789885453,50,GET,GET /api/v1/reservas/{id},5.900000,0.000000,5,5,5,6,6,7,7,8,8,8,8,18566,0,5,6.195745296105568,3.0284199965535663,1521.0046399952262,442.0
1789885453,50,POST,POST /api/v1/auth/login,0.000000,0.000000,0,0,0,0,0,0,0,0,0,0,0,50,0,1300.0,1369.1218887201103,628.633758999058,2104.1982940005255,1622.0
1789885453,50,POST,POST /api/v1/auth/refresh,0.000000,0.000000,0,0,0,0,0,0,0,0,0,0,0,150,0,25,28.633832166863915,18.447431997628883,82.49066000280436,1622.0
1789885453,50,,Aggregated,24.200000,0.000000,6,7,7,7,8,9,11,17,30,30,30,74891,0,6,8.855386542085474,3.0284199965535663,2104.1982940005255,6832.4791630503
1789885454,50,GET,GET /api/v1/reservas,18.400000,0.000000,7,7,7,7,8,10,13,20,30,30,30,56142,0,7,8.46979358969721,4.633864002244081,1957.275683998887,8965.0
1789885454,50,GET,GET /api/v1/reservas/{id},6.600000,0.000000,5,5,6,6,6,7,7,8,8,8,8,18570,0,5,6.195389624636166,3.0284199965535663,1521.0046399952262,442.0
1789885454,50,POST,POST /api/v1/auth/login,0.000000,0.000000,0,0,0,0,0,0,0,0,0,0,0,50,0,1300.0,1369.1218887201103,628.633758999058,2104.1982940005255,1622.0
1789885454,50,POST,POST /api/v1/auth/refresh,0.000000,0.000000,0,0,0,0,0,0,0,0,0,0,0,150,0,25,28.633832166863915,18.447431997628883,82.49066000280436,1622.0
1789885454,50,,Aggregated,25.000000,0.000000,6,7,7,7,8,9,11,17,30,30,30,74912,0,6,8.854532068337711,3.0284199965535663,2104.1982940005255,6832.6218763349
1789885455,50,GET,GET /api/v1/reservas,18.100000,0.000000,7,7,7,7,8,10,13,20,30,30,30,56163,0,7,8.468960296401132,4.633864002244081,1957.275683998887,8965.0
1789885455,50,GET,GET /api/v1/reservas/{id},6.500000,0.000000,5,5,5,6,6,7,7,8,8,8,8,18573,0,5,6.195054438943396,3.0284199965535663,1521.0046399952262,442.0
1789885455,50,POST,POST /api/v1/auth/login,0.000000,0.000000,0,0,0,0,0,0,0,0,0,0,0,50,0,1300.0,1369.1218887201103,628.633758999058,2104.1982940005255,1622.0
1789885455,50,POST,POST /api/v1/auth/refresh,0.000000,0.000000,0,0,0,0,0,0,0,0,0,0,0,150,0,25,28.633832166863915,18.447431997628883,82.49066000280436,1622.0
1789885455,50,,Aggregated,24.600000,0.000000,6,7,7,7,8,9,11,17,30,30,30,74936,0,6,8.853610180451494,3.0284199965535663,2104.1982940005255,6832.963608946301
1789885456,50,GET,GET /api/v1/reservas,17.800000,0.000000,7,7,7,7,8,10,14,20,30,30,30,56183,0,7,8.468516630596111,4.633864002244081,1957.275683998887,8965.0
1789885456,50,GET,GET /api/v1/reservas/{id},6.700000,0.000000,5,5,6,6,7,7,7,8,8,8,8,18580,0,5,6.194781456162401,3.0284199965535663,1521.0046399952262,442.0
1789885456,50,POST,POST /api/v1/auth/login,0.000000,0.000000,0,0,0,0,0,0,0,0,0,0,0,50,0,1300.0,1369.1218887201103,628.633758999058,2104.1982940005255,1622.0
1789885456,50,POST,POST /api/v1/auth/refresh,0.000000,0.000000,0,0,0,0,0,0,0,0,0,0,0,150,0,25,28.633832166863915,18.447431997628883,82.49066000280436,1622.0
1789885456,50,,Aggregated,24.500000,0.000000,6,7,7,7,8,9,13,17,30,30,30,74963,0,6,8.8528591248125,3.0284199965535663,2104.1982940005255,6832.935648253138
1789885457,50,GET,GET /api/v1/reservas,17.800000,0.000000,6,7,7,7,8,10,14,20,30,30,30,56198,0,7,8.467980615143102,4.633864002244081,1957.275683998887,8965.0
1789885457,50,GET,GET /api/v1/reservas/{id},6.400000,0.000000,5,5,5,6,6,7,7,7,7,7,7,18586,0,5,6.194324079871741,3.0284199965535663,1521.0046399952262,442.0
1789885457,50,POST,POST /api/v1/auth/login,0.000000,0.000000,0,0,0,0,0,0,0,0,0,0,0,50,0,1300.0,1369.1218887201103,628.633758999058,2104.1982940005255,1622.0
1789885457,50,POST,POST /api/v1/auth/refresh,0.000000,0.000000,0,0,0,0,0,0,0,0,0,0,0,150,0,25,28.633832166863915,18.447431997628883,82.49066000280436,1622.0
1789885457,50,,Aggregated,24.200000,0.000000,6,7,7,7,8,9,13,17,30,30,30,74984,0,6,8.852054454541623,3.0284199965535663,2104.1982940005255,6832.850768163875
1789885458,50,GET,GET /api/v1/reservas,17.800000,0.000000,6,7,7,7,8,10,14,20,30,30,30,56217,0,7,8.467408199402273,4.633864002244081,1957.275683998887,8965.0
1789885458,50,GET,GET /api/v1/reservas/{id},6.200000,0.000000,5,5,5,6,6,7,7,7,7,7,7,18593,0,5,6.193689536734525,3.0284199965535663,1521.0046399952262,442.0
1789885458,50,POST,POST /api/v1/auth/login,0.000000,0.000000,0,0,0,0,0,0,0,0,0,0,0,50,0,1300.0,1369.1218887201103,628.633758999058,2104.1982940005255,1622.0
1789885458,50,POST,POST /api/v1/auth/refresh,0.000000,0.000000,0,0,0,0,0,0,0,0,0,0,0,150,0,25,28.633832166863915,18.447431997628883,82.49066000280436,1622.0
1789885458,50,,Aggregated,24.000000,0.000000,6,7,7,7,8,9,13,17,30,30,30,75010,0,6,8.85112285779687,3.0284199965535663,2104.1982940005255,6832.794440741234
1789885459,50,GET,GET /api/v1/reservas,18.600000,0.000000,6,7,7,7,8,10,13,20,30,30,30,56231,0,7,8.46722089604987,4.633864002244081,1957.275683998887,8965.0
1789885459,50,GET,GET /api/v1/reservas/{id},6.300000,0.000000,5,5,5,6,6,7,7,7,7,7,7,18598,0,5,6.193356812856442,3.0284199965535663,1521.0046399952262,442.0
1789885459,50,POST,POST /api/v1/auth/login,0.000000,0.000000,0,0,0,0,0,0,0,0,0,0,0,50,0,1300.0,1369.1218887201103,628.633758999058,2104.1982940005255,1622.0
1789885459,50,POST,POST /api/v1/auth/refresh,0.000000,0.000000,0,0,0,0,0,0,0,0,0,0,0,150,0,25,28.633832166863915,18.447431997628883,82.49066000280436,1622.0
1789885459,50,,Aggregated,24.900000,0.000000,6,7,7,7,8,9,11,14,30,30,30,75029,0,6,8.850651314456076,3.0284199965535663,2104.1982940005255,6832.766410321343
1789885460,50,GET,GET /api/v1/reservas,17.700000,0.000000,6,7,7,7,8,10,13,20,30,30,30,56254,0,7,8.466365399789836,4.633864002244081,1957.275683998887,8965.0
1789885460,50,GET,GET /api/v1/reservas/{id},6.300000,0.000000,5,5,5,5,6,7,7,7,7,7,7,18601,0,5,6.193110081743365,3.0284199965535663,1521.0046399952262,442.0
1789885460,50,POST,POST /api/v1/auth/login,0.000000,0.000000,0,0,0,0,0,0,0,0,0,0,0,50,0,1300.0,1369.1218887201103,628.633758999058,2104.1982940005255,1622.0
1789885460,50,POST,POST /api/v1/auth/refresh,0.000000,0.000000,0,0,0,0,0,0,0,0,0,0,0,150,0,25,28.633832166863915,18.447431997628883,82.49066000280436,1622.0
1789885460,50,,Aggregated,24.000000,0.000000,6,7,7,7,8,9,11,14,30,30,30,75055,0,6,8.849725256029933,3.0284199965535663,2104.1982940005255,6833.164372793285
1789885461,50,GET,GET /api/v1/reservas,17.900000,0.000000,6,7,7,8,9,10,15,18,23,23,23,56274,0,7,8.466939372388381,4.633864002244081,1957.275683998887,8965.0
1789885461,50,GET,GET /api/v1/reservas/{id},6.500000,0.000000,5,5,5,5,6,6,7,7,7,7,7,18605,0,5,6.192800119780379,3.0284199965535663,1521.0046399952262,442.0
1789885461,50,POST,POST /api/v1/auth/login,0.000000,0.000000,0,0,0,0,0,0,0,0,0,0,0,50,0,1300.0,1369.1218887201103,628.633758999058,2104.1982940005255,1622.0
1789885461,50,POST,POST /api/v1/auth/refresh,0.000000,0.000000,0,0,0,0,0,0,0,0,0,0,0,150,0,25,28.633832166863915,18.447431997628883,82.49066000280436,1622.0
1789885461,50,,Aggregated,24.400000,0.000000,6,7,7,7,8,10,14,15,23,23,23,75079,0,6,8.849834996887791,3.0284199965535663,2104.1982940005255,6833.391760678752
1789885462,50,GET,GET /api/v1/reservas,17.700000,0.000000,6,7,7,8,9,10,15,18,23,23,23,56293,0,7,8.46622898072205,4.633864002244081,1957.275683998887,8965.0
1789885462,50,GET,GET /api/v1/reservas/{id},6.100000,0.000000,5,5,5,5,6,6,7,7,7,7,7,18611,0,5,6.1921848418416685,3.0284199965535663,1521.0046399952262,442.0
1789885462,50,POST,POST /api/v1/auth/login,0.000000,0.000000,0,0,0,0,0,0,0,0,0,0,0,50,0,1300.0,1369.1218887201103,628.633758999058,2104.1982940005255,1622.0
1789885462,50,POST,POST /api/v1/auth/refresh,0.000000,0.000000,0,0,0,0,0,0,0,0,0,0,0,150,0,25,28.633832166863915,18.447431997628883,82.49066000280436,1622.0
1789885462,50,,Aggregated,23.800000,0.000000,6,7,7,7,8,10,14,15,23,23,23,75104,0,6,8.848840932098721,3.0284199965535663,2104.1982940005255,6833.42041702173
1789885463,50,GET,GET /api/v1/reservas,18.000000,0.000000,6,7,7,8,9,10,15,18,23,23,23,56313,0,7,8.465481568923432,4.633864002244081,1957.275683998887,8965.0
1789885463,50,GET,GET /api/v1/reservas/{id},5.700000,0.000000,5,5,5,5,6,6,7,7,7,7,7,18615,0,5,6.191763313431091,3.0284199965535663,1521.0046399952262,442.0
1789885463,50,POST,POST /api/v1/auth/login,0.000000,0.000000,0,0,0,0,0,0,0,0,0,0,0,50,0,1300.0,1369.1218887201103,628.633758999058,2104.1982940005255,1622.0
1789885463,50,POST,POST /api/v1/auth/refresh,0.000000,0.000000,0,0,0,0,0,0,0,0,0,0,0,150,0,25,28.633832166863915,18.447431997628883,82.49066000280436,1622.0
1789885463,50,,Aggregated,23.700000,0.000000,6,7,7,7,8,10,14,15,23,23,23,75128,0,6,8.847932953510616,3.0284199965535663,2104.1982940005255,6833.647574805665
1789885464,50,GET,GET /api/v1/reservas,18.600000,0.000000,7,7,7,8,9,10,15,18,23,23,23,56327,0,7,8.464996257581703,4.633864002244081,1957.275683998887,8965.0
1789885464,50,GET,GET /api/v1/reservas/{id},4.900000,0.000000,5,5,5,5,6,6,6,7,7,7,7,18623,0,5,6.1911543336475034,3.0284199965535663,1521.0046399952262,442.0
1789885464,50,POST,POST /api/v1/auth/login,0.000000,0.000000,0,0,0,0,0,0,0,0,0,0,0,50,0,1300.0,1369.1218887201103,628.633758999058,2104.1982940005255,1622.0
1789885464,50,POST,POST /api/v1/auth/refresh,0.000000,0.000000,0,0,0,0,0,0,0,0,0,0,0,150,0,25,28.633832166863915,18.447431997628883,82.49066000280436,1622.0
1789885464,50,,Aggregated,23.500000,0.000000,6,7,7,7,8,10,14,15,23,23,23,75150,0,6,8.847064279672159,3.0284199965535663,2104.1982940005255,6833.3642182302065
1789885465,50,GET,GET /api/v1/reservas,18.900000,0.000000,7,7,7,8,9,10,15,18,23,23,23,56348,0,7,8.464292046777171,4.633864002244081,1957.275683998887,8965.0
1789885465,50,GET,GET /api/v1/reservas/{id},5.100000,0.000000,5,5,5,5,6,6,7,7,7,7,7,18630,0,5,6.190655197988225,3.0284199965535663,1521.0046399952262,442.0
1789885465,50,POST,POST /api/v1/auth/login,0.000000,0.000000,0,0,0,0,0,0,0,0,0,0,0,50,0,1300.0,1369.1218887201103,628.633758999058,2104.1982940005255,1622.0
1789885465,50,POST,POST /api/v1/auth/refresh,0.000000,0.000000,0,0,0,0,0,0,0,0,0,0,0,150,0,25,28.633832166863915,18.447431997628883,82.49066000280436,1622.0
1789885465,50,,Aggregated,24.000000,0.000000,6,7,7,7,8,10,14,15,23,23,23,75178,0,6,8.846058738611847,3.0284199965535663,2104.1982940005255,6833.364548139083
1789885466,50,GET,GET /api/v1/reservas,18.900000,0.000000,7,7,7,8,9,10,15,20,23,23,23,56369,0,7,8.463864276762438,4.633864002244081,1957.275683998887,8965.0
1789885466,50,GET,GET /api/v1/reservas/{id},4.900000,0.000000,5,5,5,6,6,7,7,7,7,7,7,18637,0,5,6.190544895826658,3.0284199965535663,1521.0046399952262,442.0
1789885466,50,POST,POST /api/v1/auth/login,0.000000,0.000000,0,0,0,0,0,0,0,0,0,0,0,50,0,1300.0,1369.1218887201103,628.633758999058,2104.1982940005255,1622.0
1789885466,50,POST,POST /api/v1/auth/refresh,0.000000,0.000000,0,0,0,0,0,0,0,0,0,0,0,150,0,25,28.633832166863915,18.447431997628883,82.49066000280436,1622.0
1789885466,50,,Aggregated,23.800000,0.000000,6,7,7,7,9,10,15,18,23,23,23,75206,0,6,8.845357018075468,3.0284199965535663,2104.1982940005255,6833.364877802303
1789885467,50,GET,GET /api/v1/reservas,18.700000,0.000000,7,7,7,8,9,10,15,20,23,23,23,56384,0,7,8.463309948776402,4.633864002244081,1957.275683998887,8965.0
1789885467,50,GET,GET /api/v1/reservas/{id},5.300000,0.000000,4,5,5,6,6,7,7,7,7,7,7,18644,0,5,6.18977849423534,3.0284199965535663,1521.0046399952262,442.0
1789885467,50,POST,POST /api/v1/auth/login,0.000000,0.000000,0,0,0,0,0,0,0,0,0,0,0,50,0,1300.0,1369.1218887201103,628.633758999058,2104.1982940005255,1622.0
1789885467,50,POST,POST /api/v1/auth/refresh,0.000000,0.000000,0,0,0,0,0,0,0,0,0,0,0,150,0,25,28.633832166863915,18.447431997628883,82.49066000280436,1622.0
1789885467,50,,Aggregated,24.000000,0.000000,6,7,7,7,9,10,15,18,23,23,23,75228,0,6,8.84442850613299,3.0284199965535663,2104.1982940005255,6833.195193279098
1789885468,50,GET,GET /api/v1/reservas,18.500000,0.000000,7,7,8,8,9,10,15,20,23,23,23,56398,0,7,8.463114844600776,4.633864002244081,1957.275683998887,8965.0
1789885468,50,GET,GET /api/v1/reservas/{id},5.600000,0.000000,5,5,5,6,6,7,7,7,7,7,7,18654,0,5,6.189160988234565,3.0284199965535663,1521.0046399952262,442.0
1789885468,50,POST,POST /api/v1/auth/login,0.000000,0.000000,0,0,0,0,0,0,0,0,0,0,0,50,0,1300.0,1369.1218887201103,628.633758999058,2104.1982940005255,1622.0
1789885468,50,POST,POST /api/v1/auth/refresh,0.000000,0.000000,0,0,0,0,0,0,0,0,0,0,0,150,0,25,28.633832166863915,18.447431997628883,82.49066000280436,1622.0
1789885468,50,,Aggregated,24.100000,0.000000,6,7,7,7,9,10,15,18,23,23,23,75252,0,6,8.843705540601743,3.0284199965535663,2104.1982940005255,6832.742491893903
1789885469,50,GET,GET /api/v1/reservas,18.300000,0.000000,7,7,7,8,9,10,15,20,23,23,23,56415,0,7,8.462773134836167,4.633864002244081,1957.275683998887,8965.0
1789885469,50,GET,GET /api/v1/reservas/{id},5.700000,0.000000,5,5,5,5,6,7,7,7,7,7,7,18663,0,5,6.188261876361019,3.0284199965535663,1521.0046399952262,442.0
1789885469,50,POST,POST /api/v1/auth/login,0.000000,0.000000,0,0,0,0,0,0,0,0,0,0,0,50,0,1300.0,1369.1218887201103,628.633758999058,2104.1982940005255,1622.0
1789885469,50,POST,POST /api/v1/auth/refresh,0.000000,0.000000,0,0,0,0,0,0,0,0,0,0,0,150,0,25,28.633832166863915,18.447431997628883,82.49066000280436,1622.0
1789885469,50,,Aggregated,24.000000,0.000000,6,7,7,7,9,10,15,18,23,23,23,75278,0,6,8.842823229381075,3.0284199965535663,2104.1982940005255,6832.459961741811
1789885470,50,GET,GET /api/v1/reservas,18.500000,0.000000,7,7,7,8,10,11,17,20,23,23,23,56434,0,7,8.462169531182518,4.633864002244081,1957.275683998887,8965.0
1789885470,50,GET,GET /api/v1/reservas/{id},5.800000,0.000000,5,5,5,6,6,7,7,7,7,7,7,18671,0,5,6.187754507338235,3.0284199965535663,1521.0046399952262,442.0
1789885470,50,POST,POST /api/v1/auth/login,0.000000,0.000000,0,0,0,0,0,0,0,0,0,0,0,50,0,1300.0,1369.1218887201103,628.633758999058,2104.1982940005255,1622.0
1789885470,50,POST,POST /api/v1/auth/refresh,0.000000,0.000000,0,0,0,0,0,0,0,0,0,0,0,150,0,25,28.633832166863915,18.447431997628883,82.49066000280436,1622.0
1789885470,50,,Aggregated,24.300000,0.000000,6,7,7,7,9,10,15,18,23,23,23,75305,0,6,8.841867193284735,3.0284199965535663,2104.1982940005255,6832.319128875904
1789885471,50,GET,GET /api/v1/reservas,18.100000,0.000000,7,7,7,8,9,10,11,17,20,20,20,56451,0,7,8.461975036859666,4.633864002244081,1957.275683998887,8965.0
1789885471,50,GET,GET /api/v1/reservas/{id},6.000000,0.000000,4,5,5,6,6,7,7,7,7,7,7,18681,0,5,6.187057154836685,3.0284199965535663,1521.0046399952262,442.0
1789885471,50,POST,POST /api/v1/auth/login,0.000000,0.000000,0,0,0,0,0,0,0,0,0,0,0,50,0,1300.0,1369.1218887201103,628.633758999058,2104.1982940005255,1622.0
1789885471,50,POST,POST /api/v1/auth/refresh,0.000000,0.000000,0,0,0,0,0,0,0,0,0,0,0,150,0,25,28.633832166863915,18.447431997628883,82.49066000280436,1622.0
1789885471,50,,Aggregated,24.100000,0.000000,6,7,7,7,8,10,10,13,20,20,20,75332,0,6,8.841110507836106,3.0284199965535663,2104.1982940005255,6831.952118621569
1789885472,50,GET,GET /api/v1/reservas,18.300000,0.000000,7,7,7,8,9,10,12,17,20,20,20,56464,0,7,8.461658449025448,4.633864002244081,1957.275683998887,8965.0
1789885472,50,GET,GET /api/v1/reservas/{id},6.500000,0.000000,5,5,5,6,6,7,7,7,7,7,7,18685,0,5,6.186787190553942,3.0284199965535663,1521.0046399952262,442.0
1789885472,50,POST,POST /api/v1/auth/login,0.000000,0.000000,0,0,0,0,0,0,0,0,0,0,0,50,0,1300.0,1369.1218887201103,628.633758999058,2104.1982940005255,1622.0
1789885472,50,POST,POST /api/v1/auth/refresh,0.000000,0.000000,0,0,0,0,0,0,0,0,0,0,0,150,0,25,28.633832166863915,18.447431997628883,82.49066000280436,1622.0
1789885472,50,,Aggregated,24.800000,0.000000,6,7,7,7,8,10,11,13,20,20,20,75349,0,6,8.840600015691168,3.0284199965535663,2104.1982940005255,6831.980915473331
1789885473,50,GET,GET /api/v1/reservas,17.900000,0.000000,7,7,7,8,9,10,12,17,20,20,20,56483,0,7,8.461067019665387,4.633864002244081,1957.275683998887,8965.0
1789885473,50,GET,GET /api/v1/reservas/{id},6.900000,0.000000,5,5,6,6,6,7,7,7,7,7,7,18690,0,5,6.18638621260063,3.0284199965535663,1521.0046399952262,442.0
1789885473,50,POST,POST /api/v1/auth/login,0.000000,0.000000,0,0,0,0,0,0,0,0,0,0,0,50,0,1300.0,1369.1218887201103,628.633758999058,2104.1982940005255,1622.0
1789885473,50,POST,POST /api/v1/auth/refresh,0.000000,0.000000,0,0,0,0,0,0,0,0,0,0,0,150,0,25,28.633832166863915,18.447431997628883,82.49066000280436,1622.0
1789885473,50,,Aggregated,24.800000,0.000000,6,7,7,7,8,10,12,13,20,20,20,75373,0,6,8.83978581250987,3.0284199965535663,2104.1982940005255,6832.094715614345
1789885474,50,GET,GET /api/v1/reservas,17.800000,0.000000,7,7,7,8,9,10,12,17,20,20,20,56501,0,7,8.460306569932987,4.633864002244081,1957.275683998887,8965.0
1789885474,50,GET,GET /api/v1/reservas/{id},7.500000,0.000000,5,5,6,6,6,7,7,7,7,7,7,18698,0,5,6.185811471682291,3.0284199965535663,1521.0046399952262,442.0
1789885474,50,POST,POST /api/v1/auth/login,0.000000,0.000000,0,0,0,0,0,0,0,0,0,0,0,50,0,1300.0,1369.1218887201103,628.633758999058,2104.1982940005255,1622.0
1789885474,50,POST,POST /api/v1/auth/refresh,0.000000,0.000000,0,0,0,0,0,0,0,0,0,0,0,150,0,25,28.633832166863915,18.447431997628883,82.49066000280436,1622.0
1789885474,50,,Aggregated,25.300000,0.000000,6,7,7,7,8,10,12,13,20,20,20,75399,0,6,8.838701490289525,3.0284199965535663,2104.1982940005255,6831.925900874017
1789885475,50,GET,GET /api/v1/reservas,16.900000,0.000000,6,7,7,8,9,10,12,17,20,20,20,56520,0,7,8.459466598173634,4.633864002244081,1957.275683998887,8965.0
1789885475,50,GET,GET /api/v1/reservas/{id},7.300000,0.000000,5,5,5,6,6,7,7,7,7,7,7,18705,0,5,6.18506379141987,3.0284199965535663,1521.0046399952262,442.0
1789885475,50,POST,POST /api/v1/auth/login,0.000000,0.000000,0,0,0,0,0,0,0,0,0,0,0,50,0,1300.0,1369.1218887201103,628.633758999058,2104.1982940005255,1622.0
1789885475,50,POST,POST /api/v1/auth/refresh,0.000000,0.000000,0,0,0,0,0,0,0,0,0,0,0,150,0,25,28.633832166863915,18.447431997628883,82.49066000280436,1622.0
1789885475,50,,Aggregated,24.200000,0.000000,6,7,7,7,8,10,12,13,20,20,20,75425,0,6,8.837545105844523,3.0284199965535663,2104.1982940005255,6831.870202187603
1789885476,50,GET,GET /api/v1/reservas,16.900000,0.000000,7,7,7,8,9,10,12,13,17,17,17,56539,0,7,8.458931928752891,4.633864002244081,1957.275683998887,8965.0
1789885476,50,GET,GET /api/v1/reservas/{id},7.500000,0.000000,5,5,5,6,6,7,7,7,7,7,7,18711,0,5,6.184727806023863,3.0284199965535663,1521.0046399952262,442.0
1789885476,50,POST,POST /api/v1/auth/login,0.000000,0.000000,0,0,0,0,0,0,0,0,0,0,0,50,0,1300.0,1369.1218887201103,628.633758999058,2104.1982940005255,1622.0
1789885476,50,POST,POST /api/v1/auth/refresh,0.000000,0.000000,0,0,0,0,0,0,0,0,0,0,0,150,0,25,28.633832166863915,18.447431997628883,82.49066000280436,1622.0
1789885476,50,,Aggregated,24.400000,0.000000,6,7,7,7,8,10,12,12,17,17,17,75450,0,6,8.836754984218858,3.0284199965535663,2104.1982940005255,6831.899231278992
1789885477,50,GET,GET /api/v1/reservas,17.200000,0.000000,7,7,7,8,10,11,12,15,17,17,17,56559,0,7,8.458584092889765,4.633864002244081,1957.275683998887,8965.0
1789885477,50,GET,GET /api/v1/reservas/{id},7.500000,0.000000,5,5,5,6,6,7,7,7,7,7,7,18719,0,5,6.184208502458854,3.0284199965535663,1521.0046399952262,442.0
1789885477,50,POST,POST /api/v1/auth/login,0.000000,0.000000,0,0,0,0,0,0,0,0,0,0,0,50,0,1300.0,1369.1218887201103,628.633758999058,2104.1982940005255,1622.0
1789885477,50,POST,POST /api/v1/auth/refresh,0.000000,0.000000,0,0,0,0,0,0,0,0,0,0,0,150,0,25,28.633832166863915,18.447431997628883,82.49066000280436,1622.0
1789885477,50,,Aggregated,24.700000,0.000000,6,7,7,7,8,10,12,13,17,17,17,75478,0,6,8.835984338857951,3.0284199965535663,2104.1982940005255,6831.7871830202175
1789885478,50,GET,GET /api/v1/reservas,17.200000,0.000000,6,7,7,8,9,11,12,15,17,17,17,56577,0,7,8.457971797474972,4.633864002244081,1957.275683998887,8965.0
1789885478,50,GET,GET /api/v1/reservas/{id},7.500000,0.000000,5,5,6,6,6,7,7,7,7,7,7,18725,0,5,6.183891606062355,3.0284199965535663,1521.0046399952262,442.0
1789885478,50,POST,POST /api/v1/auth/login,0.000000,0.000000,0,0,0,0,0,0,0,0,0,0,0,50,0,1300.0,1369.1218887201103,628.633758999058,2104.1982940005255,1622.0
1789885478,50,POST,POST /api/v1/auth/refresh,0.000000,0.000000,0,0,0,0,0,0,0,0,0,0,0,150,0,25,28.633832166863915,18.447431997628883,82.49066000280436,1622.0
1789885478,50,,Aggregated,24.700000,0.000000,6,7,7,7,8,10,12,13,17,17,17,75502,0,6,8.835146220898789,3.0284199965535663,2104.1982940005255,6831.787965881698
1789885479,50,GET,GET /api/v1/reservas,17.200000,0.000000,6,7,7,8,9,10,12,15,17,17,17,56594,0,7,8.457496615820725,4.633864002244081,1957.275683998887,8965.0
1789885479,50,GET,GET /api/v1/reservas/{id},7.400000,0.000000,5,5,6,6,6,7,7,7,7,7,7,18732,0,5,6.183290740097864,3.0284199965535663,1521.0046399952262,442.0
1789885479,50,POST,POST /api/v1/auth/login,0.000000,0.000000,0,0,0,0,0,0,0,0,0,0,0,50,0,1300.0,1369.1218887201103,628.633758999058,2104.1982940005255,1622.0
1789885479,50,POST,POST /api/v1/auth/refresh,0.000000,0.000000,0,0,0,0,0,0,0,0,0,0,0,150,0,25,28.633832166863915,18.447431997628883,82.49066000280436,1622.0
1789885479,50,,Aggregated,24.600000,0.000000,6,7,7,7,8,10,12,13,17,17,17,75526,0,6,8.834310500758844,3.0284199965535663,2104.1982940005255,6831.675899690173
1789885480,50,GET,GET /api/v1/reservas,17.500000,0.000000,6,7,7,8,9,10,12,13,15,15,15,56611,0,7,8.457107455595896,4.633864002244081,1957.275683998887,8965.0
1789885480,50,GET,GET /api/v1/reservas/{id},7.400000,0.000000,5,5,6,6,7,7,7,9,9,9,9,18736,0,5,6.183199972006512,3.0284199965535663,1521.0046399952262,442.0
1789885480,50,POST,POST /api/v1/auth/login,0.000000,0.000000,0,0,0,0,0,0,0,0,0,0,0,50,0,1300.0,1369.1218887201103,628.633758999058,2104.1982940005255,1622.0
1789885480,50,POST,POST /api/v1/auth/refresh,0.000000,0.000000,0,0,0,0,0,0,0,0,0,0,0,150,0,25,28.633832166863915,18.447431997628883,82.49066000280436,1622.0
1789885480,50,,Aggregated,24.900000,0.000000,6,7,7,7,8,10,12,12,15,15,15,75547,0,6,8.833771216663722,3.0284199965535663,2104.1982940005255,6831.81763670298
1789885481,50,GET,GET /api/v1/reservas,18.000000,0.000000,6,7,8,8,10,16,23,52,65,65,65,56629,0,7,8.460449214849834,4.633864002244081,1957.275683998887,8965.0
1789885481,50,GET,GET /api/v1/reservas/{id},7.100000,0.000000,5,5,6,6,7,9,19,30,30,30,30,18742,0,5,6.185293428849827,3.0284199965535663,1521.0046399952262,442.0
1789885481,50,POST,POST /api/v1/auth/login,0.000000,0.000000,0,0,0,0,0,0,0,0,0,0,0,50,0,1300.0,1369.1218887201103,628.633758999058,2104.1982940005255,1622.0
1789885481,50,POST,POST /api/v1/auth/refresh,0.000000,0.000000,0,0,0,0,0,0,0,0,0,0,0,150,0,25,28.633832166863915,18.447431997628883,82.49066000280436,1622.0
1789885481,50,,Aggregated,25.100000,0.000000,6,7,7,8,10,15,23,41,65,65,65,75571,0,6,8.836494386633438,3.0284199965535663,2104.1982940005255,6831.818409178124
1789885482,50,GET,GET /api/v1/reservas,17.900000,0.000000,7,7,8,10,23,100,170,190,200,200,200,56646,0,7,8.491922936865794,4.633864002244081,1957.275683998887,8965.0
1789885482,50,GET,GET /api/v1/reservas/{id},6.800000,0.000000,5,6,7,8,43,97,140,290,290,290,290,18751,0,5,6.226426677324188,3.0284199965535663,1521.0046399952262,442.0
1789885482,50,POST,POST /api/v1/auth/login,0.000000,0.000000,0,0,0,0,0,0,0,0,0,0,0,50,0,1300.0,1369.1218887201103,628.633758999058,2104.1982940005255,1622.0
1789885482,50,POST,POST /api/v1/auth/refresh,0.000000,0.000000,0,0,0,0,0,0,0,0,0,0,0,150,0,25,28.633832166863915,18.447431997628883,82.49066000280436,1622.0
1789885482,50,,Aggregated,24.700000,0.000000,6,7,8,9,30,100,170,190,290,290,290,75597,0,6,8.869880584801603,3.0284199965535663,2104.1982940005255,6831.53738904983
1789885483,50,GET,GET /api/v1/reservas,17.800000,0.000000,7,8,10,12,26,100,170,190,200,200,200,56665,0,7,8.493417470743799,4.633864002244081,1957.275683998887,8965.0
1789885483,50,GET,GET /api/v1/reservas/{id},6.500000,0.000000,5,6,8,9,43,97,140,290,290,290,290,18756,0,5,6.227149654804179,3.0284199965535663,1521.0046399952262,442.0
1789885483,50,POST,POST /api/v1/auth/login,0.000000,0.000000,0,0,0,0,0,0,0,0,0,0,0,50,0,1300.0,1369.1218887201103,628.633758999058,2104.1982940005255,1622.0
1789885483,50,POST,POST /api/v1/auth/refresh,0.000000,0.000000,0,0,0,0,0,0,0,0,0,0,0,150,0,25,28.633832166863915,18.447431997628883,82.49066000280436,1622.0
1789885483,50,,Aggregated,24.300000,0.000000,7,8,10,12,30,100,170,190,290,290,290,75621,0,6,8.87091005363915,3.0284199965535663,2104.1982940005255,6831.650956744819
1789885484,50,GET,GET /api/v1/reservas,17.700000,0.000000,7,9,11,12,26,100,170,190,200,200,200,56686,0,7,8.493344642075044,4.633864002244081,1957.275683998887,8965.0
1789885484,50,GET,GET /api/v1/reservas/{id},6.100000,0.000000,6,7,8,10,43,97,140,290,290,290,290,18763,0,5,6.22718668680327,3.0284199965535663,1521.0046399952262,442.0
1789885484,50,POST,POST /api/v1/auth/login,0.000000,0.000000,0,0,0,0,0,0,0,0,0,0,0,50,0,1300.0,1369.1218887201103,628.633758999058,2104.1982940005255,1622.0
1789885484,50,POST,POST /api/v1/auth/refresh,0.000000,0.000000,0,0,0,0,0,0,0,0,0,0,0,150,0,25,28.633832166863915,18.447431997628883,82.49066000280436,1622.0
1789885484,50,,Aggregated,23.800000,0.000000,7,8,10,12,30,100,170,190,290,290,290,75649,0,6,8.870515240732827,3.0284199965535663,2104.1982940005255,6831.651918729924
1789885485,50,GET,GET /api/v1/reservas,18.200000,0.000000,7,10,11,12,30,110,170,190,200,200,200,56700,0,7,8.493025211246213,4.633864002244081,1957.275683998887,8965.0
1789885485,50,GET,GET /api/v1/reservas/{id},6.600000,0.000000,6,7,8,10,43,97,140,290,290,290,290,18769,0,5,6.22669244091269,3.0284199965535663,1521.0046399952262,442.0
1789885485,50,POST,POST /api/v1/auth/login,0.000000,0.000000,0,0,0,0,0,0,0,0,0,0,0,50,0,1300.0,1369.1218887201103,628.633758999058,2104.1982940005255,1622.0
1789885485,50,POST,POST /api/v1/auth/refresh,0.000000,0.000000,0,0,0,0,0,0,0,0,0,0,0,150,0,25,28.633832166863915,18.447431997628883,82.49066000280436,1622.0
1789885485,50,,Aggregated,24.800000,0.000000,7,9,11,12,30,100,170,190,290,290,290,75669,0,6,8.869873913520628,3.0284199965535663,2104.1982940005255,6831.53997013308
1789885486,50,GET,GET /api/v1/reservas,18.200000,0.000000,7,10,11,13,30,110,170,190,200,200,200,56721,0,7,8.49258957380275,4.633864002244081,1957.275683998887,8965.0
1789885486,50,GET,GET /api/v1/reservas/{id},6.600000,0.000000,6,7,9,10,43,97,140,290,290,290,290,18775,0,5,6.226422340052169,3.0284199965535663,1521.0046399952262,442.0
1789885486,50,POST,POST /api/v1/auth/login,0.000000,0.000000,0,0,0,0,0,0,0,0,0,0,0,50,0,1300.0,1369.1218887201103,628.633758999058,2104.1982940005255,1622.0
1789885486,50,POST,POST /api/v1/auth/refresh,0.000000,0.000000,0,0,0,0,0,0,0,0,0,0,0,150,0,25,28.633832166863915,18.447431997628883,82.49066000280436,1622.0
1789885486,50,,Aggregated,24.800000,0.000000,7,9,11,12,30,100,170,190,290,290,290,75696,0,6,8.869166427700106,3.0284199965535663,2104.1982940005255,6831.625383111393
1789885487,50,GET,GET /api/v1/reservas,18.400000,0.000000,7,9,11,12,26,100,170,190,200,200,200,56742,0,7,8.49223931187958,4.633864002244081,1957.275683998887,8965.0
1789885487,50,GET,GET /api/v1/reservas/{id},6.500000,0.000000,6,7,9,12,46,110,140,290,290,290,290,18779,0,5,6.226156615819588,3.0284199965535663,1521.0046399952262,442.0
1789885487,50,POST,POST /api/v1/auth/login,0.000000,0.000000,0,0,0,0,0,0,0,0,0,0,0,50,0,1300.0,1369.1218887201103,628.633758999058,2104.1982940005255,1622.0
1789885487,50,POST,POST /api/v1/auth/refresh,0.000000,0.000000,0,0,0,0,0,0,0,0,0,0,0,150,0,25,28.633832166863915,18.447431997628883,82.49066000280436,1622.0
1789885487,50,,Aggregated,24.900000,0.000000,7,9,11,14,43,110,170,190,290,290,290,75721,0,6,8.868594014661577,3.0284199965535663,2104.1982940005255,6831.879505025026
1789885489,50,GET,GET /api/v1/reservas,17.900000,0.000000,7,10,12,14,38,110,170,190,200,200,200,56756,0,7,8.491644365805652,4.633864002244081,1957.275683998887,8965.0
1789885489,50,GET,GET /api/v1/reservas/{id},6.400000,0.000000,6,7,10,12,46,110,140,290,290,290,290,18788,0,5,6.225387624625477,3.0284199965535663,1521.0046399952262,442.0
1789885489,50,POST,POST /api/v1/auth/login,0.000000,0.000000,0,0,0,0,0,0,0,0,0,0,0,50,0,1300.0,1369.1218887201103,628.633758999058,2104.1982940005255,1622.0
1789885489,50,POST,POST /api/v1/auth/refresh,0.000000,0.000000,0,0,0,0,0,0,0,0,0,0,0,150,0,25,28.633832166863915,18.447431997628883,82.49066000280436,1622.0
1789885489,50,,Aggregated,24.300000,0.000000,7,10,12,14,43,110,170,190,290,290,290,75744,0,6,8.8675739276797,3.0284199965535663,2104.1982940005255,6831.514522602451
1789885490,50,GET,GET /api/v1/reservas,18.000000,0.000000,7,10,12,14,38,110,170,190,200,200,200,56776,0,7,8.491176648683696,4.633864002244081,1957.275683998887,8965.0
1789885490,50,GET,GET /api/v1/reservas/{id},6.400000,0.000000,5,7,9,12,46,110,140,290,290,290,290,18793,0,5,6.225095000981995,3.0284199965535663,1521.0046399952262,442.0
1789885490,50,POST,POST /api/v1/auth/login,0.000000,0.000000,0,0,0,0,0,0,0,0,0,0,0,50,0,1300.0,1369.1218887201103,628.633758999058,2104.1982940005255,1622.0
1789885490,50,POST,POST /api/v1/auth/refresh,0.000000,0.000000,0,0,0,0,0,0,0,0,0,0,0,150,0,25,28.633832166863915,18.447431997628883,82.49066000280436,1622.0
1789885490,50,,Aggregated,24.400000,0.000000,7,9,12,14,41,110,170,190,290,290,290,75769,0,6,8.866877285171544,3.0284199965535663,2104.1982940005255,6831.656033470153
1789885491,50,GET,GET /api/v1/reservas,18.300000,0.000000,7,9,11,12,22,110,170,190,200,200,200,56792,0,7,8.491111301251662,4.633864002244081,1957.275683998887,8965.0
1789885491,50,GET,GET /api/v1/reservas/{id},6.000000,0.000000,5,6,8,9,43,97,140,290,290,290,290,18804,0,5,6.225245870476594,3.0284199965535663,1521.0046399952262,442.0
1789885491,50,POST,POST /api/v1/auth/login,0.000000,0.000000,0,0,0,0,0,0,0,0,0,0,0,50,0,1300.0,1369.1218887201103,628.633758999058,2104.1982940005255,1622.0
1789885491,50,POST,POST /api/v1/auth/refresh,0.000000,0.000000,0,0,0,0,0,0,0,0,0,0,0,150,0,25,28.633832166863915,18.447431997628883,82.49066000280436,1622.0
1789885491,50,,Aggregated,24.300000,0.000000,7,8,10,12,26,110,170,190,290,290,290,75796,0,6,8.866403050690916,3.0284199965535663,2104.1982940005255,6831.179059580981
1789885492,50,GET,GET /api/v1/reservas,17.800000,0.000000,7,8,9,10,12,14,18,22,26,26,26,56815,0,7,8.490516675678453,4.633864002244081,1957.275683998887,8965.0
1789885492,50,GET,GET /api/v1/reservas/{id},6.300000,0.000000,5,5,6,7,8,10,14,16,16,16,16,18810,0,5,6.224623936227247,3.0284199965535663,1521.0046399952262,442.0
1789885492,50,POST,POST /api/v1/auth/login,0.000000,0.000000,0,0,0,0,0,0,0,0,0,0,0,50,0,1300.0,1369.1218887201103,628.633758999058,2104.1982940005255,1622.0
1789885492,50,POST,POST /api/v1/auth/refresh,0.000000,0.000000,0,0,0,0,0,0,0,0,0,0,0,150,0,25,28.633832166863915,18.447431997628883,82.49066000280436,1622.0
1789885492,50,,Aggregated,24.100000,0.000000,7,7,8,9,12,14,17,18,26,26,26,75825,0,6,8.865480388132521,3.0284199965535663,2104.1982940005255,6831.320738542697
1789885493,50,GET,GET /api/v1/reservas,18.200000,0.000000,7,7,8,8,10,12,14,18,18,18,18,56831,0,7,8.490010297842165,4.633864002244081,1957.275683998887,8965.0
1789885493,50,GET,GET /api/v1/reservas/{id},6.100000,0.000000,5,5,6,6,8,9,10,16,16,16,16,18814,0,5,6.224235800543591,3.0284199965535663,1521.0046399952262,442.0
1789885493,50,POST,POST /api/v1/auth/login,0.000000,0.000000,0,0,0,0,0,0,0,0,0,0,0,50,0,1300.0,1369.1218887201103,628.633758999058,2104.1982940005255,1622.0
1789885493,50,POST,POST /api/v1/auth/refresh,0.000000,0.000000,0,0,0,0,0,0,0,0,0,0,0,150,0,25,28.633832166863915,18.447431997628883,82.49066000280436,1622.0
1789885493,50,,Aggregated,24.300000,0.000000,6,7,7,8,10,11,14,17,18,18,18,75845,0,6,8.864786299019553,3.0284199965535663,2104.1982940005255,6831.433884896829
1789885494,50,GET,GET /api/v1/reservas,18.000000,0.000000,7,7,8,8,10,13,14,18,18,18,18,56850,0,7,8.489624274488728,4.633864002244081,1957.275683998887,8965.0
1789885494,50,GET,GET /api/v1/reservas/{id},6.800000,0.000000,5,5,6,6,8,9,10,16,16,16,16,18823,0,5,6.2241125456850375,3.0284199965535663,1521.0046399952262,442.0
1789885494,50,POST,POST /api/v1/auth/login,0.000000,0.000000,0,0,0,0,0,0,0,0,0,0,0,50,0,1300.0,1369.1218887201103,628.633758999058,2104.1982940005255,1622.0
1789885494,50,POST,POST /api/v1/auth/refresh,0.000000,0.000000,0,0,0,0,0,0,0,0,0,0,0,150,0,25,28.633832166863915,18.447431997628883,82.49066000280436,1622.0
1789885494,50,,Aggregated,24.800000,0.000000,6,7,7,8,9,11,14,16,18,18,18,75873,0,6,8.864059411294614,3.0284199965535663,2104.1982940005255,6831.210259249008
1789885495,50,GET,GET /api/v1/reservas,18.600000,0.000000,7,7,8,8,10,13,14,18,18,18,18,56868,0,7,8.488923887980722,4.633864002244081,1957.275683998887,8965.0
1789885495,50,GET,GET /api/v1/reservas/{id},6.800000,0.000000,5,5,5,6,7,8,10,16,16,16,16,18830,0,5,6.223685449093276,3.0284199965535663,1521.0046399952262,442.0
1789885495,50,POST,POST /api/v1/auth/login,0.000000,0.000000,0,0,0,0,0,0,0,0,0,0,0,50,0,1300.0,1369.1218887201103,628.633758999058,2104.1982940005255,1622.0
1789885495,50,POST,POST /api/v1/auth/refresh,0.000000,0.000000,0,0,0,0,0,0,0,0,0,0,0,150,0,25,28.633832166863915,18.447431997628883,82.49066000280436,1622.0
1789885495,50,,Aggregated,25.400000,0.000000,6,7,7,8,9,11,14,16,18,18,18,75898,0,6,8.86309639159341,3.0284199965535663,2104.1982940005255,6831.127038920657
1789885496,50,GET,GET /api/v1/reservas,18.500000,0.000000,6,7,7,8,9,11,14,18,18,18,18,56889,0,7,8.487978745815825,4.633864002244081,1957.275683998887,8965.0
1789885496,50,GET,GET /api/v1/reservas/{id},6.300000,0.000000,5,5,5,6,7,8,10,16,16,16,16,18836,0,5,6.222954306138285,3.0284199965535663,1521.0046399952262,442.0
1789885496,50,POST,POST /api/v1/auth/login,0.000000,0.000000,0,0,0,0,0,0,0,0,0,0,0,50,0,1300.0,1369.1218887201103,628.633758999058,2104.1982940005255,1622.0
1789885496,50,POST,POST /api/v1/auth/refresh,0.000000,0.000000,0,0,0,0,0,0,0,0,0,0,0,150,0,25,28.633832166863915,18.447431997628883,82.49066000280436,1622.0
1789885496,50,,Aggregated,24.800000,0.000000,6,7,7,7,9,11,14,16,18,18,18,75925,0,6,8.861894757223316,3.0284199965535663,2104.1982940005255,6831.212341126111
1789885497,50,GET,GET /api/v1/reservas,18.500000,0.000000,6,7,7,7,9,10,14,18,18,18,18,56909,0,7,8.487190625924107,4.633864002244081,1957.275683998887,8965.0
1789885497,50,GET,GET /api/v1/reservas/{id},6.700000,0.000000,5,5,5,5,7,8,10,16,16,16,16,18843,0,5,6.222342301301234,3.0284199965535663,1521.0046399952262,442.0
1789885497,50,POST,POST /api/v1/auth/login,0.000000,0.000000,0,0,0,0,0,0,0,0,0,0,0,50,0,1300.0,1369.1218887201103,628.633758999058,2104.1982940005255,1622.0
1789885497,50,POST,POST /api/v1/auth/refresh,0.000000,0.000000,0,0,0,0,0,0,0,0,0,0,0,150,0,25,28.633832166863915,18.447431997628883,82.49066000280436,1622.0
1789885497,50,,Aggregated,25.200000,0.000000,6,6,7,7,8,10,14,16,18,18,18,75952,0,6,8.860810730134526,3.0284199965535663,2104.1982940005255,6831.185367073941
1789885498,50,GET,GET /api/v1/reservas,18.200000,0.000000,6,7,7,8,9,12,14,18,18,18,18,56923,0,7,8.487080733494686,4.633864002244081,1957.275683998887,8965.0
1789885498,50,GET,GET /api/v1/reservas/{id},6.700000,0.000000,5,5,5,6,7,8,10,16,16,16,16,18849,0,5,6.222192674169217,3.0284199965535663,1521.0046399952262,442.0
1789885498,50,POST,POST /api/v1/auth/login,0.000000,0.000000,0,0,0,0,0,0,0,0,0,0,0,50,0,1300.0,1369.1218887201103,628.633758999058,2104.1982940005255,1622.0
1789885498,50,POST,POST /api/v1/auth/refresh,0.000000,0.000000,0,0,0,0,0,0,0,0,0,0,0,150,0,25,28.633832166863915,18.447431997628883,82.49066000280436,1622.0
1789885498,50,,Aggregated,24.900000,0.000000,6,7,7,7,9,10,14,16,18,18,18,75972,0,6,8.860414041609765,3.0284199965535663,2104.1982940005255,6831.073987784974
1789885499,50,GET,GET /api/v1/reservas,18.800000,0.000000,6,7,7,7,9,11,14,18,18,18,18,56942,0,7,8.486263078864756,4.633864002244081,1957.275683998887,8965.0
1789885499,50,GET,GET /api/v1/reservas/{id},6.800000,0.000000,5,5,5,6,7,8,10,16,16,16,16,18857,0,5,6.221493773952155,3.0284199965535663,1521.0046399952262,442.0
1789885499,50,POST,POST /api/v1/auth/login,0.000000,0.000000,0,0,0,0,0,0,0,0,0,0,0,50,0,1300.0,1369.1218887201103,628.633758999058,2104.1982940005255,1622.0
1789885499,50,POST,POST /api/v1/auth/refresh,0.000000,0.000000,0,0,0,0,0,0,0,0,0,0,0,150,0,25,28.633832166863915,18.447431997628883,82.49066000280436,1622.0
1789885499,50,,Aggregated,25.600000,0.000000,6,6,7,7,9,10,14,16,18,18,18,75999,0,6,8.859256958554404,3.0284199965535663,2104.1982940005255,6830.934933354386
1789885500,50,GET,GET /api/v1/reservas,18.800000,0.000000,6,7,7,7,8,10,13,14,18,18,18,56967,0,7,8.485520724607827,4.633864002244081,1957.275683998887,8965.0
1789885500,50,GET,GET /api/v1/reservas/{id},6.800000,0.000000,5,5,5,6,6,7,9,10,10,10,10,18862,0,5,6.221112672485399,3.0284199965535663,1521.0046399952262,442.0
1789885500,50,POST,POST /api/v1/auth/login,0.000000,0.000000,0,0,0,0,0,0,0,0,0,0,0,50,0,1300.0,1369.1218887201103,628.633758999058,2104.1982940005255,1622.0
1789885500,50,POST,POST /api/v1/auth/refresh,0.000000,0.000000,0,0,0,0,0,0,0,0,0,0,0,150,0,25,28.633832166863915,18.447431997628883,82.49066000280436,1622.0
1789885500,50,,Aggregated,25.600000,0.000000,6,6,7,7,8,10,12,14,18,18,18,76029,0,6,8.858310060742571,3.0284199965535663,2104.1982940005255,6831.216496336924
1789885501,50,GET,GET /api/v1/reservas,18.100000,0.000000,6,7,7,7,8,10,12,14,14,14,14,56982,0,7,8.485170774538137,4.633864002244081,1957.275683998887,8965.0
1789885501,50,GET,GET /api/v1/reservas/{id},7.000000,0.000000,5,5,5,6,6,7,9,10,10,10,10,18866,0,5,6.2207704164854425,3.0284199965535663,1521.0046399952262,442.0
1789885501,50,POST,POST /api/v1/auth/login,0.000000,0.000000,0,0,0,0,0,0,0,0,0,0,0,50,0,1300.0,1369.1218887201103,628.633758999058,2104.1982940005255,1622.0
1789885501,50,POST,POST /api/v1/auth/refresh,0.000000,0.000000,0,0,0,0,0,0,0,0,0,0,0,150,0,25,28.633832166863915,18.447431997628883,82.49066000280436,1622.0
1789885501,50,,Aggregated,25.100000,0.000000,6,7,7,7,8,10,11,13,14,14,14,76048,0,6,8.857750697101695,3.0284199965535663,2104.1982940005255,6831.301309699137
1789885502,50,GET,GET /api/v1/reservas,18.500000,0.000000,6,7,7,8,8,10,13,14,19,19,19,56999,0,7,8.484850911326758,4.633864002244081,1957.275683998887,8965.0
1789885502,50,GET,GET /api/v1/reservas/{id},6.900000,0.000000,5,5,5,6,6,7,9,10,10,10,10,18873,0,5,6.220131023494635,3.0284199965535663,1521.0046399952262,442.0
1789885502,50,POST,POST /api/v1/auth/login,0.000000,0.000000,0,0,0,0,0,0,0,0,0,0,0,50,0,1300.0,1369.1218887201103,628.633758999058,2104.1982940005255,1622.0
1789885502,50,POST,POST /api/v1/auth/refresh,0.000000,0.000000,0,0,0,0,0,0,0,0,0,0,0,150,0,25,28.633832166863915,18.447431997628883,82.49066000280436,1622.0
1789885502,50,,Aggregated,25.400000,0.000000,6,7,7,7,8,9,12,14,19,19,19,76072,0,6,8.857026490195748,3.0284199965535663,2104.1982940005255,6831.190201388159
1789885503,50,GET,GET /api/v1/reservas,19.100000,0.000000,6,7,7,7,8,10,11,14,19,19,19,57025,0,7,8.484018043397022,4.633864002244081,1957.275683998887,8965.0
1789885503,50,GET,GET /api/v1/reservas/{id},6.900000,0.000000,5,5,5,5,6,7,7,9,9,9,9,18877,0,5,6.219960223627606,3.0284199965535663,1521.0046399952262,442.0
1789885503,50,POST,POST /api/v1/auth/login,0.000000,0.000000,0,0,0,0,0,0,0,0,0,0,0,50,0,1300.0,1369.1218887201103,628.633758999058,2104.1982940005255,1622.0
1789885503,50,POST,POST /api/v1/auth/refresh,0.000000,0.000000,0,0,0,0,0,0,0,0,0,0,0,150,0,25,28.633832166863915,18.447431997628883,82.49066000280436,1622.0
1789885503,50,,Aggregated,26.000000,0.000000,6,7,7,7,8,9,11,12,19,19,19,76102,0,6,8.856094285658413,3.0284199965535663,2104.1982940005255,6831.583388084413
1789885504,50,GET,GET /api/v1/reservas,18.400000,0.000000,6,7,7,8,9,10,12,14,19,19,19,57042,0,7,8.483733043647073,4.633864002244081,1957.275683998887,8965.0
1789885504,50,GET,GET /api/v1/reservas/{id},6.300000,0.000000,5,5,5,6,6,6,7,9,9,9,9,18882,0,5,6.21977053190434,3.0284199965535663,1521.0046399952262,442.0
1789885504,50,POST,POST /api/v1/auth/login,0.000000,0.000000,0,0,0,0,0,0,0,0,0,0,0,50,0,1300.0,1369.1218887201103,628.633758999058,2104.1982940005255,1622.0
1789885504,50,POST,POST /api/v1/auth/refresh,0.000000,0.000000,0,0,0,0,0,0,0,0,0,0,0,150,0,25,28.633832166863915,18.447431997628883,82.49066000280436,1622.0
1789885504,50,,Aggregated,24.700000,0.000000,6,7,7,7,8,10,12,13,19,19,19,76124,0,6,8.855577435765033,3.0284199965535663,2104.1982940005255,6831.640139771951
1789885505,50,GET,GET /api/v1/reservas,18.400000,0.000000,6,7,7,8,9,10,12,14,19,19,19,57064,0,7,8.482958469099783,4.633864002244081,1957.275683998887,8965.0
1789885505,50,GET,GET /api/v1/reservas/{id},6.300000,0.000000,5,5,5,6,6,6,7,9,9,9,9,18889,0,5,6.219001000604726,3.0284199965535663,1521.0046399952262,442.0
1789885505,50,POST,POST /api/v1/auth/login,0.000000,0.000000,0,0,0,0,0,0,0,0,0,0,0,50,0,1300.0,1369.1218887201103,628.633758999058,2104.1982940005255,1622.0
1789885505,50,POST,POST /api/v1/auth/refresh,0.000000,0.000000,0,0,0,0,0,0,0,0,0,0,0,150,0,25,28.633832166863915,18.447431997628883,82.49066000280436,1622.0
1789885505,50,,Aggregated,24.700000,0.000000,6,7,7,7,8,10,12,13,19,19,19,76153,0,6,8.854456439564771,3.0284199965535663,2104.1982940005255,6831.669113495201
1789885506,50,GET,GET /api/v1/reservas,19.000000,0.000000,7,7,7,8,9,10,12,14,19,19,19,57078,0,7,8.482497107339002,4.633864002244081,1957.275683998887,8965.0
1789885506,50,GET,GET /api/v1/reservas/{id},5.900000,0.000000,5,5,5,6,6,6,7,9,9,9,9,18894,0,5,6.218594075707614,3.0284199965535663,1521.0046399952262,442.0
1789885506,50,POST,POST /api/v1/auth/login,0.000000,0.000000,0,0,0,0,0,0,0,0,0,0,0,50,0,1300.0,1369.1218887201103,628.633758999058,2104.1982940005255,1622.0
1789885506,50,POST,POST /api/v1/auth/refresh,0.000000,0.000000,0,0,0,0,0,0,0,0,0,0,0,150,0,25,28.633832166863915,18.447431997628883,82.49066000280436,1622.0
1789885506,50,,Aggregated,24.900000,0.000000,6,7,7,7,8,10,12,13,19,19,19,76172,0,6,8.85376851888041,3.0284199965535663,2104.1982940005255,6831.641784382713
1789885507,50,GET,GET /api/v1/reservas,19.600000,0.000000,7,7,7,8,8,9,11,13,19,19,19,57096,0,7,8.481935734249257,4.633864002244081,1957.275683998887,8965.0
1789885507,50,GET,GET /api/v1/reservas/{id},5.900000,0.000000,5,5,5,5,6,6,6,7,7,7,7,18903,0,5,6.2176962233199715,3.0284199965535663,1521.0046399952262,442.0
1789885507,50,POST,POST /api/v1/auth/login,0.000000,0.000000,0,0,0,0,0,0,0,0,0,0,0,50,0,1300.0,1369.1218887201103,628.633758999058,2104.1982940005255,1622.0
1789885507,50,POST,POST /api/v1/auth/refresh,0.000000,0.000000,0,0,0,0,0,0,0,0,0,0,0,150,0,25,28.633832166863915,18.447431997628883,82.49066000280436,1622.0
1789885507,50,,Aggregated,25.500000,0.000000,6,7,7,7,8,9,11,12,19,19,19,76199,0,6,8.85272619920414,3.0284199965535663,2104.1982940005255,6831.39104187719
1789885508,50,GET,GET /api/v1/reservas,19.600000,0.000000,7,7,7,8,9,10,11,13,19,19,19,57113,0,7,8.481495363764674,4.633864002244081,1957.275683998887,8965.0
1789885508,50,GET,GET /api/v1/reservas/{id},5.900000,0.000000,5,5,5,5,6,6,7,9,9,9,9,18910,0,5,6.21735890546876,3.0284199965535663,1521.0046399952262,442.0
1789885508,50,POST,POST /api/v1/auth/login,0.000000,0.000000,0,0,0,0,0,0,0,0,0,0,0,50,0,1300.0,1369.1218887201103,628.633758999058,2104.1982940005255,1622.0
1789885508,50,POST,POST /api/v1/auth/refresh,0.000000,0.000000,0,0,0,0,0,0,0,0,0,0,0,150,0,25,28.633832166863915,18.447431997628883,82.49066000280436,1622.0
1789885508,50,,Aggregated,25.500000,0.000000,6,7,7,7,8,9,11,12,19,19,19,76223,0,6,8.851987862904235,3.0284199965535663,2104.1982940005255,6831.280125421461
1789885509,50,GET,GET /api/v1/reservas,18.600000,0.000000,7,7,7,8,9,10,11,13,19,19,19,57127,0,7,8.481045117330003,4.633864002244081,1957.275683998887,8965.0
1789885509,50,GET,GET /api/v1/reservas/{id},6.000000,0.000000,5,5,5,5,6,7,8,9,9,9,9,18920,0,5,6.21674023442993,3.0284199965535663,1521.0046399952262,442.0
1789885509,50,POST,POST /api/v1/auth/login,0.000000,0.000000,0,0,0,0,0,0,0,0,0,0,0,50,0,1300.0,1369.1218887201103,628.633758999058,2104.1982940005255,1622.0
1789885509,50,POST,POST /api/v1/auth/refresh,0.000000,0.000000,0,0,0,0,0,0,0,0,0,0,0,150,0,25,28.633832166863915,18.447431997628883,82.49066000280436,1622.0
1789885509,50,,Aggregated,24.600000,0.000000,6,7,7,7,9,9,11,12,19,19,19,76247,0,6,8.851083438222735,3.0284199965535663,2104.1982940005255,6830.83393444988
1789885510,50,GET,GET /api/v1/reservas,19.000000,0.000000,7,7,8,8,9,10,12,13,19,19,19,57154,0,7,8.480358207224501,4.633864002244081,1957.275683998887,8965.0
1789885510,50,GET,GET /api/v1/reservas/{id},6.100000,0.000000,5,5,5,5,6,8,8,9,9,9,9,18923,0,5,6.216556449897464,3.0284199965535663,1521.0046399952262,442.0
1789885510,50,POST,POST /api/v1/auth/login,0.000000,0.000000,0,0,0,0,0,0,0,0,0,0,0,50,0,1300.0,1369.1218887201103,628.633758999058,2104.1982940005255,1622.0
1789885510,50,POST,POST /api/v1/auth/refresh,0.000000,0.000000,0,0,0,0,0,0,0,0,0,0,0,150,0,25,28.633832166863915,18.447431997628883,82.49066000280436,1622.0
1789885510,50,,Aggregated,25.100000,0.000000,6,7,7,8,8,9,11,12,19,19,19,76277,0,6,8.850288552750666,3.0284199965535663,2104.1982940005255,6831.338096673965
1789885511,50,GET,GET /api/v1/reservas,19.000000,0.000000,7,7,8,8,9,9,11,12,13,13,13,57171,0,7,8.480010924922123,4.633864002244081,1957.275683998887,8965.0
1789885511,50,GET,GET /api/v1/reservas/{id},6.100000,0.000000,5,5,5,6,6,8,8,9,9,9,9,18928,0,5,6.2163428394664315,3.0284199965535663,1521.0046399952262,442.0
1789885511,50,POST,POST /api/v1/auth/login,0.000000,0.000000,0,0,0,0,0,0,0,0,0,0,0,50,0,1300.0,1369.1218887201103,628.633758999058,2104.1982940005255,1622.0
1789885511,50,POST,POST /api/v1/auth/refresh,0.000000,0.000000,0,0,0,0,0,0,0,0,0,0,0,150,0,25,28.633832166863915,18.447431997628883,82.49066000280436,1622.0
1789885511,50,,Aggregated,25.100000,0.000000,6,7,7,8,8,9,11,12,13,13,13,76299,0,6,8.849720325498197,3.0284199965535663,2104.1982940005255,6831.394788922528
1789885512,50,GET,GET /api/v1/reservas,18.300000,0.000000,7,7,8,8,9,10,13,31,36,36,36,57187,0,7,8.480763068541812,4.633864002244081,1957.275683998887,8965.0
1789885512,50,GET,GET /api/v1/reservas/{id},6.300000,0.000000,5,5,5,6,6,8,9,11,11,11,11,18936,0,5,6.216032694783722,3.0284199965535663,1521.0046399952262,442.0
1789885512,50,POST,POST /api/v1/auth/login,0.000000,0.000000,0,0,0,0,0,0,0,0,0,0,0,50,0,1300.0,1369.1218887201103,628.633758999058,2104.1982940005255,1622.0
1789885512,50,POST,POST /api/v1/auth/refresh,0.000000,0.000000,0,0,0,0,0,0,0,0,0,0,0,150,0,25,28.633832166863915,18.447431997628883,82.49066000280436,1622.0
1789885512,50,,Aggregated,24.600000,0.000000,6,7,8,8,9,9,12,17,36,36,36,76323,0,6,8.849853412079822,3.0284199965535663,2104.1982940005255,6831.17234647485
1789885513,50,GET,GET /api/v1/reservas,18.600000,0.000000,7,7,8,8,9,9,12,31,36,36,36,57206,0,7,8.480107323562402,4.633864002244081,1957.275683998887,8965.0
1789885513,50,GET,GET /api/v1/reservas/{id},6.100000,0.000000,5,5,5,5,6,8,9,11,11,11,11,18942,0,5,6.215423474206048,3.0284199965535663,1521.0046399952262,442.0
1789885513,50,POST,POST /api/v1/auth/login,0.000000,0.000000,0,0,0,0,0,0,0,0,0,0,0,50,0,1300.0,1369.1218887201103,628.633758999058,2104.1982940005255,1622.0
1789885513,50,POST,POST /api/v1/auth/refresh,0.000000,0.000000,0,0,0,0,0,0,0,0,0,0,0,150,0,25,28.633832166863915,18.447431997628883,82.49066000280436,1622.0
1789885513,50,,Aggregated,24.700000,0.000000,6,7,7,8,8,9,11,17,36,36,36,76348,0,6,8.848912090181335,3.0284199965535663,2104.1982940005255,6831.201262639493
1789885514,50,GET,GET /api/v1/reservas,18.800000,0.000000,7,7,8,8,9,12,14,31,36,36,36,57223,0,7,8.479956676104049,4.633864002244081,1957.275683998887,8965.0
1789885514,50,GET,GET /api/v1/reservas/{id},6.300000,0.000000,5,5,6,6,8,9,10,11,11,11,11,18953,0,5,6.2158921389438255,3.0284199965535663,1521.0046399952262,442.0
1789885514,50,POST,POST /api/v1/auth/login,0.000000,0.000000,0,0,0,0,0,0,0,0,0,0,0,50,0,1300.0,1369.1218887201103,628.633758999058,2104.1982940005255,1622.0
1789885514,50,POST,POST /api/v1/auth/refresh,0.000000,0.000000,0,0,0,0,0,0,0,0,0,0,0,150,0,25,28.633832166863915,18.447431997628883,82.49066000280436,1622.0
1789885514,50,,Aggregated,25.100000,0.000000,6,7,8,8,9,10,13,17,36,36,36,76376,0,6,8.848454145898543,3.0284199965535663,2104.1982940005255,6830.75600974128
1789885515,50,GET,GET /api/v1/reservas,18.100000,0.000000,7,7,8,8,9,11,14,31,36,36,36,57240,0,7,8.479286631423763,4.633864002244081,1957.275683998887,8965.0
1789885515,50,GET,GET /api/v1/reservas/{id},6.500000,0.000000,5,5,6,6,8,9,10,11,11,11,11,18959,0,5,6.215242143646753,3.0284199965535663,1521.0046399952262,442.0
1789885515,50,POST,POST /api/v1/auth/login,0.000000,0.000000,0,0,0,0,0,0,0,0,0,0,0,50,0,1300.0,1369.1218887201103,628.633758999058,2104.1982940005255,1622.0
1789885515,50,POST,POST /api/v1/auth/refresh,0.000000,0.000000,0,0,0,0,0,0,0,0,0,0,0,150,0,25,28.633832166863915,18.447431997628883,82.49066000280436,1622.0
1789885515,50,,Aggregated,24.600000,0.000000,6,7,8,8,9,10,13,17,36,36,36,76399,0,6,8.847502085696641,3.0284199965535663,2104.1982940005255,6830.729171847799
1789885516,50,GET,GET /api/v1/reservas,18.200000,0.000000,7,7,8,8,9,12,14,31,36,36,36,57255,0,7,8.478811524612668,4.633864002244081,1957.275683998887,8965.0
1789885516,50,GET,GET /api/v1/reservas/{id},7.100000,0.000000,5,5,6,6,8,9,10,11,11,11,11,18967,0,5,6.214585294215711,3.0284199965535663,1521.0046399952262,442.0
1789885516,50,POST,POST /api/v1/auth/login,0.000000,0.000000,0,0,0,0,0,0,0,0,0,0,0,50,0,1300.0,1369.1218887201103,628.633758999058,2104.1982940005255,1622.0
1789885516,50,POST,POST /api/v1/auth/refresh,0.000000,0.000000,0,0,0,0,0,0,0,0,0,0,0,150,0,25,28.633832166863915,18.447431997628883,82.49066000280436,1622.0
1789885516,50,,Aggregated,25.300000,0.000000,6,7,8,8,9,10,13,17,36,36,36,76422,0,6,8.846635293215707,3.0284199965535663,2104.1982940005255,6830.479299154694
1789885517,50,GET,GET /api/v1/reservas,17.500000,0.000000,7,7,8,8,9,12,17,31,36,36,36,57273,0,7,8.478254132622489,4.633864002244081,1957.275683998887,8965.0
1789885517,50,GET,GET /api/v1/reservas/{id},6.900000,0.000000,5,5,6,6,8,8,10,11,11,11,11,18973,0,5,6.214129023844029,3.0284199965535663,1521.0046399952262,442.0
1789885517,50,POST,POST /api/v1/auth/login,0.000000,0.000000,0,0,0,0,0,0,0,0,0,0,0,50,0,1300.0,1369.1218887201103,628.633758999058,2104.1982940005255,1622.0
1789885517,50,POST,POST /api/v1/auth/refresh,0.000000,0.000000,0,0,0,0,0,0,0,0,0,0,0,150,0,25,28.633832166863915,18.447431997628883,82.49066000280436,1622.0
1789885517,50,,Aggregated,24.400000,0.000000,6,7,7,8,8,10,14,18,36,36,36,76446,0,6,8.845811267667683,3.0284199965535663,2104.1982940005255,6830.480482955289
1789885518,50,GET,GET /api/v1/reservas,17.400000,0.000000,7,7,8,8,9,12,17,31,36,36,36,57297,0,7,8.477575878347473,4.633864002244081,1957.275683998887,8965.0
1789885518,50,GET,GET /api/v1/reservas/{id},7.200000,0.000000,5,5,6,6,8,9,10,11,11,11,11,18979,0,5,6.213777132588299,3.0284199965535663,1521.0046399952262,442.0
1789885518,50,POST,POST /api/v1/auth/login,0.000000,0.000000,0,0,0,0,0,0,0,0,0,0,0,50,0,1300.0,1369.1218887201103,628.633758999058,2104.1982940005255,1622.0
1789885518,50,POST,POST /api/v1/auth/refresh,0.000000,0.000000,0,0,0,0,0,0,0,0,0,0,0,150,0,25,28.633832166863915,18.447431997628883,82.49066000280436,1622.0
1789885518,50,,Aggregated,24.600000,0.000000,6,7,7,8,8,10,14,18,36,36,36,76476,0,6,8.84489396100884,3.0284199965535663,2104.1982940005255,6830.649131753753
1789885519,50,GET,GET /api/v1/reservas,17.700000,0.000000,7,7,8,8,9,12,17,31,36,36,36,57316,0,7,8.477089682299985,4.633864002244081,1957.275683998887,8965.0
1789885519,50,GET,GET /api/v1/reservas/{id},7.000000,0.000000,5,5,6,6,8,9,10,11,11,11,11,18981,0,5,6.213670342046867,3.0284199965535663,1521.0046399952262,442.0
1789885519,50,POST,POST /api/v1/auth/login,0.000000,0.000000,0,0,0,0,0,0,0,0,0,0,0,50,0,1300.0,1369.1218887201103,628.633758999058,2104.1982940005255,1622.0
1789885519,50,POST,POST /api/v1/auth/refresh,0.000000,0.000000,0,0,0,0,0,0,0,0,0,0,0,150,0,25,28.633832166863915,18.447431997628883,82.49066000280436,1622.0
1789885519,50,,Aggregated,24.700000,0.000000,6,7,7,8,9,10,14,18,36,36,36,76497,0,6,8.844343154034025,3.0284199965535663,2104.1982940005255,6831.012222701544
1789885520,50,GET,GET /api/v1/reservas,18.200000,0.000000,7,7,7,8,9,12,17,31,36,36,36,57330,0,7,8.476520504094145,4.633864002244081,1957.275683998887,8965.0
1789885520,50,GET,GET /api/v1/reservas/{id},6.800000,0.000000,5,5,6,6,8,8,10,11,11,11,11,18991,0,5,6.212746320119959,3.0284199965535663,1521.0046399952262,442.0
1789885520,50,POST,POST /api/v1/auth/login,0.000000,0.000000,0,0,0,0,0,0,0,0,0,0,0,50,0,1300.0,1369.1218887201103,628.633758999058,2104.1982940005255,1622.0
1789885520,50,POST,POST /api/v1/auth/refresh,0.000000,0.000000,0,0,0,0,0,0,0,0,0,0,0,150,0,25,28.633832166863915,18.447431997628883,82.49066000280436,1622.0
1789885520,50,,Aggregated,25.000000,0.000000,6,7,7,7,8,10,14,18,36,36,36,76521,0,6,8.843276422500471,3.0284199965535663,2104.1982940005255,6830.567713438141
1789885521,50,GET,GET /api/v1/reservas,19.000000,0.000000,6,7,7,7,8,10,12,14,18,18,18,57350,0,7,8.475938276891295,4.633864002244081,1957.275683998887,8965.0
1789885521,50,GET,GET /api/v1/reservas/{id},6.100000,0.000000,5,5,5,6,8,8,9,10,10,10,10,19003,0,5,6.2120322963428,3.0284199965535663,1521.0046399952262,442.0
1789885521,50,POST,POST /api/v1/auth/login,0.000000,0.000000,0,0,0,0,0,0,0,0,0,0,0,50,0,1300.0,1369.1218887201103,628.633758999058,2104.1982940005255,1622.0
1789885521,50,POST,POST /api/v1/auth/refresh,0.000000,0.000000,0,0,0,0,0,0,0,0,0,0,0,150,0,25,28.633832166863915,18.447431997628883,82.49066000280436,1622.0
1789885521,50,,Aggregated,25.100000,0.000000,6,7,7,7,8,9,12,13,18,18,18,76553,0,6,8.842154836102583,3.0284199965535663,2104.1982940005255,6830.12391415098
1789885522,50,GET,GET /api/v1/reservas,17.700000,0.000000,6,7,7,7,9,10,14,18,23,23,23,57366,0,7,8.475904097317432,4.633864002244081,1957.275683998887,8965.0
1789885522,50,GET,GET /api/v1/reservas/{id},6.700000,0.000000,5,5,6,6,8,8,9,10,10,10,10,19010,0,5,6.211693506807112,3.0284199965535663,1521.0046399952262,442.0
1789885522,50,POST,POST /api/v1/auth/login,0.000000,0.000000,0,0,0,0,0,0,0,0,0,0,0,50,0,1300.0,1369.1218887201103,628.633758999058,2104.1982940005255,1622.0
1789885522,50,POST,POST /api/v1/auth/refresh,0.000000,0.000000,0,0,0,0,0,0,0,0,0,0,0,150,0,25,28.633832166863915,18.447431997628883,82.49066000280436,1622.0
1789885522,50,,Aggregated,24.400000,0.000000,6,7,7,7,8,10,13,15,23,23,23,76576,0,6,8.841728182095666,3.0284199965535663,2104.1982940005255,6829.986026953615
1789885523,50,GET,GET /api/v1/reservas,17.800000,0.000000,6,7,7,7,8,9,10,18,23,23,23,57392,0,7,8.474968745568903,4.633864002244081,1957.275683998887,8965.0
1789885523,50,GET,GET /api/v1/reservas/{id},7.500000,0.000000,5,5,5,5,6,7,8,9,9,9,9,19015,0,5,6.211179226789546,3.0284199965535663,1521.0046399952262,442.0
1789885523,50,POST,POST /api/v1/auth/login,0.000000,0.000000,0,0,0,0,0,0,0,0,0,0,0,50,0,1300.0,1369.1218887201103,628.633758999058,2104.1982940005255,1622.0
1789885523,50,POST,POST /api/v1/auth/refresh,0.000000,0.000000,0,0,0,0,0,0,0,0,0,0,0,150,0,25,28.633832166863915,18.447431997628883,82.49066000280436,1622.0
1789885523,50,,Aggregated,25.300000,0.000000,6,7,7,7,8,9,10,15,23,23,23,76607,0,6,8.840603972275849,3.0284199965535663,2104.1982940005255,6830.293706841411
1789885524,50,GET,GET /api/v1/reservas,17.700000,0.000000,6,7,7,7,9,10,13,18,23,23,23,57408,0,7,8.474675333223525,4.633864002244081,1957.275683998887,8965.0
1789885524,50,GET,GET /api/v1/reservas/{id},7.400000,0.000000,5,5,5,5,6,7,8,9,9,9,9,19021,0,5,6.210610312938742,3.0284199965535663,1521.0046399952262,442.0
1789885524,50,POST,POST /api/v1/auth/login,0.000000,0.000000,0,0,0,0,0,0,0,0,0,0,0,50,0,1300.0,1369.1218887201103,628.633758999058,2104.1982940005255,1622.0
1789885524,50,POST,POST /api/v1/auth/refresh,0.000000,0.000000,0,0,0,0,0,0,0,0,0,0,0,150,0,25,28.633832166863915,18.447431997628883,82.49066000280436,1622.0
1789885524,50,,Aggregated,25.100000,0.000000,6,7,7,7,8,9,10,15,23,23,23,76629,0,6,8.839960714000524,3.0284199965535663,2104.1982940005255,6830.2392305785015
1789885525,50,GET,GET /api/v1/reservas,18.400000,0.000000,6,7,7,8,9,10,13,18,23,23,23,57427,0,7,8.474450775535951,4.633864002244081,1957.275683998887,8965.0
1789885525,50,GET,GET /api/v1/reservas/{id},7.200000,0.000000,5,5,5,5,6,7,8,9,9,9,9,19028,0,5,6.210025259377045,3.0284199965535663,1521.0046399952262,442.0
1789885525,50,POST,POST /api/v1/auth/login,0.000000,0.000000,0,0,0,0,0,0,0,0,0,0,0,50,0,1300.0,1369.1218887201103,628.633758999058,2104.1982940005255,1622.0
1789885525,50,POST,POST /api/v1/auth/refresh,0.000000,0.000000,0,0,0,0,0,0,0,0,0,0,0,150,0,25,28.633832166863915,18.447431997628883,82.49066000280436,1622.0
1789885525,50,,Aggregated,25.600000,0.000000,6,7,7,7,8,10,13,15,23,23,23,76655,0,6,8.839316607959972,3.0284199965535663,2104.1982940005255,6830.184997717044
1789885526,50,GET,GET /api/v1/reservas,18.400000,0.000000,7,7,7,8,9,10,13,15,23,23,23,57438,0,7,8.474035064882173,4.633864002244081,1957.275683998887,8965.0
1789885526,50,GET,GET /api/v1/reservas/{id},6.800000,0.000000,5,5,5,5,6,7,8,9,9,9,9,19034,0,5,6.209488078356383,3.0284199965535663,1521.0046399952262,442.0
1789885526,50,POST,POST /api/v1/auth/login,0.000000,0.000000,0,0,0,0,0,0,0,0,0,0,0,50,0,1300.0,1369.1218887201103,628.633758999058,2104.1982940005255,1622.0
1789885526,50,POST,POST /api/v1/auth/refresh,0.000000,0.000000,0,0,0,0,0,0,0,0,0,0,0,150,0,25,28.633832166863915,18.447431997628883,82.49066000280436,1622.0
1789885526,50,,Aggregated,25.200000,0.000000,6,7,7,7,8,10,13,13,23,23,23,76672,0,6,8.838613723408544,3.0284199965535663,2104.1982940005255,6829.99136581803
1789885527,50,GET,GET /api/v1/reservas,18.700000,0.000000,7,7,7,7,9,10,13,15,23,23,23,57462,0,7,8.473122271269794,4.633864002244081,1957.275683998887,8965.0
1789885527,50,GET,GET /api/v1/reservas/{id},7.000000,0.000000,5,5,5,5,6,6,8,9,9,9,9,19041,0,5,6.2088544455872645,3.0284199965535663,1521.0046399952262,442.0
1789885527,50,POST,POST /api/v1/auth/login,0.000000,0.000000,0,0,0,0,0,0,0,0,0,0,0,50,0,1300.0,1369.1218887201103,628.633758999058,2104.1982940005255,1622.0
1789885527,50,POST,POST /api/v1/auth/refresh,0.000000,0.000000,0,0,0,0,0,0,0,0,0,0,0,150,0,25,28.633832166863915,18.447431997628883,82.49066000280436,1622.0
1789885527,50,,Aggregated,25.700000,0.000000,6,7,7,7,8,9,13,13,23,23,23,76703,0,6,8.837418597853727,3.0284199965535663,2104.1982940005255,6830.076424650926
1789885528,50,GET,GET /api/v1/reservas,18.400000,0.000000,7,7,7,7,8,10,13,15,23,23,23,57480,0,7,8.472565085328764,4.633864002244081,1957.275683998887,8965.0
1789885528,50,GET,GET /api/v1/reservas/{id},6.900000,0.000000,5,5,5,5,6,6,8,9,9,9,9,19044,0,5,6.208568585298783,3.0284199965535663,1521.0046399952262,442.0
1789885528,50,POST,POST /api/v1/auth/login,0.000000,0.000000,0,0,0,0,0,0,0,0,0,0,0,50,0,1300.0,1369.1218887201103,628.633758999058,2104.1982940005255,1622.0
1789885528,50,POST,POST /api/v1/auth/refresh,0.000000,0.000000,0,0,0,0,0,0,0,0,0,0,0,150,0,25,28.633832166863915,18.447431997628883,82.49066000280436,1622.0
1789885528,50,,Aggregated,25.300000,0.000000,6,7,7,7,8,9,13,13,23,23,23,76724,0,6,8.836741964759003,3.0284199965535663,2104.1982940005255,6830.32751160002
1789885529,50,GET,GET /api/v1/reservas,18.900000,0.000000,7,7,7,8,9,10,13,15,23,23,23,57496,0,7,8.472431901953186,4.633864002244081,1957.275683998887,8965.0
1789885529,50,GET,GET /api/v1/reservas/{id},6.800000,0.000000,5,5,5,6,6,7,8,9,9,9,9,19053,0,5,6.208151319552142,3.0284199965535663,1521.0046399952262,442.0
1789885529,50,POST,POST /api/v1/auth/login,0.000000,0.000000,0,0,0,0,0,0,0,0,0,0,0,50,0,1300.0,1369.1218887201103,628.633758999058,2104.1982940005255,1622.0
1789885529,50,POST,POST /api/v1/auth/refresh,0.000000,0.000000,0,0,0,0,0,0,0,0,0,0,0,150,0,25,28.633832166863915,18.447431997628883,82.49066000280436,1622.0
1789885529,50,,Aggregated,25.700000,0.000000,6,7,7,7,8,10,13,13,23,23,23,76749,0,6,8.836154490445088,3.0284199965535663,2104.1982940005255,6830.023400956365
1789885530,50,GET,GET /api/v1/reservas,18.300000,0.000000,6,7,7,8,8,10,13,15,23,23,23,57520,0,7,8.471313607818391,4.633864002244081,1957.275683998887,8965.0
1789885530,50,GET,GET /api/v1/reservas/{id},6.600000,0.000000,5,5,5,5,6,7,7,8,8,8,8,19060,0,5,6.207461510516332,3.0284199965535663,1521.0046399952262,442.0
1789885530,50,POST,POST /api/v1/auth/login,0.000000,0.000000,0,0,0,0,0,0,0,0,0,0,0,50,0,1300.0,1369.1218887201103,628.633758999058,2104.1982940005255,1622.0
1789885530,50,POST,POST /api/v1/auth/refresh,0.000000,0.000000,0,0,0,0,0,0,0,0,0,0,0,150,0,25,28.633832166863915,18.447431997628883,82.49066000280436,1622.0
1789885530,50,,Aggregated,24.900000,0.000000,6,7,7,7,8,9,13,13,23,23,23,76780,0,6,8.83479219032558,3.0284199965535663,2104.1982940005255,6830.108361552488
1789885531,50,GET,GET /api/v1/reservas,18.100000,0.000000,6,7,7,8,8,10,13,13,13,13,13,57539,0,7,8.470817573292917,4.633864002244081,1957.275683998887,8965.0
1789885531,50,GET,GET /api/v1/reservas/{id},7.200000,0.000000,5,5,5,5,6,7,7,13,13,13,13,19065,0,5,6.2075350342742555,3.0284199965535663,1521.0046399952262,442.0
1789885531,50,POST,POST /api/v1/auth/login,0.000000,0.000000,0,0,0,0,0,0,0,0,0,0,0,50,0,1300.0,1369.1218887201103,628.633758999058,2104.1982940005255,1622.0
1789885531,50,POST,POST /api/v1/auth/refresh,0.000000,0.000000,0,0,0,0,0,0,0,0,0,0,0,150,0,25,28.633832166863915,18.447431997628883,82.49066000280436,1622.0
1789885531,50,,Aggregated,25.300000,0.000000,6,7,7,7,8,9,13,13,13,13,13,76804,0,6,8.83417786885035,3.0284199965535663,2104.1982940005255,6830.220626529868
1789885532,50,GET,GET /api/v1/reservas,18.800000,0.000000,6,7,8,8,9,11,13,18,20,20,20,57551,0,7,8.471040869936328,4.633864002244081,1957.275683998887,8965.0
1789885532,50,GET,GET /api/v1/reservas/{id},7.000000,0.000000,5,5,5,6,6,7,12,13,13,13,13,19070,0,5,6.207723468560337,3.0284199965535663,1521.0046399952262,442.0
1789885532,50,POST,POST /api/v1/auth/login,0.000000,0.000000,0,0,0,0,0,0,0,0,0,0,0,50,0,1300.0,1369.1218887201103,628.633758999058,2104.1982940005255,1622.0
1789885532,50,POST,POST /api/v1/auth/refresh,0.000000,0.000000,0,0,0,0,0,0,0,0,0,0,0,150,0,25,28.633832166863915,18.447431997628883,82.49066000280436,1622.0
1789885532,50,,Aggregated,25.800000,0.000000,6,7,7,7,9,11,13,13,20,20,20,76821,0,6,8.83416421176753,3.0284199965535663,2104.1982940005255,6830.138308535426
1789885533,50,GET,GET /api/v1/reservas,18.800000,0.000000,6,7,7,8,9,11,13,18,20,20,20,57575,0,7,8.470089124128494,4.633864002244081,1957.275683998887,8965.0
1789885533,50,GET,GET /api/v1/reservas/{id},6.100000,0.000000,5,5,5,6,6,7,12,13,13,13,13,19075,0,5,6.207262952263887,3.0284199965535663,1521.0046399952262,442.0
1789885533,50,POST,POST /api/v1/auth/login,0.000000,0.000000,0,0,0,0,0,0,0,0,0,0,0,50,0,1300.0,1369.1218887201103,628.633758999058,2104.1982940005255,1622.0
1789885533,50,POST,POST /api/v1/auth/refresh,0.000000,0.000000,0,0,0,0,0,0,0,0,0,0,0,150,0,25,28.633832166863915,18.447431997628883,82.49066000280436,1622.0
1789885533,50,,Aggregated,24.900000,0.000000,6,7,7,7,8,11,13,13,20,20,20,76850,0,6,8.83305258812198,3.0284199965535663,2104.1982940005255,6830.389394925179
1789885534,50,GET,GET /api/v1/reservas,18.600000,0.000000,6,7,7,7,8,9,13,18,20,20,20,57599,0,7,8.469198304999885,4.633864002244081,1957.275683998887,8965.0
1789885534,50,GET,GET /api/v1/reservas/{id},6.000000,0.000000,5,5,5,5,6,7,12,13,13,13,13,19079,0,5,6.206786483957974,3.0284199965535663,1521.0046399952262,442.0
1789885534,50,POST,POST /api/v1/auth/login,0.000000,0.000000,0,0,0,0,0,0,0,0,0,0,0,50,0,1300.0,1369.1218887201103,628.633758999058,2104.1982940005255,1622.0
1789885534,50,POST,POST /api/v1/auth/refresh,0.000000,0.000000,0,0,0,0,0,0,0,0,0,0,0,150,0,25,28.633832166863915,18.447431997628883,82.49066000280436,1622.0
1789885534,50,,Aggregated,24.600000,0.000000,6,7,7,7,8,9,13,13,20,20,20,76878,0,6,8.832016984809247,3.0284199965535663,2104.1982940005255,6830.723392908244
1789885535,50,GET,GET /api/v1/reservas,18.200000,0.000000,6,7,7,8,8,10,13,20,21,21,21,57609,0,7,8.469281755154373,4.633864002244081,1957.275683998887,8965.0
1789885535,50,GET,GET /api/v1/reservas/{id},6.100000,0.000000,5,5,6,6,7,10,12,13,13,13,13,19089,0,5,6.2066734162311805,3.0284199965535663,1521.0046399952262,442.0
1789885535,50,POST,POST /api/v1/auth/login,0.000000,0.000000,0,0,0,0,0,0,0,0,0,0,0,50,0,1300.0,1369.1218887201103,628.633758999058,2104.1982940005255,1622.0
1789885535,50,POST,POST /api/v1/auth/refresh,0.000000,0.000000,0,0,0,0,0,0,0,0,0,0,0,150,0,25,28.633832166863915,18.447431997628883,82.49066000280436,1622.0
1789885535,50,,Aggregated,24.300000,0.000000,6,7,7,7,8,10,13,18,21,21,21,76898,0,6,8.831662861663078,3.0284199965535663,2104.1982940005255,6830.170134463835
1789885536,50,GET,GET /api/v1/reservas,19.100000,0.000000,7,7,8,8,9,11,14,20,21,21,21,57633,0,7,8.469002404919166,4.633864002244081,1957.275683998887,8965.0
1789885536,50,GET,GET /api/v1/reservas/{id},5.700000,0.000000,5,5,6,6,7,10,12,13,13,13,13,19095,0,5,6.206151329480588,3.0284199965535663,1521.0046399952262,442.0
1789885536,50,POST,POST /api/v1/auth/login,0.000000,0.000000,0,0,0,0,0,0,0,0,0,0,0,50,0,1300.0,1369.1218887201103,628.633758999058,2104.1982940005255,1622.0
1789885536,50,POST,POST /api/v1/auth/refresh,0.000000,0.000000,0,0,0,0,0,0,0,0,0,0,0,150,0,25,28.633832166863915,18.447431997628883,82.49066000280436,1622.0
1789885536,50,,Aggregated,24.800000,0.000000,6,7,7,8,9,11,14,18,21,21,21,76928,0,6,8.831006194105925,3.0284199965535663,2104.1982940005255,6830.337913373544
1789885537,50,GET,GET /api/v1/reservas,18.200000,0.000000,7,7,8,8,9,11,14,20,21,21,21,57648,0,7,8.468460327049051,4.633864002244081,1957.275683998887,8965.0
1789885537,50,GET,GET /api/v1/reservas/{id},5.900000,0.000000,5,5,6,6,7,10,12,13,13,13,13,19103,0,5,6.2055306269913055,3.0284199965535663,1521.0046399952262,442.0
1789885537,50,POST,POST /api/v1/auth/login,0.000000,0.000000,0,0,0,0,0,0,0,0,0,0,0,50,0,1300.0,1369.1218887201103,628.633758999058,2104.1982940005255,1622.0
1789885537,50,POST,POST /api/v1/auth/refresh,0.000000,0.000000,0,0,0,0,0,0,0,0,0,0,0,150,0,25,28.633832166863915,18.447431997628883,82.49066000280436,1622.0
1789885537,50,,Aggregated,24.100000,0.000000,6,7,7,8,8,11,14,18,21,21,21,76951,0,6,8.830102555680647,3.0284199965535663,2104.1982940005255,6830.089875375239
1789885538,50,GET,GET /api/v1/reservas,19.600000,0.000000,6,7,7,8,8,11,14,20,21,21,21,57669,0,7,8.46769684603023,4.633864002244081,1957.275683998887,8965.0
1789885538,50,GET,GET /api/v1/reservas/{id},6.000000,0.000000,5,5,5,6,8,10,12,13,13,13,13,19109,0,5,6.205120735748273,3.0284199965535663,1521.0046399952262,442.0
1789885538,50,POST,POST /api/v1/auth/login,0.000000,0.000000,0,0,0,0,0,0,0,0,0,0,0,50,0,1300.0,1369.1218887201103,628.633758999058,2104.1982940005255,1622.0
1789885538,50,POST,POST /api/v1/auth/refresh,0.000000,0.000000,0,0,0,0,0,0,0,0,0,0,0,150,0,25,28.633832166863915,18.447431997628883,82.49066000280436,1622.0
1789885538,50,,Aggregated,25.600000,0.000000,6,7,7,7,8,10,14,18,21,21,21,76978,0,6,8.829125604902364,3.0284199965535663,2104.1982940005255,6830.17437449661
1789885539,50,GET,GET /api/v1/reservas,18.700000,0.000000,7,7,8,8,9,12,14,20,21,21,21,57690,0,7,8.46745308631864,4.633864002244081,1957.275683998887,8965.0
1789885539,50,GET,GET /api/v1/reservas/{id},6.000000,0.000000,5,5,5,6,8,10,13,13,13,13,13,19110,0,5,6.205051855489964,3.0284199965535663,1521.0046399952262,442.0
1789885539,50,POST,POST /api/v1/auth/login,0.000000,0.000000,0,0,0,0,0,0,0,0,0,0,0,50,0,1300.0,1369.1218887201103,628.633758999058,2104.1982940005255,1622.0
1789885539,50,POST,POST /api/v1/auth/refresh,0.000000,0.000000,0,0,0,0,0,0,0,0,0,0,0,150,0,25,28.633832166863915,18.447431997628883,82.49066000280436,1622.0
1789885539,50,,Aggregated,24.700000,0.000000,6,7,7,8,9,11,14,18,21,21,21,77000,0,6,8.828793230768559,3.0284199965535663,2104.1982940005255,6830.673636363636
1789885540,50,GET,GET /api/v1/reservas,18.700000,0.000000,7,7,8,8,9,11,14,20,21,21,21,57708,0,7,8.466751986063082,4.633864002244081,1957.275683998887,8965.0
1789885540,50,GET,GET /api/v1/reservas/{id},6.400000,0.000000,5,5,5,6,7,10,10,12,12,12,12,19117,0,5,6.204568785605034,3.0284199965535663,1521.0046399952262,442.0
1789885540,50,POST,POST /api/v1/auth/login,0.000000,0.000000,0,0,0,0,0,0,0,0,0,0,0,50,0,1300.0,1369.1218887201103,628.633758999058,2104.1982940005255,1622.0
1789885540,50,POST,POST /api/v1/auth/refresh,0.000000,0.000000,0,0,0,0,0,0,0,0,0,0,0,150,0,25,28.633832166863915,18.447431997628883,82.49066000280436,1622.0
1789885540,50,,Aggregated,25.100000,0.000000,6,7,7,8,9,11,14,18,21,21,21,77025,0,6,8.827825178152327,3.0284199965535663,2104.1982940005255,6830.591807854593
1789885541,50,GET,GET /api/v1/reservas,19.300000,0.000000,7,7,8,8,10,11,14,14,21,21,21,57726,0,7,8.466579367351189,4.633864002244081,1957.275683998887,8965.0
1789885541,50,GET,GET /api/v1/reservas/{id},5.700000,0.000000,5,5,5,6,6,8,10,10,10,10,10,19123,0,5,6.204197162025811,3.0284199965535663,1521.0046399952262,442.0
1789885541,50,POST,POST /api/v1/auth/login,0.000000,0.000000,0,0,0,0,0,0,0,0,0,0,0,50,0,1300.0,1369.1218887201103,628.633758999058,2104.1982940005255,1622.0
1789885541,50,POST,POST /api/v1/auth/refresh,0.000000,0.000000,0,0,0,0,0,0,0,0,0,0,0,150,0,25,28.633832166863915,18.447431997628883,82.49066000280436,1622.0
1789885541,50,,Aggregated,25.000000,0.000000,6,7,7,8,9,10,13,14,21,21,21,77049,0,6,8.82731498332461,3.0284199965535663,2104.1982940005255,6830.592947345196
1789885542,50,GET,GET /api/v1/reservas,18.900000,0.000000,7,7,8,8,10,12,14,18,21,21,21,57741,0,7,8.466591843780002,4.633864002244081,1957.275683998887,8965.0
1789885542,50,GET,GET /api/v1/reservas/{id},5.700000,0.000000,4,5,5,6,7,10,10,19,19,19,19,19132,0,5,6.204065168117082,3.0284199965535663,1521.0046399952262,442.0
1789885542,50,POST,POST /api/v1/auth/login,0.000000,0.000000,0,0,0,0,0,0,0,0,0,0,0,50,0,1300.0,1369.1218887201103,628.633758999058,2104.1982940005255,1622.0
1789885542,50,POST,POST /api/v1/auth/refresh,0.000000,0.000000,0,0,0,0,0,0,0,0,0,0,0,150,0,25,28.633832166863915,18.447431997628883,82.49066000280436,1622.0
1789885542,50,,Aggregated,24.600000,0.000000,6,7,7,8,10,11,14,18,21,21,21,77073,0,6,8.826915050785109,3.0284199965535663,2104.1982940005255,6830.2623357077055
1789885543,50,GET,GET /api/v1/reservas,18.700000,0.000000,7,7,8,8,10,12,14,18,21,21,21,57758,0,7,8.46590399893914,4.633864002244081,1957.275683998887,8965.0
1789885543,50,GET,GET /api/v1/reservas/{id},5.800000,0.000000,4,5,5,6,7,10,10,19,19,19,19,19138,0,5,6.20346357547355,3.0284199965535663,1521.0046399952262,442.0
1789885543,50,POST,POST /api/v1/auth/login,0.000000,0.000000,0,0,0,0,0,0,0,0,0,0,0,50,0,1300.0,1369.1218887201103,628.633758999058,2104.1982940005255,1622.0
1789885543,50,POST,POST /api/v1/auth/refresh,0.000000,0.000000,0,0,0,0,0,0,0,0,0,0,0,150,0,25,28.633832166863915,18.447431997628883,82.49066000280436,1622.0
1789885543,50,,Aggregated,24.500000,0.000000,6,7,7,8,10,11,14,18,21,21,21,77096,0,6,8.825966824986814,3.0284199965535663,2104.1982940005255,6830.235887724396
1789885544,50,GET,GET /api/v1/reservas,18.900000,0.000000,6,7,8,8,10,12,14,16,18,18,18,57779,0,7,8.465010463554684,4.633864002244081,1957.275683998887,8965.0
1789885544,50,GET,GET /api/v1/reservas/{id},6.200000,0.000000,4,5,5,5,6,6,8,19,19,19,19,19148,0,5,6.202446016785532,3.0284199965535663,1521.0046399952262,442.0
1789885544,50,POST,POST /api/v1/auth/login,0.000000,0.000000,0,0,0,0,0,0,0,0,0,0,0,50,0,1300.0,1369.1218887201103,628.633758999058,2104.1982940005255,1622.0
1789885544,50,POST,POST /api/v1/auth/refresh,0.000000,0.000000,0,0,0,0,0,0,0,0,0,0,0,150,0,25,28.633832166863915,18.447431997628883,82.49066000280436,1622.0
1789885544,50,,Aggregated,25.100000,0.000000,6,7,7,8,9,11,14,16,19,19,19,77127,0,6,8.824606754627812,3.0284199965535663,2104.1982940005255,6829.988862525445
1789885545,50,GET,GET /api/v1/reservas,18.500000,0.000000,6,7,8,8,10,11,13,16,18,18,18,57795,0,7,8.46486077390245,4.633864002244081,1957.275683998887,8965.0
1789885545,50,GET,GET /api/v1/reservas/{id},6.300000,0.000000,4,5,5,5,7,8,8,19,19,19,19,19153,0,5,6.202471036412549,3.0284199965535663,1521.0046399952262,442.0
1789885545,50,POST,POST /api/v1/auth/login,0.000000,0.000000,0,0,0,0,0,0,0,0,0,0,0,50,0,1300.0,1369.1218887201103,628.633758999058,2104.1982940005255,1622.0
1789885545,50,POST,POST /api/v1/auth/refresh,0.000000,0.000000,0,0,0,0,0,0,0,0,0,0,0,150,0,25,28.633832166863915,18.447431997628883,82.49066000280436,1622.0
1789885545,50,,Aggregated,24.800000,0.000000,6,7,7,8,9,10,13,16,19,19,19,77148,0,6,8.824256305401894,3.0284199965535663,2104.1982940005255,6830.017641416498
1789885546,50,GET,GET /api/v1/reservas,18.100000,0.000000,6,7,8,8,10,11,13,16,18,18,18,57814,0,7,8.46434098613984,4.633864002244081,1957.275683998887,8965.0
1789885546,50,GET,GET /api/v1/reservas/{id},6.800000,0.000000,4,5,5,5,7,8,8,19,19,19,19,19159,0,5,6.201970550728678,3.0284199965535663,1521.0046399952262,442.0
1789885546,50,POST,POST /api/v1/auth/login,0.000000,0.000000,0,0,0,0,0,0,0,0,0,0,0,50,0,1300.0,1369.1218887201103,628.633758999058,2104.1982940005255,1622.0
1789885546,50,POST,POST /api/v1/auth/refresh,0.000000,0.000000,0,0,0,0,0,0,0,0,0,0,0,150,0,25,28.633832166863915,18.447431997628883,82.49066000280436,1622.0
1789885546,50,,Aggregated,24.900000,0.000000,6,7,7,8,9,11,13,16,19,19,19,77173,0,6,8.823450336453723,3.0284199965535663,2104.1982940005255,6830.046622523421
1789885547,50,GET,GET /api/v1/reservas,18.100000,0.000000,6,7,8,8,10,11,13,16,18,18,18,57836,0,7,8.463498528195364,4.633864002244081,1957.275683998887,8965.0
1789885547,50,GET,GET /api/v1/reservas/{id},6.800000,0.000000,4,5,5,5,6,8,8,19,19,19,19,19167,0,5,6.201186215181863,3.0284199965535663,1521.0046399952262,442.0
1789885547,50,POST,POST /api/v1/auth/login,0.000000,0.000000,0,0,0,0,0,0,0,0,0,0,0,50,0,1300.0,1369.1218887201103,628.633758999058,2104.1982940005255,1622.0
1789885547,50,POST,POST /api/v1/auth/refresh,0.000000,0.000000,0,0,0,0,0,0,0,0,0,0,0,150,0,25,28.633832166863915,18.447431997628883,82.49066000280436,1622.0
1789885547,50,,Aggregated,24.900000,0.000000,6,7,7,8,9,11,13,16,19,19,19,77203,0,6,8.822250512598494,3.0284199965535663,2104.1982940005255,6829.993057264614
1789885548,50,GET,GET /api/v1/reservas,18.200000,0.000000,6,7,7,8,10,11,13,16,18,18,18,57852,0,7,8.463020362540794,4.633864002244081,1957.275683998887,8965.0
1789885548,50,GET,GET /api/v1/reservas/{id},6.300000,0.000000,4,5,5,5,6,8,8,19,19,19,19,19170,0,5,6.20089797070379,3.0284199965535663,1521.0046399952262,442.0
1789885548,50,POST,POST /api/v1/auth/login,0.000000,0.000000,0,0,0,0,0,0,0,0,0,0,0,50,0,1300.0,1369.1218887201103,628.633758999058,2104.1982940005255,1622.0
1789885548,50,POST,POST /api/v1/auth/refresh,0.000000,0.000000,0,0,0,0,0,0,0,0,0,0,0,150,0,25,28.633832166863915,18.447431997628883,82.49066000280436,1622.0
1789885548,50,,Aggregated,24.500000,0.000000,6,7,7,7,9,10,13,16,19,19,19,77222,0,6,8.821644575032307,3.0284199965535663,2104.1982940005255,6830.187252337417
1789885549,50,GET,GET /api/v1/reservas,18.800000,0.000000,6,7,7,8,10,11,14,16,18,18,18,57873,0,7,8.462579720710416,4.633864002244081,1957.275683998887,8965.0
1789885549,50,GET,GET /api/v1/reservas/{id},6.600000,0.000000,4,5,5,5,6,8,10,19,19,19,19,19180,0,5,6.2003720582054545,3.0284199965535663,1521.0046399952262,442.0
1789885549,50,POST,POST /api/v1/auth/login,0.000000,0.000000,0,0,0,0,0,0,0,0,0,0,0,50,0,1300.0,1369.1218887201103,628.633758999058,2104.1982940005255,1622.0
1789885549,50,POST,POST /api/v1/auth/refresh,0.000000,0.000000,0,0,0,0,0,0,0,0,0,0,0,150,0,25,28.633832166863915,18.447431997628883,82.49066000280436,1622.0
1789885549,50,,Aggregated,25.400000,0.000000,6,7,7,7,9,11,14,16,19,19,19,77253,0,6,8.820747175049481,3.0284199965535663,2104.1982940005255,6829.9406495540625
1789885550,50,GET,GET /api/v1/reservas,18.500000,0.000000,7,7,7,8,9,11,14,18,18,18,18,57892,0,7,8.462277485484638,4.633864002244081,1957.275683998887,8965.0
1789885550,50,GET,GET /api/v1/reservas/{id},6.200000,0.000000,4,5,5,5,6,8,10,19,19,19,19,19184,0,5,6.200218237352691,3.0284199965535663,1521.0046399952262,442.0
1789885550,50,POST,POST /api/v1/auth/login,0.000000,0.000000,0,0,0,0,0,0,0,0,0,0,0,50,0,1300.0,1369.1218887201103,628.633758999058,2104.1982940005255,1622.0
1789885550,50,POST,POST /api/v1/auth/refresh,0.000000,0.000000,0,0,0,0,0,0,0,0,0,0,0,150,0,25,28.633832166863915,18.447431997628883,82.49066000280436,1622.0
1789885550,50,,Aggregated,24.700000,0.000000,6,7,7,7,9,10,14,18,19,19,19,77276,0,6,8.820258865832779,3.0284199965535663,2104.1982940005255,6830.134944872923
1789885551,50,GET,GET /api/v1/reservas,18.000000,0.000000,6,7,7,8,9,10,13,14,18,18,18,57910,0,7,8.461692588234666,4.633864002244081,1957.275683998887,8965.0
1789885551,50,GET,GET /api/v1/reservas/{id},6.900000,0.000000,5,5,5,5,7,8,8,10,10,10,10,19190,0,5,6.199882003614625,3.0284199965535663,1521.0046399952262,442.0
1789885551,50,POST,POST /api/v1/auth/login,0.000000,0.000000,0,0,0,0,0,0,0,0,0,0,0,50,0,1300.0,1369.1218887201103,628.633758999058,2104.1982940005255,1622.0
1789885551,50,POST,POST /api/v1/auth/refresh,0.000000,0.000000,0,0,0,0,0,0,0,0,0,0,0,150,0,25,28.633832166863915,18.447431997628883,82.49066000280436,1622.0
1789885551,50,,Aggregated,24.900000,0.000000,6,7,7,7,8,10,12,13,18,18,18,77300,0,6,8.819450487646538,3.0284199965535663,2104.1982940005255,6830.136222509703
1789885552,50,GET,GET /api/v1/reservas,18.400000,0.000000,7,7,8,8,9,11,16,24,32,32,32,57928,0,7,8.462303738859799,4.633864002244081,1957.275683998887,8965.0
1789885552,50,GET,GET /api/v1/reservas/{id},6.600000,0.000000,5,5,5,6,7,8,8,10,10,10,10,19196,0,5,6.1995470152302214,3.0284199965535663,1521.0046399952262,442.0
1789885552,50,POST,POST /api/v1/auth/login,0.000000,0.000000,0,0,0,0,0,0,0,0,0,0,0,50,0,1300.0,1369.1218887201103,628.633758999058,2104.1982940005255,1622.0
1789885552,50,POST,POST /api/v1/auth/refresh,0.000000,0.000000,0,0,0,0,0,0,0,0,0,0,0,150,0,25,28.633832166863915,18.447431997628883,82.49066000280436,1622.0
1789885552,50,,Aggregated,25.000000,0.000000,6,7,7,8,9,11,14,18,32,32,32,77324,0,6,8.819538626429997,3.0284199965535663,2104.1982940005255,6830.13749935337
1789885553,50,GET,GET /api/v1/reservas,18.100000,0.000000,7,7,8,8,9,11,16,24,32,32,32,57947,0,7,8.461874100396308,4.633864002244081,1957.275683998887,8965.0
1789885553,50,GET,GET /api/v1/reservas/{id},6.800000,0.000000,5,5,5,6,7,8,8,10,10,10,10,19203,0,5,6.199085470361907,3.0284199965535663,1521.0046399952262,442.0
1789885553,50,POST,POST /api/v1/auth/login,0.000000,0.000000,0,0,0,0,0,0,0,0,0,0,0,50,0,1300.0,1369.1218887201103,628.633758999058,2104.1982940005255,1622.0
1789885553,50,POST,POST /api/v1/auth/refresh,0.000000,0.000000,0,0,0,0,0,0,0,0,0,0,0,150,0,25,28.633832166863915,18.447431997628883,82.49066000280436,1622.0
1789885553,50,,Aggregated,24.900000,0.000000,6,7,7,8,9,11,14,18,32,32,32,77350,0,6,8.818777324422339,3.0284199965535663,2104.1982940005255,6830.08378797673
1789885554,50,GET,GET /api/v1/reservas,18.700000,0.000000,7,7,7,8,9,11,16,24,32,32,32,57969,0,7,8.461027884691386,4.633864002244081,1957.275683998887,8965.0
1789885554,50,GET,GET /api/v1/reservas/{id},6.300000,0.000000,5,5,5,6,6,7,8,10,10,10,10,19207,0,5,6.198685180786452,3.0284199965535663,1521.0046399952262,442.0
1789885554,50,POST,POST /api/v1/auth/login,0.000000,0.000000,0,0,0,0,0,0,0,0,0,0,0,50,0,1300.0,1369.1218887201103,628.633758999058,2104.1982940005255,1622.0
1789885554,50,POST,POST /api/v1/auth/refresh,0.000000,0.000000,0,0,0,0,0,0,0,0,0,0,0,150,0,25,28.633832166863915,18.447431997628883,82.49066000280436,1622.0
1789885554,50,,Aggregated,25.000000,0.000000,6,7,7,7,8,10,14,18,32,32,32,77376,0,6,8.817807084575108,3.0284199965535663,2104.1982940005255,6830.360563999173
1789885555,50,GET,GET /api/v1/reservas,18.900000,0.000000,7,7,8,8,9,11,16,24,32,32,32,57981,0,7,8.460810580960201,4.633864002244081,1957.275683998887,8965.0
1789885555,50,GET,GET /api/v1/reservas/{id},6.300000,0.000000,5,5,6,6,7,8,10,15,15,15,15,19216,0,5,6.198822326725991,3.0284199965535663,1521.0046399952262,442.0
1789885555,50,POST,POST /api/v1/auth/login,0.000000,0.000000,0,0,0,0,0,0,0,0,0,0,0,50,0,1300.0,1369.1218887201103,628.633758999058,2104.1982940005255,1622.0
1789885555,50,POST,POST /api/v1/auth/refresh,0.000000,0.000000,0,0,0,0,0,0,0,0,0,0,0,150,0,25,28.633832166863915,18.447431997628883,82.49066000280436,1622.0
1789885555,50,,Aggregated,25.200000,0.000000,6,7,7,7,8,10,15,18,32,32,32,77397,0,6,8.81731846694398,3.0284199965535663,2104.1982940005255,6829.948667261005
1789885556,50,GET,GET /api/v1/reservas,18.900000,0.000000,7,7,8,8,9,12,17,24,32,32,32,58000,0,7,8.460432689459438,4.633864002244081,1957.275683998887,8965.0
1789885556,50,GET,GET /api/v1/reservas/{id},6.000000,0.000000,5,5,6,6,7,8,10,15,15,15,15,19225,0,5,6.198199666911716,3.0284199965535663,1521.0046399952262,442.0
1789885556,50,POST,POST /api/v1/auth/login,0.000000,0.000000,0,0,0,0,0,0,0,0,0,0,0,50,0,1300.0,1369.1218887201103,628.633758999058,2104.1982940005255,1622.0
1789885556,50,POST,POST /api/v1/auth/refresh,0.000000,0.000000,0,0,0,0,0,0,0,0,0,0,0,150,0,25,28.633832166863915,18.447431997628883,82.49066000280436,1622.0
1789885556,50,,Aggregated,24.900000,0.000000,6,7,7,8,9,11,16,18,32,32,32,77425,0,6,8.816488909862038,3.0284199965535663,2104.1982940005255,6829.730061349694
1789885557,50,GET,GET /api/v1/reservas,18.400000,0.000000,7,7,8,8,9,12,17,24,32,32,32,58020,0,7,8.45966446514382,4.633864002244081,1957.275683998887,8965.0
1789885557,50,GET,GET /api/v1/reservas/{id},6.100000,0.000000,5,5,6,6,7,8,10,15,15,15,15,19233,0,5,6.197369855060429,3.0284199965535663,1521.0046399952262,442.0
1789885557,50,POST,POST /api/v1/auth/login,0.000000,0.000000,0,0,0,0,0,0,0,0,0,0,0,50,0,1300.0,1369.1218887201103,628.633758999058,2104.1982940005255,1622.0
1789885557,50,POST,POST /api/v1/auth/refresh,0.000000,0.000000,0,0,0,0,0,0,0,0,0,0,0,150,0,25,28.633832166863915,18.447431997628883,82.49066000280436,1622.0
1789885557,50,,Aggregated,24.500000,0.000000,6,7,7,8,9,11,16,18,32,32,32,77453,0,6,8.815344995688541,3.0284199965535663,2104.1982940005255,6829.621654422682
1789885558,50,GET,GET /api/v1/reservas,18.400000,0.000000,7,7,8,8,9,11,17,24,32,32,32,58033,0,7,8.459342506774462,4.633864002244081,1957.275683998887,8965.0
1789885558,50,GET,GET /api/v1/reservas/{id},6.300000,0.000000,5,5,5,6,7,8,8,15,15,15,15,19237,0,5,6.197160176866171,3.0284199965535663,1521.0046399952262,442.0
1789885558,50,POST,POST /api/v1/auth/login,0.000000,0.000000,0,0,0,0,0,0,0,0,0,0,0,50,0,1300.0,1369.1218887201103,628.633758999058,2104.1982940005255,1622.0
1789885558,50,POST,POST /api/v1/auth/refresh,0.000000,0.000000,0,0,0,0,0,0,0,0,0,0,0,150,0,25,28.633832166863915,18.447431997628883,82.49066000280436,1622.0
1789885558,50,,Aggregated,24.700000,0.000000,6,7,7,8,8,10,16,18,32,32,32,77470,0,6,8.814856890138891,3.0284199965535663,2104.1982940005255,6829.650174261004
1789885559,50,GET,GET /api/v1/reservas,18.200000,0.000000,7,7,7,8,9,11,16,24,32,32,32,58055,0,7,8.458638524186531,4.633864002244081,1957.275683998887,8965.0
1789885559,50,GET,GET /api/v1/reservas/{id},6.500000,0.000000,5,5,5,6,6,7,8,15,15,15,15,19248,0,5,6.19636205732391,3.0284199965535663,1521.0046399952262,442.0
1789885559,50,POST,POST /api/v1/auth/login,0.000000,0.000000,0,0,0,0,0,0,0,0,0,0,0,50,0,1300.0,1369.1218887201103,628.633758999058,2104.1982940005255,1622.0
1789885559,50,POST,POST /api/v1/auth/refresh,0.000000,0.000000,0,0,0,0,0,0,0,0,0,0,0,150,0,25,28.633832166863915,18.447431997628883,82.49066000280436,1622.0
1789885559,50,,Aggregated,24.700000,0.000000,6,7,7,7,8,9,15,17,32,32,32,77503,0,6,8.813658899166002,3.0284199965535663,2104.1982940005255,6829.349715494884
1789885560,50,GET,GET /api/v1/reservas,17.800000,0.000000,7,7,8,8,9,11,16,24,32,32,32,58072,0,7,8.458512656541203,4.633864002244081,1957.275683998887,8965.0
1789885560,50,GET,GET /api/v1/reservas/{id},6.700000,0.000000,5,5,6,6,7,7,8,15,15,15,15,19253,0,5,6.1962772472535335,3.0284199965535663,1521.0046399952262,442.0
1789885560,50,POST,POST /api/v1/auth/login,0.000000,0.000000,0,0,0,0,0,0,0,0,0,0,0,50,0,1300.0,1369.1218887201103,628.633758999058,2104.1982940005255,1622.0
1789885560,50,POST,POST /api/v1/auth/refresh,0.000000,0.000000,0,0,0,0,0,0,0,0,0,0,0,150,0,25,28.633832166863915,18.447431997628883,82.49066000280436,1622.0
1789885560,50,,Aggregated,24.500000,0.000000,6,7,7,8,9,11,15,17,32,32,32,77525,0,6,8.813296898975507,3.0284199965535663,2104.1982940005255,6829.406075459529
1789885561,50,GET,GET /api/v1/reservas,18.400000,0.000000,7,7,8,8,9,10,12,13,17,17,17,58089,0,7,8.458213212753698,4.633864002244081,1957.275683998887,8965.0
1789885561,50,GET,GET /api/v1/reservas/{id},6.800000,0.000000,5,5,6,6,7,7,8,15,15,15,15,19263,0,5,6.195876883994445,3.0284199965535663,1521.0046399952262,442.0
1789885561,50,POST,POST /api/v1/auth/login,0.000000,0.000000,0,0,0,0,0,0,0,0,0,0,0,50,0,1300.0,1369.1218887201103,628.633758999058,2104.1982940005255,1622.0
1789885561,50,POST,POST /api/v1/auth/refresh,0.000000,0.000000,0,0,0,0,0,0,0,0,0,0,0,150,0,25,28.633832166863915,18.447431997628883,82.49066000280436,1622.0
1789885561,50,,Aggregated,25.200000,0.000000,6,7,7,7,8,9,12,13,17,17,17,77552,0,6,8.812557935231558,3.0284199965535663,2104.1982940005255,6829.050585413658
1789885562,50,GET,GET /api/v1/reservas,18.000000,0.000000,7,7,8,8,9,10,13,17,18,18,18,58108,0,7,8.458016877738343,4.633864002244081,1957.275683998887,8965.0
1789885562,50,GET,GET /api/v1/reservas/{id},7.000000,0.000000,5,5,6,6,7,8,9,15,15,15,15,19273,0,5,6.195555212441361,3.0284199965535663,1521.0046399952262,442.0
1789885562,50,POST,POST /api/v1/auth/login,0.000000,0.000000,0,0,0,0,0,0,0,0,0,0,0,50,0,1300.0,1369.1218887201103,628.633758999058,2104.1982940005255,1622.0
1789885562,50,POST,POST /api/v1/auth/refresh,0.000000,0.000000,0,0,0,0,0,0,0,0,0,0,0,150,0,25,28.633832166863915,18.447431997628883,82.49066000280436,1622.0
1789885562,50,,Aggregated,25.000000,0.000000,6,7,7,7,8,10,13,15,18,18,18,77581,0,6,8.81190690506754,3.0284199965535663,2104.1982940005255,6828.750415694564
1789885563,50,GET,GET /api/v1/reservas,18.400000,0.000000,7,7,8,8,9,11,13,17,18,18,18,58122,0,7,8.45783943853679,4.633864002244081,1957.275683998887,8965.0
1789885563,50,GET,GET /api/v1/reservas/{id},7.200000,0.000000,5,6,6,6,7,8,9,15,15,15,15,19278,0,5,6.195490202893147,3.0284199965535663,1521.0046399952262,442.0
1789885563,50,POST,POST /api/v1/auth/login,0.000000,0.000000,0,0,0,0,0,0,0,0,0,0,0,50,0,1300.0,1369.1218887201103,628.633758999058,2104.1982940005255,1622.0
1789885563,50,POST,POST /api/v1/auth/refresh,0.000000,0.000000,0,0,0,0,0,0,0,0,0,0,0,150,0,25,28.633832166863915,18.447431997628883,82.49066000280436,1622.0
1789885563,50,,Aggregated,25.600000,0.000000,6,7,7,8,9,10,13,15,18,18,18,77600,0,6,8.811525428338301,3.0284199965535663,2104.1982940005255,6828.724304123712
1789885564,50,GET,GET /api/v1/reservas,18.100000,0.000000,7,7,8,8,9,10,13,17,18,18,18,58144,0,7,8.457144104492883,4.633864002244081,1957.275683998887,8965.0
1789885564,50,GET,GET /api/v1/reservas/{id},7.400000,0.000000,5,5,6,6,7,8,9,11,11,11,11,19285,0,5,6.1952777268538695,3.0284199965535663,1521.0046399952262,442.0
1789885564,50,POST,POST /api/v1/auth/login,0.000000,0.000000,0,0,0,0,0,0,0,0,0,0,0,50,0,1300.0,1369.1218887201103,628.633758999058,2104.1982940005255,1622.0
1789885564,50,POST,POST /api/v1/auth/refresh,0.000000,0.000000,0,0,0,0,0,0,0,0,0,0,0,150,0,25,28.633832166863915,18.447431997628883,82.49066000280436,1622.0
1789885564,50,,Aggregated,25.500000,0.000000,7,7,7,8,8,10,12,13,18,18,18,77629,0,6,8.810615711075165,3.0284199965535663,2104.1982940005255,6828.753816228471
1789885565,50,GET,GET /api/v1/reservas,17.500000,0.000000,7,7,7,8,8,10,11,13,18,18,18,58161,0,7,8.456656957233006,4.633864002244081,1957.275683998887,8965.0
1789885565,50,GET,GET /api/v1/reservas/{id},7.700000,0.000000,5,5,6,6,7,8,9,11,11,11,11,19287,0,5,6.195206822127265,3.0284199965535663,1521.0046399952262,442.0
1789885565,50,POST,POST /api/v1/auth/login,0.000000,0.000000,0,0,0,0,0,0,0,0,0,0,0,50,0,1300.0,1369.1218887201103,628.633758999058,2104.1982940005255,1622.0
1789885565,50,POST,POST /api/v1/auth/refresh,0.000000,0.000000,0,0,0,0,0,0,0,0,0,0,0,150,0,25,28.633832166863915,18.447431997628883,82.49066000280436,1622.0
1789885565,50,,Aggregated,25.200000,0.000000,7,7,7,7,8,9,11,12,18,18,18,77648,0,6,8.810088457256343,3.0284199965535663,2104.1982940005255,6829.057013702864
1789885566,50,GET,GET /api/v1/reservas,17.400000,0.000000,7,7,8,8,9,10,12,13,18,18,18,58180,0,7,8.456540027511682,4.633864002244081,1957.275683998887,8965.0
1789885566,50,GET,GET /api/v1/reservas/{id},7.900000,0.000000,5,6,6,6,7,9,11,11,11,11,11,19293,0,5,6.1952801716356,3.0284199965535663,1521.0046399952262,442.0
1789885566,50,POST,POST /api/v1/auth/login,0.000000,0.000000,0,0,0,0,0,0,0,0,0,0,0,50,0,1300.0,1369.1218887201103,628.633758999058,2104.1982940005255,1622.0
1789885566,50,POST,POST /api/v1/auth/refresh,0.000000,0.000000,0,0,0,0,0,0,0,0,0,0,0,150,0,25,28.633832166863915,18.447431997628883,82.49066000280436,1622.0
1789885566,50,,Aggregated,25.300000,0.000000,7,7,7,8,9,10,11,13,18,18,18,77673,0,6,8.809730645308385,3.0284199965535663,2104.1982940005255,6829.0861174410675
1789885567,50,GET,GET /api/v1/reservas,18.200000,0.000000,7,7,8,8,9,10,12,13,18,18,18,58201,0,7,8.455747134441696,4.633864002244081,1957.275683998887,8965.0
1789885567,50,GET,GET /api/v1/reservas/{id},7.300000,0.000000,5,6,6,6,7,9,11,11,11,11,11,19299,0,5,6.1948123704531035,3.0284199965535663,1521.0046399952262,442.0
1789885567,50,POST,POST /api/v1/auth/login,0.000000,0.000000,0,0,0,0,0,0,0,0,0,0,0,50,0,1300.0,1369.1218887201103,628.633758999058,2104.1982940005255,1622.0
1789885567,50,POST,POST /api/v1/auth/refresh,0.000000,0.000000,0,0,0,0,0,0,0,0,0,0,0,150,0,25,28.633832166863915,18.447431997628883,82.49066000280436,1622.0
1789885567,50,,Aggregated,25.500000,0.000000,7,7,7,8,9,10,11,13,18,18,18,77700,0,6,8.808723193951847,3.0284199965535663,2104.1982940005255,6829.17018018018
1789885568,50,GET,GET /api/v1/reservas,18.100000,0.000000,7,7,8,8,9,10,12,13,18,18,18,58220,0,7,8.455152784947508,4.633864002244081,1957.275683998887,8965.0
1789885568,50,GET,GET /api/v1/reservas/{id},7.300000,0.000000,5,6,6,6,7,9,11,11,11,11,11,19306,0,5,6.194440417972591,3.0284199965535663,1521.0046399952262,442.0
1789885568,50,POST,POST /api/v1/auth/login,0.000000,0.000000,0,0,0,0,0,0,0,0,0,0,0,50,0,1300.0,1369.1218887201103,628.633758999058,2104.1982940005255,1622.0
1789885568,50,POST,POST /api/v1/auth/refresh,0.000000,0.000000,0,0,0,0,0,0,0,0,0,0,0,150,0,25,28.633832166863915,18.447431997628883,82.49066000280436,1622.0
1789885568,50,,Aggregated,25.400000,0.000000,7,7,7,8,9,10,11,13,18,18,18,77726,0,6,8.80786392082528,3.0284199965535663,2104.1982940005255,6829.117052209042
1789885569,50,GET,GET /api/v1/reservas,17.800000,0.000000,7,7,8,8,9,10,10,13,18,18,18,58239,0,7,8.454554817041025,4.633864002244081,1957.275683998887,8965.0
1789885569,50,GET,GET /api/v1/reservas/{id},6.600000,0.000000,5,6,6,6,7,9,11,11,11,11,11,19311,0,5,6.19405844722521,3.0284199965535663,1521.0046399952262,442.0
1789885569,50,POST,POST /api/v1/auth/login,0.000000,0.000000,0,0,0,0,0,0,0,0,0,0,0,50,0,1300.0,1369.1218887201103,628.633758999058,2104.1982940005255,1622.0
1789885569,50,POST,POST /api/v1/auth/refresh,0.000000,0.000000,0,0,0,0,0,0,0,0,0,0,0,150,0,25,28.633832166863915,18.447431997628883,82.49066000280436,1622.0
1789885569,50,,Aggregated,24.400000,0.000000,7,7,7,8,8,10,11,11,18,18,18,77750,0,6,8.807066880065099,3.0284199965535663,2104.1982940005255,6829.228257234727
1789885570,50,GET,GET /api/v1/reservas,18.600000,0.000000,7,7,8,8,9,10,11,13,18,18,18,58261,0,7,8.454131478358317,4.633864002244081,1957.275683998887,8965.0
1789885570,50,GET,GET /api/v1/reservas/{id},6.800000,0.000000,5,6,6,7,8,9,11,11,11,11,11,19319,0,5,6.19405053674419,3.0284199965535663,1521.0046399952262,442.0
1789885570,50,POST,POST /api/v1/auth/login,0.000000,0.000000,0,0,0,0,0,0,0,0,0,0,0,50,0,1300.0,1369.1218887201103,628.633758999058,2104.1982940005255,1622.0
1789885570,50,POST,POST /api/v1/auth/refresh,0.000000,0.000000,0,0,0,0,0,0,0,0,0,0,0,150,0,25,28.633832166863915,18.447431997628883,82.49066000280436,1622.0
1789885570,50,,Aggregated,25.400000,0.000000,7,7,7,8,9,10,11,11,18,18,18,77780,0,6,8.80637934740342,3.0284199965535663,2104.1982940005255,6829.175404988428
1789885571,50,GET,GET /api/v1/reservas,18.500000,0.000000,7,7,8,8,9,10,10,11,13,13,13,58276,0,7,8.45368774439977,4.633864002244081,1957.275683998887,8965.0
1789885571,50,GET,GET /api/v1/reservas/{id},6.400000,0.000000,5,6,6,7,7,8,11,11,11,11,11,19324,0,5,6.193921992566836,3.0284199965535663,1521.0046399952262,442.0
1789885571,50,POST,POST /api/v1/auth/login,0.000000,0.000000,0,0,0,0,0,0,0,0,0,0,0,50,0,1300.0,1369.1218887201103,628.633758999058,2104.1982940005255,1622.0
1789885571,50,POST,POST /api/v1/auth/refresh,0.000000,0.000000,0,0,0,0,0,0,0,0,0,0,0,150,0,25,28.633832166863915,18.447431997628883,82.49066000280436,1622.0
1789885571,50,,Aggregated,24.900000,0.000000,6,7,7,8,8,10,11,11,13,13,13,77800,0,6,8.805779239563574,3.0284199965535663,2104.1982940005255,6829.176709511568
1789885572,50,GET,GET /api/v1/reservas,18.500000,0.000000,7,7,8,8,9,10,11,15,20,20,20,58300,0,7,8.453695108587212,4.633864002244081,1957.275683998887,8965.0
1789885572,50,GET,GET /api/v1/reservas/{id},6.400000,0.000000,5,6,6,7,7,8,11,11,11,11,11,19330,0,5,6.193498518125202,3.0284199965535663,1521.0046399952262,442.0
1789885572,50,POST,POST /api/v1/auth/login,0.000000,0.000000,0,0,0,0,0,0,0,0,0,0,0,50,0,1300.0,1369.1218887201103,628.633758999058,2104.1982940005255,1622.0
1789885572,50,POST,POST /api/v1/auth/refresh,0.000000,0.000000,0,0,0,0,0,0,0,0,0,0,0,150,0,25,28.633832166863915,18.447431997628883,82.49066000280436,1622.0
1789885572,50,,Aggregated,24.900000,0.000000,7,7,7,8,9,10,11,13,20,20,20,77830,0,6,8.805369657548997,3.0284199965535663,2104.1982940005255,6829.3429268919435
1789885573,50,GET,GET /api/v1/reservas,18.400000,0.000000,7,7,8,8,9,10,11,15,20,20,20,58315,0,7,8.453340918900002,4.633864002244081,1957.275683998887,8965.0
1789885573,50,GET,GET /api/v1/reservas/{id},6.000000,0.000000,5,6,6,7,7,7,8,11,11,11,11,19338,0,5,6.1929476564464405,3.0284199965535663,1521.0046399952262,442.0
1789885573,50,POST,POST /api/v1/auth/login,0.000000,0.000000,0,0,0,0,0,0,0,0,0,0,0,50,0,1300.0,1369.1218887201103,628.633758999058,2104.1982940005255,1622.0
1789885573,50,POST,POST /api/v1/auth/refresh,0.000000,0.000000,0,0,0,0,0,0,0,0,0,0,0,150,0,25,28.633832166863915,18.447431997628883,82.49066000280436,1622.0
1789885573,50,,Aggregated,24.400000,0.000000,7,7,7,8,9,10,11,13,20,20,20,77853,0,6,8.804631378714486,3.0284199965535663,2104.1982940005255,6829.098056593837
1789885574,50,GET,GET /api/v1/reservas,18.900000,0.000000,7,7,8,8,9,10,11,15,20,20,20,58329,0,7,8.45289000630294,4.633864002244081,1957.275683998887,8965.0
1789885574,50,GET,GET /api/v1/reservas/{id},6.000000,0.000000,5,5,6,7,7,7,8,11,11,11,11,19342,0,5,6.192628746115679,3.0284199965535663,1521.0046399952262,442.0
1789885574,50,POST,POST /api/v1/auth/login,0.000000,0.000000,0,0,0,0,0,0,0,0,0,0,0,50,0,1300.0,1369.1218887201103,628.633758999058,2104.1982940005255,1622.0
1789885574,50,POST,POST /api/v1/auth/refresh,0.000000,0.000000,0,0,0,0,0,0,0,0,0,0,0,150,0,25,28.633832166863915,18.447431997628883,82.49066000280436,1622.0
1789885574,50,,Aggregated,24.900000,0.000000,6,7,7,8,9,10,11,13,20,20,20,77871,0,6,8.80401710066723,3.0284199965535663,2104.1982940005255,6829.153972595703
1789885575,50,GET,GET /api/v1/reservas,19.100000,0.000000,7,7,8,8,9,10,11,15,20,20,20,58351,0,7,8.452215459077502,4.633864002244081,1957.275683998887,8965.0
1789885575,50,GET,GET /api/v1/reservas/{id},5.900000,0.000000,5,5,6,6,7,7,7,8,8,8,8,19350,0,5,6.192352574645257,3.0284199965535663,1521.0046399952262,442.0
1789885575,50,POST,POST /api/v1/auth/login,0.000000,0.000000,0,0,0,0,0,0,0,0,0,0,0,50,0,1300.0,1369.1218887201103,628.633758999058,2104.1982940005255,1622.0
1789885575,50,POST,POST /api/v1/auth/refresh,0.000000,0.000000,0,0,0,0,0,0,0,0,0,0,0,150,0,25,28.633832166863915,18.447431997628883,82.49066000280436,1622.0
1789885575,50,,Aggregated,25.000000,0.000000,6,7,7,8,8,9,10,11,20,20,20,77901,0,6,8.803075901889075,3.0284199965535663,2104.1982940005255,6829.101231049665
1789885576,50,GET,GET /api/v1/reservas,18.400000,0.000000,7,7,8,8,9,11,13,20,23,23,23,58363,0,7,8.452627714504482,4.633864002244081,1957.275683998887,8965.0
1789885576,50,GET,GET /api/v1/reservas/{id},5.500000,0.000000,5,5,6,6,7,7,8,11,11,11,11,19357,0,5,6.192355232648491,3.0284199965535663,1521.0046399952262,442.0
1789885576,50,POST,POST /api/v1/auth/login,0.000000,0.000000,0,0,0,0,0,0,0,0,0,0,0,50,0,1300.0,1369.1218887201103,628.633758999058,2104.1982940005255,1622.0
1789885576,50,POST,POST /api/v1/auth/refresh,0.000000,0.000000,0,0,0,0,0,0,0,0,0,0,0,150,0,25,28.633832166863915,18.447431997628883,82.49066000280436,1622.0
1789885576,50,,Aggregated,23.900000,0.000000,6,7,8,8,9,10,12,15,23,23,23,77920,0,6,8.803096776194124,3.0284199965535663,2104.1982940005255,6828.856378336755
1789885577,50,GET,GET /api/v1/reservas,19.100000,0.000000,7,7,8,8,9,11,13,20,23,23,23,58385,0,7,8.45190330772709,4.633864002244081,1957.275683998887,8965.0
1789885577,50,GET,GET /api/v1/reservas/{id},6.200000,0.000000,5,5,6,6,7,7,8,11,11,11,11,19363,0,5,6.191808254319391,3.0284199965535663,1521.0046399952262,442.0
1789885577,50,POST,POST /api/v1/auth/login,0.000000,0.000000,0,0,0,0,0,0,0,0,0,0,0,50,0,1300.0,1369.1218887201103,628.633758999058,2104.1982940005255,1622.0
1789885577,50,POST,POST /api/v1/auth/refresh,0.000000,0.000000,0,0,0,0,0,0,0,0,0,0,0,150,0,25,28.633832166863915,18.447431997628883,82.49066000280436,1622.0
1789885577,50,,Aggregated,25.300000,0.000000,6,7,7,8,9,10,12,15,23,23,23,77948,0,6,8.802118426528928,3.0284199965535663,2104.1982940005255,6828.967657925797
1789885578,50,GET,GET /api/v1/reservas,18.300000,0.000000,7,8,8,8,9,11,13,20,23,23,23,58402,0,7,8.451633079837269,4.633864002244081,1957.275683998887,8965.0
1789885578,50,GET,GET /api/v1/reservas/{id},6.400000,0.000000,5,6,6,6,7,7,8,11,11,11,11,19371,0,5,6.191610603293047,3.0284199965535663,1521.0046399952262,442.0
1789885578,50,POST,POST /api/v1/auth/login,0.000000,0.000000,0,0,0,0,0,0,0,0,0,0,0,50,0,1300.0,1369.1218887201103,628.633758999058,2104.1982940005255,1622.0
1789885578,50,POST,POST /api/v1/auth/refresh,0.000000,0.000000,0,0,0,0,0,0,0,0,0,0,0,150,0,25,28.633832166863915,18.447431997628883,82.49066000280436,1622.0
1789885578,50,,Aggregated,24.700000,0.000000,7,7,8,8,9,10,12,15,23,23,23,77973,0,6,8.801522750004363,3.0284199965535663,2104.1982940005255,6828.778064201711
1789885579,50,GET,GET /api/v1/reservas,18.200000,0.000000,7,8,8,8,9,11,13,20,23,23,23,58420,0,7,8.451405571544878,4.633864002244081,1957.275683998887,8965.0
1789885579,50,GET,GET /api/v1/reservas/{id},6.400000,0.000000,5,5,6,6,7,7,8,11,11,11,11,19379,0,5,6.191247307001372,3.0284199965535663,1521.0046399952262,442.0
1789885579,50,POST,POST /api/v1/auth/login,0.000000,0.000000,0,0,0,0,0,0,0,0,0,0,0,50,0,1300.0,1369.1218887201103,628.633758999058,2104.1982940005255,1622.0
1789885579,50,POST,POST /api/v1/auth/refresh,0.000000,0.000000,0,0,0,0,0,0,0,0,0,0,0,150,0,25,28.633832166863915,18.447431997628883,82.49066000280436,1622.0
1789885579,50,,Aggregated,24.600000,0.000000,7,7,8,8,9,10,12,15,23,23,23,77999,0,6,8.800913656752979,3.0284199965535663,2104.1982940005255,6828.615982256183
1789885580,50,GET,GET /api/v1/reservas,18.500000,0.000000,7,8,8,8,9,11,13,20,23,23,23,58437,0,7,8.451315821357378,4.633864002244081,1957.275683998887,8965.0
1789885580,50,GET,GET /api/v1/reservas/{id},6.600000,0.000000,5,6,6,6,7,7,8,11,11,11,11,19390,0,5,6.191221472737793,3.0284199965535663,1521.0046399952262,442.0
1789885580,50,POST,POST /api/v1/auth/login,0.000000,0.000000,0,0,0,0,0,0,0,0,0,0,0,50,0,1300.0,1369.1218887201103,628.633758999058,2104.1982940005255,1622.0
1789885580,50,POST,POST /api/v1/auth/refresh,0.000000,0.000000,0,0,0,0,0,0,0,0,0,0,0,150,0,25,28.633832166863915,18.447431997628883,82.49066000280436,1622.0
1789885580,50,,Aggregated,25.100000,0.000000,7,7,8,8,9,10,12,15,23,23,23,78027,0,6,8.800395968960636,3.0284199965535663,2104.1982940005255,6828.181078344675
1789885581,50,GET,GET /api/v1/reservas,18.000000,0.000000,7,8,8,9,9,11,12,13,23,23,23,58454,0,7,8.451535288426019,4.633864002244081,1957.275683998887,8965.0
1789885581,50,GET,GET /api/v1/reservas/{id},6.500000,0.000000,5,6,6,6,7,8,8,11,11,11,11,19394,0,5,6.191341032039883,3.0284199965535663,1521.0046399952262,442.0
1789885581,50,POST,POST /api/v1/auth/login,0.000000,0.000000,0,0,0,0,0,0,0,0,0,0,0,50,0,1300.0,1369.1218887201103,628.633758999058,2104.1982940005255,1622.0
1789885581,50,POST,POST /api/v1/auth/refresh,0.000000,0.000000,0,0,0,0,0,0,0,0,0,0,0,150,0,25,28.633832166863915,18.447431997628883,82.49066000280436,1622.0
1789885581,50,,Aggregated,24.500000,0.000000,7,8,8,8,9,10,12,12,23,23,23,78048,0,6,8.800380291437072,3.0284199965535663,2104.1982940005255,6828.319213817138
1789885582,50,GET,GET /api/v1/reservas,17.700000,0.000000,7,8,8,8,9,11,12,13,23,23,23,58474,0,7,8.451139921942408,4.633864002244081,1957.275683998887,8965.0
1789885582,50,GET,GET /api/v1/reservas/{id},6.900000,0.000000,5,6,6,6,7,8,8,11,11,11,11,19397,0,5,6.191136575624064,3.0284199965535663,1521.0046399952262,442.0
1789885582,50,POST,POST /api/v1/auth/login,0.000000,0.000000,0,0,0,0,0,0,0,0,0,0,0,50,0,1300.0,1369.1218887201103,628.633758999058,2104.1982940005255,1622.0
1789885582,50,POST,POST /api/v1/auth/refresh,0.000000,0.000000,0,0,0,0,0,0,0,0,0,0,0,150,0,25,28.633832166863915,18.447431997628883,82.49066000280436,1622.0
1789885582,50,,Aggregated,24.600000,0.000000,7,8,8,8,9,10,12,12,23,23,23,78071,0,6,8.799843747538583,3.0284199965535663,2104.1982940005255,6828.621178158343
1789885583,50,GET,GET /api/v1/reservas,18.000000,0.000000,8,8,8,9,9,11,12,13,23,23,23,58497,0,7,8.450934981736266,4.633864002244081,1957.275683998887,8965.0
1789885583,50,GET,GET /api/v1/reservas/{id},7.000000,0.000000,6,6,6,6,7,8,8,11,11,11,11,19405,0,5,6.190910622693969,3.0284199965535663,1521.0046399952262,442.0
1789885583,50,POST,POST /api/v1/auth/login,0.000000,0.000000,0,0,0,0,0,0,0,0,0,0,0,50,0,1300.0,1369.1218887201103,628.633758999058,2104.1982940005255,1622.0
1789885583,50,POST,POST /api/v1/auth/refresh,0.000000,0.000000,0,0,0,0,0,0,0,0,0,0,0,150,0,25,28.633832166863915,18.447431997628883,82.49066000280436,1622.0
1789885583,50,,Aggregated,25.000000,0.000000,7,8,8,8,9,10,12,12,23,23,23,78102,0,6,8.799264212453553,3.0284199965535663,2104.1982940005255,6828.596130700878
1789885584,50,GET,GET /api/v1/reservas,17.600000,0.000000,8,8,8,9,10,11,12,13,23,23,23,58517,0,7,8.450620918290749,4.633864002244081,1957.275683998887,8965.0
1789885584,50,GET,GET /api/v1/reservas/{id},6.800000,0.000000,6,6,6,6,7,8,8,11,11,11,11,19407,0,5,6.1908145268906285,3.0284199965535663,1521.0046399952262,442.0
1789885584,50,POST,POST /api/v1/auth/login,0.000000,0.000000,0,0,0,0,0,0,0,0,0,0,0,50,0,1300.0,1369.1218887201103,628.633758999058,2104.1982940005255,1622.0
1789885584,50,POST,POST /api/v1/auth/refresh,0.000000,0.000000,0,0,0,0,0,0,0,0,0,0,0,150,0,25,28.633832166863915,18.447431997628883,82.49066000280436,1622.0
1789885584,50,,Aggregated,24.400000,0.000000,7,8,8,8,9,11,12,12,23,23,23,78124,0,6,8.798849150837524,3.0284199965535663,2104.1982940005255,6828.979558138344
1789885585,50,GET,GET /api/v1/reservas,18.100000,0.000000,8,8,8,9,9,10,11,12,12,12,12,58539,0,7,8.450226442860343,4.633864002244081,1957.275683998887,8965.0
1789885585,50,GET,GET /api/v1/reservas/{id},6.700000,0.000000,6,6,6,6,7,8,8,8,8,8,8,19409,0,5,6.19069170165204,3.0284199965535663,1521.0046399952262,442.0
1789885585,50,POST,POST /api/v1/auth/login,0.000000,0.000000,0,0,0,0,0,0,0,0,0,0,0,50,0,1300.0,1369.1218887201103,628.633758999058,2104.1982940005255,1622.0
1789885585,50,POST,POST /api/v1/auth/refresh,0.000000,0.000000,0,0,0,0,0,0,0,0,0,0,0,150,0,25,28.633832166863915,18.447431997628883,82.49066000280436,1622.0
1789885585,50,,Aggregated,24.800000,0.000000,7,8,8,8,9,10,11,12,12,12,12,78148,0,6,8.798358374328336,3.0284199965535663,2104.1982940005255,6829.417425909812
1789885586,50,GET,GET /api/v1/reservas,19.000000,0.000000,8,8,8,9,9,11,13,16,17,17,17,58559,0,7,8.450529928099694,4.633864002244081,1957.275683998887,8965.0
1789885586,50,GET,GET /api/v1/reservas/{id},6.600000,0.000000,6,6,6,7,7,8,8,8,8,8,8,19412,0,5,6.190724559260341,3.0284199965535663,1521.0046399952262,442.0
1789885586,50,POST,POST /api/v1/auth/login,0.000000,0.000000,0,0,0,0,0,0,0,0,0,0,0,50,0,1300.0,1369.1218887201103,628.633758999058,2104.1982940005255,1622.0
1789885586,50,POST,POST /api/v1/auth/refresh,0.000000,0.000000,0,0,0,0,0,0,0,0,0,0,0,150,0,25,28.633832166863915,18.447431997628883,82.49066000280436,1622.0
1789885586,50,,Aggregated,25.600000,0.000000,7,8,8,8,9,10,12,16,17,17,17,78171,0,6,8.79840473404455,3.0284199965535663,2104.1982940005255,6829.718680840721
1789885587,50,GET,GET /api/v1/reservas,18.100000,0.000000,8,8,8,9,9,11,13,16,17,17,17,58581,0,7,8.450125461525069,4.633864002244081,1957.275683998887,8965.0
1789885587,50,GET,GET /api/v1/reservas/{id},5.900000,0.000000,6,6,7,7,7,8,8,8,8,8,8,19418,0,5,6.1906394317834215,3.0284199965535663,1521.0046399952262,442.0
1789885587,50,POST,POST /api/v1/auth/login,0.000000,0.000000,0,0,0,0,0,0,0,0,0,0,0,50,0,1300.0,1369.1218887201103,628.633758999058,2104.1982940005255,1622.0
1789885587,50,POST,POST /api/v1/auth/refresh,0.000000,0.000000,0,0,0,0,0,0,0,0,0,0,0,150,0,25,28.633832166863915,18.447431997628883,82.49066000280436,1622.0
1789885587,50,,Aggregated,24.000000,0.000000,7,8,8,8,9,10,12,16,17,17,17,78199,0,6,8.797782649509779,3.0284199965535663,2104.1982940005255,6829.829294492257
1789885588,50,GET,GET /api/v1/reservas,19.200000,0.000000,8,8,8,9,9,11,13,16,17,17,17,58598,0,7,8.44984829682939,4.633864002244081,1957.275683998887,8965.0
1789885588,50,GET,GET /api/v1/reservas/{id},5.500000,0.000000,6,6,6,7,7,8,8,8,8,8,8,19423,0,5,6.190504254974602,3.0284199965535663,1521.0046399952262,442.0
1789885588,50,POST,POST /api/v1/auth/login,0.000000,0.000000,0,0,0,0,0,0,0,0,0,0,0,50,0,1300.0,1369.1218887201103,628.633758999058,2104.1982940005255,1622.0
1789885588,50,POST,POST /api/v1/auth/refresh,0.000000,0.000000,0,0,0,0,0,0,0,0,0,0,0,150,0,25,28.633832166863915,18.447431997628883,82.49066000280436,1622.0
1789885588,50,,Aggregated,24.700000,0.000000,7,8,8,8,9,10,12,16,17,17,17,78221,0,6,8.797299240651808,3.0284199965535663,2104.1982940005255,6829.885018089772
1789885589,50,GET,GET /api/v1/reservas,19.800000,0.000000,8,8,8,9,10,11,13,16,17,17,17,58617,0,7,8.449505173305084,4.633864002244081,1957.275683998887,8965.0
1789885589,50,GET,GET /api/v1/reservas/{id},5.500000,0.000000,6,6,7,7,7,8,8,8,8,8,8,19424,0,5,6.190442361736518,3.0284199965535663,1521.0046399952262,442.0
1789885589,50,POST,POST /api/v1/auth/login,0.000000,0.000000,0,0,0,0,0,0,0,0,0,0,0,50,0,1300.0,1369.1218887201103,628.633758999058,2104.1982940005255,1622.0
1789885589,50,POST,POST /api/v1/auth/refresh,0.000000,0.000000,0,0,0,0,0,0,0,0,0,0,0,150,0,25,28.633832166863915,18.447431997628883,82.49066000280436,1622.0
1789885589,50,,Aggregated,25.300000,0.000000,7,8,8,8,9,10,12,16,17,17,17,78241,0,6,8.79690911975868,3.0284199965535663,2104.1982940005255,6830.321864495597
1789885590,50,GET,GET /api/v1/reservas,19.400000,0.000000,7,8,8,8,10,12,16,17,19,19,19,58640,0,7,8.44964630224447,4.633864002244081,1957.275683998887,8965.0
1789885590,50,GET,GET /api/v1/reservas/{id},5.100000,0.000000,6,6,6,7,7,9,13,13,13,13,13,19434,0,5,6.190655248654908,3.0284199965535663,1521.0046399952262,442.0
1789885590,50,POST,POST /api/v1/auth/login,0.000000,0.000000,0,0,0,0,0,0,0,0,0,0,0,50,0,1300.0,1369.1218887201103,628.633758999058,2104.1982940005255,1622.0
1789885590,50,POST,POST /api/v1/auth/refresh,0.000000,0.000000,0,0,0,0,0,0,0,0,0,0,0,150,0,25,28.633832166863915,18.447431997628883,82.49066000280436,1622.0
1789885590,50,,Aggregated,24.500000,0.000000,7,8,8,8,9,11,16,17,19,19,19,78274,0,6,8.796632630592793,3.0284199965535663,2104.1982940005255,6830.132968801901
1789885591,50,GET,GET /api/v1/reservas,19.600000,0.000000,8,8,8,9,10,12,16,17,19,19,19,58654,0,7,8.449785291840222,4.633864002244081,1957.275683998887,8965.0
1789885591,50,GET,GET /api/v1/reservas/{id},4.800000,0.000000,6,6,6,7,7,9,13,13,13,13,13,19438,0,5,6.190491611449321,3.0284199965535663,1521.0046399952262,442.0
1789885591,50,POST,POST /api/v1/auth/login,0.000000,0.000000,0,0,0,0,0,0,0,0,0,0,0,50,0,1300.0,1369.1218887201103,628.633758999058,2104.1982940005255,1622.0
1789885591,50,POST,POST /api/v1/auth/refresh,0.000000,0.000000,0,0,0,0,0,0,0,0,0,0,0,150,0,25,28.633832166863915,18.447431997628883,82.49066000280436,1622.0
1789885591,50,,Aggregated,24.400000,0.000000,7,8,8,9,10,12,16,17,19,19,19,78292,0,6,8.79650094150096,3.0284199965535663,2104.1982940005255,6830.188346191182
1789885592,50,GET,GET /api/v1/reservas,20.200000,0.000000,7,8,8,9,10,13,16,17,19,19,19,58671,0,7,8.449392374249241,4.633864002244081,1957.275683998887,8965.0
1789885592,50,GET,GET /api/v1/reservas/{id},4.500000,0.000000,6,6,7,7,9,10,13,13,13,13,13,19444,0,5,6.190739419015834,3.0284199965535663,1521.0046399952262,442.0
1789885592,50,POST,POST /api/v1/auth/login,0.000000,0.000000,0,0,0,0,0,0,0,0,0,0,0,50,0,1300.0,1369.1218887201103,628.633758999058,2104.1982940005255,1622.0
1789885592,50,POST,POST /api/v1/auth/refresh,0.000000,0.000000,0,0,0,0,0,0,0,0,0,0,0,150,0,25,28.633832166863915,18.447431997628883,82.49066000280436,1622.0
1789885592,50,,Aggregated,24.700000,0.000000,7,8,8,8,10,12,16,17,19,19,19,78315,0,6,8.795993187945683,3.0284199965535663,2104.1982940005255,6830.162331609526
1789885593,50,GET,GET /api/v1/reservas,19.800000,0.000000,8,8,8,9,10,13,16,17,19,19,19,58693,0,7,8.449384796493339,4.633864002244081,1957.275683998887,8965.0
1789885593,50,GET,GET /api/v1/reservas/{id},4.500000,0.000000,6,6,7,7,9,10,13,13,13,13,13,19450,0,5,6.190976803102348,3.0284199965535663,1521.0046399952262,442.0
1789885593,50,POST,POST /api/v1/auth/login,0.000000,0.000000,0,0,0,0,0,0,0,0,0,0,0,50,0,1300.0,1369.1218887201103,628.633758999058,2104.1982940005255,1622.0
1789885593,50,POST,POST /api/v1/auth/refresh,0.000000,0.000000,0,0,0,0,0,0,0,0,0,0,0,150,0,25,28.633832166863915,18.447431997628883,82.49066000280436,1622.0
1789885593,50,,Aggregated,24.300000,0.000000,7,8,8,9,10,12,16,17,19,19,19,78343,0,6,8.795749587607945,3.0284199965535663,2104.1982940005255,6830.272583383327
1789885594,50,GET,GET /api/v1/reservas,19.600000,0.000000,7,8,8,9,10,13,16,17,19,19,19,58710,0,7,8.449168532270303,4.633864002244081,1957.275683998887,8965.0
1789885594,50,GET,GET /api/v1/reservas/{id},4.700000,0.000000,6,6,7,7,9,10,13,13,13,13,13,19454,0,5,6.1908396865605235,3.0284199965535663,1521.0046399952262,442.0
1789885594,50,POST,POST /api/v1/auth/login,0.000000,0.000000,0,0,0,0,0,0,0,0,0,0,0,50,0,1300.0,1369.1218887201103,628.633758999058,2104.1982940005255,1622.0
1789885594,50,POST,POST /api/v1/auth/refresh,0.000000,0.000000,0,0,0,0,0,0,0,0,0,0,0,150,0,25,28.633832166863915,18.447431997628883,82.49066000280436,1622.0
1789885594,50,,Aggregated,24.300000,0.000000,7,8,8,9,10,12,16,17,19,19,19,78364,0,6,8.79534542714745,3.0284199965535663,2104.1982940005255,6830.409601347557
1789885595,50,GET,GET /api/v1/reservas,19.400000,0.000000,7,8,8,9,10,13,16,17,19,19,19,58730,0,7,8.448555537452718,4.633864002244081,1957.275683998887,8965.0
1789885595,50,GET,GET /api/v1/reservas/{id},4.600000,0.000000,6,6,6,7,9,10,13,13,13,13,13,19462,0,5,6.190344432656297,3.0284199965535663,1521.0046399952262,442.0
1789885595,50,POST,POST /api/v1/auth/login,0.000000,0.000000,0,0,0,0,0,0,0,0,0,0,0,50,0,1300.0,1369.1218887201103,628.633758999058,2104.1982940005255,1622.0
1789885595,50,POST,POST /api/v1/auth/refresh,0.000000,0.000000,0,0,0,0,0,0,0,0,0,0,0,150,0,25,28.633832166863915,18.447431997628883,82.49066000280436,1622.0
1789885595,50,,Aggregated,24.000000,0.000000,7,8,8,8,10,12,16,17,19,19,19,78392,0,6,8.794409114756602,3.0284199965535663,2104.1982940005255,6830.302250229615
1789885596,50,GET,GET /api/v1/reservas,19.200000,0.000000,7,8,8,9,10,11,15,17,19,19,19,58749,0,7,8.44835467440438,4.633864002244081,1957.275683998887,8965.0
1789885596,50,GET,GET /api/v1/reservas/{id},4.600000,0.000000,6,6,6,7,9,10,13,13,13,13,13,19465,0,5,6.190222653139161,3.0284199965535663,1521.0046399952262,442.0
1789885596,50,POST,POST /api/v1/auth/login,0.000000,0.000000,0,0,0,0,0,0,0,0,0,0,0,50,0,1300.0,1369.1218887201103,628.633758999058,2104.1982940005255,1622.0
1789885596,50,POST,POST /api/v1/auth/refresh,0.000000,0.000000,0,0,0,0,0,0,0,0,0,0,0,150,0,25,28.633832166863915,18.447431997628883,82.49066000280436,1622.0
1789885596,50,,Aggregated,23.800000,0.000000,7,8,8,8,10,11,14,16,19,19,19,78414,0,6,8.794044966090002,3.0284199965535663,2104.1982940005255,6830.575088632132
1789885597,50,GET,GET /api/v1/reservas,19.600000,0.000000,7,8,9,9,11,14,19,25,45,45,45,58769,0,7,8.449565218832598,4.633864002244081,1957.275683998887,8965.0
1789885597,50,GET,GET /api/v1/reservas/{id},5.400000,0.000000,6,6,6,7,9,10,46,46,46,46,46,19471,0,5,6.192097795970995,3.0284199965535663,1521.0046399952262,442.0
1789885597,50,POST,POST /api/v1/auth/login,0.000000,0.000000,0,0,0,0,0,0,0,0,0,0,0,50,0,1300.0,1369.1218887201103,628.633758999058,2104.1982940005255,1622.0
1789885597,50,POST,POST /api/v1/auth/refresh,0.000000,0.000000,0,0,0,0,0,0,0,0,0,0,0,150,0,25,28.633832166863915,18.447431997628883,82.49066000280436,1622.0
1789885597,50,,Aggregated,25.000000,0.000000,7,8,8,9,10,13,19,25,46,46,46,78440,0,6,8.795130084038359,3.0284199965535663,2104.1982940005255,6830.630634880164
1789885598,50,GET,GET /api/v1/reservas,18.900000,0.000000,7,8,8,9,11,14,19,25,45,45,45,58786,0,7,8.449198349837896,4.633864002244081,1957.275683998887,8965.0
1789885598,50,GET,GET /api/v1/reservas/{id},5.300000,0.000000,6,6,6,7,9,10,13,46,46,46,46,19481,0,5,6.19150125082649,3.0284199965535663,1521.0046399952262,442.0
1789885598,50,POST,POST /api/v1/auth/login,0.000000,0.000000,0,0,0,0,0,0,0,0,0,0,0,50,0,1300.0,1369.1218887201103,628.633758999058,2104.1982940005255,1622.0
1789885598,50,POST,POST /api/v1/auth/refresh,0.000000,0.000000,0,0,0,0,0,0,0,0,0,0,0,150,0,25,28.633832166863915,18.447431997628883,82.49066000280436,1622.0
1789885598,50,,Aggregated,24.200000,0.000000,7,8,8,9,10,13,19,25,46,46,46,78467,0,6,8.79430052534143,3.0284199965535663,2104.1982940005255,6830.278868823837
1789885599,50,GET,GET /api/v1/reservas,19.100000,0.000000,7,8,8,9,11,14,19,25,45,45,45,58803,0,7,8.448685625131079,4.633864002244081,1957.275683998887,8965.0
1789885599,50,GET,GET /api/v1/reservas/{id},5.200000,0.000000,6,6,6,7,9,10,13,46,46,46,46,19489,0,5,6.191073288591137,3.0284199965535663,1521.0046399952262,442.0
1789885599,50,POST,POST /api/v1/auth/login,0.000000,0.000000,0,0,0,0,0,0,0,0,0,0,0,50,0,1300.0,1369.1218887201103,628.633758999058,2104.1982940005255,1622.0
1789885599,50,POST,POST /api/v1/auth/refresh,0.000000,0.000000,0,0,0,0,0,0,0,0,0,0,0,150,0,25,28.633832166863915,18.447431997628883,82.49066000280436,1622.0
1789885599,50,,Aggregated,24.300000,0.000000,7,8,8,9,10,13,19,25,46,46,46,78492,0,6,8.793470129401465,3.0284199965535663,2104.1982940005255,6830.090111094124
1789885600,50,GET,GET /api/v1/reservas,18.800000,0.000000,7,8,8,8,10,11,14,25,45,45,45,58823,0,7,8.448065106311825,4.633864002244081,1957.275683998887,8965.0
1789885600,50,GET,GET /api/v1/reservas/{id},5.700000,0.000000,5,6,6,6,7,10,10,46,46,46,46,19494,0,5,6.1906717202394494,3.0284199965535663,1521.0046399952262,442.0
1789885600,50,POST,POST /api/v1/auth/login,0.000000,0.000000,0,0,0,0,0,0,0,0,0,0,0,50,0,1300.0,1369.1218887201103,628.633758999058,2104.1982940005255,1622.0
1789885600,50,POST,POST /api/v1/auth/refresh,0.000000,0.000000,0,0,0,0,0,0,0,0,0,0,0,150,0,25,28.633832166863915,18.447431997628883,82.49066000280436,1622.0
1789885600,50,,Aggregated,24.500000,0.000000,7,7,8,8,9,11,14,25,46,46,46,78517,0,6,8.792652005603529,3.0284199965535663,2104.1982940005255,6830.227122788696
1789885601,50,GET,GET /api/v1/reservas,18.500000,0.000000,7,8,8,8,10,11,14,25,45,45,45,58838,0,7,8.447884001267987,4.633864002244081,1957.275683998887,8965.0
1789885601,50,GET,GET /api/v1/reservas/{id},6.300000,0.000000,5,6,6,6,7,9,10,46,46,46,46,19501,0,5,6.19080067731622,3.0284199965535663,1521.0046399952262,442.0
1789885601,50,POST,POST /api/v1/auth/login,0.000000,0.000000,0,0,0,0,0,0,0,0,0,0,0,50,0,1300.0,1369.1218887201103,628.633758999058,2104.1982940005255,1622.0
1789885601,50,POST,POST /api/v1/auth/refresh,0.000000,0.000000,0,0,0,0,0,0,0,0,0,0,0,150,0,25,28.633832166863915,18.447431997628883,82.49066000280436,1622.0
1789885601,50,,Aggregated,24.800000,0.000000,7,7,8,8,9,11,14,25,46,46,46,78539,0,6,8.792250628808528,3.0284199965535663,2104.1982940005255,6830.06547065789
1789885602,50,GET,GET /api/v1/reservas,18.200000,0.000000,7,8,8,8,10,12,21,34,45,45,45,58862,0,7,8.448384388478162,4.633864002244081,1957.275683998887,8965.0
1789885602,50,GET,GET /api/v1/reservas/{id},6.100000,0.000000,5,6,6,6,7,9,15,46,46,46,46,19506,0,5,6.191177900048112,3.0284199965535663,1521.0046399952262,442.0
1789885602,50,POST,POST /api/v1/auth/login,0.000000,0.000000,0,0,0,0,0,0,0,0,0,0,0,50,0,1300.0,1369.1218887201103,628.633758999058,2104.1982940005255,1622.0
1789885602,50,POST,POST /api/v1/auth/refresh,0.000000,0.000000,0,0,0,0,0,0,0,0,0,0,0,150,0,25,28.633832166863915,18.447431997628883,82.49066000280436,1622.0
1789885602,50,,Aggregated,24.300000,0.000000,7,7,8,8,9,12,21,34,46,46,46,78568,0,6,8.79244841734528,3.0284199965535663,2104.1982940005255,6830.311093574993
1789885603,50,GET,GET /api/v1/reservas,18.600000,0.000000,7,8,8,9,12,14,21,34,45,45,45,58887,0,7,8.449085643802427,4.633864002244081,1957.275683998887,8965.0
1789885603,50,GET,GET /api/v1/reservas/{id},6.200000,0.000000,5,6,6,6,8,9,15,46,46,46,46,19509,0,5,6.19148859441016,3.0284199965535663,1521.0046399952262,442.0
1789885603,50,POST,POST /api/v1/auth/login,0.000000,0.000000,0,0,0,0,0,0,0,0,0,0,0,50,0,1300.0,1369.1218887201103,628.633758999058,2104.1982940005255,1622.0
1789885603,50,POST,POST /api/v1/auth/refresh,0.000000,0.000000,0,0,0,0,0,0,0,0,0,0,0,150,0,25,28.633832166863915,18.447431997628883,82.49066000280436,1622.0
1789885603,50,,Aggregated,24.800000,0.000000,7,8,8,8,10,14,21,34,46,46,46,78596,0,6,8.79284221278418,3.0284199965535663,2104.1982940005255,6830.746259351621
1789885604,50,GET,GET /api/v1/reservas,18.600000,0.000000,7,8,9,9,12,14,21,34,45,45,45,58903,0,7,8.449068912799238,4.633864002244081,1957.275683998887,8965.0
1789885604,50,GET,GET /api/v1/reservas/{id},6.100000,0.000000,5,6,6,7,8,9,15,46,46,46,46,19514,0,5,6.1914627292379505,3.0284199965535663,1521.0046399952262,442.0
1789885604,50,POST,POST /api/v1/auth/login,0.000000,0.000000,0,0,0,0,0,0,0,0,0,0,0,50,0,1300.0,1369.1218887201103,628.633758999058,2104.1982940005255,1622.0
1789885604,50,POST,POST /api/v1/auth/refresh,0.000000,0.000000,0,0,0,0,0,0,0,0,0,0,0,150,0,25,28.633832166863915,18.447431997628883,82.49066000280436,1622.0
1789885604,50,,Aggregated,24.700000,0.000000,7,8,8,9,11,14,21,34,46,46,46,78617,0,6,8.792587851609788,3.0284199965535663,2104.1982940005255,6830.774298179783
1789885605,50,GET,GET /api/v1/reservas,19.300000,0.000000,7,8,9,9,12,14,21,34,45,45,45,58920,0,7,8.448698400163208,4.633864002244081,1957.275683998887,8965.0
1789885605,50,GET,GET /api/v1/reservas/{id},5.700000,0.000000,6,6,6,7,8,9,15,46,46,46,46,19521,0,5,6.191289437495749,3.0284199965535663,1521.0046399952262,442.0
1789885605,50,POST,POST /api/v1/auth/login,0.000000,0.000000,0,0,0,0,0,0,0,0,0,0,0,50,0,1300.0,1369.1218887201103,628.633758999058,2104.1982940005255,1622.0
1789885605,50,POST,POST /api/v1/auth/refresh,0.000000,0.000000,0,0,0,0,0,0,0,0,0,0,0,150,0,25,28.633832166863915,18.447431997628883,82.49066000280436,1622.0
1789885605,50,,Aggregated,25.000000,0.000000,7,8,8,9,11,14,21,34,46,46,46,78641,0,6,8.79196144642126,3.0284199965535663,2104.1982940005255,6830.666980328328
1789885606,50,GET,GET /api/v1/reservas,19.100000,0.000000,7,8,8,9,10,13,15,21,34,34,34,58942,0,7,8.447880788039411,4.633864002244081,1957.275683998887,8965.0
1789885606,50,GET,GET /api/v1/reservas/{id},5.900000,0.000000,5,6,6,6,8,9,9,15,15,15,15,19530,0,5,6.190535417529389,3.0284199965535663,1521.0046399952262,442.0
1789885606,50,POST,POST /api/v1/auth/login,0.000000,0.000000,0,0,0,0,0,0,0,0,0,0,0,50,0,1300.0,1369.1218887201103,628.633758999058,2104.1982940005255,1622.0
1789885606,50,POST,POST /api/v1/auth/refresh,0.000000,0.000000,0,0,0,0,0,0,0,0,0,0,0,150,0,25,28.633832166863915,18.447431997628883,82.49066000280436,1622.0
1789885606,50,,Aggregated,25.000000,0.000000,7,8,8,8,10,12,15,16,34,34,34,78672,0,6,8.790768194198847,3.0284199965535663,2104.1982940005255,6830.532972340859
1789885607,50,GET,GET /api/v1/reservas,19.000000,0.000000,7,8,8,9,10,12,15,21,34,34,34,58965,0,7,8.447613426297536,4.633864002244081,1957.275683998887,8965.0
1789885607,50,GET,GET /api/v1/reservas/{id},5.800000,0.000000,5,6,6,7,8,9,9,15,15,15,15,19534,0,5,6.190528019727657,3.0284199965535663,1521.0046399952262,442.0
1789885607,50,POST,POST /api/v1/auth/login,0.000000,0.000000,0,0,0,0,0,0,0,0,0,0,0,50,0,1300.0,1369.1218887201103,628.633758999058,2104.1982940005255,1622.0
1789885607,50,POST,POST /api/v1/auth/refresh,0.000000,0.000000,0,0,0,0,0,0,0,0,0,0,0,150,0,25,28.633832166863915,18.447431997628883,82.49066000280436,1622.0
1789885607,50,,Aggregated,24.800000,0.000000,7,8,8,8,10,12,15,16,34,34,34,78699,0,6,8.790333667264358,3.0284199965535663,2104.1982940005255,6830.832069022478
1789885608,50,GET,GET /api/v1/reservas,19.200000,0.000000,7,8,8,9,10,12,15,21,34,34,34,58985,0,7,8.446916395619533,4.633864002244081,1957.275683998887,8965.0
1789885608,50,GET,GET /api/v1/reservas/{id},6.500000,0.000000,5,6,6,7,8,9,9,15,15,15,15,19542,0,5,6.189948036657945,3.0284199965535663,1521.0046399952262,442.0
1789885608,50,POST,POST /api/v1/auth/login,0.000000,0.000000,0,0,0,0,0,0,0,0,0,0,0,50,0,1300.0,1369.1218887201103,628.633758999058,2104.1982940005255,1622.0
1789885608,50,POST,POST /api/v1/auth/refresh,0.000000,0.000000,0,0,0,0,0,0,0,0,0,0,0,150,0,25,28.633832166863915,18.447431997628883,82.49066000280436,1622.0
1789885608,50,,Aggregated,25.700000,0.000000,7,8,8,8,10,12,15,16,34,34,34,78727,0,6,8.789316211579653,3.0284199965535663,2104.1982940005255,6830.725024451586
1789885609,50,GET,GET /api/v1/reservas,19.200000,0.000000,7,8,8,9,10,12,15,21,34,34,34,59001,0,7,8.44645760083059,4.633864002244081,1957.275683998887,8965.0
1789885609,50,GET,GET /api/v1/reservas/{id},6.300000,0.000000,5,6,6,7,8,9,9,15,15,15,15,19546,0,5,6.189730132117653,3.0284199965535663,1521.0046399952262,442.0
1789885609,50,POST,POST /api/v1/auth/login,0.000000,0.000000,0,0,0,0,0,0,0,0,0,0,0,50,0,1300.0,1369.1218887201103,628.633758999058,2104.1982940005255,1622.0
1789885609,50,POST,POST /api/v1/auth/refresh,0.000000,0.000000,0,0,0,0,0,0,0,0,0,0,0,150,0,25,28.633832166863915,18.447431997628883,82.49066000280436,1622.0
1789885609,50,,Aggregated,25.500000,0.000000,7,8,8,8,10,12,15,16,34,34,34,78747,0,6,8.788716768004129,3.0284199965535663,2104.1982940005255,6830.834152412155
1789885610,50,GET,GET /api/v1/reservas,19.600000,0.000000,7,8,8,9,11,13,15,21,34,34,34,59017,0,7,8.445890833973184,4.633864002244081,1957.275683998887,8965.0
1789885610,50,GET,GET /api/v1/reservas/{id},6.000000,0.000000,5,6,6,6,8,9,9,15,15,15,15,19552,0,5,6.189085049886158,3.0284199965535663,1521.0046399952262,442.0
1789885610,50,POST,POST /api/v1/auth/login,0.000000,0.000000,0,0,0,0,0,0,0,0,0,0,0,50,0,1300.0,1369.1218887201103,628.633758999058,2104.1982940005255,1622.0
1789885610,50,POST,POST /api/v1/auth/refresh,0.000000,0.000000,0,0,0,0,0,0,0,0,0,0,0,150,0,25,28.633832166863915,18.447431997628883,82.49066000280436,1622.0
1789885610,50,,Aggregated,25.600000,0.000000,7,8,8,8,10,12,15,16,34,34,34,78769,0,6,8.78786450894405,3.0284199965535663,2104.1982940005255,6830.781005217788
1789885611,50,GET,GET /api/v1/reservas,19.900000,0.000000,7,8,9,9,11,13,15,16,23,23,23,59040,0,7,8.446648917591546,4.633864002244081,1957.275683998887,8965.0
1789885611,50,GET,GET /api/v1/reservas/{id},5.800000,0.000000,5,6,6,6,8,9,11,11,11,11,11,19555,0,5,6.189356298510395,3.0284199965535663,1521.0046399952262,442.0
1789885611,50,POST,POST /api/v1/auth/login,0.000000,0.000000,0,0,0,0,0,0,0,0,0,0,0,50,0,1300.0,1369.1218887201103,628.633758999058,2104.1982940005255,1622.0
1789885611,50,POST,POST /api/v1/auth/refresh,0.000000,0.000000,0,0,0,0,0,0,0,0,0,0,0,150,0,25,28.633832166863915,18.447431997628883,82.49066000280436,1622.0
1789885611,50,,Aggregated,25.700000,0.000000,7,8,8,9,11,13,15,15,23,23,23,78795,0,6,8.788301082213593,3.0284199965535663,2104.1982940005255,6831.1607335490835
1789885612,50,GET,GET /api/v1/reservas,19.700000,0.000000,7,8,10,11,13,19,37,40,50,50,50,59060,0,7,8.450687492289537,4.633864002244081,1957.275683998887,8965.0
1789885612,50,GET,GET /api/v1/reservas/{id},5.900000,0.000000,5,6,6,7,9,11,24,38,38,38,38,19559,0,5,6.192132372277262,3.0284199965535663,1521.0046399952262,442.0
1789885612,50,POST,POST /api/v1/auth/login,0.000000,0.000000,0,0,0,0,0,0,0,0,0,0,0,50,0,1300.0,1369.1218887201103,628.633758999058,2104.1982940005255,1622.0
1789885612,50,POST,POST /api/v1/auth/refresh,0.000000,0.000000,0,0,0,0,0,0,0,0,0,0,0,150,0,25,28.633832166863915,18.447431997628883,82.49066000280436,1622.0
1789885612,50,,Aggregated,25.600000,0.000000,7,8,9,10,12,16,37,38,50,50,50,78819,0,6,8.791797531369793,3.0284199965535663,2104.1982940005255,6831.377941866809
1789885613,50,GET,GET /api/v1/reservas,19.800000,0.000000,7,8,10,10,13,19,37,40,50,50,50,59076,0,7,8.450855363981836,4.633864002244081,1957.275683998887,8965.0
1789885613,50,GET,GET /api/v1/reservas/{id},5.500000,0.000000,5,6,6,7,8,11,24,38,38,38,38,19569,0,5,6.192210489619977,3.0284199965535663,1521.0046399952262,442.0
1789885613,50,POST,POST /api/v1/auth/login,0.000000,0.000000,0,0,0,0,0,0,0,0,0,0,0,50,0,1300.0,1369.1218887201103,628.633758999058,2104.1982940005255,1622.0
1789885613,50,POST,POST /api/v1/auth/refresh,0.000000,0.000000,0,0,0,0,0,0,0,0,0,0,0,150,0,25,28.633832166863915,18.447431997628883,82.49066000280436,1622.0
1789885613,50,,Aggregated,25.300000,0.000000,7,8,9,10,12,16,37,38,50,50,50,78845,0,6,8.791543760733202,3.0284199965535663,2104.1982940005255,6831.000545373835
1789885614,50,GET,GET /api/v1/reservas,20.200000,0.000000,7,8,10,10,13,19,37,40,50,50,50,59092,0,7,8.450499404328804,4.633864002244081,1957.275683998887,8965.0
1789885614,50,GET,GET /api/v1/reservas/{id},5.300000,0.000000,5,6,6,7,8,11,24,38,38,38,38,19573,0,5,6.192110613057044,3.0284199965535663,1521.0046399952262,442.0
1789885614,50,POST,POST /api/v1/auth/login,0.000000,0.000000,0,0,0,0,0,0,0,0,0,0,0,50,0,1300.0,1369.1218887201103,628.633758999058,2104.1982940005255,1622.0
1789885614,50,POST,POST /api/v1/auth/refresh,0.000000,0.000000,0,0,0,0,0,0,0,0,0,0,0,150,0,25,28.633832166863915,18.447431997628883,82.49066000280436,1622.0
1789885614,50,,Aggregated,25.500000,0.000000,7,8,9,10,12,16,37,38,50,50,50,78865,0,6,8.791051304013292,3.0284199965535663,2104.1982940005255,6831.10944018259
1789885615,50,GET,GET /api/v1/reservas,19.300000,0.000000,7,8,10,10,13,16,37,40,50,50,50,59119,0,7,8.44996090149732,4.633864002244081,1957.275683998887,8965.0
1789885615,50,GET,GET /api/v1/reservas/{id},5.800000,0.000000,6,6,7,7,8,11,38,38,38,38,38,19577,0,5,6.191951515010042,3.0284199965535663,1521.0046399952262,442.0
1789885615,50,POST,POST /api/v1/auth/login,0.000000,0.000000,0,0,0,0,0,0,0,0,0,0,0,50,0,1300.0,1369.1218887201103,628.633758999058,2104.1982940005255,1622.0
1789885615,50,POST,POST /api/v1/auth/refresh,0.000000,0.000000,0,0,0,0,0,0,0,0,0,0,0,150,0,25,28.633832166863915,18.447431997628883,82.49066000280436,1622.0
1789885615,50,,Aggregated,25.100000,0.000000,7,8,9,10,12,16,37,38,50,50,50,78896,0,6,8.790360000583252,3.0284199965535663,2104.1982940005255,6831.515780267694
1789885616,50,GET,GET /api/v1/reservas,19.200000,0.000000,7,8,9,10,13,19,37,40,50,50,50,59137,0,7,8.449505870176123,4.633864002244081,1957.275683998887,8965.0
1789885616,50,GET,GET /api/v1/reservas/{id},6.200000,0.000000,6,6,7,7,8,11,24,38,38,38,38,19584,0,5,6.191602726324898,3.0284199965535663,1521.0046399952262,442.0
1789885616,50,POST,POST /api/v1/auth/login,0.000000,0.000000,0,0,0,0,0,0,0,0,0,0,0,50,0,1300.0,1369.1218887201103,628.633758999058,2104.1982940005255,1622.0
1789885616,50,POST,POST /api/v1/auth/refresh,0.000000,0.000000,0,0,0,0,0,0,0,0,0,0,0,150,0,25,28.633832166863915,18.447431997628883,82.49066000280436,1622.0
1789885616,50,,Aggregated,25.400000,0.000000,7,8,9,10,12,16,37,38,50,50,50,78921,0,6,8.789624380050896,3.0284199965535663,2104.1982940005255,6831.4356508407145
1789885617,50,GET,GET /api/v1/reservas,19.700000,0.000000,7,9,10,10,13,19,37,40,50,50,50,59154,0,7,8.449530511556194,4.633864002244081,1957.275683998887,8965.0
1789885617,50,GET,GET /api/v1/reservas/{id},5.600000,0.000000,6,6,7,8,9,16,24,38,38,38,38,19591,0,5,6.1923264829439955,3.0284199965535663,1521.0046399952262,442.0
1789885617,50,POST,POST /api/v1/auth/login,0.000000,0.000000,0,0,0,0,0,0,0,0,0,0,0,50,0,1300.0,1369.1218887201103,628.633758999058,2104.1982940005255,1622.0
1789885617,50,POST,POST /api/v1/auth/refresh,0.000000,0.000000,0,0,0,0,0,0,0,0,0,0,0,150,0,25,28.633832166863915,18.447431997628883,82.49066000280436,1622.0
1789885617,50,,Aggregated,25.300000,0.000000,7,8,9,10,13,16,37,38,50,50,50,78945,0,6,8.789518845639305,3.0284199965535663,2104.1982940005255,6831.328545189689
1789885618,50,GET,GET /api/v1/reservas,19.300000,0.000000,8,9,10,11,13,19,37,40,50,50,50,59174,0,7,8.449327107303635,4.633864002244081,1957.275683998887,8965.0
1789885618,50,GET,GET /api/v1/reservas/{id},5.100000,0.000000,6,7,7,8,11,16,38,38,38,38,38,19595,0,5,6.192545754190463,3.0284199965535663,1521.0046399952262,442.0
1789885618,50,POST,POST /api/v1/auth/login,0.000000,0.000000,0,0,0,0,0,0,0,0,0,0,0,50,0,1300.0,1369.1218887201103,628.633758999058,2104.1982940005255,1622.0
1789885618,50,POST,POST /api/v1/auth/refresh,0.000000,0.000000,0,0,0,0,0,0,0,0,0,0,0,150,0,25,28.633832166863915,18.447431997628883,82.49066000280436,1622.0
1789885618,50,,Aggregated,24.400000,0.000000,7,8,9,10,13,16,37,38,50,50,50,78969,0,6,8.789203175448485,3.0284199965535663,2104.1982940005255,6831.545289923894
1789885619,50,GET,GET /api/v1/reservas,18.900000,0.000000,8,9,10,11,13,19,37,40,50,50,50,59190,0,7,8.448981740269815,4.633864002244081,1957.275683998887,8965.0
1789885619,50,GET,GET /api/v1/reservas/{id},5.600000,0.000000,6,7,7,8,11,16,38,38,38,38,38,19601,0,5,6.192341120930255,3.0284199965535663,1521.0046399952262,442.0
1789885619,50,POST,POST /api/v1/auth/login,0.000000,0.000000,0,0,0,0,0,0,0,0,0,0,0,50,0,1300.0,1369.1218887201103,628.633758999058,2104.1982940005255,1622.0
1789885619,50,POST,POST /api/v1/auth/refresh,0.000000,0.000000,0,0,0,0,0,0,0,0,0,0,0,150,0,25,28.633832166863915,18.447431997628883,82.49066000280436,1622.0
1789885619,50,,Aggregated,24.500000,0.000000,7,8,9,10,13,16,37,38,50,50,50,78991,0,6,8.788627524388458,3.0284199965535663,2104.1982940005255,6831.49209403603
1789885620,50,GET,GET /api/v1/reservas,19.300000,0.000000,8,8,9,10,12,16,37,40,50,50,50,59214,0,7,8.448585351666258,4.633864002244081,1957.275683998887,8965.0
1789885620,50,GET,GET /api/v1/reservas/{id},5.600000,0.000000,6,6,7,8,9,16,24,38,38,38,38,19607,0,5,6.192258213002949,3.0284199965535663,1521.0046399952262,442.0
1789885620,50,POST,POST /api/v1/auth/login,0.000000,0.000000,0,0,0,0,0,0,0,0,0,0,0,50,0,1300.0,1369.1218887201103,628.633758999058,2104.1982940005255,1622.0
1789885620,50,POST,POST /api/v1/auth/refresh,0.000000,0.000000,0,0,0,0,0,0,0,0,0,0,0,150,0,25,28.633832166863915,18.447431997628883,82.49066000280436,1622.0
1789885620,50,,Aggregated,24.900000,0.000000,7,8,9,9,12,16,37,38,50,50,50,79021,0,6,8.788009631072237,3.0284199965535663,2104.1982940005255,6831.654927171258
1789885621,50,GET,GET /api/v1/reservas,18.400000,0.000000,8,8,8,9,10,11,12,14,16,16,16,59227,0,7,8.448565105823027,4.633864002244081,1957.275683998887,8965.0
1789885621,50,GET,GET /api/v1/reservas/{id},5.600000,0.000000,6,6,7,7,9,9,11,16,16,16,16,19612,0,5,6.1923129076770005,3.0284199965535663,1521.0046399952262,442.0
1789885621,50,POST,POST /api/v1/auth/login,0.000000,0.000000,0,0,0,0,0,0,0,0,0,0,0,50,0,1300.0,1369.1218887201103,628.633758999058,2104.1982940005255,1622.0
1789885621,50,POST,POST /api/v1/auth/refresh,0.000000,0.000000,0,0,0,0,0,0,0,0,0,0,0,150,0,25,28.633832166863915,18.447431997628883,82.49066000280436,1622.0
1789885621,50,,Aggregated,24.000000,0.000000,7,8,8,9,10,11,12,14,16,16,16,79039,0,6,8.787787997431478,3.0284199965535663,2104.1982940005255,6831.601601740913
1789885622,50,GET,GET /api/v1/reservas,19.200000,0.000000,7,8,8,9,9,11,12,14,16,16,16,59251,0,7,8.44833206186508,4.633864002244081,1957.275683998887,8965.0
1789885622,50,GET,GET /api/v1/reservas/{id},5.400000,0.000000,6,6,6,7,9,10,11,16,16,16,16,19616,0,5,6.192407626139806,3.0284199965535663,1521.0046399952262,442.0
1789885622,50,POST,POST /api/v1/auth/login,0.000000,0.000000,0,0,0,0,0,0,0,0,0,0,0,50,0,1300.0,1369.1218887201103,628.633758999058,2104.1982940005255,1622.0
1789885622,50,POST,POST /api/v1/auth/refresh,0.000000,0.000000,0,0,0,0,0,0,0,0,0,0,0,150,0,25,28.633832166863915,18.447431997628883,82.49066000280436,1622.0
1789885622,50,,Aggregated,24.600000,0.000000,7,8,8,8,9,10,12,14,16,16,16,79067,0,6,8.787402585819251,3.0284199965535663,2104.1982940005255,6831.925923583796
1789885623,50,GET,GET /api/v1/reservas,18.700000,0.000000,8,8,8,8,9,10,12,14,16,16,16,59263,0,7,8.448137734059234,4.633864002244081,1957.275683998887,8965.0
1789885623,50,GET,GET /api/v1/reservas/{id},5.800000,0.000000,6,6,6,6,9,10,16,16,16,16,16,19621,0,5,6.192173979733761,3.0284199965535663,1521.0046399952262,442.0
1789885623,50,POST,POST /api/v1/auth/login,0.000000,0.000000,0,0,0,0,0,0,0,0,0,0,0,50,0,1300.0,1369.1218887201103,628.633758999058,2104.1982940005255,1622.0
1789885623,50,POST,POST /api/v1/auth/refresh,0.000000,0.000000,0,0,0,0,0,0,0,0,0,0,0,150,0,25,28.633832166863915,18.447431997628883,82.49066000280436,1622.0
1789885623,50,,Aggregated,24.500000,0.000000,7,8,8,8,9,10,12,14,16,16,16,79084,0,6,8.78698347897113,3.0284199965535663,2104.1982940005255,6831.845594557685
1789885624,50,GET,GET /api/v1/reservas,18.600000,0.000000,8,8,8,8,9,10,12,14,16,16,16,59282,0,7,8.447974037744041,4.633864002244081,1957.275683998887,8965.0
1789885624,50,GET,GET /api/v1/reservas/{id},5.800000,0.000000,6,6,6,7,9,11,11,16,16,16,16,19629,0,5,6.192487947340834,3.0284199965535663,1521.0046399952262,442.0
1789885624,50,POST,POST /api/v1/auth/login,0.000000,0.000000,0,0,0,0,0,0,0,0,0,0,0,50,0,1300.0,1369.1218887201103,628.633758999058,2104.1982940005255,1622.0
1789885624,50,POST,POST /api/v1/auth/refresh,0.000000,0.000000,0,0,0,0,0,0,0,0,0,0,0,150,0,25,28.633832166863915,18.447431997628883,82.49066000280436,1622.0
1789885624,50,,Aggregated,24.400000,0.000000,7,8,8,8,9,10,12,14,16,16,16,79111,0,6,8.786594937302524,3.0284199965535663,2104.1982940005255,6831.711746786161
1789885625,50,GET,GET /api/v1/reservas,18.600000,0.000000,8,8,8,8,9,11,12,14,16,16,16,59298,0,7,8.447787761350096,4.633864002244081,1957.275683998887,8965.0
1789885625,50,GET,GET /api/v1/reservas/{id},5.600000,0.000000,6,6,7,7,9,11,11,16,16,16,16,19633,0,5,6.192562075350503,3.0284199965535663,1521.0046399952262,442.0
1789885625,50,POST,POST /api/v1/auth/login,0.000000,0.000000,0,0,0,0,0,0,0,0,0,0,0,50,0,1300.0,1369.1218887201103,628.633758999058,2104.1982940005255,1622.0
1789885625,50,POST,POST /api/v1/auth/refresh,0.000000,0.000000,0,0,0,0,0,0,0,0,0,0,0,150,0,25,28.633832166863915,18.447431997628883,82.49066000280436,1622.0
1789885625,50,,Aggregated,24.200000,0.000000,7,8,8,8,9,11,12,14,16,16,16,79131,0,6,8.7862741423581,3.0284199965535663,2104.1982940005255,6831.820095790525
1789885626,50,GET,GET /api/v1/reservas,18.600000,0.000000,8,8,8,9,9,10,11,13,14,14,14,59320,0,7,8.447494346165131,4.633864002244081,1957.275683998887,8965.0
1789885626,50,GET,GET /api/v1/reservas/{id},5.400000,0.000000,6,6,7,7,9,10,11,11,11,11,11,19639,0,5,6.192423948844692,3.0284199965535663,1521.0046399952262,442.0
1789885626,50,POST,POST /api/v1/auth/login,0.000000,0.000000,0,0,0,0,0,0,0,0,0,0,0,50,0,1300.0,1369.1218887201103,628.633758999058,2104.1982940005255,1622.0
1789885626,50,POST,POST /api/v1/auth/refresh,0.000000,0.000000,0,0,0,0,0,0,0,0,0,0,0,150,0,25,28.633832166863915,18.447431997628883,82.49066000280436,1622.0
1789885626,50,,Aggregated,24.000000,0.000000,7,8,8,8,9,10,11,12,14,14,14,79159,0,6,8.785729327138053,3.0284199965535663,2104.1982940005255,6831.92862466681
1789885627,50,GET,GET /api/v1/reservas,17.900000,0.000000,8,8,8,8,9,10,11,11,13,13,13,59338,0,7,8.44711291926777,4.633864002244081,1957.275683998887,8965.0
1789885627,50,GET,GET /api/v1/reservas/{id},5.700000,0.000000,6,6,6,7,8,9,11,11,11,11,11,19645,0,5,6.192245339647219,3.0284199965535663,1521.0046399952262,442.0
1789885627,50,POST,POST /api/v1/auth/login,0.000000,0.000000,0,0,0,0,0,0,0,0,0,0,0,50,0,1300.0,1369.1218887201103,628.633758999058,2104.1982940005255,1622.0
1789885627,50,POST,POST /api/v1/auth/refresh,0.000000,0.000000,0,0,0,0,0,0,0,0,0,0,0,150,0,25,28.633832166863915,18.447431997628883,82.49066000280436,1622.0
1789885627,50,,Aggregated,23.600000,0.000000,7,8,8,8,9,10,11,11,13,13,13,79183,0,6,8.785125789145722,3.0284199965535663,2104.1982940005255,6831.929328264905
1789885628,50,GET,GET /api/v1/reservas,18.300000,0.000000,8,8,8,8,9,10,13,14,14,14,14,59352,0,7,8.44722152528159,4.633864002244081,1957.275683998887,8965.0
1789885628,50,GET,GET /api/v1/reservas/{id},5.700000,0.000000,6,6,6,7,7,9,10,11,11,11,11,19656,0,5,6.191972099327627,3.0284199965535663,1521.0046399952262,442.0
1789885628,50,POST,POST /api/v1/auth/login,0.000000,0.000000,0,0,0,0,0,0,0,0,0,0,0,50,0,1300.0,1369.1218887201103,628.633758999058,2104.1982940005255,1622.0
1789885628,50,POST,POST /api/v1/auth/refresh,0.000000,0.000000,0,0,0,0,0,0,0,0,0,0,0,150,0,25,28.633832166863915,18.447431997628883,82.49066000280436,1622.0
1789885628,50,,Aggregated,24.000000,0.000000,7,8,8,8,9,10,11,13,14,14,14,79208,0,6,8.784719533556482,3.0284199965535663,2104.1982940005255,6831.418947581053
1789885629,50,GET,GET /api/v1/reservas,18.500000,0.000000,8,8,8,9,9,10,13,14,14,14,14,59372,0,7,8.44694587353466,4.633864002244081,1957.275683998887,8965.0
1789885629,50,GET,GET /api/v1/reservas/{id},5.500000,0.000000,6,6,6,7,7,9,10,11,11,11,11,19659,0,5,6.191827677724337,3.0284199965535663,1521.0046399952262,442.0
1789885629,50,POST,POST /api/v1/auth/login,0.000000,0.000000,0,0,0,0,0,0,0,0,0,0,0,50,0,1300.0,1369.1218887201103,628.633758999058,2104.1982940005255,1622.0
1789885629,50,POST,POST /api/v1/auth/refresh,0.000000,0.000000,0,0,0,0,0,0,0,0,0,0,0,150,0,25,28.633832166863915,18.447431997628883,82.49066000280436,1622.0
1789885629,50,,Aggregated,24.000000,0.000000,7,8,8,8,9,10,11,13,14,14,14,79231,0,6,8.784293773660917,3.0284199965535663,2104.1982940005255,6831.715591119638
1789885630,50,GET,GET /api/v1/reservas,17.800000,0.000000,8,8,8,8,9,10,13,14,14,14,14,59390,0,7,8.44654373354929,4.633864002244081,1957.275683998887,8965.0
1789885630,50,GET,GET /api/v1/reservas/{id},5.600000,0.000000,6,6,6,7,7,8,10,11,11,11,11,19663,0,5,6.191610458901815,3.0284199965535663,1521.0046399952262,442.0
1789885630,50,POST,POST /api/v1/auth/login,0.000000,0.000000,0,0,0,0,0,0,0,0,0,0,0,50,0,1300.0,1369.1218887201103,628.633758999058,2104.1982940005255,1622.0
1789885630,50,POST,POST /api/v1/auth/refresh,0.000000,0.000000,0,0,0,0,0,0,0,0,0,0,0,150,0,25,28.633832166863915,18.447431997628883,82.49066000280436,1622.0
1789885630,50,,Aggregated,23.400000,0.000000,7,8,8,8,9,10,11,13,14,14,14,79253,0,6,8.783731064438243,3.0284199965535663,2104.1982940005255,6831.877607156827
1789885631,50,GET,GET /api/v1/reservas,18.500000,0.000000,7,8,8,8,9,10,11,14,14,14,14,59409,0,7,8.446073469583258,4.633864002244081,1957.275683998887,8965.0
1789885631,50,GET,GET /api/v1/reservas/{id},5.700000,0.000000,6,6,6,6,7,7,8,11,11,11,11,19668,0,5,6.191330481664687,3.0284199965535663,1521.0046399952262,442.0
1789885631,50,POST,POST /api/v1/auth/login,0.000000,0.000000,0,0,0,0,0,0,0,0,0,0,0,50,0,1300.0,1369.1218887201103,628.633758999058,2104.1982940005255,1622.0
1789885631,50,POST,POST /api/v1/auth/refresh,0.000000,0.000000,0,0,0,0,0,0,0,0,0,0,0,150,0,25,28.633832166863915,18.447431997628883,82.49066000280436,1622.0
1789885631,50,,Aggregated,24.200000,0.000000,7,8,8,8,9,10,11,13,14,14,14,79277,0,6,8.783064898128059,3.0284199965535663,2104.1982940005255,6831.985834479105
1789885632,50,GET,GET /api/v1/reservas,18.000000,0.000000,7,8,8,8,10,13,21,21,23,23,23,59427,0,7,8.447207947287751,4.633864002244081,1957.275683998887,8965.0
1789885632,50,GET,GET /api/v1/reservas/{id},5.700000,0.000000,6,6,7,7,8,17,21,43,43,43,43,19676,0,5,6.194765380279918,3.0284199965535663,1521.0046399952262,442.0
1789885632,50,POST,POST /api/v1/auth/login,0.000000,0.000000,0,0,0,0,0,0,0,0,0,0,0,50,0,1300.0,1369.1218887201103,628.633758999058,2104.1982940005255,1622.0
1789885632,50,POST,POST /api/v1/auth/refresh,0.000000,0.000000,0,0,0,0,0,0,0,0,0,0,0,150,0,25,28.633832166863915,18.447431997628883,82.49066000280436,1622.0
1789885632,50,,Aggregated,23.700000,0.000000,7,8,8,8,10,13,21,21,43,43,43,79303,0,6,8.784429335168936,3.0284199965535663,2104.1982940005255,6831.825366001286
1789885633,50,GET,GET /api/v1/reservas,18.200000,0.000000,7,8,8,8,10,13,21,21,23,23,23,59447,0,7,8.446768657265968,4.633864002244081,1957.275683998887,8965.0
1789885633,50,GET,GET /api/v1/reservas/{id},5.600000,0.000000,6,6,6,7,7,17,21,43,43,43,43,19681,0,5,6.194405853685651,3.0284199965535663,1521.0046399952262,442.0
1789885633,50,POST,POST /api/v1/auth/login,0.000000,0.000000,0,0,0,0,0,0,0,0,0,0,0,50,0,1300.0,1369.1218887201103,628.633758999058,2104.1982940005255,1622.0
1789885633,50,POST,POST /api/v1/auth/refresh,0.000000,0.000000,0,0,0,0,0,0,0,0,0,0,0,150,0,25,28.633832166863915,18.447431997628883,82.49066000280436,1622.0
1789885633,50,,Aggregated,23.800000,0.000000,7,8,8,8,9,13,21,21,43,43,43,79328,0,6,8.783762697104708,3.0284199965535663,2104.1982940005255,6831.960430112948
1789885634,50,GET,GET /api/v1/reservas,18.000000,0.000000,7,8,8,8,10,13,21,21,23,23,23,59466,0,7,8.446829535171023,4.633864002244081,1957.275683998887,8965.0
1789885634,50,GET,GET /api/v1/reservas/{id},5.700000,0.000000,6,6,6,7,9,17,21,43,43,43,43,19692,0,5,6.1945107100037555,3.0284199965535663,1521.0046399952262,442.0
1789885634,50,POST,POST /api/v1/auth/login,0.000000,0.000000,0,0,0,0,0,0,0,0,0,0,0,50,0,1300.0,1369.1218887201103,628.633758999058,2104.1982940005255,1622.0
1789885634,50,POST,POST /api/v1/auth/refresh,0.000000,0.000000,0,0,0,0,0,0,0,0,0,0,0,150,0,25,28.633832166863915,18.447431997628883,82.49066000280436,1622.0
1789885634,50,,Aggregated,23.700000,0.000000,7,8,8,8,10,13,21,21,43,43,43,79358,0,6,8.783394734001849,3.0284199965535663,2104.1982940005255,6831.5853978174855
1789885635,50,GET,GET /api/v1/reservas,18.100000,0.000000,7,8,8,9,10,13,21,21,23,23,23,59481,0,7,8.446738969796929,4.633864002244081,1957.275683998887,8965.0
1789885635,50,GET,GET /api/v1/reservas/{id},5.900000,0.000000,6,6,6,7,9,17,21,43,43,43,43,19697,0,5,6.194471587368325,3.0284199965535663,1521.0046399952262,442.0
1789885635,50,POST,POST /api/v1/auth/login,0.000000,0.000000,0,0,0,0,0,0,0,0,0,0,0,50,0,1300.0,1369.1218887201103,628.633758999058,2104.1982940005255,1622.0
1789885635,50,POST,POST /api/v1/auth/refresh,0.000000,0.000000,0,0,0,0,0,0,0,0,0,0,0,150,0,25,28.633832166863915,18.447431997628883,82.49066000280436,1622.0
1789885635,50,,Aggregated,24.000000,0.000000,7,8,8,8,10,13,21,21,43,43,43,79378,0,6,8.783090488295624,3.0284199965535663,2104.1982940005255,6831.586069187936
1789885636,50,GET,GET /api/v1/reservas,18.300000,0.000000,8,8,8,9,11,14,21,21,23,23,23,59493,0,7,8.44667115051344,4.633864002244081,1957.275683998887,8965.0
1789885636,50,GET,GET /api/v1/reservas/{id},6.000000,0.000000,6,6,6,7,8,11,21,43,43,43,43,19706,0,5,6.194143697422665,3.0284199965535663,1521.0046399952262,442.0
1789885636,50,POST,POST /api/v1/auth/login,0.000000,0.000000,0,0,0,0,0,0,0,0,0,0,0,50,0,1300.0,1369.1218887201103,628.633758999058,2104.1982940005255,1622.0
1789885636,50,POST,POST /api/v1/auth/refresh,0.000000,0.000000,0,0,0,0,0,0,0,0,0,0,0,150,0,25,28.633832166863915,18.447431997628883,82.49066000280436,1622.0
1789885636,50,,Aggregated,24.300000,0.000000,7,8,8,8,10,13,21,21,43,43,43,79399,0,6,8.78261403443308,3.0284199965535663,2104.1982940005255,6831.1842340583635
1789885637,50,GET,GET /api/v1/reservas,17.900000,0.000000,8,8,8,9,11,13,21,21,23,23,23,59516,0,7,8.44671244829118,4.633864002244081,1957.275683998887,8965.0
1789885637,50,GET,GET /api/v1/reservas/{id},6.400000,0.000000,6,6,6,7,8,11,21,43,43,43,43,19713,0,5,6.194113679471276,3.0284199965535663,1521.0046399952262,442.0
1789885637,50,POST,POST /api/v1/auth/login,0.000000,0.000000,0,0,0,0,0,0,0,0,0,0,0,50,0,1300.0,1369.1218887201103,628.633758999058,2104.1982940005255,1622.0
1789885637,50,POST,POST /api/v1/auth/refresh,0.000000,0.000000,0,0,0,0,0,0,0,0,0,0,0,150,0,25,28.633832166863915,18.447431997628883,82.49066000280436,1622.0
1789885637,50,,Aggregated,24.300000,0.000000,7,8,8,9,10,13,21,21,43,43,43,79429,0,6,8.782312131550947,3.0284199965535663,2104.1982940005255,6831.239043674224
1789885638,50,GET,GET /api/v1/reservas,18.000000,0.000000,8,8,9,9,11,19,21,31,31,31,31,59537,0,7,8.448200327502091,4.633864002244081,1957.275683998887,8965.0
1789885638,50,GET,GET /api/v1/reservas/{id},6.400000,0.000000,6,6,7,7,9,17,21,43,43,43,43,19716,0,5,6.194524125300041,3.0284199965535663,1521.0046399952262,442.0
1789885638,50,POST,POST /api/v1/auth/login,0.000000,0.000000,0,0,0,0,0,0,0,0,0,0,0,50,0,1300.0,1369.1218887201103,628.633758999058,2104.1982940005255,1622.0
1789885638,50,POST,POST /api/v1/auth/refresh,0.000000,0.000000,0,0,0,0,0,0,0,0,0,0,0,150,0,25,28.633832166863915,18.447431997628883,82.49066000280436,1622.0
1789885638,50,,Aggregated,24.400000,0.000000,7,8,8,9,11,17,21,31,43,43,43,79453,0,6,8.783342476859938,3.0284199965535663,2104.1982940005255,6831.5617660755415
1789885639,50,GET,GET /api/v1/reservas,17.200000,0.000000,8,8,9,10,12,19,21,31,31,31,31,59551,0,7,8.447981439748697,4.633864002244081,1957.275683998887,8965.0
1789885639,50,GET,GET /api/v1/reservas/{id},6.900000,0.000000,6,6,7,8,9,17,21,43,43,43,43,19722,0,5,6.194639963614954,3.0284199965535663,1521.0046399952262,442.0
1789885639,50,POST,POST /api/v1/auth/login,0.000000,0.000000,0,0,0,0,0,0,0,0,0,0,0,50,0,1300.0,1369.1218887201103,628.633758999058,2104.1982940005255,1622.0
1789885639,50,POST,POST /api/v1/auth/refresh,0.000000,0.000000,0,0,0,0,0,0,0,0,0,0,0,150,0,25,28.633832166863915,18.447431997628883,82.49066000280436,1622.0
1789885639,50,,Aggregated,24.100000,0.000000,7,8,9,9,11,17,21,31,43,43,43,79473,0,6,8.782952717802699,3.0284199965535663,2104.1982940005255,6831.455198620915
1789885640,50,GET,GET /api/v1/reservas,18.600000,0.000000,8,8,9,9,12,19,21,31,31,31,31,59567,0,7,8.447569457089948,4.633864002244081,1957.275683998887,8965.0
1789885640,50,GET,GET /api/v1/reservas/{id},6.300000,0.000000,6,7,7,7,9,11,21,43,43,43,43,19729,0,5,6.194419991809603,3.0284199965535663,1521.0046399952262,442.0
1789885640,50,POST,POST /api/v1/auth/login,0.000000,0.000000,0,0,0,0,0,0,0,0,0,0,0,50,0,1300.0,1369.1218887201103,628.633758999058,2104.1982940005255,1622.0
1789885640,50,POST,POST /api/v1/auth/refresh,0.000000,0.000000,0,0,0,0,0,0,0,0,0,0,0,150,0,25,28.633832166863915,18.447431997628883,82.49066000280436,1622.0
1789885640,50,,Aggregated,24.900000,0.000000,7,8,9,9,11,17,21,31,43,43,43,79496,0,6,8.782294091903164,3.0284199965535663,2104.1982940005255,6831.321991043575
1789885641,50,GET,GET /api/v1/reservas,18.000000,0.000000,8,8,9,9,11,13,19,31,31,31,31,59585,0,7,8.447515192572975,4.633864002244081,1957.275683998887,8965.0
1789885641,50,GET,GET /api/v1/reservas/{id},6.100000,0.000000,6,6,7,7,8,9,11,11,11,11,11,19736,0,5,6.1941823266824265,3.0284199965535663,1521.0046399952262,442.0
1789885641,50,POST,POST /api/v1/auth/login,0.000000,0.000000,0,0,0,0,0,0,0,0,0,0,0,50,0,1300.0,1369.1218887201103,628.633758999058,2104.1982940005255,1622.0
1789885641,50,POST,POST /api/v1/auth/refresh,0.000000,0.000000,0,0,0,0,0,0,0,0,0,0,0,150,0,25,28.633832166863915,18.447431997628883,82.49066000280436,1622.0
1789885641,50,,Aggregated,24.100000,0.000000,7,8,8,9,10,12,17,21,31,31,31,79521,0,6,8.781890876748415,3.0284199965535663,2104.1982940005255,6831.242527131198
1789885642,50,GET,GET /api/v1/reservas,17.800000,0.000000,8,8,9,9,11,14,20,31,31,31,31,59606,0,7,8.447638732853331,4.633864002244081,1957.275683998887,8965.0
1789885642,50,GET,GET /api/v1/reservas/{id},6.400000,0.000000,6,6,7,7,8,9,11,11,11,11,11,19740,0,5,6.19418060701118,3.0284199965535663,1521.0046399952262,442.0
1789885642,50,POST,POST /api/v1/auth/login,0.000000,0.000000,0,0,0,0,0,0,0,0,0,0,0,50,0,1300.0,1369.1218887201103,628.633758999058,2104.1982940005255,1622.0
1789885642,50,POST,POST /api/v1/auth/refresh,0.000000,0.000000,0,0,0,0,0,0,0,0,0,0,0,150,0,25,28.633832166863915,18.447431997628883,82.49066000280436,1622.0
1789885642,50,,Aggregated,24.200000,0.000000,7,8,8,9,11,13,19,21,31,31,31,79546,0,6,8.78176462366306,3.0284199965535663,2104.1982940005255,6831.484549820229
1789885643,50,GET,GET /api/v1/reservas,17.700000,0.000000,8,8,9,9,11,14,20,31,31,31,31,59625,0,7,8.447489233969772,4.633864002244081,1957.275683998887,8965.0
1789885643,50,GET,GET /api/v1/reservas/{id},6.800000,0.000000,6,6,7,7,8,8,9,11,11,11,11,19746,0,5,6.193929551372516,3.0284199965535663,1521.0046399952262,442.0
1789885643,50,POST,POST /api/v1/auth/login,0.000000,0.000000,0,0,0,0,0,0,0,0,0,0,0,50,0,1300.0,1369.1218887201103,628.633758999058,2104.1982940005255,1622.0
1789885643,50,POST,POST /api/v1/auth/refresh,0.000000,0.000000,0,0,0,0,0,0,0,0,0,0,0,150,0,25,28.633832166863915,18.447431997628883,82.49066000280436,1622.0
1789885643,50,,Aggregated,24.500000,0.000000,7,8,8,9,11,12,19,21,31,31,31,79571,0,6,8.781315400810536,3.0284199965535663,2104.1982940005255,6831.51219665456
1789885644,50,GET,GET /api/v1/reservas,17.700000,0.000000,8,8,9,9,11,14,20,31,31,31,31,59643,0,7,8.44721203407679,4.633864002244081,1957.275683998887,8965.0
1789885644,50,GET,GET /api/v1/reservas/{id},6.600000,0.000000,6,6,7,7,7,8,9,11,11,11,11,19756,0,5,6.193724689127941,3.0284199965535663,1521.0046399952262,442.0
1789885644,50,POST,POST /api/v1/auth/login,0.000000,0.000000,0,0,0,0,0,0,0,0,0,0,0,50,0,1300.0,1369.1218887201103,628.633758999058,2104.1982940005255,1622.0
1789885644,50,POST,POST /api/v1/auth/refresh,0.000000,0.000000,0,0,0,0,0,0,0,0,0,0,0,150,0,25,28.633832166863915,18.447431997628883,82.49066000280436,1622.0
1789885644,50,,Aggregated,24.300000,0.000000,7,8,8,9,10,12,19,21,31,31,31,79599,0,6,8.780656309349359,3.0284199965535663,2104.1982940005255,6831.191937084637
1789885645,50,GET,GET /api/v1/reservas,18.000000,0.000000,8,8,9,10,11,14,20,31,31,31,31,59660,0,7,8.447196558270898,4.633864002244081,1957.275683998887,8965.0
1789885645,50,GET,GET /api/v1/reservas/{id},6.300000,0.000000,6,6,7,7,7,8,9,11,11,11,11,19762,0,5,6.193470138670495,3.0284199965535663,1521.0046399952262,442.0
1789885645,50,POST,POST /api/v1/auth/login,0.000000,0.000000,0,0,0,0,0,0,0,0,0,0,0,50,0,1300.0,1369.1218887201103,628.633758999058,2104.1982940005255,1622.0
1789885645,50,POST,POST /api/v1/auth/refresh,0.000000,0.000000,0,0,0,0,0,0,0,0,0,0,0,150,0,25,28.633832166863915,18.447431997628883,82.49066000280436,1622.0
1789885645,50,,Aggregated,24.300000,0.000000,7,8,8,9,10,12,19,21,31,31,31,79622,0,6,8.780315400365406,3.0284199965535663,2104.1982940005255,6831.16605963176
1789885646,50,GET,GET /api/v1/reservas,18.000000,0.000000,8,8,9,9,11,14,20,31,31,31,31,59679,0,7,8.446742360452614,4.633864002244081,1957.275683998887,8965.0
1789885646,50,GET,GET /api/v1/reservas/{id},6.600000,0.000000,6,6,7,7,7,8,9,11,11,11,11,19770,0,5,6.193165397441323,3.0284199965535663,1521.0046399952262,442.0
1789885646,50,POST,POST /api/v1/auth/login,0.000000,0.000000,0,0,0,0,0,0,0,0,0,0,0,50,0,1300.0,1369.1218887201103,628.633758999058,2104.1982940005255,1622.0
1789885646,50,POST,POST /api/v1/auth/refresh,0.000000,0.000000,0,0,0,0,0,0,0,0,0,0,0,150,0,25,28.633832166863915,18.447431997628883,82.49066000280436,1622.0
1789885646,50,,Aggregated,24.600000,0.000000,7,8,8,9,10,12,19,21,31,31,31,79649,0,6,8.779560151388125,3.0284199965535663,2104.1982940005255,6831.033346306922
1789885647,50,GET,GET /api/v1/reservas,18.400000,0.000000,8,8,8,8,10,11,13,17,20,20,20,59697,0,7,8.446403445591423,4.633864002244081,1957.275683998887,8965.0
1789885647,50,GET,GET /api/v1/reservas/{id},6.400000,0.000000,6,6,6,7,7,7,8,9,9,9,9,19778,0,5,6.192778476409411,3.0284199965535663,1521.0046399952262,442.0
1789885647,50,POST,POST /api/v1/auth/login,0.000000,0.000000,0,0,0,0,0,0,0,0,0,0,0,50,0,1300.0,1369.1218887201103,628.633758999058,2104.1982940005255,1622.0
1789885647,50,POST,POST /api/v1/auth/refresh,0.000000,0.000000,0,0,0,0,0,0,0,0,0,0,0,150,0,25,28.633832166863915,18.447431997628883,82.49066000280436,1622.0
1789885647,50,,Aggregated,24.800000,0.000000,7,8,8,8,9,10,12,14,20,20,20,79675,0,6,8.778875286588551,3.0284199965535663,2104.1982940005255,6830.873937872608
1789885648,50,GET,GET /api/v1/reservas,18.000000,0.000000,8,8,8,8,10,11,13,17,20,20,20,59718,0,7,8.446278597800914,4.633864002244081,1957.275683998887,8965.0
1789885648,50,GET,GET /api/v1/reservas/{id},6.200000,0.000000,6,6,6,6,7,7,8,9,9,9,9,19785,0,5,6.192864807754758,3.0284199965535663,1521.0046399952262,442.0
1789885648,50,POST,POST /api/v1/auth/login,0.000000,0.000000,0,0,0,0,0,0,0,0,0,0,0,50,0,1300.0,1369.1218887201103,628.633758999058,2104.1982940005255,1622.0
1789885648,50,POST,POST /api/v1/auth/refresh,0.000000,0.000000,0,0,0,0,0,0,0,0,0,0,0,150,0,25,28.633832166863915,18.447431997628883,82.49066000280436,1622.0
1789885648,50,,Aggregated,24.200000,0.000000,7,8,8,8,9,10,12,14,20,20,20,79703,0,6,8.778488448188263,3.0284199965535663,2104.1982940005255,6830.875123897469
1789885649,50,GET,GET /api/v1/reservas,18.400000,0.000000,8,8,8,9,10,12,14,17,20,20,20,59734,0,7,8.44637146639201,4.633864002244081,1957.275683998887,8965.0
1789885649,50,GET,GET /api/v1/reservas/{id},6.500000,0.000000,6,6,6,7,7,8,8,9,9,9,9,19790,0,5,6.192983500021211,3.0284199965535663,1521.0046399952262,442.0
1789885649,50,POST,POST /api/v1/auth/login,0.000000,0.000000,0,0,0,0,0,0,0,0,0,0,0,50,0,1300.0,1369.1218887201103,628.633758999058,2104.1982940005255,1622.0
1789885649,50,POST,POST /api/v1/auth/refresh,0.000000,0.000000,0,0,0,0,0,0,0,0,0,0,0,150,0,25,28.633832166863915,18.447431997628883,82.49066000280436,1622.0
1789885649,50,,Aggregated,24.900000,0.000000,7,8,8,8,9,11,14,15,20,20,20,79724,0,6,8.77835866112998,3.0284199965535663,2104.1982940005255,6830.902739451107
1789885650,50,GET,GET /api/v1/reservas,17.600000,0.000000,8,8,8,9,10,12,14,17,20,20,20,59758,0,7,8.446089523301664,4.633864002244081,1957.275683998887,8965.0
1789885650,50,GET,GET /api/v1/reservas/{id},6.600000,0.000000,6,6,6,7,7,8,8,9,9,9,9,19796,0,5,6.192813790281502,3.0284199965535663,1521.0046399952262,442.0
1789885650,50,POST,POST /api/v1/auth/login,0.000000,0.000000,0,0,0,0,0,0,0,0,0,0,0,50,0,1300.0,1369.1218887201103,628.633758999058,2104.1982940005255,1622.0
1789885650,50,POST,POST /api/v1/auth/refresh,0.000000,0.000000,0,0,0,0,0,0,0,0,0,0,0,150,0,25,28.633832166863915,18.447431997628883,82.49066000280436,1622.0
1789885650,50,,Aggregated,24.200000,0.000000,7,8,8,8,9,11,14,15,20,20,20,79754,0,6,8.777810878287239,3.0284199965535663,2104.1982940005255,6831.064297715475
1789885651,50,GET,GET /api/v1/reservas,18.200000,0.000000,8,8,8,9,10,12,14,16,17,17,17,59778,0,7,8.445928306090046,4.633864002244081,1957.275683998887,8965.0
1789885651,50,GET,GET /api/v1/reservas/{id},6.800000,0.000000,6,6,6,7,7,8,8,9,9,9,9,19800,0,5,6.192656705172358,3.0284199965535663,1521.0046399952262,442.0
1789885651,50,POST,POST /api/v1/auth/login,0.000000,0.000000,0,0,0,0,0,0,0,0,0,0,0,50,0,1300.0,1369.1218887201103,628.633758999058,2104.1982940005255,1622.0
1789885651,50,POST,POST /api/v1/auth/refresh,0.000000,0.000000,0,0,0,0,0,0,0,0,0,0,0,150,0,25,28.633832166863915,18.447431997628883,82.49066000280436,1622.0
1789885651,50,,Aggregated,25.000000,0.000000,7,8,8,8,9,11,14,15,17,17,17,79778,0,6,8.777438320149802,3.0284199965535663,2104.1982940005255,6831.278924014139
1789885652,50,GET,GET /api/v1/reservas,18.800000,0.000000,8,8,8,8,9,11,14,16,20,20,20,59796,0,7,8.445891073775165,4.633864002244081,1957.275683998887,8965.0
1789885652,50,GET,GET /api/v1/reservas/{id},6.900000,0.000000,6,6,6,7,7,8,9,12,12,12,12,19808,0,5,6.1928425798875635,3.0284199965535663,1521.0046399952262,442.0
1789885652,50,POST,POST /api/v1/auth/login,0.000000,0.000000,0,0,0,0,0,0,0,0,0,0,0,50,0,1300.0,1369.1218887201103,628.633758999058,2104.1982940005255,1622.0
1789885652,50,POST,POST /api/v1/auth/refresh,0.000000,0.000000,0,0,0,0,0,0,0,0,0,0,0,150,0,25,28.633832166863915,18.447431997628883,82.49066000280436,1622.0
1789885652,50,,Aggregated,25.700000,0.000000,7,8,8,8,9,10,14,15,20,20,20,79804,0,6,8.777122672183344,3.0284199965535663,2104.1982940005255,6831.119693248459
1789885653,50,GET,GET /api/v1/reservas,19.200000,0.000000,8,8,8,9,10,12,15,16,20,20,20,59810,0,7,8.446051575547076,4.633864002244081,1957.275683998887,8965.0
1789885653,50,GET,GET /api/v1/reservas/{id},6.200000,0.000000,6,6,7,7,8,9,9,12,12,12,12,19813,0,5,6.192972864150061,3.0284199965535663,1521.0046399952262,442.0
1789885653,50,POST,POST /api/v1/auth/login,0.000000,0.000000,0,0,0,0,0,0,0,0,0,0,0,50,0,1300.0,1369.1218887201103,628.633758999058,2104.1982940005255,1622.0
1789885653,50,POST,POST /api/v1/auth/refresh,0.000000,0.000000,0,0,0,0,0,0,0,0,0,0,0,150,0,25,28.633832166863915,18.447431997628883,82.49066000280436,1622.0
1789885653,50,,Aggregated,25.400000,0.000000,7,8,8,8,9,12,14,15,20,20,20,79823,0,6,8.777055301754167,3.0284199965535663,2104.1982940005255,6831.093744910615
1789885654,50,GET,GET /api/v1/reservas,18.800000,0.000000,8,8,8,8,9,12,15,16,20,20,20,59829,0,7,8.44575442082404,4.633864002244081,1957.275683998887,8965.0
1789885654,50,GET,GET /api/v1/reservas/{id},6.500000,0.000000,6,6,6,7,8,9,9,12,12,12,12,19819,0,5,6.192796922721517,3.0284199965535663,1521.0046399952262,442.0
1789885654,50,POST,POST /api/v1/auth/login,0.000000,0.000000,0,0,0,0,0,0,0,0,0,0,0,50,0,1300.0,1369.1218887201103,628.633758999058,2104.1982940005255,1622.0
1789885654,50,POST,POST /api/v1/auth/refresh,0.000000,0.000000,0,0,0,0,0,0,0,0,0,0,0,150,0,25,28.633832166863915,18.447431997628883,82.49066000280436,1622.0
1789885654,50,,Aggregated,25.300000,0.000000,7,8,8,8,9,12,14,15,20,20,20,79848,0,6,8.776516039424239,3.0284199965535663,2104.1982940005255,6831.12141819457
1789885655,50,GET,GET /api/v1/reservas,18.900000,0.000000,8,8,8,8,10,12,15,16,20,20,20,59852,0,7,8.445911560841802,4.633864002244081,1957.275683998887,8965.0
1789885655,50,GET,GET /api/v1/reservas/{id},6.900000,0.000000,6,6,6,7,8,9,9,12,12,12,12,19824,0,5,6.19265043282949,3.0284199965535663,1521.0046399952262,442.0
1789885655,50,POST,POST /api/v1/auth/login,0.000000,0.000000,0,0,0,0,0,0,0,0,0,0,0,50,0,1300.0,1369.1218887201103,628.633758999058,2104.1982940005255,1622.0
1789885655,50,POST,POST /api/v1/auth/refresh,0.000000,0.000000,0,0,0,0,0,0,0,0,0,0,0,150,0,25,28.633832166863915,18.447431997628883,82.49066000280436,1622.0
1789885655,50,,Aggregated,25.800000,0.000000,7,8,8,8,9,12,15,15,20,20,20,79876,0,6,8.776340454967237,3.0284199965535663,2104.1982940005255,6831.335920677049
1789885656,50,GET,GET /api/v1/reservas,18.200000,0.000000,8,8,8,8,10,12,15,16,20,20,20,59876,0,7,8.445446410690645,4.633864002244081,1957.275683998887,8965.0
1789885656,50,GET,GET /api/v1/reservas/{id},6.200000,0.000000,6,6,7,7,8,9,9,12,12,12,12,19828,0,5,6.192393990186089,3.0284199965535663,1521.0046399952262,442.0
1789885656,50,POST,POST /api/v1/auth/login,0.000000,0.000000,0,0,0,0,0,0,0,0,0,0,0,50,0,1300.0,1369.1218887201103,628.633758999058,2104.1982940005255,1622.0
1789885656,50,POST,POST /api/v1/auth/refresh,0.000000,0.000000,0,0,0,0,0,0,0,0,0,0,0,150,0,25,28.633832166863915,18.447431997628883,82.49066000280436,1622.0
1789885656,50,,Aggregated,24.400000,0.000000,7,8,8,8,9,12,15,15,20,20,20,79904,0,6,8.775699671918431,3.0284199965535663,2104.1982940005255,6831.656938325991
1789885657,50,GET,GET /api/v1/reservas,18.800000,0.000000,8,8,8,9,10,12,15,16,20,20,20,59893,0,7,8.444931243459495,4.633864002244081,1957.275683998887,8965.0
1789885657,50,GET,GET /api/v1/reservas/{id},6.100000,0.000000,6,6,7,7,8,9,9,12,12,12,12,19834,0,5,6.192200186821257,3.0284199965535663,1521.0046399952262,442.0
1789885657,50,POST,POST /api/v1/auth/login,0.000000,0.000000,0,0,0,0,0,0,0,0,0,0,0,50,0,1300.0,1369.1218887201103,628.633758999058,2104.1982940005255,1622.0
1789885657,50,POST,POST /api/v1/auth/refresh,0.000000,0.000000,0,0,0,0,0,0,0,0,0,0,0,150,0,25,28.633832166863915,18.447431997628883,82.49066000280436,1622.0
1789885657,50,,Aggregated,24.900000,0.000000,7,8,8,8,9,12,15,15,20,20,20,79927,0,6,8.775001372890008,3.0284199965535663,2104.1982940005255,6831.6310258110525
1789885658,50,GET,GET /api/v1/reservas,19.500000,0.000000,8,8,8,8,9,12,15,16,20,20,20,59906,0,7,8.44467338062186,4.633864002244081,1957.275683998887,8965.0
1789885658,50,GET,GET /api/v1/reservas/{id},6.200000,0.000000,6,6,6,6,7,8,9,12,12,12,12,19840,0,5,6.192009553296884,3.0284199965535663,1521.0046399952262,442.0
1789885658,50,POST,POST /api/v1/auth/login,0.000000,0.000000,0,0,0,0,0,0,0,0,0,0,0,50,0,1300.0,1369.1218887201103,628.633758999058,2104.1982940005255,1622.0
1789885658,50,POST,POST /api/v1/auth/refresh,0.000000,0.000000,0,0,0,0,0,0,0,0,0,0,0,150,0,25,28.633832166863915,18.447431997628883,82.49066000280436,1622.0
1789885658,50,,Aggregated,25.700000,0.000000,7,8,8,8,9,11,14,15,20,20,20,79946,0,6,8.774513325719745,3.0284199965535663,2104.1982940005255,6831.498386410827
1789885659,50,GET,GET /api/v1/reservas,19.800000,0.000000,8,8,8,9,11,14,15,16,20,20,20,59929,0,7,8.44492646881342,4.633864002244081,1957.275683998887,8965.0
1789885659,50,GET,GET /api/v1/reservas/{id},5.600000,0.000000,6,6,7,7,8,10,10,12,12,12,12,19849,0,5,6.192398152723556,3.0284199965535663,1521.0046399952262,442.0
1789885659,50,POST,POST /api/v1/auth/login,0.000000,0.000000,0,0,0,0,0,0,0,0,0,0,0,50,0,1300.0,1369.1218887201103,628.633758999058,2104.1982940005255,1622.0
1789885659,50,POST,POST /api/v1/auth/refresh,0.000000,0.000000,0,0,0,0,0,0,0,0,0,0,0,150,0,25,28.633832166863915,18.447431997628883,82.49066000280436,1622.0
1789885659,50,,Aggregated,25.400000,0.000000,7,8,8,8,10,12,15,16,20,20,20,79978,0,6,8.774413945634764,3.0284199965535663,2104.1982940005255,6831.392920553152
1789885660,50,GET,GET /api/v1/reservas,19.200000,0.000000,8,8,8,8,11,13,15,16,20,20,20,59946,0,7,8.444449769717883,4.633864002244081,1957.275683998887,8965.0
1789885660,50,GET,GET /api/v1/reservas/{id},5.600000,0.000000,6,6,6,7,8,10,10,12,12,12,12,19855,0,5,6.192147551669998,3.0284199965535663,1521.0046399952262,442.0
1789885660,50,POST,POST /api/v1/auth/login,0.000000,0.000000,0,0,0,0,0,0,0,0,0,0,0,50,0,1300.0,1369.1218887201103,628.633758999058,2104.1982940005255,1622.0
1789885660,50,POST,POST /api/v1/auth/refresh,0.000000,0.000000,0,0,0,0,0,0,0,0,0,0,0,150,0,25,28.633832166863915,18.447431997628883,82.49066000280436,1622.0
1789885660,50,,Aggregated,24.800000,0.000000,7,8,8,8,10,12,15,16,20,20,20,80001,0,6,8.773730888300943,3.0284199965535663,2104.1982940005255,6831.367107911151
1789885661,50,GET,GET /api/v1/reservas,19.100000,0.000000,7,8,8,8,10,12,15,15,16,16,16,59962,0,7,8.444025800648767,4.633864002244081,1957.275683998887,8965.0
1789885661,50,GET,GET /api/v1/reservas/{id},5.900000,0.000000,6,6,6,7,8,9,10,10,10,10,10,19864,0,5,6.191921472935817,3.0284199965535663,1521.0046399952262,442.0
1789885661,50,POST,POST /api/v1/auth/login,0.000000,0.000000,0,0,0,0,0,0,0,0,0,0,0,50,0,1300.0,1369.1218887201103,628.633758999058,2104.1982940005255,1622.0
1789885661,50,POST,POST /api/v1/auth/refresh,0.000000,0.000000,0,0,0,0,0,0,0,0,0,0,0,150,0,25,28.633832166863915,18.447431997628883,82.49066000280436,1622.0
1789885661,50,,Aggregated,25.000000,0.000000,7,8,8,8,9,11,14,15,16,16,16,80026,0,6,8.77300093042194,3.0284199965535663,2104.1982940005255,6831.075125584185
1789885662,50,GET,GET /api/v1/reservas,18.700000,0.000000,7,8,8,8,9,11,14,15,16,16,16,59983,0,7,8.443650991739243,4.633864002244081,1957.275683998887,8965.0
1789885662,50,GET,GET /api/v1/reservas/{id},5.500000,0.000000,6,6,6,6,8,10,10,18,18,18,18,19869,0,5,6.192335255191497,3.0284199965535663,1521.0046399952262,442.0
1789885662,50,POST,POST /api/v1/auth/login,0.000000,0.000000,0,0,0,0,0,0,0,0,0,0,0,50,0,1300.0,1369.1218887201103,628.633758999058,2104.1982940005255,1622.0
1789885662,50,POST,POST /api/v1/auth/refresh,0.000000,0.000000,0,0,0,0,0,0,0,0,0,0,0,150,0,25,28.633832166863915,18.447431997628883,82.49066000280436,1622.0
1789885662,50,,Aggregated,24.200000,0.000000,7,8,8,8,9,11,14,15,18,18,18,80052,0,6,8.772575274620776,3.0284199965535663,2104.1982940005255,6831.235859191525
1789885663,50,GET,GET /api/v1/reservas,18.000000,0.000000,7,8,8,8,10,12,14,15,16,16,16,60001,0,7,8.443739589981531,4.633864002244081,1957.275683998887,8965.0
1789885663,50,GET,GET /api/v1/reservas/{id},6.000000,0.000000,6,6,6,7,8,9,10,18,18,18,18,19877,0,5,6.192174592162158,3.0284199965535663,1521.0046399952262,442.0
1789885663,50,POST,POST /api/v1/auth/login,0.000000,0.000000,0,0,0,0,0,0,0,0,0,0,0,50,0,1300.0,1369.1218887201103,628.633758999058,2104.1982940005255,1622.0
1789885663,50,POST,POST /api/v1/auth/refresh,0.000000,0.000000,0,0,0,0,0,0,0,0,0,0,0,150,0,25,28.633832166863915,18.447431997628883,82.49066000280436,1622.0
1789885663,50,,Aggregated,24.000000,0.000000,7,8,8,8,10,11,14,15,18,18,18,80078,0,6,8.772270071279705,3.0284199965535663,2104.1982940005255,6831.077187242438
1789885664,50,GET,GET /api/v1/reservas,18.700000,0.000000,7,8,8,8,10,11,14,15,16,16,16,60026,0,7,8.443187550102786,4.633864002244081,1957.275683998887,8965.0
1789885664,50,GET,GET /api/v1/reservas/{id},6.400000,0.000000,6,6,6,7,8,10,10,18,18,18,18,19882,0,5,6.192000371512459,3.0284199965535663,1521.0046399952262,442.0
1789885664,50,POST,POST /api/v1/auth/login,0.000000,0.000000,0,0,0,0,0,0,0,0,0,0,0,50,0,1300.0,1369.1218887201103,628.633758999058,2104.1982940005255,1622.0
1789885664,50,POST,POST /api/v1/auth/refresh,0.000000,0.000000,0,0,0,0,0,0,0,0,0,0,0,150,0,25,28.633832166863915,18.447431997628883,82.49066000280436,1622.0
1789885664,50,,Aggregated,25.100000,0.000000,7,8,8,8,9,11,14,15,18,18,18,80108,0,6,8.771549614644323,3.0284199965535663,2104.1982940005255,6831.344360113846
1789885665,50,GET,GET /api/v1/reservas,18.400000,0.000000,7,8,8,8,9,11,13,15,16,16,16,60045,0,7,8.443064070571559,4.633864002244081,1957.275683998887,8965.0
1789885665,50,GET,GET /api/v1/reservas/{id},6.100000,0.000000,6,6,6,7,8,10,10,18,18,18,18,19885,0,5,6.191913686618847,3.0284199965535663,1521.0046399952262,442.0
1789885665,50,POST,POST /api/v1/auth/login,0.000000,0.000000,0,0,0,0,0,0,0,0,0,0,0,50,0,1300.0,1369.1218887201103,628.633758999058,2104.1982940005255,1622.0
1789885665,50,POST,POST /api/v1/auth/refresh,0.000000,0.000000,0,0,0,0,0,0,0,0,0,0,0,150,0,25,28.633832166863915,18.447431997628883,82.49066000280436,1622.0
1789885665,50,,Aggregated,24.500000,0.000000,7,8,8,8,9,11,13,15,18,18,18,80130,0,6,8.771261138611404,3.0284199965535663,2104.1982940005255,6831.611069512043
1789885666,50,GET,GET /api/v1/reservas,19.700000,0.000000,7,8,8,8,10,11,13,15,16,16,16,60067,0,7,8.442979996461604,4.633864002244081,1957.275683998887,8965.0
1789885666,50,GET,GET /api/v1/reservas/{id},6.500000,0.000000,6,6,6,7,8,10,10,18,18,18,18,19889,0,5,6.191922870150324,3.0284199965535663,1521.0046399952262,442.0
1789885666,50,POST,POST /api/v1/auth/login,0.000000,0.000000,0,0,0,0,0,0,0,0,0,0,0,50,0,1300.0,1369.1218887201103,628.633758999058,2104.1982940005255,1622.0
1789885666,50,POST,POST /api/v1/auth/refresh,0.000000,0.000000,0,0,0,0,0,0,0,0,0,0,0,150,0,25,28.633832166863915,18.447431997628883,82.49066000280436,1622.0
1789885666,50,,Aggregated,26.200000,0.000000,7,8,8,8,9,11,13,15,18,18,18,80156,0,6,8.770981619254028,3.0284199965535663,2104.1982940005255,6831.877750885773
1789885667,50,GET,GET /api/v1/reservas,18.800000,0.000000,8,8,8,9,10,11,14,16,30,30,30,60087,0,7,8.443256088296957,4.633864002244081,1957.275683998887,8965.0
1789885667,50,GET,GET /api/v1/reservas/{id},6.200000,0.000000,6,6,6,7,8,9,10,18,18,18,18,19897,0,5,6.191640576138562,3.0284199965535663,1521.0046399952262,442.0
1789885667,50,POST,POST /api/v1/auth/login,0.000000,0.000000,0,0,0,0,0,0,0,0,0,0,0,50,0,1300.0,1369.1218887201103,628.633758999058,2104.1982940005255,1622.0
1789885667,50,POST,POST /api/v1/auth/refresh,0.000000,0.000000,0,0,0,0,0,0,0,0,0,0,0,150,0,25,28.633832166863915,18.447431997628883,82.49066000280436,1622.0
1789885667,50,,Aggregated,25.000000,0.000000,7,8,8,8,10,11,14,16,30,30,30,80184,0,6,8.770779337298901,3.0284199965535663,2104.1982940005255,6831.772286241644
1789885668,50,GET,GET /api/v1/reservas,19.100000,0.000000,7,8,8,8,9,11,13,14,30,30,30,60104,0,7,8.442908761405558,4.633864002244081,1957.275683998887,8965.0
1789885668,50,GET,GET /api/v1/reservas/{id},6.300000,0.000000,6,6,6,6,7,8,9,18,18,18,18,19903,0,5,6.191599230941212,3.0284199965535663,1521.0046399952262,442.0
1789885668,50,POST,POST /api/v1/auth/login,0.000000,0.000000,0,0,0,0,0,0,0,0,0,0,0,50,0,1300.0,1369.1218887201103,628.633758999058,2104.1982940005255,1622.0
1789885668,50,POST,POST /api/v1/auth/refresh,0.000000,0.000000,0,0,0,0,0,0,0,0,0,0,0,150,0,25,28.633832166863915,18.447431997628883,82.49066000280436,1622.0
1789885668,50,,Aggregated,25.400000,0.000000,7,8,8,8,9,10,13,14,30,30,30,80207,0,6,8.770246449187594,3.0284199965535663,2104.1982940005255,6831.746431109505
1789885669,50,GET,GET /api/v1/reservas,19.300000,0.000000,8,8,8,9,10,11,14,17,30,30,30,60117,0,7,8.44321300435012,4.633864002244081,1957.275683998887,8965.0
1789885669,50,GET,GET /api/v1/reservas/{id},5.800000,0.000000,6,6,6,6,8,9,9,18,18,18,18,19909,0,5,6.191677412799792,3.0284199965535663,1521.0046399952262,442.0
1789885669,50,POST,POST /api/v1/auth/login,0.000000,0.000000,0,0,0,0,0,0,0,0,0,0,0,50,0,1300.0,1369.1218887201103,628.633758999058,2104.1982940005255,1622.0
1789885669,50,POST,POST /api/v1/auth/refresh,0.000000,0.000000,0,0,0,0,0,0,0,0,0,0,0,150,0,25,28.633832166863915,18.447431997628883,82.49066000280436,1622.0
1789885669,50,,Aggregated,25.100000,0.000000,7,8,8,8,9,11,14,17,30,30,30,80226,0,6,8.770247937763246,3.0284199965535663,2104.1982940005255,6831.614227307855
1789885670,50,GET,GET /api/v1/reservas,20.100000,0.000000,8,8,8,9,10,11,14,17,30,30,30,60140,0,7,8.442827120875839,4.633864002244081,1957.275683998887,8965.0
1789885670,50,GET,GET /api/v1/reservas/{id},6.300000,0.000000,6,6,6,6,8,9,9,18,18,18,18,19914,0,5,6.191448123602909,3.0284199965535663,1521.0046399952262,442.0
1789885670,50,POST,POST /api/v1/auth/login,0.000000,0.000000,0,0,0,0,0,0,0,0,0,0,0,50,0,1300.0,1369.1218887201103,628.633758999058,2104.1982940005255,1622.0
1789885670,50,POST,POST /api/v1/auth/refresh,0.000000,0.000000,0,0,0,0,0,0,0,0,0,0,0,150,0,25,28.633832166863915,18.447431997628883,82.49066000280436,1622.0
1789885670,50,,Aggregated,26.400000,0.000000,7,8,8,8,9,11,14,17,30,30,30,80254,0,6,8.769647497245593,3.0284199965535663,2104.1982940005255,6831.827547536572
1789885671,50,GET,GET /api/v1/reservas,19.300000,0.000000,8,8,8,9,10,11,14,17,30,30,30,60158,0,7,8.442417309126908,4.633864002244081,1957.275683998887,8965.0
1789885671,50,GET,GET /api/v1/reservas/{id},6.000000,0.000000,6,6,6,6,8,9,9,17,17,17,17,19920,0,5,6.191765247109858,3.0284199965535663,1521.0046399952262,442.0
1789885671,50,POST,POST /api/v1/auth/login,0.000000,0.000000,0,0,0,0,0,0,0,0,0,0,0,50,0,1300.0,1369.1218887201103,628.633758999058,2104.1982940005255,1622.0
1789885671,50,POST,POST /api/v1/auth/refresh,0.000000,0.000000,0,0,0,0,0,0,0,0,0,0,0,150,0,25,28.633832166863915,18.447431997628883,82.49066000280436,1622.0
1789885671,50,,Aggregated,25.300000,0.000000,7,8,8,8,9,11,14,17,30,30,30,80278,0,6,8.769153111262504,3.0284199965535663,2104.1982940005255,6831.828271755649
1789885672,50,GET,GET /api/v1/reservas,18.800000,0.000000,8,8,8,9,10,11,13,17,30,30,30,60178,0,7,8.442150881475865,4.633864002244081,1957.275683998887,8965.0
1789885672,50,GET,GET /api/v1/reservas/{id},6.400000,0.000000,6,6,6,7,8,9,11,17,17,17,17,19927,0,5,6.191906513044851,3.0284199965535663,1521.0046399952262,442.0
1789885672,50,POST,POST /api/v1/auth/login,0.000000,0.000000,0,0,0,0,0,0,0,0,0,0,0,50,0,1300.0,1369.1218887201103,628.633758999058,2104.1982940005255,1622.0
1789885672,50,POST,POST /api/v1/auth/refresh,0.000000,0.000000,0,0,0,0,0,0,0,0,0,0,0,150,0,25,28.633832166863915,18.447431997628883,82.49066000280436,1622.0
1789885672,50,,Aggregated,25.200000,0.000000,7,8,8,8,9,11,13,17,30,30,30,80305,0,6,8.768682474216376,3.0284199965535663,2104.1982940005255,6831.802552767574
1789885673,50,GET,GET /api/v1/reservas,20.000000,0.000000,8,8,9,9,10,11,13,17,30,30,30,60195,0,7,8.442081383510757,4.633864002244081,1957.275683998887,8965.0
1789885673,50,GET,GET /api/v1/reservas/{id},5.900000,0.000000,6,6,6,7,8,9,11,17,17,17,17,19933,0,5,6.191843687826858,3.0284199965535663,1521.0046399952262,442.0
1789885673,50,POST,POST /api/v1/auth/login,0.000000,0.000000,0,0,0,0,0,0,0,0,0,0,0,50,0,1300.0,1369.1218887201103,628.633758999058,2104.1982940005255,1622.0
1789885673,50,POST,POST /api/v1/auth/refresh,0.000000,0.000000,0,0,0,0,0,0,0,0,0,0,0,150,0,25,28.633832166863915,18.447431997628883,82.49066000280436,1622.0
1789885673,50,,Aggregated,25.900000,0.000000,7,8,8,9,9,11,13,17,30,30,30,80328,0,6,8.76835323138793,3.0284199965535663,2104.1982940005255,6831.776727915546
1789885674,50,GET,GET /api/v1/reservas,19.400000,0.000000,8,8,8,9,10,11,13,17,30,30,30,60212,0,7,8.44186073565756,4.633864002244081,1957.275683998887,8965.0
1789885674,50,GET,GET /api/v1/reservas/{id},5.700000,0.000000,6,6,6,7,8,9,11,17,17,17,17,19938,0,5,6.1915319356232335,3.0284199965535663,1521.0046399952262,442.0
1789885674,50,POST,POST /api/v1/auth/login,0.000000,0.000000,0,0,0,0,0,0,0,0,0,0,0,50,0,1300.0,1369.1218887201103,628.633758999058,2104.1982940005255,1622.0
1789885674,50,POST,POST /api/v1/auth/refresh,0.000000,0.000000,0,0,0,0,0,0,0,0,0,0,0,150,0,25,28.633832166863915,18.447431997628883,82.49066000280436,1622.0
1789885674,50,,Aggregated,25.100000,0.000000,7,8,8,9,9,11,13,17,30,30,30,80350,0,6,8.767881165014515,3.0284199965535663,2104.1982940005255,6831.83044181705
1789885675,50,GET,GET /api/v1/reservas,19.100000,0.000000,8,8,8,9,10,11,15,17,30,30,30,60232,0,7,8.441820332736974,4.633864002244081,1957.275683998887,8965.0
1789885675,50,GET,GET /api/v1/reservas/{id},5.600000,0.000000,6,6,6,7,9,11,13,17,17,17,17,19946,0,5,6.1918104857836465,3.0284199965535663,1521.0046399952262,442.0
1789885675,50,POST,POST /api/v1/auth/login,0.000000,0.000000,0,0,0,0,0,0,0,0,0,0,0,50,0,1300.0,1369.1218887201103,628.633758999058,2104.1982940005255,1622.0
1789885675,50,POST,POST /api/v1/auth/refresh,0.000000,0.000000,0,0,0,0,0,0,0,0,0,0,0,150,0,25,28.633832166863915,18.447431997628883,82.49066000280436,1622.0
1789885675,50,,Aggregated,24.700000,0.000000,7,8,8,9,10,11,15,17,30,30,30,80378,0,6,8.767582466494577,3.0284199965535663,2104.1982940005255,6831.725248202244
1789885676,50,GET,GET /api/v1/reservas,18.700000,0.000000,8,8,9,9,10,12,15,17,30,30,30,60251,0,7,8.442118775795153,4.633864002244081,1957.275683998887,8965.0
1789885676,50,GET,GET /api/v1/reservas/{id},5.500000,0.000000,6,6,6,7,8,10,13,17,17,17,17,19952,0,5,6.191778823648679,3.0284199965535663,1521.0046399952262,442.0
1789885676,50,POST,POST /api/v1/auth/login,0.000000,0.000000,0,0,0,0,0,0,0,0,0,0,0,50,0,1300.0,1369.1218887201103,628.633758999058,2104.1982940005255,1622.0
1789885676,50,POST,POST /api/v1/auth/refresh,0.000000,0.000000,0,0,0,0,0,0,0,0,0,0,0,150,0,25,28.633832166863915,18.447431997628883,82.49066000280436,1622.0
1789885676,50,,Aggregated,24.200000,0.000000,7,8,8,9,10,12,15,17,30,30,30,80403,0,6,8.76752905626555,3.0284199965535663,2104.1982940005255,6831.752534109424
1789885677,50,GET,GET /api/v1/reservas,18.900000,0.000000,8,8,9,9,10,12,15,17,17,17,17,60269,0,7,8.44177852497063,4.633864002244081,1957.275683998887,8965.0
1789885677,50,GET,GET /api/v1/reservas/{id},5.800000,0.000000,6,6,6,7,9,11,13,17,17,17,17,19958,0,5,6.191626310975242,3.0284199965535663,1521.0046399952262,442.0
1789885677,50,POST,POST /api/v1/auth/login,0.000000,0.000000,0,0,0,0,0,0,0,0,0,0,0,50,0,1300.0,1369.1218887201103,628.633758999058,2104.1982940005255,1622.0
1789885677,50,POST,POST /api/v1/auth/refresh,0.000000,0.000000,0,0,0,0,0,0,0,0,0,0,0,150,0,25,28.633832166863915,18.447431997628883,82.49066000280436,1622.0
1789885677,50,,Aggregated,24.700000,0.000000,7,8,8,9,10,12,15,17,17,17,17,80427,0,6,8.766971254640177,3.0284199965535663,2104.1982940005255,6831.753279371355
1789885678,50,GET,GET /api/v1/reservas,18.900000,0.000000,8,8,8,9,10,12,15,17,17,17,17,60290,0,7,8.441366301351065,4.633864002244081,1957.275683998887,8965.0
1789885678,50,GET,GET /api/v1/reservas/{id},5.900000,0.000000,6,6,6,7,8,11,13,17,17,17,17,19964,0,5,6.191420361172281,3.0284199965535663,1521.0046399952262,442.0
1789885678,50,POST,POST /api/v1/auth/login,0.000000,0.000000,0,0,0,0,0,0,0,0,0,0,0,50,0,1300.0,1369.1218887201103,628.633758999058,2104.1982940005255,1622.0
1789885678,50,POST,POST /api/v1/auth/refresh,0.000000,0.000000,0,0,0,0,0,0,0,0,0,0,0,150,0,25,28.633832166863915,18.447431997628883,82.49066000280436,1622.0
1789885678,50,,Aggregated,24.800000,0.000000,7,8,8,9,10,12,15,17,17,17,17,80454,0,6,8.766334298604741,3.0284199965535663,2104.1982940005255,6831.833569493127
1789885679,50,GET,GET /api/v1/reservas,18.400000,0.000000,8,8,8,9,10,12,13,15,17,17,17,60307,0,7,8.44127875920644,4.633864002244081,1957.275683998887,8965.0
1789885679,50,GET,GET /api/v1/reservas/{id},6.500000,0.000000,6,6,6,6,8,11,13,17,17,17,17,19972,0,5,6.191088644724417,3.0284199965535663,1521.0046399952262,442.0
1789885679,50,POST,POST /api/v1/auth/login,0.000000,0.000000,0,0,0,0,0,0,0,0,0,0,0,50,0,1300.0,1369.1218887201103,628.633758999058,2104.1982940005255,1622.0
1789885679,50,POST,POST /api/v1/auth/refresh,0.000000,0.000000,0,0,0,0,0,0,0,0,0,0,0,150,0,25,28.633832166863915,18.447431997628883,82.49066000280436,1622.0
1789885679,50,,Aggregated,24.900000,0.000000,7,8,8,9,10,11,13,15,17,17,17,80479,0,6,8.765861775182914,3.0284199965535663,2104.1982940005255,6831.648989177301
1789885680,50,GET,GET /api/v1/reservas,17.900000,0.000000,8,8,9,9,10,12,13,17,18,18,18,60322,0,7,8.441338390329365,4.633864002244081,1957.275683998887,8965.0
1789885680,50,GET,GET /api/v1/reservas/{id},6.300000,0.000000,6,6,6,6,8,11,13,17,17,17,17,19976,0,5,6.190921034864161,3.0284199965535663,1521.0046399952262,442.0
1789885680,50,POST,POST /api/v1/auth/login,0.000000,0.000000,0,0,0,0,0,0,0,0,0,0,0,50,0,1300.0,1369.1218887201103,628.633758999058,2104.1982940005255,1622.0
1789885680,50,POST,POST /api/v1/auth/refresh,0.000000,0.000000,0,0,0,0,0,0,0,0,0,0,0,150,0,25,28.633832166863915,18.447431997628883,82.49066000280436,1622.0
1789885680,50,,Aggregated,24.200000,0.000000,7,8,8,9,10,12,13,17,18,18,18,80498,0,6,8.765676442084786,3.0284199965535663,2104.1982940005255,6831.729011900917
1789885681,50,GET,GET /api/v1/reservas,18.700000,0.000000,8,8,9,9,10,12,13,17,18,18,18,60345,0,7,8.440901402642323,4.633864002244081,1957.275683998887,8965.0
1789885681,50,GET,GET /api/v1/reservas/{id},6.200000,0.000000,6,6,6,6,7,8,10,13,13,13,13,19984,0,5,6.190647066775911,3.0284199965535663,1521.0046399952262,442.0
1789885681,50,POST,POST /api/v1/auth/login,0.000000,0.000000,0,0,0,0,0,0,0,0,0,0,0,50,0,1300.0,1369.1218887201103,628.633758999058,2104.1982940005255,1622.0
1789885681,50,POST,POST /api/v1/auth/refresh,0.000000,0.000000,0,0,0,0,0,0,0,0,0,0,0,150,0,25,28.633832166863915,18.447431997628883,82.49066000280436,1622.0
1789885681,50,,Aggregated,24.900000,0.000000,7,8,8,9,10,11,13,15,18,18,18,80529,0,6,8.76493257566774,3.0284199965535663,2104.1982940005255,6831.703522954464
1789885682,50,GET,GET /api/v1/reservas,18.900000,0.000000,8,8,9,9,10,12,13,17,18,18,18,60365,0,7,8.440584709110547,4.633864002244081,1957.275683998887,8965.0
1789885682,50,GET,GET /api/v1/reservas/{id},6.000000,0.000000,5,6,6,6,7,8,10,13,13,13,13,19991,0,5,6.190344813989137,3.0284199965535663,1521.0046399952262,442.0
1789885682,50,POST,POST /api/v1/auth/login,0.000000,0.000000,0,0,0,0,0,0,0,0,0,0,0,50,0,1300.0,1369.1218887201103,628.633758999058,2104.1982940005255,1622.0
1789885682,50,POST,POST /api/v1/auth/refresh,0.000000,0.000000,0,0,0,0,0,0,0,0,0,0,0,150,0,25,28.633832166863915,18.447431997628883,82.49066000280436,1622.0
1789885682,50,,Aggregated,24.900000,0.000000,7,8,8,8,10,11,13,15,18,18,18,80556,0,6,8.764316108085826,3.0284199965535663,2104.1982940005255,6831.677925914892
1789885683,50,GET,GET /api/v1/reservas,18.500000,0.000000,8,8,8,9,10,12,13,17,18,18,18,60377,0,7,8.440327868169335,4.633864002244081,1957.275683998887,8965.0
1789885683,50,GET,GET /api/v1/reservas/{id},6.400000,0.000000,5,6,6,6,7,8,10,13,13,13,13,20000,0,5,6.190218072423159,3.0284199965535663,1521.0046399952262,442.0
1789885683,50,POST,POST /api/v1/auth/login,0.000000,0.000000,0,0,0,0,0,0,0,0,0,0,0,50,0,1300.0,1369.1218887201103,628.633758999058,2104.1982940005255,1622.0
1789885683,50,POST,POST /api/v1/auth/refresh,0.000000,0.000000,0,0,0,0,0,0,0,0,0,0,0,150,0,25,28.633832166863915,18.447431997628883,82.49066000280436,1622.0
1789885683,50,,Aggregated,24.900000,0.000000,7,8,8,8,10,11,13,15,18,18,18,80577,0,6,8.763756486416343,3.0284199965535663,2104.1982940005255,6831.281941496954
1789885684,50,GET,GET /api/v1/reservas,18.300000,0.000000,8,8,8,9,10,12,13,17,18,18,18,60397,0,7,8.44041073421622,4.633864002244081,1957.275683998887,8965.0
1789885684,50,GET,GET /api/v1/reservas/{id},6.200000,0.000000,6,6,6,6,8,8,10,13,13,13,13,20007,0,5,6.190411512894479,3.0284199965535663,1521.0046399952262,442.0
1789885684,50,POST,POST /api/v1/auth/login,0.000000,0.000000,0,0,0,0,0,0,0,0,0,0,0,50,0,1300.0,1369.1218887201103,628.633758999058,2104.1982940005255,1622.0
1789885684,50,POST,POST /api/v1/auth/refresh,0.000000,0.000000,0,0,0,0,0,0,0,0,0,0,0,150,0,25,28.633832166863915,18.447431997628883,82.49066000280436,1622.0
1789885684,50,,Aggregated,24.500000,0.000000,7,8,8,8,10,11,13,15,18,18,18,80604,0,6,8.7635628444492,3.0284199965535663,2104.1982940005255,6831.256500918069
1789885685,50,GET,GET /api/v1/reservas,18.500000,0.000000,8,8,8,9,10,11,14,15,18,18,18,60419,0,7,8.440426145756588,4.633864002244081,1957.275683998887,8965.0
1789885685,50,GET,GET /api/v1/reservas/{id},6.700000,0.000000,6,6,6,6,7,8,10,10,10,10,10,20014,0,5,6.190152636428481,3.0284199965535663,1521.0046399952262,442.0
1789885685,50,POST,POST /api/v1/auth/login,0.000000,0.000000,0,0,0,0,0,0,0,0,0,0,0,50,0,1300.0,1369.1218887201103,628.633758999058,2104.1982940005255,1622.0
1789885685,50,POST,POST /api/v1/auth/refresh,0.000000,0.000000,0,0,0,0,0,0,0,0,0,0,0,150,0,25,28.633832166863915,18.447431997628883,82.49066000280436,1622.0
1789885685,50,,Aggregated,25.200000,0.000000,7,8,8,8,9,11,13,14,18,18,18,80633,0,6,8.763198584041191,3.0284199965535663,2104.1982940005255,6831.284002827626
1789885686,50,GET,GET /api/v1/reservas,18.300000,0.000000,8,8,8,9,10,11,12,14,18,18,18,60434,0,7,8.440441594109915,4.633864002244081,1957.275683998887,8965.0
1789885686,50,GET,GET /api/v1/reservas/{id},7.100000,0.000000,6,6,6,6,7,8,10,10,10,10,10,20019,0,5,6.1900629610105335,3.0284199965535663,1521.0046399952262,442.0
1789885686,50,POST,POST /api/v1/auth/login,0.000000,0.000000,0,0,0,0,0,0,0,0,0,0,0,50,0,1300.0,1369.1218887201103,628.633758999058,2104.1982940005255,1622.0
1789885686,50,POST,POST /api/v1/auth/refresh,0.000000,0.000000,0,0,0,0,0,0,0,0,0,0,0,150,0,25,28.633832166863915,18.447431997628883,82.49066000280436,1622.0
1789885686,50,,Aggregated,25.400000,0.000000,7,8,8,8,9,10,12,14,18,18,18,80653,0,6,8.762968357977448,3.0284199965535663,2104.1982940005255,6831.284738323435
1789885687,50,GET,GET /api/v1/reservas,19.200000,0.000000,8,8,9,9,10,11,12,14,18,18,18,60455,0,7,8.440381897600412,4.633864002244081,1957.275683998887,8965.0
1789885687,50,GET,GET /api/v1/reservas/{id},6.900000,0.000000,6,6,6,6,7,8,10,10,10,10,10,20028,0,5,6.189937847786139,3.0284199965535663,1521.0046399952262,442.0
1789885687,50,POST,POST /api/v1/auth/login,0.000000,0.000000,0,0,0,0,0,0,0,0,0,0,0,50,0,1300.0,1369.1218887201103,628.633758999058,2104.1982940005255,1622.0
1789885687,50,POST,POST /api/v1/auth/refresh,0.000000,0.000000,0,0,0,0,0,0,0,0,0,0,0,150,0,25,28.633832166863915,18.447431997628883,82.49066000280436,1622.0
1789885687,50,,Aggregated,26.100000,0.000000,7,8,8,9,10,10,12,14,18,18,18,80683,0,6,8.762521622844222,3.0284199965535663,2104.1982940005255,6831.127387429818
1789885688,50,GET,GET /api/v1/reservas,18.200000,0.000000,8,8,9,9,10,11,12,14,18,18,18,60468,0,7,8.440216835556537,4.633864002244081,1957.275683998887,8965.0
1789885688,50,GET,GET /api/v1/reservas/{id},6.900000,0.000000,6,6,6,6,7,8,10,10,10,10,10,20032,0,5,6.189824352958067,3.0284199965535663,1521.0046399952262,442.0
1789885688,50,POST,POST /api/v1/auth/login,0.000000,0.000000,0,0,0,0,0,0,0,0,0,0,0,50,0,1300.0,1369.1218887201103,628.633758999058,2104.1982940005255,1622.0
1789885688,50,POST,POST /api/v1/auth/refresh,0.000000,0.000000,0,0,0,0,0,0,0,0,0,0,0,150,0,25,28.633832166863915,18.447431997628883,82.49066000280436,1622.0
1789885688,50,,Aggregated,25.100000,0.000000,8,8,8,9,9,10,12,14,18,18,18,80700,0,6,8.762190363221004,3.0284199965535663,2104.1982940005255,6831.154448574969
1789885689,50,GET,GET /api/v1/reservas,18.300000,0.000000,8,8,8,9,9,10,11,14,14,14,14,60490,0,7,8.439925532211168,4.633864002244081,1957.275683998887,8965.0
1789885689,50,GET,GET /api/v1/reservas/{id},6.900000,0.000000,6,6,6,6,7,8,10,10,10,10,10,20039,0,5,6.189806394802965,3.0284199965535663,1521.0046399952262,442.0
1789885689,50,POST,POST /api/v1/auth/login,0.000000,0.000000,0,0,0,0,0,0,0,0,0,0,0,50,0,1300.0,1369.1218887201103,628.633758999058,2104.1982940005255,1622.0
1789885689,50,POST,POST /api/v1/auth/refresh,0.000000,0.000000,0,0,0,0,0,0,0,0,0,0,0,150,0,25,28.633832166863915,18.447431997628883,82.49066000280436,1622.0
1789885689,50,,Aggregated,25.200000,0.000000,7,8,8,8,9,10,11,12,14,14,14,80729,0,6,8.761656840168417,3.0284199965535663,2104.1982940005255,6831.181954440164
1789885690,50,GET,GET /api/v1/reservas,18.300000,0.000000,8,8,9,9,10,11,13,14,14,14,14,60506,0,7,8.440240256858047,4.633864002244081,1957.275683998887,8965.0
1789885690,50,GET,GET /api/v1/reservas/{id},6.900000,0.000000,6,6,6,7,8,9,10,10,10,10,10,20047,0,5,6.190299264501735,3.0284199965535663,1521.0046399952262,442.0
1789885690,50,POST,POST /api/v1/auth/login,0.000000,0.000000,0,0,0,0,0,0,0,0,0,0,0,50,0,1300.0,1369.1218887201103,628.633758999058,2104.1982940005255,1622.0
1789885690,50,POST,POST /api/v1/auth/refresh,0.000000,0.000000,0,0,0,0,0,0,0,0,0,0,0,150,0,25,28.633832166863915,18.447431997628883,82.49066000280436,1622.0
1789885690,50,,Aggregated,25.200000,0.000000,8,8,8,9,10,11,13,13,14,14,14,80753,0,6,8.76169647688588,3.0284199965535663,2104.1982940005255,6830.971778138273
1789885691,50,GET,GET /api/v1/reservas,17.900000,0.000000,8,8,9,9,10,11,13,14,25,25,25,60521,0,7,8.440282280488619,4.633864002244081,1957.275683998887,8965.0
1789885691,50,GET,GET /api/v1/reservas/{id},6.800000,0.000000,6,6,6,7,8,9,10,10,10,10,10,20056,0,5,6.189888239501756,3.0284199965535663,1521.0046399952262,442.0
1789885691,50,POST,POST /api/v1/auth/login,0.000000,0.000000,0,0,0,0,0,0,0,0,0,0,0,50,0,1300.0,1369.1218887201103,628.633758999058,2104.1982940005255,1622.0
1789885691,50,POST,POST /api/v1/auth/refresh,0.000000,0.000000,0,0,0,0,0,0,0,0,0,0,0,150,0,25,28.633832166863915,18.447431997628883,82.49066000280436,1622.0
1789885691,50,,Aggregated,24.700000,0.000000,8,8,8,9,10,11,13,14,25,25,25,80777,0,6,8.761279716874169,3.0284199965535663,2104.1982940005255,6830.656214021318
1789885692,50,GET,GET /api/v1/reservas,18.300000,0.000000,8,8,9,9,10,11,13,14,25,25,25,60541,0,7,8.440156251159587,4.633864002244081,1957.275683998887,8965.0
1789885692,50,GET,GET /api/v1/reservas/{id},6.900000,0.000000,6,6,6,7,8,9,10,10,10,10,10,20059,0,5,6.189905878281544,3.0284199965535663,1521.0046399952262,442.0
1789885692,50,POST,POST /api/v1/auth/login,0.000000,0.000000,0,0,0,0,0,0,0,0,0,0,0,50,0,1300.0,1369.1218887201103,628.633758999058,2104.1982940005255,1622.0
1789885692,50,POST,POST /api/v1/auth/refresh,0.000000,0.000000,0,0,0,0,0,0,0,0,0,0,0,150,0,25,28.633832166863915,18.447431997628883,82.49066000280436,1622.0
1789885692,50,,Aggregated,25.200000,0.000000,8,8,8,9,10,11,13,14,25,25,25,80800,0,6,8.761014738551339,3.0284199965535663,2104.1982940005255,6830.9473143564355
1789885693,50,GET,GET /api/v1/reservas,17.400000,0.000000,8,8,8,9,10,11,13,14,25,25,25,60556,0,7,8.439974361788003,4.633864002244081,1957.275683998887,8965.0
1789885693,50,GET,GET /api/v1/reservas/{id},7.100000,0.000000,6,6,6,6,7,9,9,10,10,10,10,20068,0,5,6.189563818838638,3.0284199965535663,1521.0046399952262,442.0
1789885693,50,POST,POST /api/v1/auth/login,0.000000,0.000000,0,0,0,0,0,0,0,0,0,0,0,50,0,1300.0,1369.1218887201103,628.633758999058,2104.1982940005255,1622.0
1789885693,50,POST,POST /api/v1/auth/refresh,0.000000,0.000000,0,0,0,0,0,0,0,0,0,0,0,150,0,25,28.633832166863915,18.447431997628883,82.49066000280436,1622.0
1789885693,50,,Aggregated,24.500000,0.000000,8,8,8,8,10,10,13,14,25,25,25,80824,0,6,8.760447681752131,3.0284199965535663,2104.1982940005255,6830.631941007621
1789885694,50,GET,GET /api/v1/reservas,18.100000,0.000000,8,8,9,9,10,10,13,13,25,25,25,60577,0,7,8.440100524991928,4.633864002244081,1957.275683998887,8965.0
1789885694,50,GET,GET /api/v1/reservas/{id},7.100000,0.000000,6,6,6,6,7,9,9,10,10,10,10,20073,0,5,6.189697810962533,3.0284199965535663,1521.0046399952262,442.0
1789885694,50,POST,POST /api/v1/auth/login,0.000000,0.000000,0,0,0,0,0,0,0,0,0,0,0,50,0,1300.0,1369.1218887201103,628.633758999058,2104.1982940005255,1622.0
1789885694,50,POST,POST /api/v1/auth/refresh,0.000000,0.000000,0,0,0,0,0,0,0,0,0,0,0,150,0,25,28.633832166863915,18.447431997628883,82.49066000280436,1622.0
1789885694,50,,Aggregated,25.200000,0.000000,8,8,8,9,10,10,12,13,25,25,25,80850,0,6,8.760333245800036,3.0284199965535663,2104.1982940005255,6830.791230674088
1789885695,50,GET,GET /api/v1/reservas,18.000000,0.000000,8,8,9,9,10,10,13,13,25,25,25,60599,0,7,8.440138087681753,4.633864002244081,1957.275683998887,8965.0
1789885695,50,GET,GET /api/v1/reservas/{id},6.500000,0.000000,6,6,6,6,8,9,9,10,10,10,10,20077,0,5,6.189602571421916,3.0284199965535663,1521.0046399952262,442.0
1789885695,50,POST,POST /api/v1/auth/login,0.000000,0.000000,0,0,0,0,0,0,0,0,0,0,0,50,0,1300.0,1369.1218887201103,628.633758999058,2104.1982940005255,1622.0
1789885695,50,POST,POST /api/v1/auth/refresh,0.000000,0.000000,0,0,0,0,0,0,0,0,0,0,0,150,0,25,28.633832166863915,18.447431997628883,82.49066000280436,1622.0
1789885695,50,,Aggregated,24.500000,0.000000,8,8,9,9,10,10,12,13,25,25,25,80876,0,6,8.760123498478045,3.0284199965535663,2104.1982940005255,6831.055801473861
1789885696,50,GET,GET /api/v1/reservas,18.000000,0.000000,8,8,9,9,10,11,13,13,25,25,25,60620,0,7,8.440152043342271,4.633864002244081,1957.275683998887,8965.0
1789885696,50,GET,GET /api/v1/reservas/{id},6.600000,0.000000,6,6,6,7,8,9,10,10,10,10,10,20080,0,5,6.189798286725119,3.0284199965535663,1521.0046399952262,442.0
1789885696,50,POST,POST /api/v1/auth/login,0.000000,0.000000,0,0,0,0,0,0,0,0,0,0,0,50,0,1300.0,1369.1218887201103,628.633758999058,2104.1982940005255,1622.0
1789885696,50,POST,POST /api/v1/auth/refresh,0.000000,0.000000,0,0,0,0,0,0,0,0,0,0,0,150,0,25,28.633832166863915,18.447431997628883,82.49066000280436,1622.0
1789885696,50,,Aggregated,24.600000,0.000000,8,8,8,9,10,10,12,13,25,25,25,80900,0,6,8.760004149887457,3.0284199965535663,2104.1982940005255,6831.372805933251
1789885697,50,GET,GET /api/v1/reservas,17.400000,0.000000,8,8,9,9,10,11,13,15,25,25,25,60643,0,7,8.440255680266919,4.633864002244081,1957.275683998887,8965.0
1789885697,50,GET,GET /api/v1/reservas/{id},6.300000,0.000000,6,6,7,7,8,9,10,10,10,10,10,20086,0,5,6.189906049310368,3.0284199965535663,1521.0046399952262,442.0
1789885697,50,POST,POST /api/v1/auth/login,0.000000,0.000000,0,0,0,0,0,0,0,0,0,0,0,50,0,1300.0,1369.1218887201103,628.633758999058,2104.1982940005255,1622.0
1789885697,50,POST,POST /api/v1/auth/refresh,0.000000,0.000000,0,0,0,0,0,0,0,0,0,0,0,150,0,25,28.633832166863915,18.447431997628883,82.49066000280436,1622.0
1789885697,50,,Aggregated,23.700000,0.000000,8,8,9,9,10,10,13,13,25,25,25,80929,0,6,8.759827100123823,3.0284199965535663,2104.1982940005255,6831.505480112197
1789885698,50,GET,GET /api/v1/reservas,18.100000,0.000000,8,8,9,9,10,11,13,15,25,25,25,60659,0,7,8.440017447838247,4.633864002244081,1957.275683998887,8965.0
1789885698,50,GET,GET /api/v1/reservas/{id},6.100000,0.000000,6,6,6,7,8,9,10,10,10,10,10,20096,0,5,6.189645509577131,3.0284199965535663,1521.0046399952262,442.0
1789885698,50,POST,POST /api/v1/auth/login,0.000000,0.000000,0,0,0,0,0,0,0,0,0,0,0,50,0,1300.0,1369.1218887201103,628.633758999058,2104.1982940005255,1622.0
1789885698,50,POST,POST /api/v1/auth/refresh,0.000000,0.000000,0,0,0,0,0,0,0,0,0,0,0,150,0,25,28.633832166863915,18.447431997628883,82.49066000280436,1622.0
1789885698,50,,Aggregated,24.200000,0.000000,8,8,9,9,10,10,13,13,25,25,25,80955,0,6,8.759203307886212,3.0284199965535663,2104.1982940005255,6831.1378790686185
1789885699,50,GET,GET /api/v1/reservas,18.500000,0.000000,8,8,9,9,10,10,12,15,25,25,25,60674,0,7,8.439912129419811,4.633864002244081,1957.275683998887,8965.0
1789885699,50,GET,GET /api/v1/reservas/{id},5.900000,0.000000,6,6,6,6,7,8,10,10,10,10,10,20102,0,5,6.1895902770104065,3.0284199965535663,1521.0046399952262,442.0
1789885699,50,POST,POST /api/v1/auth/login,0.000000,0.000000,0,0,0,0,0,0,0,0,0,0,0,50,0,1300.0,1369.1218887201103,628.633758999058,2104.1982940005255,1622.0
1789885699,50,POST,POST /api/v1/auth/refresh,0.000000,0.000000,0,0,0,0,0,0,0,0,0,0,0,150,0,25,28.633832166863915,18.447431997628883,82.49066000280436,1622.0
1789885699,50,,Aggregated,24.400000,0.000000,8,8,8,9,10,10,11,13,25,25,25,80976,0,6,8.75886116318325,3.0284199965535663,2104.1982940005255,6831.05974609761
1789885700,50,GET,GET /api/v1/reservas,18.500000,0.000000,8,8,9,9,10,11,14,19,25,25,25,60692,0,7,8.440212846773873,4.633864002244081,1957.275683998887,8965.0
1789885700,50,GET,GET /api/v1/reservas/{id},5.700000,0.000000,6,6,6,6,7,8,8,10,10,10,10,20111,0,5,6.189333474440279,3.0284199965535663,1521.0046399952262,442.0
1789885700,50,POST,POST /api/v1/auth/login,0.000000,0.000000,0,0,0,0,0,0,0,0,0,0,0,50,0,1300.0,1369.1218887201103,628.633758999058,2104.1982940005255,1622.0
1789885700,50,POST,POST /api/v1/auth/refresh,0.000000,0.000000,0,0,0,0,0,0,0,0,0,0,0,150,0,25,28.633832166863915,18.447431997628883,82.49066000280436,1622.0
1789885700,50,,Aggregated,24.200000,0.000000,8,8,9,9,10,10,12,15,25,25,25,81003,0,6,8.75866638102187,3.0284199965535663,2104.1982940005255,6830.824068244386
1789885701,50,GET,GET /api/v1/reservas,18.900000,0.000000,8,8,9,9,10,11,14,19,19,19,19,60709,0,7,8.44002478656227,4.633864002244081,1957.275683998887,8965.0
1789885701,50,GET,GET /api/v1/reservas/{id},6.300000,0.000000,6,6,6,6,7,8,8,10,10,10,10,20116,0,5,6.1890924777523795,3.0284199965535663,1521.0046399952262,442.0
1789885701,50,POST,POST /api/v1/auth/login,0.000000,0.000000,0,0,0,0,0,0,0,0,0,0,0,50,0,1300.0,1369.1218887201103,628.633758999058,2104.1982940005255,1622.0
1789885701,50,POST,POST /api/v1/auth/refresh,0.000000,0.000000,0,0,0,0,0,0,0,0,0,0,0,150,0,25,28.633832166863915,18.447431997628883,82.49066000280436,1622.0
1789885701,50,,Aggregated,25.200000,0.000000,8,8,8,9,10,10,12,15,19,19,19,81025,0,6,8.758240275358492,3.0284199965535663,2104.1982940005255,6830.87759333539
1789885702,50,GET,GET /api/v1/reservas,18.200000,0.000000,8,8,9,9,10,11,15,19,19,19,19,60728,0,7,8.4396936368136,4.633864002244081,1957.275683998887,8965.0
1789885702,50,GET,GET /api/v1/reservas/{id},6.600000,0.000000,6,6,6,6,7,7,8,10,10,10,10,20122,0,5,6.188852779418862,3.0284199965535663,1521.0046399952262,442.0
1789885702,50,POST,POST /api/v1/auth/login,0.000000,0.000000,0,0,0,0,0,0,0,0,0,0,0,50,0,1300.0,1369.1218887201103,628.633758999058,2104.1982940005255,1622.0
1789885702,50,POST,POST /api/v1/auth/refresh,0.000000,0.000000,0,0,0,0,0,0,0,0,0,0,0,150,0,25,28.633832166863915,18.447431997628883,82.49066000280436,1622.0
1789885702,50,,Aggregated,24.800000,0.000000,8,8,8,9,10,10,14,15,19,19,19,81050,0,6,8.757667860147178,3.0284199965535663,2104.1982940005255,6830.904922887106
1789885703,50,GET,GET /api/v1/reservas,18.800000,0.000000,8,8,9,9,10,10,15,19,19,19,19,60752,0,7,8.439245161927703,4.633864002244081,1957.275683998887,8965.0
1789885703,50,GET,GET /api/v1/reservas/{id},6.300000,0.000000,6,6,6,6,7,7,8,10,10,10,10,20125,0,5,6.18871840444554,3.0284199965535663,1521.0046399952262,442.0
1789885703,50,POST,POST /api/v1/auth/login,0.000000,0.000000,0,0,0,0,0,0,0,0,0,0,0,50,0,1300.0,1369.1218887201103,628.633758999058,2104.1982940005255,1622.0
1789885703,50,POST,POST /api/v1/auth/refresh,0.000000,0.000000,0,0,0,0,0,0,0,0,0,0,0,150,0,25,28.633832166863915,18.447431997628883,82.49066000280436,1622.0
1789885703,50,,Aggregated,25.100000,0.000000,8,8,8,9,10,10,14,15,19,19,19,81077,0,6,8.757109281645157,3.0284199965535663,2104.1982940005255,6831.300245445687
1789885704,50,GET,GET /api/v1/reservas,18.800000,0.000000,8,8,9,9,10,11,15,19,19,19,19,60777,0,7,8.439347838630216,4.633864002244081,1957.275683998887,8965.0
1789885704,50,GET,GET /api/v1/reservas/{id},6.000000,0.000000,6,6,6,6,7,7,8,10,10,10,10,20127,0,5,6.188759286305434,3.0284199965535663,1521.0046399952262,442.0
1789885704,50,POST,POST /api/v1/auth/login,0.000000,0.000000,0,0,0,0,0,0,0,0,0,0,0,50,0,1300.0,1369.1218887201103,628.633758999058,2104.1982940005255,1622.0
1789885704,50,POST,POST /api/v1/auth/refresh,0.000000,0.000000,0,0,0,0,0,0,0,0,0,0,0,150,0,25,28.633832166863915,18.447431997628883,82.49066000280436,1622.0
1789885704,50,,Aggregated,24.800000,0.000000,8,8,8,9,10,10,14,15,19,19,19,81104,0,6,8.757035053819099,3.0284199965535663,2104.1982940005255,6831.80039208917
1789885705,50,GET,GET /api/v1/reservas,19.200000,0.000000,8,8,9,9,10,11,15,19,19,19,19,60796,0,7,8.439265023150162,4.633864002244081,1957.275683998887,8965.0
1789885705,50,GET,GET /api/v1/reservas/{id},6.300000,0.000000,6,6,6,6,7,8,8,10,10,10,10,20134,0,5,6.188663553465835,3.0284199965535663,1521.0046399952262,442.0
1789885705,50,POST,POST /api/v1/auth/login,0.000000,0.000000,0,0,0,0,0,0,0,0,0,0,0,50,0,1300.0,1369.1218887201103,628.633758999058,2104.1982940005255,1622.0
1789885705,50,POST,POST /api/v1/auth/refresh,0.000000,0.000000,0,0,0,0,0,0,0,0,0,0,0,150,0,25,28.633832166863915,18.447431997628883,82.49066000280436,1622.0
1789885705,50,,Aggregated,25.500000,0.000000,7,8,8,9,10,10,14,15,19,19,19,81130,0,6,8.756653242869033,3.0284199965535663,2104.1982940005255,6831.74865031431
1789885706,50,GET,GET /api/v1/reservas,19.400000,0.000000,8,8,9,9,10,11,15,19,19,19,19,60816,0,7,8.43920783347199,4.633864002244081,1957.275683998887,8965.0
1789885706,50,GET,GET /api/v1/reservas/{id},5.400000,0.000000,6,6,6,6,7,7,7,8,8,8,8,20139,0,5,6.188630433660152,3.0284199965535663,1521.0046399952262,442.0
1789885706,50,POST,POST /api/v1/auth/login,0.000000,0.000000,0,0,0,0,0,0,0,0,0,0,0,50,0,1300.0,1369.1218887201103,628.633758999058,2104.1982940005255,1622.0
1789885706,50,POST,POST /api/v1/auth/refresh,0.000000,0.000000,0,0,0,0,0,0,0,0,0,0,0,150,0,25,28.633832166863915,18.447431997628883,82.49066000280436,1622.0
1789885706,50,,Aggregated,24.800000,0.000000,7,8,8,9,10,10,14,15,19,19,19,81155,0,6,8.756365734273437,3.0284199965535663,2104.1982940005255,6831.880697430842
1789885707,50,GET,GET /api/v1/reservas,19.700000,0.000000,8,8,9,9,10,11,14,19,19,19,19,60828,0,7,8.439146289380668,4.633864002244081,1957.275683998887,8965.0
1789885707,50,GET,GET /api/v1/reservas/{id},5.600000,0.000000,6,6,6,6,7,7,7,8,8,8,8,20143,0,5,6.188557140171867,3.0284199965535663,1521.0046399952262,442.0
1789885707,50,POST,POST /api/v1/auth/login,0.000000,0.000000,0,0,0,0,0,0,0,0,0,0,0,50,0,1300.0,1369.1218887201103,628.633758999058,2104.1982940005255,1622.0
1789885707,50,POST,POST /api/v1/auth/refresh,0.000000,0.000000,0,0,0,0,0,0,0,0,0,0,0,150,0,25,28.633832166863915,18.447431997628883,82.49066000280436,1622.0
1789885707,50,,Aggregated,25.300000,0.000000,7,8,8,9,10,10,13,15,19,19,19,81171,0,6,8.756128004163745,3.0284199965535663,2104.1982940005255,6831.881164455286
1789885708,50,GET,GET /api/v1/reservas,19.900000,0.000000,8,8,9,9,10,11,14,19,19,19,19,60850,0,7,8.438742948355381,4.633864002244081,1957.275683998887,8965.0
1789885708,50,GET,GET /api/v1/reservas/{id},5.800000,0.000000,6,6,6,6,7,7,7,8,8,8,8,20151,0,5,6.188306374198536,3.0284199965535663,1521.0046399952262,442.0
1789885708,50,POST,POST /api/v1/auth/login,0.000000,0.000000,0,0,0,0,0,0,0,0,0,0,0,50,0,1300.0,1369.1218887201103,628.633758999058,2104.1982940005255,1622.0
1789885708,50,POST,POST /api/v1/auth/refresh,0.000000,0.000000,0,0,0,0,0,0,0,0,0,0,0,150,0,25,28.633832166863915,18.447431997628883,82.49066000280436,1622.0
1789885708,50,,Aggregated,25.700000,0.000000,7,8,8,9,10,10,13,15,19,19,19,81201,0,6,8.755424679683083,3.0284199965535663,2104.1982940005255,6831.829558749277
1789885709,50,GET,GET /api/v1/reservas,19.200000,0.000000,8,8,9,9,10,11,14,19,19,19,19,60868,0,7,8.438544468611312,4.633864002244081,1957.275683998887,8965.0
1789885709,50,GET,GET /api/v1/reservas/{id},5.700000,0.000000,6,6,6,6,7,7,8,8,8,8,8,20159,0,5,6.188195241702091,3.0284199965535663,1521.0046399952262,442.0
1789885709,50,POST,POST /api/v1/auth/login,0.000000,0.000000,0,0,0,0,0,0,0,0,0,0,0,50,0,1300.0,1369.1218887201103,628.633758999058,2104.1982940005255,1622.0
1789885709,50,POST,POST /api/v1/auth/refresh,0.000000,0.000000,0,0,0,0,0,0,0,0,0,0,0,150,0,25,28.633832166863915,18.447431997628883,82.49066000280436,1622.0
1789885709,50,,Aggregated,24.900000,0.000000,7,8,8,9,10,10,13,15,19,19,19,81227,0,6,8.754925355533901,3.0284199965535663,2104.1982940005255,6831.672941263373
1789885710,50,GET,GET /api/v1/reservas,19.400000,0.000000,8,8,9,9,10,10,13,15,19,19,19,60883,0,7,8.438519232091387,4.633864002244081,1957.275683998887,8965.0
1789885710,50,GET,GET /api/v1/reservas/{id},5.800000,0.000000,6,6,6,6,7,8,8,19,19,19,19,20166,0,5,6.188883372779347,3.0284199965535663,1521.0046399952262,442.0
1789885710,50,POST,POST /api/v1/auth/login,0.000000,0.000000,0,0,0,0,0,0,0,0,0,0,0,50,0,1300.0,1369.1218887201103,628.633758999058,2104.1982940005255,1622.0
1789885710,50,POST,POST /api/v1/auth/refresh,0.000000,0.000000,0,0,0,0,0,0,0,0,0,0,0,150,0,25,28.633832166863915,18.447431997628883,82.49066000280436,1622.0
1789885710,50,,Aggregated,25.200000,0.000000,7,8,8,9,9,10,13,15,19,19,19,81249,0,6,8.754797693066187,3.0284199965535663,2104.1982940005255,6831.516289431254
1789885711,50,GET,GET /api/v1/reservas,18.900000,0.000000,8,8,9,9,10,10,11,13,13,13,13,60902,0,7,8.438532572007706,4.633864002244081,1957.275683998887,8965.0
1789885711,50,GET,GET /api/v1/reservas/{id},5.600000,0.000000,6,6,7,7,8,10,10,19,19,19,19,20173,0,5,6.189396532417705,3.0284199965535663,1521.0046399952262,442.0
1789885711,50,POST,POST /api/v1/auth/login,0.000000,0.000000,0,0,0,0,0,0,0,0,0,0,0,50,0,1300.0,1369.1218887201103,628.633758999058,2104.1982940005255,1622.0
1789885711,50,POST,POST /api/v1/auth/refresh,0.000000,0.000000,0,0,0,0,0,0,0,0,0,0,0,150,0,25,28.633832166863915,18.447431997628883,82.49066000280436,1622.0
1789885711,50,,Aggregated,24.500000,0.000000,8,8,8,9,10,10,11,13,19,19,19,81275,0,6,8.754640125621924,3.0284199965535663,2104.1982940005255,6831.464730852045
1789885712,50,GET,GET /api/v1/reservas,19.500000,0.000000,8,8,9,9,10,10,12,13,14,14,14,60924,0,7,8.438573924732616,4.633864002244081,1957.275683998887,8965.0
1789885712,50,GET,GET /api/v1/reservas/{id},5.300000,0.000000,6,6,7,7,8,10,10,19,19,19,19,20178,0,5,6.189360564300635,3.0284199965535663,1521.0046399952262,442.0
1789885712,50,POST,POST /api/v1/auth/login,0.000000,0.000000,0,0,0,0,0,0,0,0,0,0,0,50,0,1300.0,1369.1218887201103,628.633758999058,2104.1982940005255,1622.0
1789885712,50,POST,POST /api/v1/auth/refresh,0.000000,0.000000,0,0,0,0,0,0,0,0,0,0,0,150,0,25,28.633832166863915,18.447431997628883,82.49066000280436,1622.0
1789885712,50,,Aggregated,24.800000,0.000000,8,8,8,9,10,10,12,13,19,19,19,81302,0,6,8.754418889054566,3.0284199965535663,2104.1982940005255,6831.649110722983
1789885713,50,GET,GET /api/v1/reservas,19.100000,0.000000,8,8,9,9,10,10,12,13,14,14,14,60940,0,7,8.43851251871366,4.633864002244081,1957.275683998887,8965.0
1789885713,50,GET,GET /api/v1/reservas/{id},5.600000,0.000000,6,6,7,7,8,10,10,19,19,19,19,20185,0,5,6.189406785804065,3.0284199965535663,1521.0046399952262,442.0
1789885713,50,POST,POST /api/v1/auth/login,0.000000,0.000000,0,0,0,0,0,0,0,0,0,0,0,50,0,1300.0,1369.1218887201103,628.633758999058,2104.1982940005255,1622.0
1789885713,50,POST,POST /api/v1/auth/refresh,0.000000,0.000000,0,0,0,0,0,0,0,0,0,0,0,150,0,25,28.633832166863915,18.447431997628883,82.49066000280436,1622.0
1789885713,50,,Aggregated,24.700000,0.000000,8,8,9,9,10,10,12,13,19,19,19,81325,0,6,8.754101421738847,3.0284199965535663,2104.1982940005255,6831.518844143867
1789885714,50,GET,GET /api/v1/reservas,19.600000,0.000000,8,8,9,9,9,10,11,13,14,14,14,60962,0,7,8.438516490279223,4.633864002244081,1957.275683998887,8965.0
1789885714,50,GET,GET /api/v1/reservas/{id},5.900000,0.000000,6,6,7,7,8,8,10,19,19,19,19,20193,0,5,6.1896224826153405,3.0284199965535663,1521.0046399952262,442.0
1789885714,50,POST,POST /api/v1/auth/login,0.000000,0.000000,0,0,0,0,0,0,0,0,0,0,0,50,0,1300.0,1369.1218887201103,628.633758999058,2104.1982940005255,1622.0
1789885714,50,POST,POST /api/v1/auth/refresh,0.000000,0.000000,0,0,0,0,0,0,0,0,0,0,0,150,0,25,28.633832166863915,18.447431997628883,82.49066000280436,1622.0
1789885714,50,,Aggregated,25.500000,0.000000,8,8,8,9,9,10,11,13,19,19,19,81355,0,6,8.753820396200597,3.0284199965535663,2104.1982940005255,6831.467469731424
1789885715,50,GET,GET /api/v1/reservas,19.200000,0.000000,8,9,9,9,10,11,12,14,16,16,16,60983,0,7,8.43878377079503,4.633864002244081,1957.275683998887,8965.0
1789885715,50,GET,GET /api/v1/reservas/{id},5.600000,0.000000,6,6,7,7,8,10,17,19,19,19,19,20198,0,5,6.190339863374998,3.0284199965535663,1521.0046399952262,442.0
1789885715,50,POST,POST /api/v1/auth/login,0.000000,0.000000,0,0,0,0,0,0,0,0,0,0,0,50,0,1300.0,1369.1218887201103,628.633758999058,2104.1982940005255,1622.0
1789885715,50,POST,POST /api/v1/auth/refresh,0.000000,0.000000,0,0,0,0,0,0,0,0,0,0,0,150,0,25,28.633832166863915,18.447431997628883,82.49066000280436,1622.0
1789885715,50,,Aggregated,24.800000,0.000000,8,8,9,9,10,10,13,16,19,19,19,81381,0,6,8.753959824970051,3.0284199965535663,2104.1982940005255,6831.625453115592
1789885716,50,GET,GET /api/v1/reservas,19.400000,0.000000,8,9,9,9,10,11,12,14,16,16,16,60997,0,7,8.4388555128347,4.633864002244081,1957.275683998887,8965.0
1789885716,50,GET,GET /api/v1/reservas/{id},6.300000,0.000000,6,6,7,7,8,10,17,19,19,19,19,20203,0,5,6.190325554395545,3.0284199965535663,1521.0046399952262,442.0
1789885716,50,POST,POST /api/v1/auth/login,0.000000,0.000000,0,0,0,0,0,0,0,0,0,0,0,50,0,1300.0,1369.1218887201103,628.633758999058,2104.1982940005255,1622.0
1789885716,50,POST,POST /api/v1/auth/refresh,0.000000,0.000000,0,0,0,0,0,0,0,0,0,0,0,150,0,25,28.633832166863915,18.447431997628883,82.49066000280436,1622.0
1789885716,50,,Aggregated,25.700000,0.000000,8,8,9,9,10,11,13,16,19,19,19,81400,0,6,8.753798355686452,3.0284199965535663,2104.1982940005255,6831.5998894348895
1789885717,50,GET,GET /api/v1/reservas,18.600000,0.000000,8,9,9,9,10,11,12,14,16,16,16,61014,0,7,8.438963450394557,4.633864002244081,1957.275683998887,8965.0
1789885717,50,GET,GET /api/v1/reservas/{id},6.600000,0.000000,6,7,7,7,8,10,17,19,19,19,19,20212,0,5,6.190656540641763,3.0284199965535663,1521.0046399952262,442.0
1789885717,50,POST,POST /api/v1/auth/login,0.000000,0.000000,0,0,0,0,0,0,0,0,0,0,0,50,0,1300.0,1369.1218887201103,628.633758999058,2104.1982940005255,1622.0
1789885717,50,POST,POST /api/v1/auth/refresh,0.000000,0.000000,0,0,0,0,0,0,0,0,0,0,0,150,0,25,28.633832166863915,18.447431997628883,82.49066000280436,1622.0
1789885717,50,,Aggregated,25.200000,0.000000,8,8,9,9,10,10,13,16,19,19,19,81426,0,6,8.753612301020203,3.0284199965535663,2104.1982940005255,6831.339056321077
1789885718,50,GET,GET /api/v1/reservas,18.100000,0.000000,8,9,9,9,10,11,12,14,16,16,16,61030,0,7,8.438967414064782,4.633864002244081,1957.275683998887,8965.0
1789885718,50,GET,GET /api/v1/reservas/{id},6.300000,0.000000,6,7,7,7,8,10,17,19,19,19,19,20221,0,5,6.1905821635151925,3.0284199965535663,1521.0046399952262,442.0
1789885718,50,POST,POST /api/v1/auth/login,0.000000,0.000000,0,0,0,0,0,0,0,0,0,0,0,50,0,1300.0,1369.1218887201103,628.633758999058,2104.1982940005255,1622.0
1789885718,50,POST,POST /api/v1/auth/refresh,0.000000,0.000000,0,0,0,0,0,0,0,0,0,0,0,150,0,25,28.633832166863915,18.447431997628883,82.49066000280436,1622.0
1789885718,50,,Aggregated,24.400000,0.000000,8,8,9,9,10,10,13,16,19,19,19,81451,0,6,8.753251801326698,3.0284199965535663,2104.1982940005255,6831.052190887773
1789885719,50,GET,GET /api/v1/reservas,18.400000,0.000000,8,9,9,9,10,11,12,14,16,16,16,61045,0,7,8.439038501849035,4.633864002244081,1957.275683998887,8965.0
1789885719,50,GET,GET /api/v1/reservas/{id},6.500000,0.000000,6,7,8,8,10,13,17,19,19,19,19,20230,0,5,6.191736502047702,3.0284199965535663,1521.0046399952262,442.0
1789885719,50,POST,POST /api/v1/auth/login,0.000000,0.000000,0,0,0,0,0,0,0,0,0,0,0,50,0,1300.0,1369.1218887201103,628.633758999058,2104.1982940005255,1622.0
1789885719,50,POST,POST /api/v1/auth/refresh,0.000000,0.000000,0,0,0,0,0,0,0,0,0,0,0,150,0,25,28.633832166863915,18.447431997628883,82.49066000280436,1622.0
1789885719,50,,Aggregated,24.900000,0.000000,8,9,9,9,10,11,13,16,19,19,19,81475,0,6,8.753250740016524,3.0284199965535663,2104.1982940005255,6830.739306535747
1789885720,50,GET,GET /api/v1/reservas,17.700000,0.000000,8,9,9,9,10,11,11,14,16,16,16,61058,0,7,8.439040793350022,4.633864002244081,1957.275683998887,8965.0
1789885720,50,GET,GET /api/v1/reservas/{id},7.200000,0.000000,6,6,7,7,9,13,13,17,17,17,17,20238,0,5,6.191797117917518,3.0284199965535663,1521.0046399952262,442.0
1789885720,50,POST,POST /api/v1/auth/login,0.000000,0.000000,0,0,0,0,0,0,0,0,0,0,0,50,0,1300.0,1369.1218887201103,628.633758999058,2104.1982940005255,1622.0
1789885720,50,POST,POST /api/v1/auth/refresh,0.000000,0.000000,0,0,0,0,0,0,0,0,0,0,0,150,0,25,28.633832166863915,18.447431997628883,82.49066000280436,1622.0
1789885720,50,,Aggregated,24.900000,0.000000,8,9,9,9,10,11,13,14,17,17,17,81496,0,6,8.752965938129813,3.0284199965535663,2104.1982940005255,6830.4526111711
1789885721,50,GET,GET /api/v1/reservas,18.200000,0.000000,8,9,9,9,10,11,12,14,16,16,16,61076,0,7,8.439179379565896,4.633864002244081,1957.275683998887,8965.0
1789885721,50,GET,GET /api/v1/reservas/{id},6.900000,0.000000,6,7,7,8,9,13,17,21,21,21,21,20248,0,5,6.193042093263527,3.0284199965535663,1521.0046399952262,442.0
1789885721,50,POST,POST /api/v1/auth/login,0.000000,0.000000,0,0,0,0,0,0,0,0,0,0,0,50,0,1300.0,1369.1218887201103,628.633758999058,2104.1982940005255,1622.0
1789885721,50,POST,POST /api/v1/auth/refresh,0.000000,0.000000,0,0,0,0,0,0,0,0,0,0,0,150,0,25,28.633832166863915,18.447431997628883,82.49066000280436,1622.0
1789885721,50,,Aggregated,25.100000,0.000000,8,9,9,9,10,11,14,16,21,21,21,81524,0,6,8.752995502573643,3.0284199965535663,2104.1982940005255,6830.140277709632
1789885722,50,GET,GET /api/v1/reservas,17.800000,0.000000,8,9,9,9,10,11,12,14,16,16,16,61098,0,7,8.439240168915036,4.633864002244081,1957.275683998887,8965.0
1789885722,50,GET,GET /api/v1/reservas/{id},7.200000,0.000000,6,7,7,8,9,13,17,21,21,21,21,20253,0,5,6.1933105953879695,3.0284199965535663,1521.0046399952262,442.0
1789885722,50,POST,POST /api/v1/auth/login,0.000000,0.000000,0,0,0,0,0,0,0,0,0,0,0,50,0,1300.0,1369.1218887201103,628.633758999058,2104.1982940005255,1622.0
1789885722,50,POST,POST /api/v1/auth/refresh,0.000000,0.000000,0,0,0,0,0,0,0,0,0,0,0,150,0,25,28.633832166863915,18.447431997628883,82.49066000280436,1622.0
1789885722,50,,Aggregated,25.000000,0.000000,8,9,9,9,10,11,13,16,21,21,21,81551,0,6,8.752866115557264,3.0284199965535663,2104.1982940005255,6830.324533114248
1789885723,50,GET,GET /api/v1/reservas,17.600000,0.000000,8,9,9,9,10,11,12,14,16,16,16,61116,0,7,8.439119828479745,4.633864002244081,1957.275683998887,8965.0
1789885723,50,GET,GET /api/v1/reservas/{id},7.400000,0.000000,6,7,7,8,9,13,17,21,21,21,21,20260,0,5,6.193240835853525,3.0284199965535663,1521.0046399952262,442.0
1789885723,50,POST,POST /api/v1/auth/login,0.000000,0.000000,0,0,0,0,0,0,0,0,0,0,0,50,0,1300.0,1369.1218887201103,628.633758999058,2104.1982940005255,1622.0
1789885723,50,POST,POST /api/v1/auth/refresh,0.000000,0.000000,0,0,0,0,0,0,0,0,0,0,0,150,0,25,28.633832166863915,18.447431997628883,82.49066000280436,1622.0
1789885723,50,,Aggregated,25.000000,0.000000,8,9,9,9,10,11,13,16,21,21,21,81576,0,6,8.752469795439929,3.0284199965535663,2104.1982940005255,6830.2473766794155
1789885724,50,GET,GET /api/v1/reservas,17.300000,0.000000,8,9,9,9,10,10,11,13,14,14,14,61133,0,7,8.439069249756656,4.633864002244081,1957.275683998887,8965.0
1789885724,50,GET,GET /api/v1/reservas/{id},7.300000,0.000000,6,7,7,7,9,13,17,21,21,21,21,20267,0,5,6.1932027579019095,3.0284199965535663,1521.0046399952262,442.0
1789885724,50,POST,POST /api/v1/auth/login,0.000000,0.000000,0,0,0,0,0,0,0,0,0,0,0,50,0,1300.0,1369.1218887201103,628.633758999058,2104.1982940005255,1622.0
1789885724,50,POST,POST /api/v1/auth/refresh,0.000000,0.000000,0,0,0,0,0,0,0,0,0,0,0,150,0,25,28.633832166863915,18.447431997628883,82.49066000280436,1622.0
1789885724,50,,Aggregated,24.600000,0.000000,8,8,9,9,10,11,13,14,21,21,21,81600,0,6,8.75213762255905,3.0284199965535663,2104.1982940005255,6830.144105392157
1789885725,50,GET,GET /api/v1/reservas,17.400000,0.000000,8,9,9,9,10,11,13,14,15,15,15,61150,0,7,8.4394294000715,4.633864002244081,1957.275683998887,8965.0
1789885725,50,GET,GET /api/v1/reservas/{id},7.600000,0.000000,6,7,7,8,9,13,13,21,21,21,21,20278,0,5,6.193614891478011,3.0284199965535663,1521.0046399952262,442.0
1789885725,50,POST,POST /api/v1/auth/login,0.000000,0.000000,0,0,0,0,0,0,0,0,0,0,0,50,0,1300.0,1369.1218887201103,628.633758999058,2104.1982940005255,1622.0
1789885725,50,POST,POST /api/v1/auth/refresh,0.000000,0.000000,0,0,0,0,0,0,0,0,0,0,0,150,0,25,28.633832166863915,18.447431997628883,82.49066000280436,1622.0
1789885725,50,,Aggregated,25.000000,0.000000,8,8,9,9,10,11,13,14,21,21,21,81628,0,6,8.75209976778569,3.0284199965535663,2104.1982940005255,6829.72786298819
1789885726,50,GET,GET /api/v1/reservas,16.700000,0.000000,8,9,9,9,10,11,13,14,15,15,15,61170,0,7,8.439371755817717,4.633864002244081,1957.275683998887,8965.0
1789885726,50,GET,GET /api/v1/reservas/{id},7.500000,0.000000,6,7,7,8,9,13,13,21,21,21,21,20282,0,5,6.193559001646696,3.0284199965535663,1521.0046399952262,442.0
1789885726,50,POST,POST /api/v1/auth/login,0.000000,0.000000,0,0,0,0,0,0,0,0,0,0,0,50,0,1300.0,1369.1218887201103,628.633758999058,2104.1982940005255,1622.0
1789885726,50,POST,POST /api/v1/auth/refresh,0.000000,0.000000,0,0,0,0,0,0,0,0,0,0,0,150,0,25,28.633832166863915,18.447431997628883,82.49066000280436,1622.0
1789885726,50,,Aggregated,24.200000,0.000000,8,8,9,9,10,11,13,14,21,21,21,81652,0,6,8.75184077837426,3.0284199965535663,2104.1982940005255,6829.93795620438
1789885727,50,GET,GET /api/v1/reservas,17.400000,0.000000,8,9,9,9,10,11,13,14,15,15,15,61188,0,7,8.43940421125685,4.633864002244081,1957.275683998887,8965.0
1789885727,50,GET,GET /api/v1/reservas/{id},7.700000,0.000000,6,7,7,8,9,13,13,21,21,21,21,20290,0,5,6.193597280403896,3.0284199965535663,1521.0046399952262,442.0
1789885727,50,POST,POST /api/v1/auth/login,0.000000,0.000000,0,0,0,0,0,0,0,0,0,0,0,50,0,1300.0,1369.1218887201103,628.633758999058,2104.1982940005255,1622.0
1789885727,50,POST,POST /api/v1/auth/refresh,0.000000,0.000000,0,0,0,0,0,0,0,0,0,0,0,150,0,25,28.633832166863915,18.447431997628883,82.49066000280436,1622.0
1789885727,50,,Aggregated,25.100000,0.000000,8,8,9,9,10,11,13,14,21,21,21,81678,0,6,8.75155516735016,3.0284199965535663,2104.1982940005255,6829.782805651461
1789885728,50,GET,GET /api/v1/reservas,17.100000,0.000000,8,9,9,9,10,11,13,14,15,15,15,61204,0,7,8.439620057110243,4.633864002244081,1957.275683998887,8965.0
1789885728,50,GET,GET /api/v1/reservas/{id},8.000000,0.000000,6,7,7,8,9,13,13,21,21,21,21,20299,0,5,6.193765885285058,3.0284199965535663,1521.0046399952262,442.0
1789885728,50,POST,POST /api/v1/auth/login,0.000000,0.000000,0,0,0,0,0,0,0,0,0,0,0,50,0,1300.0,1369.1218887201103,628.633758999058,2104.1982940005255,1622.0
1789885728,50,POST,POST /api/v1/auth/refresh,0.000000,0.000000,0,0,0,0,0,0,0,0,0,0,0,150,0,25,28.633832166863915,18.447431997628883,82.49066000280436,1622.0
1789885728,50,,Aggregated,25.100000,0.000000,8,9,9,9,10,11,13,14,21,21,21,81703,0,6,8.751415846931245,3.0284199965535663,2104.1982940005255,6829.49730120069
1789885729,50,GET,GET /api/v1/reservas,16.800000,0.000000,8,9,9,9,10,11,13,14,15,15,15,61227,0,7,8.43945750787036,4.633864002244081,1957.275683998887,8965.0
1789885729,50,GET,GET /api/v1/reservas/{id},7.800000,0.000000,6,7,7,7,9,9,11,21,21,21,21,20303,0,5,6.193636690213575,3.0284199965535663,1521.0046399952262,442.0
1789885729,50,POST,POST /api/v1/auth/login,0.000000,0.000000,0,0,0,0,0,0,0,0,0,0,0,50,0,1300.0,1369.1218887201103,628.633758999058,2104.1982940005255,1622.0
1789885729,50,POST,POST /api/v1/auth/refresh,0.000000,0.000000,0,0,0,0,0,0,0,0,0,0,0,150,0,25,28.633832166863915,18.447431997628883,82.49066000280436,1622.0
1789885729,50,,Aggregated,24.600000,0.000000,8,8,9,9,10,11,13,14,21,21,21,81730,0,6,8.751049061750049,3.0284199965535663,2104.1982940005255,6829.785647864921
1789885730,50,GET,GET /api/v1/reservas,17.400000,0.000000,8,8,9,9,10,11,13,15,17,17,17,61242,0,7,8.439431700816158,4.633864002244081,1957.275683998887,8965.0
1789885730,50,GET,GET /api/v1/reservas/{id},7.500000,0.000000,6,6,7,7,8,9,11,15,15,15,15,20310,0,5,6.193873179488428,3.0284199965535663,1521.0046399952262,442.0
1789885730,50,POST,POST /api/v1/auth/login,0.000000,0.000000,0,0,0,0,0,0,0,0,0,0,0,50,0,1300.0,1369.1218887201103,628.633758999058,2104.1982940005255,1622.0
1789885730,50,POST,POST /api/v1/auth/refresh,0.000000,0.000000,0,0,0,0,0,0,0,0,0,0,0,150,0,25,28.633832166863915,18.447431997628883,82.49066000280436,1622.0
1789885730,50,,Aggregated,24.900000,0.000000,8,8,9,9,10,11,13,15,17,17,17,81752,0,6,8.750812331904296,3.0284199965535663,2104.1982940005255,6829.63046775614
1789885731,50,GET,GET /api/v1/reservas,17.500000,0.000000,8,9,9,9,11,12,15,17,17,17,17,61265,0,7,8.440043829680329,4.633864002244081,1957.275683998887,8965.0
1789885731,50,GET,GET /api/v1/reservas/{id},7.600000,0.000000,6,6,7,7,8,9,9,15,15,15,15,20314,0,5,6.193963575879481,3.0284199965535663,1521.0046399952262,442.0
1789885731,50,POST,POST /api/v1/auth/login,0.000000,0.000000,0,0,0,0,0,0,0,0,0,0,0,50,0,1300.0,1369.1218887201103,628.633758999058,2104.1982940005255,1622.0
1789885731,50,POST,POST /api/v1/auth/refresh,0.000000,0.000000,0,0,0,0,0,0,0,0,0,0,0,150,0,25,28.633832166863915,18.447431997628883,82.49066000280436,1622.0
1789885731,50,,Aggregated,25.100000,0.000000,8,8,9,9,10,12,15,17,17,17,17,81779,0,6,8.751080724474841,3.0284199965535663,2104.1982940005255,6829.918597684002
1789885732,50,GET,GET /api/v1/reservas,18.000000,0.000000,8,9,10,11,17,31,160,230,260,260,260,61286,0,7,8.458662401598513,4.633864002244081,1957.275683998887,8965.0
1789885732,50,GET,GET /api/v1/reservas/{id},7.300000,0.000000,6,7,7,8,9,15,160,240,240,240,240,20322,0,5,6.213993094450671,3.0284199965535663,1521.0046399952262,442.0
1789885732,50,POST,POST /api/v1/auth/login,0.000000,0.000000,0,0,0,0,0,0,0,0,0,0,0,50,0,1300.0,1369.1218887201103,628.633758999058,2104.1982940005255,1622.0
1789885732,50,POST,POST /api/v1/auth/refresh,0.000000,0.000000,0,0,0,0,0,0,0,0,0,0,0,150,0,25,28.633832166863915,18.447431997628883,82.49066000280436,1622.0
1789885732,50,,Aggregated,25.300000,0.000000,8,9,9,10,15,24,160,230,260,260,260,81808,0,6,8.76967437012077,3.0284199965535663,2104.1982940005255,6829.8419958928225
1789885733,50,GET,GET /api/v1/reservas,18.700000,0.000000,9,10,11,13,26,51,160,230,260,260,260,61301,0,7,8.46427385845854,4.633864002244081,1957.275683998887,8965.0
1789885733,50,GET,GET /api/v1/reservas/{id},6.800000,0.000000,6,7,8,9,13,15,160,240,240,240,240,20327,0,5,6.216191480170708,3.0284199965535663,1521.0046399952262,442.0
1789885733,50,POST,POST /api/v1/auth/login,0.000000,0.000000,0,0,0,0,0,0,0,0,0,0,0,50,0,1300.0,1369.1218887201103,628.633758999058,2104.1982940005255,1622.0
1789885733,50,POST,POST /api/v1/auth/refresh,0.000000,0.000000,0,0,0,0,0,0,0,0,0,0,0,150,0,25,28.633832166863915,18.447431997628883,82.49066000280436,1622.0
1789885733,50,,Aggregated,25.500000,0.000000,8,9,10,12,20,46,160,230,260,260,260,81828,0,6,8.774211092484768,3.0284199965535663,2104.1982940005255,6829.8430732756515
1789885734,50,GET,GET /api/v1/reservas,18.300000,0.000000,9,10,12,14,26,51,160,230,260,260,260,61324,0,7,8.464435390603674,4.633864002244081,1957.275683998887,8965.0
1789885734,50,GET,GET /api/v1/reservas/{id},6.800000,0.000000,6,7,8,9,14,36,160,240,240,240,240,20333,0,5,6.216153614833879,3.0284199965535663,1521.0046399952262,442.0
1789885734,50,POST,POST /api/v1/auth/login,0.000000,0.000000,0,0,0,0,0,0,0,0,0,0,0,50,0,1300.0,1369.1218887201103,628.633758999058,2104.1982940005255,1622.0
1789885734,50,POST,POST /api/v1/auth/refresh,0.000000,0.000000,0,0,0,0,0,0,0,0,0,0,0,150,0,25,28.633832166863915,18.447431997628883,82.49066000280436,1622.0
1789885734,50,,Aggregated,25.100000,0.000000,8,9,11,13,23,50,160,230,260,260,260,81857,0,6,8.774048115675429,3.0284199965535663,2104.1982940005255,6829.974785296309
1789885735,50,GET,GET /api/v1/reservas,18.200000,0.000000,9,10,12,14,28,50,160,230,260,260,260,61341,0,7,8.466357211333024,4.633864002244081,1957.275683998887,8965.0
1789885735,50,GET,GET /api/v1/reservas/{id},6.800000,0.000000,7,8,9,10,14,36,160,240,240,240,240,20341,0,5,6.21936287642798,3.0284199965535663,1521.0046399952262,442.0
1789885735,50,POST,POST /api/v1/auth/login,0.000000,0.000000,0,0,0,0,0,0,0,0,0,0,0,50,0,1300.0,1369.1218887201103,628.633758999058,2104.1982940005255,1622.0
1789885735,50,POST,POST /api/v1/auth/refresh,0.000000,0.000000,0,0,0,0,0,0,0,0,0,0,0,150,0,25,28.633832166863915,18.447431997628883,82.49066000280436,1622.0
1789885735,50,,Aggregated,25.000000,0.000000,8,10,11,13,26,46,160,230,260,260,260,81882,0,6,8.775970875538546,3.0284199965535663,2104.1982940005255,6829.793935175008
1789885736,50,GET,GET /api/v1/reservas,18.700000,0.000000,9,10,12,14,28,50,160,230,260,260,260,61361,0,7,8.466323833401765,4.633864002244081,1957.275683998887,8965.0
1789885736,50,GET,GET /api/v1/reservas/{id},6.500000,0.000000,7,8,9,10,14,36,160,240,240,240,240,20345,0,5,6.219554609998968,3.0284199965535663,1521.0046399952262,442.0
1789885736,50,POST,POST /api/v1/auth/login,0.000000,0.000000,0,0,0,0,0,0,0,0,0,0,0,50,0,1300.0,1369.1218887201103,628.633758999058,2104.1982940005255,1622.0
1789885736,50,POST,POST /api/v1/auth/refresh,0.000000,0.000000,0,0,0,0,0,0,0,0,0,0,0,150,0,25,28.633832166863915,18.447431997628883,82.49066000280436,1622.0
1789885736,50,,Aggregated,25.200000,0.000000,8,10,11,13,26,46,160,230,260,260,260,81906,0,6,8.77579303766319,3.0284199965535663,2104.1982940005255,6830.003357507387
1789885737,50,GET,GET /api/v1/reservas,18.700000,0.000000,9,10,12,14,28,50,160,230,260,260,260,61383,0,7,8.466332498335907,4.633864002244081,1957.275683998887,8965.0
1789885737,50,GET,GET /api/v1/reservas/{id},6.300000,0.000000,7,8,9,11,15,45,160,240,240,240,240,20353,0,5,6.2197570786816305,3.0284199965535663,1521.0046399952262,442.0
1789885737,50,POST,POST /api/v1/auth/login,0.000000,0.000000,0,0,0,0,0,0,0,0,0,0,0,50,0,1300.0,1369.1218887201103,628.633758999058,2104.1982940005255,1622.0
1789885737,50,POST,POST /api/v1/auth/refresh,0.000000,0.000000,0,0,0,0,0,0,0,0,0,0,0,150,0,25,28.633832166863915,18.447431997628883,82.49066000280436,1622.0
1789885737,50,,Aggregated,25.000000,0.000000,8,10,11,13,26,46,160,230,260,260,260,81936,0,6,8.775517145440428,3.0284199965535663,2104.1982940005255,6829.952902265182
1789885738,50,GET,GET /api/v1/reservas,18.700000,0.000000,9,10,12,14,28,50,160,230,260,260,260,61401,0,7,8.466294351498597,4.633864002244081,1957.275683998887,8965.0
1789885738,50,GET,GET /api/v1/reservas/{id},6.500000,0.000000,7,8,10,11,15,45,160,240,240,240,240,20359,0,5,6.219769569350673,3.0284199965535663,1521.0046399952262,442.0
1789885738,50,POST,POST /api/v1/auth/login,0.000000,0.000000,0,0,0,0,0,0,0,0,0,0,0,50,0,1300.0,1369.1218887201103,628.633758999058,2104.1982940005255,1622.0
1789885738,50,POST,POST /api/v1/auth/refresh,0.000000,0.000000,0,0,0,0,0,0,0,0,0,0,0,150,0,25,28.633832166863915,18.447431997628883,82.49066000280436,1622.0
1789885738,50,,Aggregated,25.200000,0.000000,8,10,12,13,26,46,160,230,260,260,260,81960,0,6,8.775236669104714,3.0284199965535663,2104.1982940005255,6829.95416056613
1789885739,50,GET,GET /api/v1/reservas,19.400000,0.000000,9,11,12,14,28,50,160,230,260,260,260,61420,0,7,8.46609006062115,4.633864002244081,1957.275683998887,8965.0
1789885739,50,GET,GET /api/v1/reservas/{id},6.400000,0.000000,7,9,10,11,15,45,160,240,240,240,240,20365,0,5,6.219736107213855,3.0284199965535663,1521.0046399952262,442.0
1789885739,50,POST,POST /api/v1/auth/login,0.000000,0.000000,0,0,0,0,0,0,0,0,0,0,0,50,0,1300.0,1369.1218887201103,628.633758999058,2104.1982940005255,1622.0
1789885739,50,POST,POST /api/v1/auth/refresh,0.000000,0.000000,0,0,0,0,0,0,0,0,0,0,0,150,0,25,28.633832166863915,18.447431997628883,82.49066000280436,1622.0
1789885739,50,,Aggregated,25.800000,0.000000,8,10,12,13,26,46,160,230,260,260,260,81985,0,6,8.77481669339279,3.0284199965535663,2104.1982940005255,6829.981460023175
1789885740,50,GET,GET /api/v1/reservas,19.500000,0.000000,9,11,12,15,28,50,160,230,260,260,260,61439,0,7,8.466191354943305,4.633864002244081,1957.275683998887,8965.0
1789885740,50,GET,GET /api/v1/reservas/{id},6.200000,0.000000,7,8,10,11,14,45,160,240,240,240,240,20373,0,5,6.21978131730252,3.0284199965535663,1521.0046399952262,442.0
1789885740,50,POST,POST /api/v1/auth/login,0.000000,0.000000,0,0,0,0,0,0,0,0,0,0,0,50,0,1300.0,1369.1218887201103,628.633758999058,2104.1982940005255,1622.0
1789885740,50,POST,POST /api/v1/auth/refresh,0.000000,0.000000,0,0,0,0,0,0,0,0,0,0,0,150,0,25,28.633832166863915,18.447431997628883,82.49066000280436,1622.0
1789885740,50,,Aggregated,25.700000,0.000000,8,10,11,13,26,46,160,230,260,260,260,82012,0,6,8.774583045100869,3.0284199965535663,2104.1982940005255,6829.85296054236
1789885741,50,GET,GET /api/v1/reservas,19.900000,0.000000,9,10,12,14,26,51,160,230,260,260,260,61452,0,7,8.466558106186225,4.633864002244081,1957.275683998887,8965.0
1789885741,50,GET,GET /api/v1/reservas/{id},6.200000,0.000000,6,8,9,10,14,36,160,240,240,240,240,20381,0,5,6.219885595819539,3.0284199965535663,1521.0046399952262,442.0
1789885741,50,POST,POST /api/v1/auth/login,0.000000,0.000000,0,0,0,0,0,0,0,0,0,0,0,50,0,1300.0,1369.1218887201103,628.633758999058,2104.1982940005255,1622.0
1789885741,50,POST,POST /api/v1/auth/refresh,0.000000,0.000000,0,0,0,0,0,0,0,0,0,0,0,150,0,25,28.633832166863915,18.447431997628883,82.49066000280436,1622.0
1789885741,50,,Aggregated,26.100000,0.000000,8,9,11,13,23,46,160,230,260,260,260,82033,0,6,8.774585670776402,3.0284199965535663,2104.1982940005255,6829.568368827179
1789885742,50,GET,GET /api/v1/reservas,19.500000,0.000000,8,9,10,12,15,26,45,71,75,75,75,61471,0,7,8.467231527636695,4.633864002244081,1957.275683998887,8965.0
1789885742,50,GET,GET /api/v1/reservas/{id},6.400000,0.000000,6,7,8,9,11,13,36,45,45,45,45,20387,0,5,6.219907137705516,3.0284199965535663,1521.0046399952262,442.0
1789885742,50,POST,POST /api/v1/auth/login,0.000000,0.000000,0,0,0,0,0,0,0,0,0,0,0,50,0,1300.0,1369.1218887201103,628.633758999058,2104.1982940005255,1622.0
1789885742,50,POST,POST /api/v1/auth/refresh,0.000000,0.000000,0,0,0,0,0,0,0,0,0,0,0,150,0,25,28.633832166863915,18.447431997628883,82.49066000280436,1622.0
1789885742,50,,Aggregated,25.900000,0.000000,8,9,10,11,14,21,45,51,75,75,75,82058,0,6,8.774837374939729,3.0284199965535663,2104.1982940005255,6829.595761534524
1789885743,50,GET,GET /api/v1/reservas,19.000000,0.000000,8,9,9,10,13,15,26,42,45,45,45,61499,0,7,8.467179686487913,4.633864002244081,1957.275683998887,8965.0
1789885743,50,GET,GET /api/v1/reservas/{id},6.400000,0.000000,6,7,8,9,10,11,14,45,45,45,45,20390,0,5,6.220089024492239,3.0284199965535663,1521.0046399952262,442.0
1789885743,50,POST,POST /api/v1/auth/login,0.000000,0.000000,0,0,0,0,0,0,0,0,0,0,0,50,0,1300.0,1369.1218887201103,628.633758999058,2104.1982940005255,1622.0
1789885743,50,POST,POST /api/v1/auth/refresh,0.000000,0.000000,0,0,0,0,0,0,0,0,0,0,0,150,0,25,28.633832166863915,18.447431997628883,82.49066000280436,1622.0
1789885743,50,,Aggregated,25.400000,0.000000,8,9,9,10,12,14,26,42,45,45,45,82089,0,6,8.774645421551776,3.0284199965535663,2104.1982940005255,6830.090694246489
1789885744,50,GET,GET /api/v1/reservas,19.000000,0.000000,8,9,9,9,12,14,21,42,45,45,45,61515,0,7,8.467144125567975,4.633864002244081,1957.275683998887,8965.0
1789885744,50,GET,GET /api/v1/reservas/{id},6.600000,0.000000,6,6,8,9,10,11,14,45,45,45,45,20391,0,5,6.220074703222109,3.0284199965535663,1521.0046399952262,442.0
1789885744,50,POST,POST /api/v1/auth/login,0.000000,0.000000,0,0,0,0,0,0,0,0,0,0,0,50,0,1300.0,1369.1218887201103,628.633758999058,2104.1982940005255,1622.0
1789885744,50,POST,POST /api/v1/auth/refresh,0.000000,0.000000,0,0,0,0,0,0,0,0,0,0,0,150,0,25,28.633832166863915,18.447431997628883,82.49066000280436,1622.0
1789885744,50,,Aggregated,25.600000,0.000000,8,9,9,9,12,14,21,42,45,45,45,82106,0,6,8.774524193344732,3.0284199965535663,2104.1982940005255,6830.4289211507075
1789885745,50,GET,GET /api/v1/reservas,19.400000,0.000000,8,9,9,9,12,13,16,21,28,28,28,61534,0,7,8.467318836713464,4.633864002244081,1957.275683998887,8965.0
1789885745,50,GET,GET /api/v1/reservas/{id},6.400000,0.000000,6,6,7,8,9,10,11,11,11,11,11,20399,0,5,6.220592540585221,3.0284199965535663,1521.0046399952262,442.0
1789885745,50,POST,POST /api/v1/auth/login,0.000000,0.000000,0,0,0,0,0,0,0,0,0,0,0,50,0,1300.0,1369.1218887201103,628.633758999058,2104.1982940005255,1622.0
1789885745,50,POST,POST /api/v1/auth/refresh,0.000000,0.000000,0,0,0,0,0,0,0,0,0,0,0,150,0,25,28.633832166863915,18.447431997628883,82.49066000280436,1622.0
1789885745,50,,Aggregated,25.800000,0.000000,8,8,9,9,11,13,15,16,28,28,28,82133,0,6,8.774463781851027,3.0284199965535663,2104.1982940005255,6830.300463881753
1789885746,50,GET,GET /api/v1/reservas,19.500000,0.000000,8,9,9,10,12,14,16,21,28,28,28,61550,0,7,8.467663912954109,4.633864002244081,1957.275683998887,8965.0
1789885746,50,GET,GET /api/v1/reservas/{id},6.100000,0.000000,6,6,7,8,9,11,11,11,11,11,11,20406,0,5,6.220882981838642,3.0284199965535663,1521.0046399952262,442.0
1789885746,50,POST,POST /api/v1/auth/login,0.000000,0.000000,0,0,0,0,0,0,0,0,0,0,0,50,0,1300.0,1369.1218887201103,628.633758999058,2104.1982940005255,1622.0
1789885746,50,POST,POST /api/v1/auth/refresh,0.000000,0.000000,0,0,0,0,0,0,0,0,0,0,0,150,0,25,28.633832166863915,18.447431997628883,82.49066000280436,1622.0
1789885746,50,,Aggregated,25.600000,0.000000,8,9,9,9,11,13,15,16,28,28,28,82156,0,6,8.774517031388712,3.0284199965535663,2104.1982940005255,6830.1718924972
1789885747,50,GET,GET /api/v1/reservas,19.000000,0.000000,8,9,9,9,12,13,16,21,28,28,28,61565,0,7,8.467707190698139,4.633864002244081,1957.275683998887,8965.0
1789885747,50,GET,GET /api/v1/reservas/{id},5.800000,0.000000,6,6,7,8,9,10,11,11,11,11,11,20416,0,5,6.220965021962885,3.0284199965535663,1521.0046399952262,442.0
1789885747,50,POST,POST /api/v1/auth/login,0.000000,0.000000,0,0,0,0,0,0,0,0,0,0,0,50,0,1300.0,1369.1218887201103,628.633758999058,2104.1982940005255,1622.0
1789885747,50,POST,POST /api/v1/auth/refresh,0.000000,0.000000,0,0,0,0,0,0,0,0,0,0,0,150,0,25,28.633832166863915,18.447431997628883,82.49066000280436,1622.0
1789885747,50,,Aggregated,24.800000,0.000000,8,8,9,9,11,13,15,16,28,28,28,82181,0,6,8.774203092500352,3.0284199965535663,2104.1982940005255,6829.784220196882
1789885748,50,GET,GET /api/v1/reservas,19.400000,0.000000,8,9,10,10,13,14,17,21,28,28,28,61581,0,7,8.468477573461794,4.633864002244081,1957.275683998887,8965.0
1789885748,50,GET,GET /api/v1/reservas/{id},5.700000,0.000000,6,7,8,8,9,11,11,11,11,11,11,20421,0,5,6.221569672758365,3.0284199965535663,1521.0046399952262,442.0
1789885748,50,POST,POST /api/v1/auth/login,0.000000,0.000000,0,0,0,0,0,0,0,0,0,0,0,50,0,1300.0,1369.1218887201103,628.633758999058,2104.1982940005255,1622.0
1789885748,50,POST,POST /api/v1/auth/refresh,0.000000,0.000000,0,0,0,0,0,0,0,0,0,0,0,150,0,25,28.633832166863915,18.447431997628883,82.49066000280436,1622.0
1789885748,50,,Aggregated,25.100000,0.000000,8,9,9,10,12,13,16,17,28,28,28,82202,0,6,8.774715469207509,3.0284199965535663,2104.1982940005255,6829.811281963943
1789885749,50,GET,GET /api/v1/reservas,18.800000,0.000000,8,9,9,10,13,14,17,21,28,28,28,61607,0,7,8.468260689391533,4.633864002244081,1957.275683998887,8965.0
1789885749,50,GET,GET /api/v1/reservas/{id},6.100000,0.000000,6,7,8,8,10,11,11,11,11,11,11,20425,0,5,6.22184999189237,3.0284199965535663,1521.0046399952262,442.0
1789885749,50,POST,POST /api/v1/auth/login,0.000000,0.000000,0,0,0,0,0,0,0,0,0,0,0,50,0,1300.0,1369.1218887201103,628.633758999058,2104.1982940005255,1622.0
1789885749,50,POST,POST /api/v1/auth/refresh,0.000000,0.000000,0,0,0,0,0,0,0,0,0,0,0,150,0,25,28.633832166863915,18.447431997628883,82.49066000280436,1622.0
1789885749,50,,Aggregated,24.900000,0.000000,8,9,9,10,12,13,16,17,28,28,28,82232,0,6,8.774401591069077,3.0284199965535663,2104.1982940005255,6830.175661542951
1789885750,50,GET,GET /api/v1/reservas,18.300000,0.000000,8,9,9,10,12,14,17,21,28,28,28,61625,0,7,8.467931512167889,4.633864002244081,1957.275683998887,8965.0
1789885750,50,GET,GET /api/v1/reservas/{id},6.100000,0.000000,6,7,8,8,9,11,11,11,11,11,11,20431,0,5,6.221744476550747,3.0284199965535663,1521.0046399952262,442.0
1789885750,50,POST,POST /api/v1/auth/login,0.000000,0.000000,0,0,0,0,0,0,0,0,0,0,0,50,0,1300.0,1369.1218887201103,628.633758999058,2104.1982940005255,1622.0
1789885750,50,POST,POST /api/v1/auth/refresh,0.000000,0.000000,0,0,0,0,0,0,0,0,0,0,0,150,0,25,28.633832166863915,18.447431997628883,82.49066000280436,1622.0
1789885750,50,,Aggregated,24.400000,0.000000,8,9,9,10,12,13,16,17,28,28,28,82256,0,6,8.7738755847452,3.0284199965535663,2104.1982940005255,6830.17685032095
1789885751,50,GET,GET /api/v1/reservas,18.200000,0.000000,8,9,9,9,11,13,15,17,17,17,17,61642,0,7,8.467707942074206,4.633864002244081,1957.275683998887,8965.0
1789885751,50,GET,GET /api/v1/reservas/{id},6.100000,0.000000,6,7,8,8,9,11,11,11,11,11,11,20436,0,5,6.221643685721223,3.0284199965535663,1521.0046399952262,442.0
1789885751,50,POST,POST /api/v1/auth/login,0.000000,0.000000,0,0,0,0,0,0,0,0,0,0,0,50,0,1300.0,1369.1218887201103,628.633758999058,2104.1982940005255,1622.0
1789885751,50,POST,POST /api/v1/auth/refresh,0.000000,0.000000,0,0,0,0,0,0,0,0,0,0,0,150,0,25,28.633832166863915,18.447431997628883,82.49066000280436,1622.0
1789885751,50,,Aggregated,24.300000,0.000000,8,8,9,9,10,12,14,15,17,17,17,82278,0,6,8.773464748630058,3.0284199965535663,2104.1982940005255,6830.229733343056
1789885752,50,GET,GET /api/v1/reservas,18.200000,0.000000,8,9,10,10,12,13,15,17,17,17,17,61659,0,7,8.468115133935967,4.633864002244081,1957.275683998887,8965.0
1789885752,50,GET,GET /api/v1/reservas/{id},5.700000,0.000000,6,7,8,8,9,10,11,11,11,11,11,20443,0,5,6.221935480525256,3.0284199965535663,1521.0046399952262,442.0
1789885752,50,POST,POST /api/v1/auth/login,0.000000,0.000000,0,0,0,0,0,0,0,0,0,0,0,50,0,1300.0,1369.1218887201103,628.633758999058,2104.1982940005255,1622.0
1789885752,50,POST,POST /api/v1/auth/refresh,0.000000,0.000000,0,0,0,0,0,0,0,0,0,0,0,150,0,25,28.633832166863915,18.447431997628883,82.49066000280436,1622.0
1789885752,50,,Aggregated,23.900000,0.000000,8,9,9,10,11,12,14,15,17,17,17,82302,0,6,8.77356209244955,3.0284199965535663,2104.1982940005255,6830.1273480595855
1789885753,50,GET,GET /api/v1/reservas,18.700000,0.000000,8,9,10,10,11,13,15,17,19,19,19,61678,0,7,8.468130558859954,4.633864002244081,1957.275683998887,8965.0
1789885753,50,GET,GET /api/v1/reservas/{id},5.500000,0.000000,6,7,7,8,9,10,11,11,11,11,11,20451,0,5,6.221918199960092,3.0284199965535663,1521.0046399952262,442.0
1789885753,50,POST,POST /api/v1/auth/login,0.000000,0.000000,0,0,0,0,0,0,0,0,0,0,0,50,0,1300.0,1369.1218887201103,628.633758999058,2104.1982940005255,1622.0
1789885753,50,POST,POST /api/v1/auth/refresh,0.000000,0.000000,0,0,0,0,0,0,0,0,0,0,0,150,0,25,28.633832166863915,18.447431997628883,82.49066000280436,1622.0
1789885753,50,,Aggregated,24.200000,0.000000,8,8,9,10,11,12,15,17,19,19,19,82329,0,6,8.773250919819205,3.0284199965535663,2104.1982940005255,6829.99929550948
1789885754,50,GET,GET /api/v1/reservas,18.500000,0.000000,8,9,10,10,11,13,15,17,19,19,19,61697,0,7,8.467770675127843,4.633864002244081,1957.275683998887,8965.0
1789885754,50,GET,GET /api/v1/reservas/{id},5.400000,0.000000,6,7,7,8,9,10,11,11,11,11,11,20457,0,5,6.221530356082314,3.0284199965535663,1521.0046399952262,442.0
1789885754,50,POST,POST /api/v1/auth/login,0.000000,0.000000,0,0,0,0,0,0,0,0,0,0,0,50,0,1300.0,1369.1218887201103,628.633758999058,2104.1982940005255,1622.0
1789885754,50,POST,POST /api/v1/auth/refresh,0.000000,0.000000,0,0,0,0,0,0,0,0,0,0,0,150,0,25,28.633832166863915,18.447431997628883,82.49066000280436,1622.0
1789885754,50,,Aggregated,23.900000,0.000000,8,8,9,10,11,12,15,17,19,19,19,82354,0,6,8.772628689544959,3.0284199965535663,2104.1982940005255,6830.026458945528
1789885755,50,GET,GET /api/v1/reservas,18.100000,0.000000,8,8,9,10,11,13,15,17,19,19,19,61711,0,7,8.46752759599333,4.633864002244081,1957.275683998887,8965.0
1789885755,50,GET,GET /api/v1/reservas/{id},5.900000,0.000000,6,7,7,7,8,9,10,11,11,11,11,20465,0,5,6.221234030900529,3.0284199965535663,1521.0046399952262,442.0
1789885755,50,POST,POST /api/v1/auth/login,0.000000,0.000000,0,0,0,0,0,0,0,0,0,0,0,50,0,1300.0,1369.1218887201103,628.633758999058,2104.1982940005255,1622.0
1789885755,50,POST,POST /api/v1/auth/refresh,0.000000,0.000000,0,0,0,0,0,0,0,0,0,0,0,150,0,25,28.633832166863915,18.447431997628883,82.49066000280436,1622.0
1789885755,50,,Aggregated,24.000000,0.000000,8,8,9,9,10,12,15,17,19,19,19,82376,0,6,8.77207340948542,3.0284199965535663,2104.1982940005255,6829.768925415169
1789885756,50,GET,GET /api/v1/reservas,18.000000,0.000000,8,8,9,10,11,12,15,17,19,19,19,61732,0,7,8.467650420095584,4.633864002244081,1957.275683998887,8965.0
1789885756,50,GET,GET /api/v1/reservas/{id},6.400000,0.000000,6,7,7,7,8,9,10,11,11,11,11,20477,0,5,6.2209638532194305,3.0284199965535663,1521.0046399952262,442.0
1789885756,50,POST,POST /api/v1/auth/login,0.000000,0.000000,0,0,0,0,0,0,0,0,0,0,0,50,0,1300.0,1369.1218887201103,628.633758999058,2104.1982940005255,1622.0
1789885756,50,POST,POST /api/v1/auth/refresh,0.000000,0.000000,0,0,0,0,0,0,0,0,0,0,0,150,0,25,28.633832166863915,18.447431997628883,82.49066000280436,1622.0
1789885756,50,,Aggregated,24.400000,0.000000,8,8,9,9,11,11,15,17,19,19,19,82409,0,6,8.771649235117067,3.0284199965535663,2104.1982940005255,6829.382882937543
1789885757,50,GET,GET /api/v1/reservas,18.300000,0.000000,8,8,9,9,11,12,15,17,19,19,19,61749,0,7,8.467304010159108,4.633864002244081,1957.275683998887,8965.0
1789885757,50,GET,GET /api/v1/reservas/{id},6.500000,0.000000,6,6,7,7,8,9,10,11,11,11,11,20483,0,5,6.220540088433298,3.0284199965535663,1521.0046399952262,442.0
1789885757,50,POST,POST /api/v1/auth/login,0.000000,0.000000,0,0,0,0,0,0,0,0,0,0,0,50,0,1300.0,1369.1218887201103,628.633758999058,2104.1982940005255,1622.0
1789885757,50,POST,POST /api/v1/auth/refresh,0.000000,0.000000,0,0,0,0,0,0,0,0,0,0,0,150,0,25,28.633832166863915,18.447431997628883,82.49066000280436,1622.0
1789885757,50,,Aggregated,24.800000,0.000000,7,8,8,9,10,11,14,15,19,19,19,82432,0,6,8.771036092970473,3.0284199965535663,2104.1982940005255,6829.358392371894
1789885758,50,GET,GET /api/v1/reservas,18.300000,0.000000,8,8,8,9,10,11,13,15,19,19,19,61767,0,7,8.467111598253487,4.633864002244081,1957.275683998887,8965.0
1789885758,50,GET,GET /api/v1/reservas/{id},6.800000,0.000000,6,6,7,7,7,8,9,10,10,10,10,20490,0,5,6.220460236670738,3.0284199965535663,1521.0046399952262,442.0
1789885758,50,POST,POST /api/v1/auth/login,0.000000,0.000000,0,0,0,0,0,0,0,0,0,0,0,50,0,1300.0,1369.1218887201103,628.633758999058,2104.1982940005255,1622.0
1789885758,50,POST,POST /api/v1/auth/refresh,0.000000,0.000000,0,0,0,0,0,0,0,0,0,0,0,150,0,25,28.633832166863915,18.447431997628883,82.49066000280436,1622.0
1789885758,50,,Aggregated,25.100000,0.000000,7,8,8,8,10,11,12,13,19,19,19,82457,0,6,8.770589296236276,3.0284199965535663,2104.1982940005255,6829.28235322653
1789885759,50,GET,GET /api/v1/reservas,18.000000,0.000000,8,8,8,9,10,11,13,15,19,19,19,61792,0,7,8.466674710728025,4.633864002244081,1957.275683998887,8965.0
1789885759,50,GET,GET /api/v1/reservas/{id},7.100000,0.000000,6,6,6,7,7,8,9,10,10,10,10,20493,0,5,6.2203487362211325,3.0284199965535663,1521.0046399952262,442.0
1789885759,50,POST,POST /api/v1/auth/login,0.000000,0.000000,0,0,0,0,0,0,0,0,0,0,0,50,0,1300.0,1369.1218887201103,628.633758999058,2104.1982940005255,1622.0
1789885759,50,POST,POST /api/v1/auth/refresh,0.000000,0.000000,0,0,0,0,0,0,0,0,0,0,0,150,0,25,28.633832166863915,18.447431997628883,82.49066000280436,1622.0
1789885759,50,,Aggregated,25.100000,0.000000,7,8,8,8,10,11,12,13,19,19,19,82485,0,6,8.770049580381082,3.0284199965535663,2104.1982940005255,6829.697351033521
1789885760,50,GET,GET /api/v1/reservas,18.300000,0.000000,8,8,8,9,10,11,13,15,19,19,19,61813,0,7,8.466434394501391,4.633864002244081,1957.275683998887,8965.0
1789885760,50,GET,GET /api/v1/reservas/{id},6.900000,0.000000,6,6,7,7,7,8,9,10,10,10,10,20496,0,5,6.220241603160836,3.0284199965535663,1521.0046399952262,442.0
1789885760,50,POST,POST /api/v1/auth/login,0.000000,0.000000,0,0,0,0,0,0,0,0,0,0,0,50,0,1300.0,1369.1218887201103,628.633758999058,2104.1982940005255,1622.0
1789885760,50,POST,POST /api/v1/auth/refresh,0.000000,0.000000,0,0,0,0,0,0,0,0,0,0,0,150,0,25,28.633832166863915,18.447431997628883,82.49066000280436,1622.0
1789885760,50,,Aggregated,25.200000,0.000000,7,8,8,8,10,11,12,13,19,19,19,82509,0,6,8.769673010056442,3.0284199965535663,2104.1982940005255,6830.008568762196
1789885761,50,GET,GET /api/v1/reservas,18.400000,0.000000,8,8,8,8,10,11,12,15,19,19,19,61832,0,7,8.466112924914714,4.633864002244081,1957.275683998887,8965.0
1789885761,50,GET,GET /api/v1/reservas/{id},6.900000,0.000000,6,6,6,7,7,8,8,9,9,9,9,20500,0,5,6.220134140604542,3.0284199965535663,1521.0046399952262,442.0
1789885761,50,POST,POST /api/v1/auth/login,0.000000,0.000000,0,0,0,0,0,0,0,0,0,0,0,50,0,1300.0,1369.1218887201103,628.633758999058,2104.1982940005255,1622.0
1789885761,50,POST,POST /api/v1/auth/refresh,0.000000,0.000000,0,0,0,0,0,0,0,0,0,0,0,150,0,25,28.633832166863915,18.447431997628883,82.49066000280436,1622.0
1789885761,50,,Aggregated,25.300000,0.000000,7,8,8,8,9,10,12,12,19,19,19,82532,0,6,8.76921210581069,3.0284199965535663,2104.1982940005255,6830.190471574662
1789885762,50,GET,GET /api/v1/reservas,18.800000,0.000000,8,8,8,8,9,10,11,12,12,12,12,61850,0,7,8.465941376965791,4.633864002244081,1957.275683998887,8965.0
1789885762,50,GET,GET /api/v1/reservas/{id},6.700000,0.000000,5,6,6,6,7,9,9,9,9,9,9,20506,0,5,6.220390884394864,3.0284199965535663,1521.0046399952262,442.0
1789885762,50,POST,POST /api/v1/auth/login,0.000000,0.000000,0,0,0,0,0,0,0,0,0,0,0,50,0,1300.0,1369.1218887201103,628.633758999058,2104.1982940005255,1622.0
1789885762,50,POST,POST /api/v1/auth/refresh,0.000000,0.000000,0,0,0,0,0,0,0,0,0,0,0,150,0,25,28.633832166863915,18.447431997628883,82.49066000280436,1622.0
1789885762,50,,Aggregated,25.500000,0.000000,7,8,8,8,9,10,11,12,12,12,12,82556,0,6,8.768896008791408,3.0284199965535663,2104.1982940005255,6830.191651727312
1789885763,50,GET,GET /api/v1/reservas,18.700000,0.000000,7,8,8,8,9,10,11,12,12,12,12,61870,0,7,8.465539097338347,4.633864002244081,1957.275683998887,8965.0
1789885763,50,GET,GET /api/v1/reservas/{id},6.600000,0.000000,6,6,6,7,8,9,9,9,9,9,9,20511,0,5,6.220342099917189,3.0284199965535663,1521.0046399952262,442.0
1789885763,50,POST,POST /api/v1/auth/login,0.000000,0.000000,0,0,0,0,0,0,0,0,0,0,0,50,0,1300.0,1369.1218887201103,628.633758999058,2104.1982940005255,1622.0
1789885763,50,POST,POST /api/v1/auth/refresh,0.000000,0.000000,0,0,0,0,0,0,0,0,0,0,0,150,0,25,28.633832166863915,18.447431997628883,82.49066000280436,1622.0
1789885763,50,,Aggregated,25.300000,0.000000,7,8,8,8,9,10,11,12,12,12,12,82581,0,6,8.768354827681588,3.0284199965535663,2104.1982940005255,6830.321890023129
1789885764,50,GET,GET /api/v1/reservas,19.600000,0.000000,7,8,8,8,9,10,11,12,12,12,12,61887,0,7,8.46514114638501,4.633864002244081,1957.275683998887,8965.0
1789885764,50,GET,GET /api/v1/reservas/{id},6.300000,0.000000,6,6,6,7,8,9,9,9,9,9,9,20519,0,5,6.219792400380607,3.0284199965535663,1521.0046399952262,442.0
1789885764,50,POST,POST /api/v1/auth/login,0.000000,0.000000,0,0,0,0,0,0,0,0,0,0,0,50,0,1300.0,1369.1218887201103,628.633758999058,2104.1982940005255,1622.0
1789885764,50,POST,POST /api/v1/auth/refresh,0.000000,0.000000,0,0,0,0,0,0,0,0,0,0,0,150,0,25,28.633832166863915,18.447431997628883,82.49066000280436,1622.0
1789885764,50,,Aggregated,25.900000,0.000000,7,8,8,8,9,10,11,12,12,12,12,82606,0,6,8.767611065186392,3.0284199965535663,2104.1982940005255,6830.1425199138075
1789885765,50,GET,GET /api/v1/reservas,19.700000,0.000000,7,8,8,8,9,9,11,12,12,12,12,61903,0,7,8.464552505909763,4.633864002244081,1957.275683998887,8965.0
1789885765,50,GET,GET /api/v1/reservas/{id},6.100000,0.000000,6,6,6,6,8,9,9,9,9,9,9,20528,0,5,6.219386683720063,3.0284199965535663,1521.0046399952262,442.0
1789885765,50,POST,POST /api/v1/auth/login,0.000000,0.000000,0,0,0,0,0,0,0,0,0,0,0,50,0,1300.0,1369.1218887201103,628.633758999058,2104.1982940005255,1622.0
1789885765,50,POST,POST /api/v1/auth/refresh,0.000000,0.000000,0,0,0,0,0,0,0,0,0,0,0,150,0,25,28.633832166863915,18.447431997628883,82.49066000280436,1622.0
1789885765,50,,Aggregated,25.800000,0.000000,7,8,8,8,9,9,10,12,12,12,12,82631,0,6,8.766733222129544,3.0284199965535663,2104.1982940005255,6829.860113032639
1789885766,50,GET,GET /api/v1/reservas,19.000000,0.000000,7,8,8,8,9,9,11,12,12,12,12,61919,0,7,8.46444727512322,4.633864002244081,1957.275683998887,8965.0
1789885766,50,GET,GET /api/v1/reservas/{id},6.000000,0.000000,6,6,6,6,8,9,9,12,12,12,12,20534,0,5,6.219478626834227,3.0284199965535663,1521.0046399952262,442.0
1789885766,50,POST,POST /api/v1/auth/login,0.000000,0.000000,0,0,0,0,0,0,0,0,0,0,0,50,0,1300.0,1369.1218887201103,628.633758999058,2104.1982940005255,1622.0
1789885766,50,POST,POST /api/v1/auth/refresh,0.000000,0.000000,0,0,0,0,0,0,0,0,0,0,0,150,0,25,28.633832166863915,18.447431997628883,82.49066000280436,1622.0
1789885766,50,,Aggregated,25.000000,0.000000,7,8,8,8,9,9,11,12,12,12,12,82653,0,6,8.766433816229512,3.0284199965535663,2104.1982940005255,6829.8097225751035
1789885767,50,GET,GET /api/v1/reservas,19.200000,0.000000,7,8,8,8,9,9,11,12,12,12,12,61943,0,7,8.463850478994463,4.633864002244081,1957.275683998887,8965.0
1789885767,50,GET,GET /api/v1/reservas/{id},6.300000,0.000000,6,6,6,6,8,9,9,12,12,12,12,20537,0,5,6.219451371057735,3.0284199965535663,1521.0046399952262,442.0
1789885767,50,POST,POST /api/v1/auth/login,0.000000,0.000000,0,0,0,0,0,0,0,0,0,0,0,50,0,1300.0,1369.1218887201103,628.633758999058,2104.1982940005255,1622.0
1789885767,50,POST,POST /api/v1/auth/refresh,0.000000,0.000000,0,0,0,0,0,0,0,0,0,0,0,150,0,25,28.633832166863915,18.447431997628883,82.49066000280436,1622.0
1789885767,50,,Aggregated,25.500000,0.000000,7,8,8,8,9,9,11,12,12,12,12,82680,0,6,8.765799858355297,3.0284199965535663,2104.1982940005255,6830.197738268022
1789885768,50,GET,GET /api/v1/reservas,18.500000,0.000000,7,8,8,8,9,10,11,17,20,20,20,61957,0,7,8.46408252190012,4.633864002244081,1957.275683998887,8965.0
1789885768,50,GET,GET /api/v1/reservas/{id},6.200000,0.000000,6,6,6,6,9,9,12,13,13,13,13,20548,0,5,6.2193799590911745,3.0284199965535663,1521.0046399952262,442.0
1789885768,50,POST,POST /api/v1/auth/login,0.000000,0.000000,0,0,0,0,0,0,0,0,0,0,0,50,0,1300.0,1369.1218887201103,628.633758999058,2104.1982940005255,1622.0
1789885768,50,POST,POST /api/v1/auth/refresh,0.000000,0.000000,0,0,0,0,0,0,0,0,0,0,0,150,0,25,28.633832166863915,18.447431997628883,82.49066000280436,1622.0
1789885768,50,,Aggregated,24.700000,0.000000,7,7,8,8,9,10,12,13,20,20,20,82705,0,6,8.76556616250312,3.0284199965535663,2104.1982940005255,6829.7094613384925
1789885769,50,GET,GET /api/v1/reservas,18.900000,0.000000,7,8,8,8,9,11,12,17,20,20,20,61978,0,7,8.46390056309329,4.633864002244081,1957.275683998887,8965.0
1789885769,50,GET,GET /api/v1/reservas/{id},5.500000,0.000000,6,6,6,7,9,9,12,13,13,13,13,20552,0,5,6.219312032863617,3.0284199965535663,1521.0046399952262,442.0
1789885769,50,POST,POST /api/v1/auth/login,0.000000,0.000000,0,0,0,0,0,0,0,0,0,0,0,50,0,1300.0,1369.1218887201103,628.633758999058,2104.1982940005255,1622.0
1789885769,50,POST,POST /api/v1/auth/refresh,0.000000,0.000000,0,0,0,0,0,0,0,0,0,0,0,150,0,25,28.633832166863915,18.447431997628883,82.49066000280436,1622.0
1789885769,50,,Aggregated,24.400000,0.000000,7,8,8,8,9,10,12,13,20,20,20,82730,0,6,8.765213335668541,3.0284199965535663,2104.1982940005255,6829.942632660462
1789885770,50,GET,GET /api/v1/reservas,19.100000,0.000000,7,8,8,8,9,11,13,17,20,20,20,62002,0,7,8.463276658227281,4.633864002244081,1957.275683998887,8965.0
1789885770,50,GET,GET /api/v1/reservas/{id},5.800000,0.000000,5,6,6,7,9,9,12,13,13,13,13,20556,0,5,6.218972788305924,3.0284199965535663,1521.0046399952262,442.0
1789885770,50,POST,POST /api/v1/auth/login,0.000000,0.000000,0,0,0,0,0,0,0,0,0,0,0,50,0,1300.0,1369.1218887201103,628.633758999058,2104.1982940005255,1622.0
1789885770,50,POST,POST /api/v1/auth/refresh,0.000000,0.000000,0,0,0,0,0,0,0,0,0,0,0,150,0,25,28.633832166863915,18.447431997628883,82.49066000280436,1622.0
1789885770,50,,Aggregated,24.900000,0.000000,7,7,8,8,9,10,13,13,20,20,20,82758,0,6,8.7644512102863,3.0284199965535663,2104.1982940005255,6830.253051064549
1789885771,50,GET,GET /api/v1/reservas,18.800000,0.000000,7,8,8,8,10,11,17,19,20,20,20,62022,0,7,8.463134400090642,4.633864002244081,1957.275683998887,8965.0
1789885771,50,GET,GET /api/v1/reservas/{id},5.800000,0.000000,5,6,6,7,9,9,12,13,13,13,13,20561,0,5,6.218616795020384,3.0284199965535663,1521.0046399952262,442.0
1789885771,50,POST,POST /api/v1/auth/login,0.000000,0.000000,0,0,0,0,0,0,0,0,0,0,0,50,0,1300.0,1369.1218887201103,628.633758999058,2104.1982940005255,1622.0
1789885771,50,POST,POST /api/v1/auth/refresh,0.000000,0.000000,0,0,0,0,0,0,0,0,0,0,0,150,0,25,28.633832166863915,18.447431997628883,82.49066000280436,1622.0
1789885771,50,,Aggregated,24.600000,0.000000,7,7,8,8,9,11,13,18,20,20,20,82783,0,6,8.764029703512616,3.0284199965535663,2104.1982940005255,6830.382953021755
1789885772,50,GET,GET /api/v1/reservas,18.800000,0.000000,7,8,8,8,10,11,17,19,20,20,20,62038,0,7,8.46302182019776,4.633864002244081,1957.275683998887,8965.0
1789885772,50,GET,GET /api/v1/reservas/{id},5.800000,0.000000,5,6,6,6,8,9,12,13,13,13,13,20569,0,5,6.218278690428298,3.0284199965535663,1521.0046399952262,442.0
1789885772,50,POST,POST /api/v1/auth/login,0.000000,0.000000,0,0,0,0,0,0,0,0,0,0,0,50,0,1300.0,1369.1218887201103,628.633758999058,2104.1982940005255,1622.0
1789885772,50,POST,POST /api/v1/auth/refresh,0.000000,0.000000,0,0,0,0,0,0,0,0,0,0,0,150,0,25,28.633832166863915,18.447431997628883,82.49066000280436,1622.0
1789885772,50,,Aggregated,24.600000,0.000000,7,7,8,8,9,11,13,18,20,20,20,82807,0,6,8.763557323968955,3.0284199965535663,2104.1982940005255,6830.178221647929
1789885773,50,GET,GET /api/v1/reservas,18.800000,0.000000,7,8,8,8,10,11,17,19,20,20,20,62055,0,7,8.462856407323478,4.633864002244081,1957.275683998887,8965.0
1789885773,50,GET,GET /api/v1/reservas/{id},6.100000,0.000000,5,6,6,6,8,9,12,13,13,13,13,20579,0,5,6.218225602673704,3.0284199965535663,1521.0046399952262,442.0
1789885773,50,POST,POST /api/v1/auth/login,0.000000,0.000000,0,0,0,0,0,0,0,0,0,0,0,50,0,1300.0,1369.1218887201103,628.633758999058,2104.1982940005255,1622.0
1789885773,50,POST,POST /api/v1/auth/refresh,0.000000,0.000000,0,0,0,0,0,0,0,0,0,0,0,150,0,25,28.633832166863915,18.447431997628883,82.49066000280436,1622.0
1789885773,50,,Aggregated,24.900000,0.000000,7,7,8,8,9,11,13,18,20,20,20,82834,0,6,8.76305126270529,3.0284199965535663,2104.1982940005255,6829.845148127581
1789885774,50,GET,GET /api/v1/reservas,18.500000,0.000000,7,8,8,8,10,11,17,19,20,20,20,62077,0,7,8.462238689038797,4.633864002244081,1957.275683998887,8965.0
1789885774,50,GET,GET /api/v1/reservas/{id},6.300000,0.000000,5,6,6,6,8,9,12,13,13,13,13,20583,0,5,6.217925072605065,3.0284199965535663,1521.0046399952262,442.0
1789885774,50,POST,POST /api/v1/auth/login,0.000000,0.000000,0,0,0,0,0,0,0,0,0,0,0,50,0,1300.0,1369.1218887201103,628.633758999058,2104.1982940005255,1622.0
1789885774,50,POST,POST /api/v1/auth/refresh,0.000000,0.000000,0,0,0,0,0,0,0,0,0,0,0,150,0,25,28.633832166863915,18.447431997628883,82.49066000280436,1622.0
1789885774,50,,Aggregated,24.800000,0.000000,7,7,8,8,9,11,13,18,20,20,20,82860,0,6,8.762311273593298,3.0284199965535663,2104.1982940005255,6830.103680907555
1789885775,50,GET,GET /api/v1/reservas,18.300000,0.000000,7,8,8,8,10,11,17,19,20,20,20,62102,0,7,8.461496768034166,4.633864002244081,1957.275683998887,8965.0
1789885775,50,GET,GET /api/v1/reservas/{id},6.600000,0.000000,5,6,6,6,8,9,12,13,13,13,13,20590,0,5,6.217713962866997,3.0284199965535663,1521.0046399952262,442.0
1789885775,50,POST,POST /api/v1/auth/login,0.000000,0.000000,0,0,0,0,0,0,0,0,0,0,0,50,0,1300.0,1369.1218887201103,628.633758999058,2104.1982940005255,1622.0
1789885775,50,POST,POST /api/v1/auth/refresh,0.000000,0.000000,0,0,0,0,0,0,0,0,0,0,0,150,0,25,28.633832166863915,18.447431997628883,82.49066000280436,1622.0
1789885775,50,,Aggregated,24.900000,0.000000,7,7,8,8,9,11,13,18,20,20,20,82892,0,6,8.76139762636851,3.0284199965535663,2104.1982940005255,6830.208102108768
1789885776,50,GET,GET /api/v1/reservas,18.900000,0.000000,7,8,8,8,10,11,17,19,20,20,20,62118,0,7,8.461492112293964,4.633864002244081,1957.275683998887,8965.0
1789885776,50,GET,GET /api/v1/reservas/{id},6.700000,0.000000,5,6,6,7,8,9,9,13,13,13,13,20595,0,5,6.217821024929863,3.0284199965535663,1521.0046399952262,442.0
1789885776,50,POST,POST /api/v1/auth/login,0.000000,0.000000,0,0,0,0,0,0,0,0,0,0,0,50,0,1300.0,1369.1218887201103,628.633758999058,2104.1982940005255,1622.0
1789885776,50,POST,POST /api/v1/auth/refresh,0.000000,0.000000,0,0,0,0,0,0,0,0,0,0,0,150,0,25,28.633832166863915,18.447431997628883,82.49066000280436,1622.0
1789885776,50,,Aggregated,25.600000,0.000000,7,7,8,8,9,11,13,18,20,20,20,82913,0,6,8.761209464148637,3.0284199965535663,2104.1982940005255,6830.234824454549
1789885777,50,GET,GET /api/v1/reservas,18.700000,0.000000,7,8,8,9,10,11,17,19,20,20,20,62137,0,7,8.461499047064725,4.633864002244081,1957.275683998887,8965.0
1789885777,50,GET,GET /api/v1/reservas/{id},6.300000,0.000000,5,6,7,7,8,9,9,13,13,13,13,20599,0,5,6.217786702967915,3.0284199965535663,1521.0046399952262,442.0
1789885777,50,POST,POST /api/v1/auth/login,0.000000,0.000000,0,0,0,0,0,0,0,0,0,0,0,50,0,1300.0,1369.1218887201103,628.633758999058,2104.1982940005255,1622.0
1789885777,50,POST,POST /api/v1/auth/refresh,0.000000,0.000000,0,0,0,0,0,0,0,0,0,0,0,150,0,25,28.633832166863915,18.447431997628883,82.49066000280436,1622.0
1789885777,50,,Aggregated,25.000000,0.000000,7,8,8,8,10,11,13,18,20,20,20,82936,0,6,8.76101480470418,3.0284199965535663,2104.1982940005255,6830.415778431562
1789885778,50,GET,GET /api/v1/reservas,19.900000,0.000000,7,8,8,9,10,11,13,18,19,19,19,62161,0,7,8.46146350957085,4.633864002244081,1957.275683998887,8965.0
1789885778,50,GET,GET /api/v1/reservas/{id},6.000000,0.000000,5,6,7,7,7,8,8,9,9,9,9,20602,0,5,6.21795175232703,3.0284199965535663,1521.0046399952262,442.0
1789885778,50,POST,POST /api/v1/auth/login,0.000000,0.000000,0,0,0,0,0,0,0,0,0,0,0,50,0,1300.0,1369.1218887201103,628.633758999058,2104.1982940005255,1622.0
1789885778,50,POST,POST /api/v1/auth/refresh,0.000000,0.000000,0,0,0,0,0,0,0,0,0,0,0,150,0,25,28.633832166863915,18.447431997628883,82.49066000280436,1622.0
1789885778,50,,Aggregated,25.900000,0.000000,7,8,8,8,9,11,13,13,19,19,19,82963,0,6,8.760850553631428,3.0284199965535663,2104.1982940005255,6830.802273302556
1789885779,50,GET,GET /api/v1/reservas,19.900000,0.000000,7,8,9,9,11,15,22,22,36,36,36,62182,0,7,8.463364940648864,4.633864002244081,1957.275683998887,8965.0
1789885779,50,GET,GET /api/v1/reservas/{id},6.100000,0.000000,6,6,7,7,9,10,12,16,16,16,16,20610,0,5,6.219223169502442,3.0284199965535663,1521.0046399952262,442.0
1789885779,50,POST,POST /api/v1/auth/login,0.000000,0.000000,0,0,0,0,0,0,0,0,0,0,0,50,0,1300.0,1369.1218887201103,628.633758999058,2104.1982940005255,1622.0
1789885779,50,POST,POST /api/v1/auth/refresh,0.000000,0.000000,0,0,0,0,0,0,0,0,0,0,0,150,0,25,28.633832166863915,18.447431997628883,82.49066000280436,1622.0
1789885779,50,,Aggregated,26.000000,0.000000,7,8,8,9,10,14,19,22,36,36,36,82992,0,6,8.76227006848759,3.0284199965535663,2104.1982940005255,6830.726455561982
1789885780,50,GET,GET /api/v1/reservas,20.100000,0.000000,8,8,9,9,11,15,22,22,36,36,36,62198,0,7,8.463249566793285,4.633864002244081,1957.275683998887,8965.0
1789885780,50,GET,GET /api/v1/reservas/{id},5.600000,0.000000,6,7,7,7,9,12,14,16,16,16,16,20615,0,5,6.21951846235462,3.0284199965535663,1521.0046399952262,442.0
1789885780,50,POST,POST /api/v1/auth/login,0.000000,0.000000,0,0,0,0,0,0,0,0,0,0,0,50,0,1300.0,1369.1218887201103,628.633758999058,2104.1982940005255,1622.0
1789885780,50,POST,POST /api/v1/auth/refresh,0.000000,0.000000,0,0,0,0,0,0,0,0,0,0,0,150,0,25,28.633832166863915,18.447431997628883,82.49066000280436,1622.0
1789885780,50,,Aggregated,25.700000,0.000000,7,8,8,9,11,14,19,22,36,36,36,83013,0,6,8.76204617250188,3.0284199965535663,2104.1982940005255,6830.753014588076
1789885781,50,GET,GET /api/v1/reservas,20.000000,0.000000,8,8,8,9,11,14,22,22,36,36,36,62216,0,7,8.462827244397044,4.633864002244081,1957.275683998887,8965.0
1789885781,50,GET,GET /api/v1/reservas/{id},5.600000,0.000000,6,7,7,7,10,12,14,16,16,16,16,20620,0,5,6.219618307780786,3.0284199965535663,1521.0046399952262,442.0
1789885781,50,POST,POST /api/v1/auth/login,0.000000,0.000000,0,0,0,0,0,0,0,0,0,0,0,50,0,1300.0,1369.1218887201103,628.633758999058,2104.1982940005255,1622.0
1789885781,50,POST,POST /api/v1/auth/refresh,0.000000,0.000000,0,0,0,0,0,0,0,0,0,0,0,150,0,25,28.633832166863915,18.447431997628883,82.49066000280436,1622.0
1789885781,50,,Aggregated,25.600000,0.000000,7,8,8,9,10,13,19,22,36,36,36,83036,0,6,8.761536666083328,3.0284199965535663,2104.1982940005255,6830.830964882702
1789885782,50,GET,GET /api/v1/reservas,19.900000,0.000000,8,8,8,9,11,14,22,22,36,36,36,62232,0,7,8.46272107929059,4.633864002244081,1957.275683998887,8965.0
1789885782,50,GET,GET /api/v1/reservas/{id},5.800000,0.000000,6,7,7,7,10,12,14,16,16,16,16,20630,0,5,6.2194142781113495,3.0284199965535663,1521.0046399952262,442.0
1789885782,50,POST,POST /api/v1/auth/login,0.000000,0.000000,0,0,0,0,0,0,0,0,0,0,0,50,0,1300.0,1369.1218887201103,628.633758999058,2104.1982940005255,1622.0
1789885782,50,POST,POST /api/v1/auth/refresh,0.000000,0.000000,0,0,0,0,0,0,0,0,0,0,0,150,0,25,28.633832166863915,18.447431997628883,82.49066000280436,1622.0
1789885782,50,,Aggregated,25.700000,0.000000,7,8,8,9,10,13,19,22,36,36,36,83062,0,6,8.76104288392885,3.0284199965535663,2104.1982940005255,6830.472899761624
1789885783,50,GET,GET /api/v1/reservas,19.900000,0.000000,8,8,9,9,14,18,34,37,59,59,59,62252,0,7,8.465114520776863,4.633864002244081,1957.275683998887,8965.0
1789885783,50,GET,GET /api/v1/reservas/{id},5.800000,0.000000,6,7,7,8,12,15,16,80,80,80,80,20639,0,5,6.223909697487437,3.0284199965535663,1521.0046399952262,442.0
1789885783,50,POST,POST /api/v1/auth/login,0.000000,0.000000,0,0,0,0,0,0,0,0,0,0,0,50,0,1300.0,1369.1218887201103,628.633758999058,2104.1982940005255,1622.0
1789885783,50,POST,POST /api/v1/auth/refresh,0.000000,0.000000,0,0,0,0,0,0,0,0,0,0,0,150,0,25,28.633832166863915,18.447431997628883,82.49066000280436,1622.0
1789885783,50,,Aggregated,25.700000,0.000000,8,8,9,9,13,17,34,37,80,80,80,83091,0,6,8.76360557286461,3.0284199965535663,2104.1982940005255,6830.294713025478
1789885784,50,GET,GET /api/v1/reservas,19.300000,0.000000,8,8,9,10,14,18,34,37,59,59,59,62271,0,7,8.46501439715765,4.633864002244081,1957.275683998887,8965.0
1789885784,50,GET,GET /api/v1/reservas/{id},5.900000,0.000000,6,7,7,8,12,15,16,80,80,80,80,20643,0,5,6.223797969018203,3.0284199965535663,1521.0046399952262,442.0
1789885784,50,POST,POST /api/v1/auth/login,0.000000,0.000000,0,0,0,0,0,0,0,0,0,0,0,50,0,1300.0,1369.1218887201103,628.633758999058,2104.1982940005255,1622.0
1789885784,50,POST,POST /api/v1/auth/refresh,0.000000,0.000000,0,0,0,0,0,0,0,0,0,0,0,150,0,25,28.633832166863915,18.447431997628883,82.49066000280436,1622.0
1789885784,50,,Aggregated,25.200000,0.000000,8,8,9,9,13,17,34,37,80,80,80,83114,0,6,8.763312345223376,3.0284199965535663,2104.1982940005255,6830.475262891931
1789885785,50,GET,GET /api/v1/reservas,19.300000,0.000000,8,9,9,10,14,18,34,37,59,59,59,62291,0,7,8.464853666395014,4.633864002244081,1957.275683998887,8965.0
1789885785,50,GET,GET /api/v1/reservas/{id},6.200000,0.000000,6,7,7,8,12,15,16,80,80,80,80,20648,0,5,6.223703437690639,3.0284199965535663,1521.0046399952262,442.0
1789885785,50,POST,POST /api/v1/auth/login,0.000000,0.000000,0,0,0,0,0,0,0,0,0,0,0,50,0,1300.0,1369.1218887201103,628.633758999058,2104.1982940005255,1622.0
1789885785,50,POST,POST /api/v1/auth/refresh,0.000000,0.000000,0,0,0,0,0,0,0,0,0,0,0,150,0,25,28.633832166863915,18.447431997628883,82.49066000280436,1622.0
1789885785,50,,Aggregated,25.500000,0.000000,8,8,9,9,13,17,34,37,80,80,80,83139,0,6,8.762943956216661,3.0284199965535663,2104.1982940005255,6830.604541791457
1789885786,50,GET,GET /api/v1/reservas,19.700000,0.000000,8,9,9,9,14,18,34,37,59,59,59,62309,0,7,8.464846847781278,4.633864002244081,1957.275683998887,8965.0
1789885786,50,GET,GET /api/v1/reservas/{id},5.800000,0.000000,6,7,7,8,12,15,16,80,80,80,80,20654,0,5,6.223741384498123,3.0284199965535663,1521.0046399952262,442.0
1789885786,50,POST,POST /api/v1/auth/login,0.000000,0.000000,0,0,0,0,0,0,0,0,0,0,0,50,0,1300.0,1369.1218887201103,628.633758999058,2104.1982940005255,1622.0
1789885786,50,POST,POST /api/v1/auth/refresh,0.000000,0.000000,0,0,0,0,0,0,0,0,0,0,0,150,0,25,28.633832166863915,18.447431997628883,82.49066000280436,1622.0
1789885786,50,,Aggregated,25.500000,0.000000,8,8,9,9,13,17,34,37,80,80,80,83163,0,6,8.762700552588015,3.0284199965535663,2104.1982940005255,6830.605593833796
1789885787,50,GET,GET /api/v1/reservas,19.400000,0.000000,8,9,9,10,14,19,34,37,59,59,59,62325,0,7,8.465329788421915,4.633864002244081,1957.275683998887,8965.0
1789885787,50,GET,GET /api/v1/reservas/{id},6.000000,0.000000,6,7,7,9,10,14,16,80,80,80,80,20663,0,5,6.223999860882757,3.0284199965535663,1521.0046399952262,442.0
1789885787,50,POST,POST /api/v1/auth/login,0.000000,0.000000,0,0,0,0,0,0,0,0,0,0,0,50,0,1300.0,1369.1218887201103,628.633758999058,2104.1982940005255,1622.0
1789885787,50,POST,POST /api/v1/auth/refresh,0.000000,0.000000,0,0,0,0,0,0,0,0,0,0,0,150,0,25,28.633832166863915,18.447431997628883,82.49066000280436,1622.0
1789885787,50,,Aggregated,25.400000,0.000000,8,9,9,10,14,17,34,37,80,80,80,83188,0,6,8.762794603186343,3.0284199965535663,2104.1982940005255,6830.324938693081
1789885788,50,GET,GET /api/v1/reservas,19.400000,0.000000,8,9,9,10,14,19,34,37,59,59,59,62345,0,7,8.465145711402455,4.633864002244081,1957.275683998887,8965.0
1789885788,50,GET,GET /api/v1/reservas/{id},5.700000,0.000000,6,6,7,7,10,14,16,80,80,80,80,20668,0,5,6.2239863614483,3.0284199965535663,1521.0046399952262,442.0
1789885788,50,POST,POST /api/v1/auth/login,0.000000,0.000000,0,0,0,0,0,0,0,0,0,0,0,50,0,1300.0,1369.1218887201103,628.633758999058,2104.1982940005255,1622.0
1789885788,50,POST,POST /api/v1/auth/refresh,0.000000,0.000000,0,0,0,0,0,0,0,0,0,0,0,150,0,25,28.633832166863915,18.447431997628883,82.49066000280436,1622.0
1789885788,50,,Aggregated,25.100000,0.000000,8,8,9,9,13,17,34,37,80,80,80,83213,0,6,8.762429292981247,3.0284199965535663,2104.1982940005255,6830.454147789408
1789885789,50,GET,GET /api/v1/reservas,18.500000,0.000000,8,8,9,9,12,15,18,37,59,59,59,62364,0,7,8.465439068090312,4.633864002244081,1957.275683998887,8965.0
1789885789,50,GET,GET /api/v1/reservas/{id},6.000000,0.000000,6,6,7,7,10,12,15,80,80,80,80,20672,0,5,6.224123632566737,3.0284199965535663,1521.0046399952262,442.0
1789885789,50,POST,POST /api/v1/auth/login,0.000000,0.000000,0,0,0,0,0,0,0,0,0,0,0,50,0,1300.0,1369.1218887201103,628.633758999058,2104.1982940005255,1622.0
1789885789,50,POST,POST /api/v1/auth/refresh,0.000000,0.000000,0,0,0,0,0,0,0,0,0,0,0,150,0,25,28.633832166863915,18.447431997628883,82.49066000280436,1622.0
1789885789,50,,Aggregated,24.500000,0.000000,8,8,9,9,12,14,18,37,80,80,80,83236,0,6,8.762493332642762,3.0284199965535663,2104.1982940005255,6830.634388966313
1789885790,50,GET,GET /api/v1/reservas,18.500000,0.000000,8,9,9,10,12,15,18,37,59,59,59,62379,0,7,8.465556267387797,4.633864002244081,1957.275683998887,8965.0
1789885790,50,GET,GET /api/v1/reservas/{id},6.500000,0.000000,6,6,7,7,10,10,15,80,80,80,80,20684,0,5,6.224221642062411,3.0284199965535663,1521.0046399952262,442.0
1789885790,50,POST,POST /api/v1/auth/login,0.000000,0.000000,0,0,0,0,0,0,0,0,0,0,0,50,0,1300.0,1369.1218887201103,628.633758999058,2104.1982940005255,1622.0
1789885790,50,POST,POST /api/v1/auth/refresh,0.000000,0.000000,0,0,0,0,0,0,0,0,0,0,0,150,0,25,28.633832166863915,18.447431997628883,82.49066000280436,1622.0
1789885790,50,,Aggregated,25.000000,0.000000,8,8,9,9,11,14,18,37,80,80,80,83263,0,6,8.76218613440365,3.0284199965535663,2104.1982940005255,6830.098158846066
1789885791,50,GET,GET /api/v1/reservas,18.900000,0.000000,8,9,9,10,12,15,18,37,59,59,59,62396,0,7,8.46556064666594,4.633864002244081,1957.275683998887,8965.0
1789885791,50,GET,GET /api/v1/reservas/{id},6.300000,0.000000,6,6,7,7,9,10,15,80,80,80,80,20691,0,5,6.224167182998477,3.0284199965535663,1521.0046399952262,442.0
1789885791,50,POST,POST /api/v1/auth/login,0.000000,0.000000,0,0,0,0,0,0,0,0,0,0,0,50,0,1300.0,1369.1218887201103,628.633758999058,2104.1982940005255,1622.0
1789885791,50,POST,POST /api/v1/auth/refresh,0.000000,0.000000,0,0,0,0,0,0,0,0,0,0,0,150,0,25,28.633832166863915,18.447431997628883,82.49066000280436,1622.0
1789885791,50,,Aggregated,25.200000,0.000000,8,8,9,9,12,14,18,37,80,80,80,83287,0,6,8.761902032175952,3.0284199965535663,2104.1982940005255,6829.997022344423
1789885792,50,GET,GET /api/v1/reservas,18.200000,0.000000,8,9,9,9,12,14,17,18,37,37,37,62407,0,7,8.46545092732195,4.633864002244081,1957.275683998887,8965.0
1789885792,50,GET,GET /api/v1/reservas/{id},6.500000,0.000000,6,6,6,7,8,10,12,15,15,15,15,20702,0,5,6.2239609289162585,3.0284199965535663,1521.0046399952262,442.0
1789885792,50,POST,POST /api/v1/auth/login,0.000000,0.000000,0,0,0,0,0,0,0,0,0,0,0,50,0,1300.0,1369.1218887201103,628.633758999058,2104.1982940005255,1622.0
1789885792,50,POST,POST /api/v1/auth/refresh,0.000000,0.000000,0,0,0,0,0,0,0,0,0,0,0,150,0,25,28.633832166863915,18.447431997628883,82.49066000280436,1622.0
1789885792,50,,Aggregated,24.700000,0.000000,8,8,9,9,11,14,16,18,37,37,37,83309,0,6,8.761394380353316,3.0284199965535663,2104.1982940005255,6829.435463155241
1789885793,50,GET,GET /api/v1/reservas,18.000000,0.000000,8,9,9,9,12,12,14,16,18,18,18,62427,0,7,8.46582341432994,4.633864002244081,1957.275683998887,8965.0
1789885793,50,GET,GET /api/v1/reservas/{id},6.900000,0.000000,6,6,6,7,7,9,10,10,10,10,10,20708,0,5,6.224046122050894,3.0284199965535663,1521.0046399952262,442.0
1789885793,50,POST,POST /api/v1/auth/login,0.000000,0.000000,0,0,0,0,0,0,0,0,0,0,0,50,0,1300.0,1369.1218887201103,628.633758999058,2104.1982940005255,1622.0
1789885793,50,POST,POST /api/v1/auth/refresh,0.000000,0.000000,0,0,0,0,0,0,0,0,0,0,0,150,0,25,28.633832166863915,18.447431997628883,82.49066000280436,1622.0
1789885793,50,,Aggregated,24.900000,0.000000,8,8,9,9,10,12,14,15,18,18,18,83335,0,6,8.761440866896915,3.0284199965535663,2104.1982940005255,6829.488102237955
1789885794,50,GET,GET /api/v1/reservas,17.600000,0.000000,8,9,9,9,12,12,14,16,18,18,18,62445,0,7,8.465684733467377,4.633864002244081,1957.275683998887,8965.0
1789885794,50,GET,GET /api/v1/reservas/{id},7.200000,0.000000,6,6,6,6,7,9,10,10,10,10,10,20716,0,5,6.223745647925819,3.0284199965535663,1521.0046399952262,442.0
1789885794,50,POST,POST /api/v1/auth/login,0.000000,0.000000,0,0,0,0,0,0,0,0,0,0,0,50,0,1300.0,1369.1218887201103,628.633758999058,2104.1982940005255,1622.0
1789885794,50,POST,POST /api/v1/auth/refresh,0.000000,0.000000,0,0,0,0,0,0,0,0,0,0,0,150,0,25,28.633832166863915,18.447431997628883,82.49066000280436,1622.0
1789885794,50,,Aggregated,24.800000,0.000000,8,8,9,9,10,12,14,15,18,18,18,83361,0,6,8.760954970368044,3.0284199965535663,2104.1982940005255,6829.336224373508
1789885795,50,GET,GET /api/v1/reservas,17.400000,0.000000,8,9,9,10,12,12,14,16,18,18,18,62462,0,7,8.465609271082858,4.633864002244081,1957.275683998887,8965.0
1789885795,50,GET,GET /api/v1/reservas/{id},6.800000,0.000000,6,6,6,7,7,9,10,10,10,10,10,20722,0,5,6.223755833868952,3.0284199965535663,1521.0046399952262,442.0
1789885795,50,POST,POST /api/v1/auth/login,0.000000,0.000000,0,0,0,0,0,0,0,0,0,0,0,50,0,1300.0,1369.1218887201103,628.633758999058,2104.1982940005255,1622.0
1789885795,50,POST,POST /api/v1/auth/refresh,0.000000,0.000000,0,0,0,0,0,0,0,0,0,0,0,150,0,25,28.633832166863915,18.447431997628883,82.49066000280436,1622.0
1789885795,50,,Aggregated,24.200000,0.000000,8,8,9,9,10,12,14,15,18,18,18,83384,0,6,8.76065820710039,3.0284199965535663,2104.1982940005255,6829.312026288017
1789885796,50,GET,GET /api/v1/reservas,17.100000,0.000000,8,9,9,10,11,12,14,16,18,18,18,62476,0,7,8.465520071825546,4.633864002244081,1957.275683998887,8965.0
1789885796,50,GET,GET /api/v1/reservas/{id},7.100000,0.000000,6,6,6,6,7,9,10,10,10,10,10,20734,0,5,6.223358360057239,3.0284199965535663,1521.0046399952262,442.0
1789885796,50,POST,POST /api/v1/auth/login,0.000000,0.000000,0,0,0,0,0,0,0,0,0,0,0,50,0,1300.0,1369.1218887201103,628.633758999058,2104.1982940005255,1622.0
1789885796,50,POST,POST /api/v1/auth/refresh,0.000000,0.000000,0,0,0,0,0,0,0,0,0,0,0,150,0,25,28.633832166863915,18.447431997628883,82.49066000280436,1622.0
1789885796,50,,Aggregated,24.200000,0.000000,8,8,9,9,10,12,14,15,18,18,18,83410,0,6,8.760078090227177,3.0284199965535663,2104.1982940005255,6828.7515645606045
1789885797,50,GET,GET /api/v1/reservas,17.400000,0.000000,8,9,9,10,11,12,14,16,18,18,18,62498,0,7,8.465832047271403,4.633864002244081,1957.275683998887,8965.0
1789885797,50,GET,GET /api/v1/reservas/{id},7.400000,0.000000,6,6,6,6,7,9,10,11,11,11,11,20741,0,5,6.223758570726329,3.0284199965535663,1521.0046399952262,442.0
1789885797,50,POST,POST /api/v1/auth/login,0.000000,0.000000,0,0,0,0,0,0,0,0,0,0,0,50,0,1300.0,1369.1218887201103,628.633758999058,2104.1982940005255,1622.0
1789885797,50,POST,POST /api/v1/auth/refresh,0.000000,0.000000,0,0,0,0,0,0,0,0,0,0,0,150,0,25,28.633832166863915,18.447431997628883,82.49066000280436,1622.0
1789885797,50,,Aggregated,24.800000,0.000000,8,8,9,9,10,12,13,14,18,18,18,83439,0,6,8.760120771663754,3.0284199965535663,2104.1982940005255,6828.779012212514
1789885798,50,GET,GET /api/v1/reservas,16.400000,0.000000,8,9,9,9,11,12,13,14,18,18,18,62520,0,7,8.46570779611952,4.633864002244081,1957.275683998887,8965.0
1789885798,50,GET,GET /api/v1/reservas/{id},7.900000,0.000000,6,6,6,6,8,9,10,11,11,11,11,20746,0,5,6.22381498628335,3.0284199965535663,1521.0046399952262,442.0
1789885798,50,POST,POST /api/v1/auth/login,0.000000,0.000000,0,0,0,0,0,0,0,0,0,0,0,50,0,1300.0,1369.1218887201103,628.633758999058,2104.1982940005255,1622.0
1789885798,50,POST,POST /api/v1/auth/refresh,0.000000,0.000000,0,0,0,0,0,0,0,0,0,0,0,150,0,25,28.633832166863915,18.447431997628883,82.49066000280436,1622.0
1789885798,50,,Aggregated,24.300000,0.000000,8,8,9,9,10,11,13,13,18,18,18,83466,0,6,8.759812215511419,3.0284199965535663,2104.1982940005255,6828.959480507033
1789885799,50,GET,GET /api/v1/reservas,17.100000,0.000000,8,9,9,9,10,12,13,14,18,18,18,62537,0,7,8.465614883707016,4.633864002244081,1957.275683998887,8965.0
1789885799,50,GET,GET /api/v1/reservas/{id},7.900000,0.000000,6,6,6,6,8,9,10,11,11,11,11,20756,0,5,6.2238382591263965,3.0284199965535663,1521.0046399952262,442.0
1789885799,50,POST,POST /api/v1/auth/login,0.000000,0.000000,0,0,0,0,0,0,0,0,0,0,0,50,0,1300.0,1369.1218887201103,628.633758999058,2104.1982940005255,1622.0
1789885799,50,POST,POST /api/v1/auth/refresh,0.000000,0.000000,0,0,0,0,0,0,0,0,0,0,0,150,0,25,28.633832166863915,18.447431997628883,82.49066000280436,1622.0
1789885799,50,,Aggregated,25.000000,0.000000,8,8,9,9,10,11,12,13,18,18,18,83493,0,6,8.759384788543494,3.0284199965535663,2104.1982940005255,6828.629430012097
1789885800,50,GET,GET /api/v1/reservas,17.000000,0.000000,8,9,9,9,11,12,14,18,24,24,24,62557,0,7,8.465966874712493,4.633864002244081,1957.275683998887,8965.0
1789885800,50,GET,GET /api/v1/reservas/{id},8.000000,0.000000,6,6,6,6,8,9,10,11,11,11,11,20761,0,5,6.223905614778772,3.0284199965535663,1521.0046399952262,442.0
1789885800,50,POST,POST /api/v1/auth/login,0.000000,0.000000,0,0,0,0,0,0,0,0,0,0,0,50,0,1300.0,1369.1218887201103,628.633758999058,2104.1982940005255,1622.0
1789885800,50,POST,POST /api/v1/auth/refresh,0.000000,0.000000,0,0,0,0,0,0,0,0,0,0,0,150,0,25,28.633832166863915,18.447431997628883,82.49066000280436,1622.0
1789885800,50,,Aggregated,25.000000,0.000000,8,8,9,9,10,11,13,15,24,24,24,83518,0,6,8.759443036361745,3.0284199965535663,2104.1982940005255,6828.7586747766945
1789885801,50,GET,GET /api/v1/reservas,17.300000,0.000000,8,9,9,9,11,12,14,15,24,24,24,62574,0,7,8.465818025096528,4.633864002244081,1957.275683998887,8965.0
1789885801,50,GET,GET /api/v1/reservas/{id},7.800000,0.000000,6,6,6,6,8,9,10,11,11,11,11,20765,0,5,6.22373308314108,3.0284199965535663,1521.0046399952262,442.0
1789885801,50,POST,POST /api/v1/auth/login,0.000000,0.000000,0,0,0,0,0,0,0,0,0,0,0,50,0,1300.0,1369.1218887201103,628.633758999058,2104.1982940005255,1622.0
1789885801,50,POST,POST /api/v1/auth/refresh,0.000000,0.000000,0,0,0,0,0,0,0,0,0,0,0,150,0,25,28.633832166863915,18.447431997628883,82.49066000280436,1622.0
1789885801,50,,Aggregated,25.100000,0.000000,8,8,9,9,10,11,13,15,24,24,24,83539,0,6,8.759107528637685,3.0284199965535663,2104.1982940005255,6828.887585439136
1789885802,50,GET,GET /api/v1/reservas,17.200000,0.000000,8,9,9,9,11,12,14,15,24,24,24,62594,0,7,8.4653203076079,4.633864002244081,1957.275683998887,8965.0
1789885802,50,GET,GET /api/v1/reservas/{id},8.200000,0.000000,6,6,6,6,8,9,10,11,11,11,11,20771,0,5,6.223508592817956,3.0284199965535663,1521.0046399952262,442.0
1789885802,50,POST,POST /api/v1/auth/login,0.000000,0.000000,0,0,0,0,0,0,0,0,0,0,0,50,0,1300.0,1369.1218887201103,628.633758999058,2104.1982940005255,1622.0
1789885802,50,POST,POST /api/v1/auth/refresh,0.000000,0.000000,0,0,0,0,0,0,0,0,0,0,0,150,0,25,28.633832166863915,18.447431997628883,82.49066000280436,1622.0
1789885802,50,,Aggregated,25.400000,0.000000,8,8,9,9,10,11,13,15,24,24,24,83565,0,6,8.75842668075007,3.0284199965535663,2104.1982940005255,6828.940250104709
1789885803,50,GET,GET /api/v1/reservas,17.900000,0.000000,8,8,9,9,10,11,13,15,24,24,24,62606,0,7,8.465275757474068,4.633864002244081,1957.275683998887,8965.0
1789885803,50,GET,GET /api/v1/reservas/{id},7.700000,0.000000,6,6,6,6,7,9,10,11,11,11,11,20778,0,5,6.223419202301207,3.0284199965535663,1521.0046399952262,442.0
1789885803,50,POST,POST /api/v1/auth/login,0.000000,0.000000,0,0,0,0,0,0,0,0,0,0,0,50,0,1300.0,1369.1218887201103,628.633758999058,2104.1982940005255,1622.0
1789885803,50,POST,POST /api/v1/auth/refresh,0.000000,0.000000,0,0,0,0,0,0,0,0,0,0,0,150,0,25,28.633832166863915,18.447431997628883,82.49066000280436,1622.0
1789885803,50,,Aggregated,25.600000,0.000000,8,8,8,9,10,11,13,15,24,24,24,83584,0,6,8.758116715147457,3.0284199965535663,2104.1982940005255,6828.712026225115
1789885804,50,GET,GET /api/v1/reservas,18.400000,0.000000,8,8,9,9,10,11,13,15,24,24,24,62628,0,7,8.46515636723857,4.633864002244081,1957.275683998887,8965.0
1789885804,50,GET,GET /api/v1/reservas/{id},7.200000,0.000000,6,6,6,6,7,9,10,11,11,11,11,20786,0,5,6.223241867479364,3.0284199965535663,1521.0046399952262,442.0
1789885804,50,POST,POST /api/v1/auth/login,0.000000,0.000000,0,0,0,0,0,0,0,0,0,0,0,50,0,1300.0,1369.1218887201103,628.633758999058,2104.1982940005255,1622.0
1789885804,50,POST,POST /api/v1/auth/refresh,0.000000,0.000000,0,0,0,0,0,0,0,0,0,0,0,150,0,25,28.633832166863915,18.447431997628883,82.49066000280436,1622.0
1789885804,50,,Aggregated,25.600000,0.000000,8,8,8,9,10,11,13,15,24,24,24,83614,0,6,8.757663641087523,3.0284199965535663,2104.1982940005255,6828.663046858182
1789885805,50,GET,GET /api/v1/reservas,18.700000,0.000000,8,8,9,9,10,11,13,15,24,24,24,62646,0,7,8.465030215838574,4.633864002244081,1957.275683998887,8965.0
1789885805,50,GET,GET /api/v1/reservas/{id},6.900000,0.000000,6,6,6,6,7,8,10,11,11,11,11,20791,0,5,6.223209072840458,3.0284199965535663,1521.0046399952262,442.0
1789885805,50,POST,POST /api/v1/auth/login,0.000000,0.000000,0,0,0,0,0,0,0,0,0,0,0,50,0,1300.0,1369.1218887201103,628.633758999058,2104.1982940005255,1622.0
1789885805,50,POST,POST /api/v1/auth/refresh,0.000000,0.000000,0,0,0,0,0,0,0,0,0,0,0,150,0,25,28.633832166863915,18.447431997628883,82.49066000280436,1622.0
1789885805,50,,Aggregated,25.600000,0.000000,8,8,8,9,10,11,13,15,24,24,24,83637,0,6,8.757346533183858,3.0284199965535663,2104.1982940005255,6828.741011753172
1789885806,50,GET,GET /api/v1/reservas,18.000000,0.000000,8,8,9,9,10,11,13,15,24,24,24,62669,0,7,8.464768791099996,4.633864002244081,1957.275683998887,8965.0
1789885806,50,GET,GET /api/v1/reservas/{id},7.100000,0.000000,6,6,6,6,7,8,10,11,11,11,11,20796,0,5,6.223078240066905,3.0284199965535663,1521.0046399952262,442.0
1789885806,50,POST,POST /api/v1/auth/login,0.000000,0.000000,0,0,0,0,0,0,0,0,0,0,0,50,0,1300.0,1369.1218887201103,628.633758999058,2104.1982940005255,1622.0
1789885806,50,POST,POST /api/v1/auth/refresh,0.000000,0.000000,0,0,0,0,0,0,0,0,0,0,0,150,0,25,28.633832166863915,18.447431997628883,82.49066000280436,1622.0
1789885806,50,,Aggregated,25.100000,0.000000,8,8,8,9,10,11,13,15,24,24,24,83665,0,6,8.756886388704068,3.0284199965535663,2104.1982940005255,6828.9465965457475
1789885807,50,GET,GET /api/v1/reservas,18.200000,0.000000,8,8,8,9,10,11,14,15,24,24,24,62685,0,7,8.46465784386123,4.633864002244081,1957.275683998887,8965.0
1789885807,50,GET,GET /api/v1/reservas/{id},6.900000,0.000000,6,6,6,6,6,7,8,10,10,10,10,20801,0,5,6.222758538648171,3.0284199965535663,1521.0046399952262,442.0
1789885807,50,POST,POST /api/v1/auth/login,0.000000,0.000000,0,0,0,0,0,0,0,0,0,0,0,50,0,1300.0,1369.1218887201103,628.633758999058,2104.1982940005255,1622.0
1789885807,50,POST,POST /api/v1/auth/refresh,0.000000,0.000000,0,0,0,0,0,0,0,0,0,0,0,150,0,25,28.633832166863915,18.447431997628883,82.49066000280436,1622.0
1789885807,50,,Aggregated,25.100000,0.000000,8,8,8,8,9,10,12,15,24,24,24,83686,0,6,8.756516580621737,3.0284199965535663,2104.1982940005255,6828.973388619363
1789885808,50,GET,GET /api/v1/reservas,18.900000,0.000000,8,8,9,9,10,11,14,15,24,24,24,62702,0,7,8.464484972926636,4.633864002244081,1957.275683998887,8965.0
1789885808,50,GET,GET /api/v1/reservas/{id},6.600000,0.000000,6,6,6,6,7,7,8,10,10,10,10,20811,0,5,6.222538849042092,3.0284199965535663,1521.0046399952262,442.0
1789885808,50,POST,POST /api/v1/auth/login,0.000000,0.000000,0,0,0,0,0,0,0,0,0,0,0,50,0,1300.0,1369.1218887201103,628.633758999058,2104.1982940005255,1622.0
1789885808,50,POST,POST /api/v1/auth/refresh,0.000000,0.000000,0,0,0,0,0,0,0,0,0,0,0,150,0,25,28.633832166863915,18.447431997628883,82.49066000280436,1622.0
1789885808,50,,Aggregated,25.500000,0.000000,7,8,8,8,9,10,12,15,24,24,24,83713,0,6,8.75597054245947,3.0284199965535663,2104.1982940005255,6828.644201020152
1789885809,50,GET,GET /api/v1/reservas,19.200000,0.000000,8,8,9,9,10,11,14,15,24,24,24,62723,0,7,8.464422491517709,4.633864002244081,1957.275683998887,8965.0
1789885809,50,GET,GET /api/v1/reservas/{id},6.300000,0.000000,6,6,6,6,7,7,8,10,10,10,10,20816,0,5,6.222502453228194,3.0284199965535663,1521.0046399952262,442.0
1789885809,50,POST,POST /api/v1/auth/login,0.000000,0.000000,0,0,0,0,0,0,0,0,0,0,0,50,0,1300.0,1369.1218887201103,628.633758999058,2104.1982940005255,1622.0
1789885809,50,POST,POST /api/v1/auth/refresh,0.000000,0.000000,0,0,0,0,0,0,0,0,0,0,0,150,0,25,28.633832166863915,18.447431997628883,82.49066000280436,1622.0
1789885809,50,,Aggregated,25.500000,0.000000,7,8,8,9,10,11,12,15,24,24,24,83739,0,6,8.75569032664484,3.0284199965535663,2104.1982940005255,6828.798612355055
1789885810,50,GET,GET /api/v1/reservas,19.100000,0.000000,8,8,8,9,10,10,12,14,15,15,15,62742,0,7,8.46419324607873,4.633864002244081,1957.275683998887,8965.0
1789885810,50,GET,GET /api/v1/reservas/{id},6.000000,0.000000,6,6,6,6,7,7,8,8,8,8,8,20823,0,5,6.222486700543389,3.0284199965535663,1521.0046399952262,442.0
1789885810,50,POST,POST /api/v1/auth/login,0.000000,0.000000,0,0,0,0,0,0,0,0,0,0,0,50,0,1300.0,1369.1218887201103,628.633758999058,2104.1982940005255,1622.0
1789885810,50,POST,POST /api/v1/auth/refresh,0.000000,0.000000,0,0,0,0,0,0,0,0,0,0,0,150,0,25,28.633832166863915,18.447431997628883,82.49066000280436,1622.0
1789885810,50,,Aggregated,25.100000,0.000000,7,8,8,8,9,10,11,12,15,15,15,83765,0,6,8.755236942302103,3.0284199965535663,2104.1982940005255,6828.749429952844
1789885811,50,GET,GET /api/v1/reservas,18.300000,0.000000,8,8,8,9,10,11,12,14,18,18,18,62753,0,7,8.464204353217552,4.633864002244081,1957.275683998887,8965.0
1789885811,50,GET,GET /api/v1/reservas/{id},6.600000,0.000000,6,6,6,6,7,8,13,14,14,14,14,20832,0,5,6.222762477122741,3.0284199965535663,1521.0046399952262,442.0
1789885811,50,POST,POST /api/v1/auth/login,0.000000,0.000000,0,0,0,0,0,0,0,0,0,0,0,50,0,1300.0,1369.1218887201103,628.633758999058,2104.1982940005255,1622.0
1789885811,50,POST,POST /api/v1/auth/refresh,0.000000,0.000000,0,0,0,0,0,0,0,0,0,0,0,150,0,25,28.633832166863915,18.447431997628883,82.49066000280436,1622.0
1789885811,50,,Aggregated,24.900000,0.000000,7,8,8,8,9,10,13,14,18,18,18,83785,0,6,8.755003556268196,3.0284199965535663,2104.1982940005255,6828.34384436355
1789885812,50,GET,GET /api/v1/reservas,18.900000,0.000000,8,8,8,9,10,11,12,14,18,18,18,62771,0,7,8.463674098811216,4.633864002244081,1957.275683998887,8965.0
1789885812,50,GET,GET /api/v1/reservas/{id},6.000000,0.000000,6,6,6,6,7,8,13,14,14,14,14,20843,0,5,6.221916771213624,3.0284199965535663,1521.0046399952262,442.0
1789885812,50,POST,POST /api/v1/auth/login,0.000000,0.000000,0,0,0,0,0,0,0,0,0,0,0,50,0,1300.0,1369.1218887201103,628.633758999058,2104.1982940005255,1622.0
1789885812,50,POST,POST /api/v1/auth/refresh,0.000000,0.000000,0,0,0,0,0,0,0,0,0,0,0,150,0,25,28.633832166863915,18.447431997628883,82.49066000280436,1622.0
1789885812,50,,Aggregated,24.900000,0.000000,7,8,8,8,9,10,13,14,18,18,18,83814,0,6,8.754001328894136,3.0284199965535663,2104.1982940005255,6827.9645524614025
1789885813,50,GET,GET /api/v1/reservas,18.100000,0.000000,8,8,8,9,9,10,12,14,18,18,18,62790,0,7,8.463396369126928,4.633864002244081,1957.275683998887,8965.0
1789885813,50,GET,GET /api/v1/reservas/{id},6.200000,0.000000,6,6,6,6,7,8,13,14,14,14,14,20845,0,5,6.2218032076953556,3.0284199965535663,1521.0046399952262,442.0
1789885813,50,POST,POST /api/v1/auth/login,0.000000,0.000000,0,0,0,0,0,0,0,0,0,0,0,50,0,1300.0,1369.1218887201103,628.633758999058,2104.1982940005255,1622.0
1789885813,50,POST,POST /api/v1/auth/refresh,0.000000,0.000000,0,0,0,0,0,0,0,0,0,0,0,150,0,25,28.633832166863915,18.447431997628883,82.49066000280436,1622.0
1789885813,50,,Aggregated,24.300000,0.000000,7,8,8,8,9,10,13,14,18,18,18,83835,0,6,8.753638875683642,3.0284199965535663,2104.1982940005255,6828.296534860142
1789885814,50,GET,GET /api/v1/reservas,17.500000,0.000000,8,8,8,9,10,10,12,14,18,18,18,62812,0,7,8.46319743014852,4.633864002244081,1957.275683998887,8965.0
1789885814,50,GET,GET /api/v1/reservas/{id},6.900000,0.000000,5,6,6,6,7,8,13,14,14,14,14,20849,0,5,6.221690990906329,3.0284199965535663,1521.0046399952262,442.0
1789885814,50,POST,POST /api/v1/auth/login,0.000000,0.000000,0,0,0,0,0,0,0,0,0,0,0,50,0,1300.0,1369.1218887201103,628.633758999058,2104.1982940005255,1622.0
1789885814,50,POST,POST /api/v1/auth/refresh,0.000000,0.000000,0,0,0,0,0,0,0,0,0,0,0,150,0,25,28.633832166863915,18.447431997628883,82.49066000280436,1622.0
1789885814,50,,Aggregated,24.400000,0.000000,7,8,8,8,10,10,13,14,18,18,18,83861,0,6,8.753265066156422,3.0284199965535663,2104.1982940005255,6828.552461811808
1789885815,50,GET,GET /api/v1/reservas,17.900000,0.000000,8,8,8,9,10,11,13,15,18,18,18,62833,0,7,8.463232065817264,4.633864002244081,1957.275683998887,8965.0
1789885815,50,GET,GET /api/v1/reservas/{id},7.000000,0.000000,5,6,6,6,7,8,13,14,14,14,14,20852,0,5,6.221731681152909,3.0284199965535663,1521.0046399952262,442.0
1789885815,50,POST,POST /api/v1/auth/login,0.000000,0.000000,0,0,0,0,0,0,0,0,0,0,0,50,0,1300.0,1369.1218887201103,628.633758999058,2104.1982940005255,1622.0
1789885815,50,POST,POST /api/v1/auth/refresh,0.000000,0.000000,0,0,0,0,0,0,0,0,0,0,0,150,0,25,28.633832166863915,18.447431997628883,82.49066000280436,1622.0
1789885815,50,,Aggregated,24.900000,0.000000,7,8,8,8,10,11,13,14,18,18,18,83885,0,6,8.753137970649641,3.0284199965535663,2104.1982940005255,6828.8589020683075
1789885816,50,GET,GET /api/v1/reservas,18.600000,0.000000,8,8,8,9,10,11,13,15,18,18,18,62849,0,7,8.462919696104935,4.633864002244081,1957.275683998887,8965.0
1789885816,50,GET,GET /api/v1/reservas/{id},6.700000,0.000000,6,6,6,6,7,8,13,14,14,14,14,20858,0,5,6.2215781960590295,3.0284199965535663,1521.0046399952262,442.0
1789885816,50,POST,POST /api/v1/auth/login,0.000000,0.000000,0,0,0,0,0,0,0,0,0,0,0,50,0,1300.0,1369.1218887201103,628.633758999058,2104.1982940005255,1622.0
1789885816,50,POST,POST /api/v1/auth/refresh,0.000000,0.000000,0,0,0,0,0,0,0,0,0,0,0,150,0,25,28.633832166863915,18.447431997628883,82.49066000280436,1622.0
1789885816,50,,Aggregated,25.300000,0.000000,7,8,8,8,10,11,13,14,18,18,18,83907,0,6,8.752629545269725,3.0284199965535663,2104.1982940005255,6828.809527214655
1789885817,50,GET,GET /api/v1/reservas,18.200000,0.000000,7,8,8,9,10,11,13,18,29,29,29,62873,0,7,8.462894977152454,4.633864002244081,1957.275683998887,8965.0
1789885817,50,GET,GET /api/v1/reservas/{id},6.300000,0.000000,6,6,6,6,7,8,13,14,14,14,14,20864,0,5,6.221417978067579,3.0284199965535663,1521.0046399952262,442.0
1789885817,50,POST,POST /api/v1/auth/login,0.000000,0.000000,0,0,0,0,0,0,0,0,0,0,0,50,0,1300.0,1369.1218887201103,628.633758999058,2104.1982940005255,1622.0
1789885817,50,POST,POST /api/v1/auth/refresh,0.000000,0.000000,0,0,0,0,0,0,0,0,0,0,0,150,0,25,28.633832166863915,18.447431997628883,82.49066000280436,1622.0
1789885817,50,,Aggregated,24.500000,0.000000,7,8,8,8,9,11,13,15,29,29,29,83937,0,6,8.75230744312945,3.0284199965535663,2104.1982940005255,6828.96378236058
1789885818,50,GET,GET /api/v1/reservas,18.300000,0.000000,8,8,8,9,10,11,13,18,29,29,29,62888,0,7,8.462940208473967,4.633864002244081,1957.275683998887,8965.0
1789885818,50,GET,GET /api/v1/reservas/{id},6.100000,0.000000,6,6,7,7,8,12,13,14,14,14,14,20873,0,5,6.221869267780729,3.0284199965535663,1521.0046399952262,442.0
1789885818,50,POST,POST /api/v1/auth/login,0.000000,0.000000,0,0,0,0,0,0,0,0,0,0,0,50,0,1300.0,1369.1218887201103,628.633758999058,2104.1982940005255,1622.0
1789885818,50,POST,POST /api/v1/auth/refresh,0.000000,0.000000,0,0,0,0,0,0,0,0,0,0,0,150,0,25,28.633832166863915,18.447431997628883,82.49066000280436,1622.0
1789885818,50,,Aggregated,24.400000,0.000000,7,8,8,9,10,11,13,15,29,29,29,83961,0,6,8.752130516763101,3.0284199965535663,2104.1982940005255,6828.660759161992
1789885819,50,GET,GET /api/v1/reservas,18.200000,0.000000,7,8,8,9,10,11,13,18,29,29,29,62907,0,7,8.462588286764644,4.633864002244081,1957.275683998887,8965.0
1789885819,50,GET,GET /api/v1/reservas/{id},6.400000,0.000000,6,6,7,7,7,12,13,14,14,14,14,20878,0,5,6.221643864612894,3.0284199965535663,1521.0046399952262,442.0
1789885819,50,POST,POST /api/v1/auth/login,0.000000,0.000000,0,0,0,0,0,0,0,0,0,0,0,50,0,1300.0,1369.1218887201103,628.633758999058,2104.1982940005255,1622.0
1789885819,50,POST,POST /api/v1/auth/refresh,0.000000,0.000000,0,0,0,0,0,0,0,0,0,0,0,150,0,25,28.633832166863915,18.447431997628883,82.49066000280436,1622.0
1789885819,50,,Aggregated,24.600000,0.000000,7,8,8,8,10,11,13,15,29,29,29,83985,0,6,8.75159482314628,3.0284199965535663,2104.1982940005255,6828.763838780735
1789885820,50,GET,GET /api/v1/reservas,18.400000,0.000000,7,8,8,9,10,11,15,18,29,29,29,62928,0,7,8.462448605160082,4.633864002244081,1957.275683998887,8965.0
1789885820,50,GET,GET /api/v1/reservas/{id},6.300000,0.000000,6,6,7,7,7,12,13,14,14,14,14,20883,0,5,6.22155960764151,3.0284199965535663,1521.0046399952262,442.0
1789885820,50,POST,POST /api/v1/auth/login,0.000000,0.000000,0,0,0,0,0,0,0,0,0,0,0,50,0,1300.0,1369.1218887201103,628.633758999058,2104.1982940005255,1622.0
1789885820,50,POST,POST /api/v1/auth/refresh,0.000000,0.000000,0,0,0,0,0,0,0,0,0,0,0,150,0,25,28.633832166863915,18.447431997628883,82.49066000280436,1622.0
1789885820,50,,Aggregated,24.700000,0.000000,7,8,8,8,10,11,14,16,29,29,29,84011,0,6,8.751246436454034,3.0284199965535663,2104.1982940005255,6828.91771315661
1789885821,50,GET,GET /api/v1/reservas,18.600000,0.000000,7,8,8,9,10,11,16,17,29,29,29,62945,0,7,8.46235390058769,4.633864002244081,1957.275683998887,8965.0
1789885821,50,GET,GET /api/v1/reservas/{id},6.200000,0.000000,6,6,7,7,7,7,9,12,12,12,12,20890,0,5,6.221234532952636,3.0284199965535663,1521.0046399952262,442.0
1789885821,50,POST,POST /api/v1/auth/login,0.000000,0.000000,0,0,0,0,0,0,0,0,0,0,0,50,0,1300.0,1369.1218887201103,628.633758999058,2104.1982940005255,1622.0
1789885821,50,POST,POST /api/v1/auth/refresh,0.000000,0.000000,0,0,0,0,0,0,0,0,0,0,0,150,0,25,28.633832166863915,18.447431997628883,82.49066000280436,1622.0
1789885821,50,,Aggregated,24.800000,0.000000,7,8,8,8,10,11,15,16,29,29,29,84035,0,6,8.75082554800882,3.0284199965535663,2104.1982940005255,6828.817814006069
1789885822,50,GET,GET /api/v1/reservas,18.500000,0.000000,7,8,8,9,10,11,16,17,29,29,29,62971,0,7,8.461529124906466,4.633864002244081,1957.275683998887,8965.0
1789885822,50,GET,GET /api/v1/reservas/{id},6.200000,0.000000,6,6,7,7,7,7,12,12,12,12,12,20893,0,5,6.221129898453182,3.0284199965535663,1521.0046399952262,442.0
1789885822,50,POST,POST /api/v1/auth/login,0.000000,0.000000,0,0,0,0,0,0,0,0,0,0,0,50,0,1300.0,1369.1218887201103,628.633758999058,2104.1982940005255,1622.0
1789885822,50,POST,POST /api/v1/auth/refresh,0.000000,0.000000,0,0,0,0,0,0,0,0,0,0,0,150,0,25,28.633832166863915,18.447431997628883,82.49066000280436,1622.0
1789885822,50,,Aggregated,24.700000,0.000000,7,8,8,8,10,11,15,16,29,29,29,84064,0,6,8.750002221568279,3.0284199965535663,2104.1982940005255,6829.250582889227
1789885823,50,GET,GET /api/v1/reservas,19.000000,0.000000,7,8,8,8,10,11,16,17,29,29,29,62994,0,7,8.460868837880945,4.633864002244081,1957.275683998887,8965.0
1789885823,50,GET,GET /api/v1/reservas/{id},5.900000,0.000000,6,6,7,7,7,7,12,12,12,12,12,20897,0,5,6.220756346958006,3.0284199965535663,1521.0046399952262,442.0
1789885823,50,POST,POST /api/v1/auth/login,0.000000,0.000000,0,0,0,0,0,0,0,0,0,0,0,50,0,1300.0,1369.1218887201103,628.633758999058,2104.1982940005255,1622.0
1789885823,50,POST,POST /api/v1/auth/refresh,0.000000,0.000000,0,0,0,0,0,0,0,0,0,0,0,150,0,25,28.633832166863915,18.447431997628883,82.49066000280436,1622.0
1789885823,50,,Aggregated,24.900000,0.000000,7,7,8,8,9,11,15,16,29,29,29,84091,0,6,8.749215566670653,3.0284199965535663,2104.1982940005255,6829.530912939554
1789885824,50,GET,GET /api/v1/reservas,19.700000,0.000000,7,8,8,8,10,11,16,17,29,29,29,63008,0,7,8.460674652924528,4.633864002244081,1957.275683998887,8965.0
1789885824,50,GET,GET /api/v1/reservas/{id},5.400000,0.000000,6,6,7,7,7,8,9,12,12,12,12,20906,0,5,6.220702024939957,3.0284199965535663,1521.0046399952262,442.0
1789885824,50,POST,POST /api/v1/auth/login,0.000000,0.000000,0,0,0,0,0,0,0,0,0,0,0,50,0,1300.0,1369.1218887201103,628.633758999058,2104.1982940005255,1622.0
1789885824,50,POST,POST /api/v1/auth/refresh,0.000000,0.000000,0,0,0,0,0,0,0,0,0,0,0,150,0,25,28.633832166863915,18.447431997628883,82.49066000280436,1622.0
1789885824,50,,Aggregated,25.100000,0.000000,7,7,8,8,9,11,15,16,29,29,29,84114,0,6,8.748738073637105,3.0284199965535663,2104.1982940005255,6829.2028913141685
1789885825,50,GET,GET /api/v1/reservas,19.800000,0.000000,7,8,8,8,10,10,16,17,29,29,29,63028,0,7,8.460544300715036,4.633864002244081,1957.275683998887,8965.0
1789885825,50,GET,GET /api/v1/reservas/{id},5.000000,0.000000,6,6,7,7,7,7,9,12,12,12,12,20917,0,5,6.220509154677885,3.0284199965535663,1521.0046399952262,442.0
1789885825,50,POST,POST /api/v1/auth/login,0.000000,0.000000,0,0,0,0,0,0,0,0,0,0,0,50,0,1300.0,1369.1218887201103,628.633758999058,2104.1982940005255,1622.0
1789885825,50,POST,POST /api/v1/auth/refresh,0.000000,0.000000,0,0,0,0,0,0,0,0,0,0,0,150,0,25,28.633832166863915,18.447431997628883,82.49066000280436,1622.0
1789885825,50,,Aggregated,24.800000,0.000000,7,7,8,8,9,10,12,16,29,29,29,84145,0,6,8.74819354013801,3.0284199965535663,2104.1982940005255,6828.8755600451605
1789885826,50,GET,GET /api/v1/reservas,20.200000,0.000000,7,8,8,9,10,10,16,17,29,29,29,63044,0,7,8.460131607456269,4.633864002244081,1957.275683998887,8965.0
1789885826,50,GET,GET /api/v1/reservas/{id},5.200000,0.000000,6,6,7,7,7,8,9,12,12,12,12,20919,0,5,6.220362428528938,3.0284199965535663,1521.0046399952262,442.0
1789885826,50,POST,POST /api/v1/auth/login,0.000000,0.000000,0,0,0,0,0,0,0,0,0,0,0,50,0,1300.0,1369.1218887201103,628.633758999058,2104.1982940005255,1622.0
1789885826,50,POST,POST /api/v1/auth/refresh,0.000000,0.000000,0,0,0,0,0,0,0,0,0,0,0,150,0,25,28.633832166863915,18.447431997628883,82.49066000280436,1622.0
1789885826,50,,Aggregated,25.400000,0.000000,7,7,8,8,9,10,13,16,29,29,29,84163,0,6,8.747733183987242,3.0284199965535663,2104.1982940005255,6829.129878925419
1789885827,50,GET,GET /api/v1/reservas,19.900000,0.000000,7,8,8,8,9,10,11,16,17,17,17,63061,0,7,8.459779774733745,4.633864002244081,1957.275683998887,8965.0
1789885827,50,GET,GET /api/v1/reservas/{id},5.600000,0.000000,5,6,6,7,7,7,8,9,9,9,9,20924,0,5,6.220026391913254,3.0284199965535663,1521.0046399952262,442.0
1789885827,50,POST,POST /api/v1/auth/login,0.000000,0.000000,0,0,0,0,0,0,0,0,0,0,0,50,0,1300.0,1369.1218887201103,628.633758999058,2104.1982940005255,1622.0
1789885827,50,POST,POST /api/v1/auth/refresh,0.000000,0.000000,0,0,0,0,0,0,0,0,0,0,0,150,0,25,28.633832166863915,18.447431997628883,82.49066000280436,1622.0
1789885827,50,,Aggregated,25.500000,0.000000,7,7,8,8,9,10,11,16,17,17,17,84185,0,6,8.747177927896015,3.0284199965535663,2104.1982940005255,6829.181837619529
1789885828,50,GET,GET /api/v1/reservas,19.200000,0.000000,7,8,8,8,9,10,12,16,17,17,17,63078,0,7,8.459754721511375,4.633864002244081,1957.275683998887,8965.0
1789885828,50,GET,GET /api/v1/reservas/{id},6.300000,0.000000,5,6,6,7,7,7,8,8,8,8,8,20931,0,5,6.219950020705847,3.0284199965535663,1521.0046399952262,442.0
1789885828,50,POST,POST /api/v1/auth/login,0.000000,0.000000,0,0,0,0,0,0,0,0,0,0,0,50,0,1300.0,1369.1218887201103,628.633758999058,2104.1982940005255,1622.0
1789885828,50,POST,POST /api/v1/auth/refresh,0.000000,0.000000,0,0,0,0,0,0,0,0,0,0,0,150,0,25,28.633832166863915,18.447431997628883,82.49066000280436,1622.0
1789885828,50,,Aggregated,25.500000,0.000000,7,7,8,8,9,10,12,16,17,17,17,84209,0,6,8.746872085738303,3.0284199965535663,2104.1982940005255,6829.082069612512
1789885829,50,GET,GET /api/v1/reservas,19.300000,0.000000,7,8,8,8,9,10,12,16,17,17,17,63096,0,7,8.459299281626228,4.633864002244081,1957.275683998887,8965.0
1789885829,50,GET,GET /api/v1/reservas/{id},5.900000,0.000000,5,6,6,6,7,7,8,8,8,8,8,20938,0,5,6.219453710736503,3.0284199965535663,1521.0046399952262,442.0
1789885829,50,POST,POST /api/v1/auth/login,0.000000,0.000000,0,0,0,0,0,0,0,0,0,0,0,50,0,1300.0,1369.1218887201103,628.633758999058,2104.1982940005255,1622.0
1789885829,50,POST,POST /api/v1/auth/refresh,0.000000,0.000000,0,0,0,0,0,0,0,0,0,0,0,150,0,25,28.633832166863915,18.447431997628883,82.49066000280436,1622.0
1789885829,50,,Aggregated,25.200000,0.000000,7,7,8,8,9,10,11,12,17,17,17,84234,0,6,8.746136222071106,3.0284199965535663,2104.1982940005255,6829.007716598998
1789885830,50,GET,GET /api/v1/reservas,18.800000,0.000000,7,8,8,8,9,10,13,39,51,51,51,63115,0,7,8.460386856776738,4.633864002244081,1957.275683998887,8965.0
1789885830,50,GET,GET /api/v1/reservas/{id},5.900000,0.000000,5,6,6,6,7,8,8,18,18,18,18,20945,0,5,6.219920098181334,3.0284199965535663,1521.0046399952262,442.0
1789885830,50,POST,POST /api/v1/auth/login,0.000000,0.000000,0,0,0,0,0,0,0,0,0,0,0,50,0,1300.0,1369.1218887201103,628.633758999058,2104.1982940005255,1622.0
1789885830,50,POST,POST /api/v1/auth/refresh,0.000000,0.000000,0,0,0,0,0,0,0,0,0,0,0,150,0,25,28.633832166863915,18.447431997628883,82.49066000280436,1622.0
1789885830,50,,Aggregated,24.700000,0.000000,7,7,8,8,9,10,13,18,51,51,51,84260,0,6,8.746792216744838,3.0284199965535663,2104.1982940005255,6828.95875860432
1789885831,50,GET,GET /api/v1/reservas,19.000000,0.000000,7,8,8,8,9,11,17,39,51,51,51,63133,0,7,8.46043840233237,4.633864002244081,1957.275683998887,8965.0
1789885831,50,GET,GET /api/v1/reservas/{id},5.800000,0.000000,5,6,6,7,7,8,11,18,18,18,18,20953,0,5,6.219855719390982,3.0284199965535663,1521.0046399952262,442.0
1789885831,50,POST,POST /api/v1/auth/login,0.000000,0.000000,0,0,0,0,0,0,0,0,0,0,0,50,0,1300.0,1369.1218887201103,628.633758999058,2104.1982940005255,1622.0
1789885831,50,POST,POST /api/v1/auth/refresh,0.000000,0.000000,0,0,0,0,0,0,0,0,0,0,0,150,0,25,28.633832166863915,18.447431997628883,82.49066000280436,1622.0
1789885831,50,,Aggregated,24.800000,0.000000,7,7,8,8,9,10,17,24,51,51,51,84286,0,6,8.746513819660407,3.0284199965535663,2104.1982940005255,6828.80871081793
1789885832,50,GET,GET /api/v1/reservas,18.600000,0.000000,7,8,8,9,9,11,17,39,51,51,51,63152,0,7,8.459953074557609,4.633864002244081,1957.275683998887,8965.0
1789885832,50,GET,GET /api/v1/reservas/{id},6.100000,0.000000,5,6,6,7,7,8,11,18,18,18,18,20961,0,5,6.219481868202361,3.0284199965535663,1521.0046399952262,442.0
1789885832,50,POST,POST /api/v1/auth/login,0.000000,0.000000,0,0,0,0,0,0,0,0,0,0,0,50,0,1300.0,1369.1218887201103,628.633758999058,2104.1982940005255,1622.0
1789885832,50,POST,POST /api/v1/auth/refresh,0.000000,0.000000,0,0,0,0,0,0,0,0,0,0,0,150,0,25,28.633832166863915,18.447431997628883,82.49066000280436,1622.0
1789885832,50,,Aggregated,24.700000,0.000000,7,7,8,8,9,10,17,24,51,51,51,84313,0,6,8.745753149157308,3.0284199965535663,2104.1982940005255,6828.684093793365
1789885833,50,GET,GET /api/v1/reservas,18.300000,0.000000,7,8,8,9,10,11,17,39,51,51,51,63170,0,7,8.459522260526333,4.633864002244081,1957.275683998887,8965.0
1789885833,50,GET,GET /api/v1/reservas/{id},6.300000,0.000000,5,6,6,7,7,8,11,18,18,18,18,20965,0,5,6.219228968823474,3.0284199965535663,1521.0046399952262,442.0
1789885833,50,POST,POST /api/v1/auth/login,0.000000,0.000000,0,0,0,0,0,0,0,0,0,0,0,50,0,1300.0,1369.1218887201103,628.633758999058,2104.1982940005255,1622.0
1789885833,50,POST,POST /api/v1/auth/refresh,0.000000,0.000000,0,0,0,0,0,0,0,0,0,0,0,150,0,25,28.633832166863915,18.447431997628883,82.49066000280436,1622.0
1789885833,50,,Aggregated,24.600000,0.000000,7,7,8,8,9,10,17,24,51,51,51,84335,0,6,8.745186764568459,3.0284199965535663,2104.1982940005255,6828.837137605976
1789885834,50,GET,GET /api/v1/reservas,18.600000,0.000000,7,8,8,8,10,12,17,39,51,51,51,63193,0,7,8.459201225032002,4.633864002244081,1957.275683998887,8965.0
1789885834,50,GET,GET /api/v1/reservas/{id},6.600000,0.000000,5,6,6,6,7,8,11,18,18,18,18,20973,0,5,6.219051443158962,3.0284199965535663,1521.0046399952262,442.0
1789885834,50,POST,POST /api/v1/auth/login,0.000000,0.000000,0,0,0,0,0,0,0,0,0,0,0,50,0,1300.0,1369.1218887201103,628.633758999058,2104.1982940005255,1622.0
1789885834,50,POST,POST /api/v1/auth/refresh,0.000000,0.000000,0,0,0,0,0,0,0,0,0,0,0,150,0,25,28.633832166863915,18.447431997628883,82.49066000280436,1622.0
1789885834,50,,Aggregated,25.200000,0.000000,7,7,8,8,9,11,17,24,51,51,51,84366,0,6,8.744584763908067,3.0284199965535663,2104.1982940005255,6828.813870516558
1789885835,50,GET,GET /api/v1/reservas,18.300000,0.000000,7,8,8,8,10,13,17,39,51,51,51,63209,0,7,8.459305397656284,4.633864002244081,1957.275683998887,8965.0
1789885835,50,GET,GET /api/v1/reservas/{id},6.900000,0.000000,5,6,6,6,7,8,11,18,18,18,18,20975,0,5,6.218957543378727,3.0284199965535663,1521.0046399952262,442.0
1789885835,50,POST,POST /api/v1/auth/login,0.000000,0.000000,0,0,0,0,0,0,0,0,0,0,0,50,0,1300.0,1369.1218887201103,628.633758999058,2104.1982940005255,1622.0
1789885835,50,POST,POST /api/v1/auth/refresh,0.000000,0.000000,0,0,0,0,0,0,0,0,0,0,0,150,0,25,28.633832166863915,18.447431997628883,82.49066000280436,1622.0
1789885835,50,,Aggregated,25.200000,0.000000,7,7,8,8,9,12,17,24,51,51,51,84384,0,6,8.744525486038498,3.0284199965535663,2104.1982940005255,6829.067536499811
1789885836,50,GET,GET /api/v1/reservas,17.500000,0.000000,7,8,8,8,10,12,17,39,51,51,51,63235,0,7,8.45870851938727,4.633864002244081,1957.275683998887,8965.0
1789885836,50,GET,GET /api/v1/reservas/{id},6.600000,0.000000,5,6,6,6,7,8,11,18,18,18,18,20977,0,5,6.218839042587883,3.0284199965535663,1521.0046399952262,442.0
1789885836,50,POST,POST /api/v1/auth/login,0.000000,0.000000,0,0,0,0,0,0,0,0,0,0,0,50,0,1300.0,1369.1218887201103,628.633758999058,2104.1982940005255,1622.0
1789885836,50,POST,POST /api/v1/auth/refresh,0.000000,0.000000,0,0,0,0,0,0,0,0,0,0,0,150,0,25,28.633832166863915,18.447431997628883,82.49066000280436,1622.0
1789885836,50,,Aggregated,24.100000,0.000000,7,7,8,8,9,12,17,24,51,51,51,84412,0,6,8.743901211686344,3.0284199965535663,2104.1982940005255,6829.574100838743
1789885837,50,GET,GET /api/v1/reservas,18.400000,0.000000,7,8,8,8,10,12,17,39,51,51,51,63251,0,7,8.458222331828186,4.633864002244081,1957.275683998887,8965.0
1789885837,50,GET,GET /api/v1/reservas/{id},6.600000,0.000000,5,6,6,6,7,8,11,18,18,18,18,20986,0,5,6.218180278441414,3.0284199965535663,1521.0046399952262,442.0
1789885837,50,POST,POST /api/v1/auth/login,0.000000,0.000000,0,0,0,0,0,0,0,0,0,0,0,50,0,1300.0,1369.1218887201103,628.633758999058,2104.1982940005255,1622.0
1789885837,50,POST,POST /api/v1/auth/refresh,0.000000,0.000000,0,0,0,0,0,0,0,0,0,0,0,150,0,25,28.633832166863915,18.447431997628883,82.49066000280436,1622.0
1789885837,50,,Aggregated,25.000000,0.000000,7,7,8,8,9,12,17,24,51,51,51,84437,0,6,8.743050100014017,3.0284199965535663,2104.1982940005255,6829.297902578253
1789885838,50,GET,GET /api/v1/reservas,18.600000,0.000000,7,8,8,8,10,12,17,39,51,51,51,63271,0,7,8.457989098583608,4.633864002244081,1957.275683998887,8965.0
1789885838,50,GET,GET /api/v1/reservas/{id},5.900000,0.000000,5,5,6,6,7,8,11,18,18,18,18,20990,0,5,6.218017981342376,3.0284199965535663,1521.0046399952262,442.0
1789885838,50,POST,POST /api/v1/auth/login,0.000000,0.000000,0,0,0,0,0,0,0,0,0,0,0,50,0,1300.0,1369.1218887201103,628.633758999058,2104.1982940005255,1622.0
1789885838,50,POST,POST /api/v1/auth/refresh,0.000000,0.000000,0,0,0,0,0,0,0,0,0,0,0,150,0,25,28.633832166863915,18.447431997628883,82.49066000280436,1622.0
1789885838,50,,Aggregated,24.500000,0.000000,7,7,8,8,9,11,17,24,51,51,51,84461,0,6,8.742648026259547,3.0284199965535663,2104.1982940005255,6829.501130699376
1789885839,50,GET,GET /api/v1/reservas,19.000000,0.000000,7,8,8,8,10,12,17,39,51,51,51,63295,0,7,8.457512503522944,4.633864002244081,1957.275683998887,8965.0
1789885839,50,GET,GET /api/v1/reservas/{id},5.800000,0.000000,5,6,6,7,7,8,11,18,18,18,18,20994,0,5,6.218083176687524,3.0284199965535663,1521.0046399952262,442.0
1789885839,50,POST,POST /api/v1/auth/login,0.000000,0.000000,0,0,0,0,0,0,0,0,0,0,0,50,0,1300.0,1369.1218887201103,628.633758999058,2104.1982940005255,1622.0
1789885839,50,POST,POST /api/v1/auth/refresh,0.000000,0.000000,0,0,0,0,0,0,0,0,0,0,0,150,0,25,28.633832166863915,18.447431997628883,82.49066000280436,1622.0
1789885839,50,,Aggregated,24.800000,0.000000,7,7,8,8,9,11,17,24,51,51,51,84489,0,6,8.742106799499462,3.0284199965535663,2104.1982940005255,6829.805335605818
1789885840,50,GET,GET /api/v1/reservas,18.800000,0.000000,7,7,8,8,9,11,14,16,24,24,24,63314,0,7,8.457209521977376,4.633864002244081,1957.275683998887,8965.0
1789885840,50,GET,GET /api/v1/reservas/{id},6.300000,0.000000,5,6,6,7,7,11,11,11,11,11,11,21001,0,5,6.218363564944221,3.0284199965535663,1521.0046399952262,442.0
1789885840,50,POST,POST /api/v1/auth/login,0.000000,0.000000,0,0,0,0,0,0,0,0,0,0,0,50,0,1300.0,1369.1218887201103,628.633758999058,2104.1982940005255,1622.0
1789885840,50,POST,POST /api/v1/auth/refresh,0.000000,0.000000,0,0,0,0,0,0,0,0,0,0,0,150,0,25,28.633832166863915,18.447431997628883,82.49066000280436,1622.0
1789885840,50,,Aggregated,25.100000,0.000000,7,7,8,8,9,11,13,15,24,24,24,84515,0,6,8.741676461727698,3.0284199965535663,2104.1982940005255,6829.756279950305
1789885841,50,GET,GET /api/v1/reservas,18.900000,0.000000,7,8,8,8,10,12,16,24,35,35,35,63334,0,7,8.458071354824913,4.633864002244081,1957.275683998887,8965.0
1789885841,50,GET,GET /api/v1/reservas/{id},5.900000,0.000000,5,6,6,6,7,8,11,11,11,11,11,21007,0,5,6.2181408919595915,3.0284199965535663,1521.0046399952262,442.0
1789885841,50,POST,POST /api/v1/auth/login,0.000000,0.000000,0,0,0,0,0,0,0,0,0,0,0,50,0,1300.0,1369.1218887201103,628.633758999058,2104.1982940005255,1622.0
1789885841,50,POST,POST /api/v1/auth/refresh,0.000000,0.000000,0,0,0,0,0,0,0,0,0,0,0,150,0,25,28.633832166863915,18.447431997628883,82.49066000280436,1622.0
1789885841,50,,Aggregated,24.800000,0.000000,7,7,8,8,10,11,15,16,35,35,35,84541,0,6,8.742020394423106,3.0284199965535663,2104.1982940005255,6829.808069457423
1789885842,50,GET,GET /api/v1/reservas,20.000000,0.000000,7,8,8,8,10,12,16,24,35,35,35,63354,0,7,8.457361243622959,4.633864002244081,1957.275683998887,8965.0
1789885842,50,GET,GET /api/v1/reservas/{id},5.300000,0.000000,5,6,6,6,7,8,11,11,11,11,11,21015,0,5,6.217593086147819,3.0284199965535663,1521.0046399952262,442.0
1789885842,50,POST,POST /api/v1/auth/login,0.000000,0.000000,0,0,0,0,0,0,0,0,0,0,0,50,0,1300.0,1369.1218887201103,628.633758999058,2104.1982940005255,1622.0
1789885842,50,POST,POST /api/v1/auth/refresh,0.000000,0.000000,0,0,0,0,0,0,0,0,0,0,0,150,0,25,28.633832166863915,18.447431997628883,82.49066000280436,1622.0
1789885842,50,,Aggregated,25.300000,0.000000,7,7,8,8,10,11,15,16,35,35,35,84569,0,6,8.741046390461431,3.0284199965535663,2104.1982940005255,6829.708758528539
1789885843,50,GET,GET /api/v1/reservas,19.800000,0.000000,7,7,8,8,10,12,16,24,35,35,35,63372,0,7,8.456825067829385,4.633864002244081,1957.275683998887,8965.0
1789885843,50,GET,GET /api/v1/reservas/{id},5.600000,0.000000,5,6,6,6,7,8,11,11,11,11,11,21021,0,5,6.217361676104603,3.0284199965535663,1521.0046399952262,442.0
1789885843,50,POST,POST /api/v1/auth/login,0.000000,0.000000,0,0,0,0,0,0,0,0,0,0,0,50,0,1300.0,1369.1218887201103,628.633758999058,2104.1982940005255,1622.0
1789885843,50,POST,POST /api/v1/auth/refresh,0.000000,0.000000,0,0,0,0,0,0,0,0,0,0,0,150,0,25,28.633832166863915,18.447431997628883,82.49066000280436,1622.0
1789885843,50,,Aggregated,25.400000,0.000000,7,7,8,8,10,11,14,16,35,35,35,84593,0,6,8.74034786865256,3.0284199965535663,2104.1982940005255,6829.710046930597
1789885844,50,GET,GET /api/v1/reservas,20.100000,0.000000,7,7,8,8,9,11,16,24,35,35,35,63390,0,7,8.456347049242257,4.633864002244081,1957.275683998887,8965.0
1789885844,50,GET,GET /api/v1/reservas/{id},5.300000,0.000000,5,6,6,6,7,8,11,11,11,11,11,21027,0,5,6.217003837323243,3.0284199965535663,1521.0046399952262,442.0
1789885844,50,POST,POST /api/v1/auth/login,0.000000,0.000000,0,0,0,0,0,0,0,0,0,0,0,50,0,1300.0,1369.1218887201103,628.633758999058,2104.1982940005255,1622.0
1789885844,50,POST,POST /api/v1/auth/refresh,0.000000,0.000000,0,0,0,0,0,0,0,0,0,0,0,150,0,25,28.633832166863915,18.447431997628883,82.49066000280436,1622.0
1789885844,50,,Aggregated,25.400000,0.000000,7,7,7,8,9,11,15,16,35,35,35,84617,0,6,8.739661633004124,3.0284199965535663,2104.1982940005255,6829.711334601794
1789885845,50,GET,GET /api/v1/reservas,20.000000,0.000000,7,8,8,8,9,11,15,24,35,35,35,63412,0,7,8.45631135099747,4.633864002244081,1957.275683998887,8965.0
1789885845,50,GET,GET /api/v1/reservas/{id},5.400000,0.000000,5,6,6,6,7,8,11,11,11,11,11,21032,0,5,6.216946270701917,3.0284199965535663,1521.0046399952262,442.0
1789885845,50,POST,POST /api/v1/auth/login,0.000000,0.000000,0,0,0,0,0,0,0,0,0,0,0,50,0,1300.0,1369.1218887201103,628.633758999058,2104.1982940005255,1622.0
1789885845,50,POST,POST /api/v1/auth/refresh,0.000000,0.000000,0,0,0,0,0,0,0,0,0,0,0,150,0,25,28.633832166863915,18.447431997628883,82.49066000280436,1622.0
1789885845,50,,Aggregated,25.400000,0.000000,7,7,8,8,9,11,12,16,35,35,35,84644,0,6,8.73939793270523,3.0284199965535663,2104.1982940005255,6829.88899390388
1789885846,50,GET,GET /api/v1/reservas,20.300000,0.000000,7,7,8,8,9,11,15,24,35,35,35,63430,0,7,8.455853623576122,4.633864002244081,1957.275683998887,8965.0
1789885846,50,GET,GET /api/v1/reservas/{id},5.600000,0.000000,5,6,6,6,7,8,11,11,11,11,11,21036,0,5,6.216672892632057,3.0284199965535663,1521.0046399952262,442.0
1789885846,50,POST,POST /api/v1/auth/login,0.000000,0.000000,0,0,0,0,0,0,0,0,0,0,0,50,0,1300.0,1369.1218887201103,628.633758999058,2104.1982940005255,1622.0
1789885846,50,POST,POST /api/v1/auth/refresh,0.000000,0.000000,0,0,0,0,0,0,0,0,0,0,0,150,0,25,28.633832166863915,18.447431997628883,82.49066000280436,1622.0
1789885846,50,,Aggregated,25.900000,0.000000,7,7,8,8,9,11,14,16,35,35,35,84666,0,6,8.738807733610757,3.0284199965535663,2104.1982940005255,6830.041126308081
1789885847,50,GET,GET /api/v1/reservas,19.300000,0.000000,7,8,8,8,9,11,15,24,35,35,35,63442,0,7,8.455554595259033,4.633864002244081,1957.275683998887,8965.0
1789885847,50,GET,GET /api/v1/reservas/{id},5.500000,0.000000,5,6,6,6,7,8,11,11,11,11,11,21045,0,5,6.216262604010469,3.0284199965535663,1521.0046399952262,442.0
1789885847,50,POST,POST /api/v1/auth/login,0.000000,0.000000,0,0,0,0,0,0,0,0,0,0,0,50,0,1300.0,1369.1218887201103,628.633758999058,2104.1982940005255,1622.0
1789885847,50,POST,POST /api/v1/auth/refresh,0.000000,0.000000,0,0,0,0,0,0,0,0,0,0,0,150,0,25,28.633832166863915,18.447431997628883,82.49066000280436,1622.0
1789885847,50,,Aggregated,24.800000,0.000000,7,7,8,8,9,11,14,16,35,35,35,84687,0,6,8.738173632256085,3.0284199965535663,2104.1982940005255,6829.664765548431
1789885848,50,GET,GET /api/v1/reservas,20.000000,0.000000,7,7,8,8,10,11,15,24,35,35,35,63464,0,7,8.455191088923344,4.633864002244081,1957.275683998887,8965.0
1789885848,50,GET,GET /api/v1/reservas/{id},5.600000,0.000000,5,6,6,6,7,8,11,11,11,11,11,21051,0,5,6.215985138397442,3.0284199965535663,1521.0046399952262,442.0
1789885848,50,POST,POST /api/v1/auth/login,0.000000,0.000000,0,0,0,0,0,0,0,0,0,0,0,50,0,1300.0,1369.1218887201103,628.633758999058,2104.1982940005255,1622.0
1789885848,50,POST,POST /api/v1/auth/refresh,0.000000,0.000000,0,0,0,0,0,0,0,0,0,0,0,150,0,25,28.633832166863915,18.447431997628883,82.49066000280436,1622.0
1789885848,50,,Aggregated,25.600000,0.000000,7,7,8,8,9,10,14,16,35,35,35,84715,0,6,8.737580353855668,3.0284199965535663,2104.1982940005255,6829.7668889807
1789885849,50,GET,GET /api/v1/reservas,19.200000,0.000000,7,8,8,8,10,11,15,24,35,35,35,63480,0,7,8.455077996226056,4.633864002244081,1957.275683998887,8965.0
1789885849,50,GET,GET /api/v1/reservas/{id},6.100000,0.000000,5,6,6,6,7,8,11,11,11,11,11,21055,0,5,6.215982834025165,3.0284199965535663,1521.0046399952262,442.0
1789885849,50,POST,POST /api/v1/auth/login,0.000000,0.000000,0,0,0,0,0,0,0,0,0,0,0,50,0,1300.0,1369.1218887201103,628.633758999058,2104.1982940005255,1622.0
1789885849,50,POST,POST /api/v1/auth/refresh,0.000000,0.000000,0,0,0,0,0,0,0,0,0,0,0,150,0,25,28.633832166863915,18.447431997628883,82.49066000280436,1622.0
1789885849,50,,Aggregated,25.300000,0.000000,7,7,8,8,9,11,14,16,35,35,35,84735,0,6,8.737322700559123,3.0284199965535663,2104.1982940005255,6829.868531303476
1789885850,50,GET,GET /api/v1/reservas,19.500000,0.000000,7,8,8,8,10,11,15,24,35,35,35,63496,0,7,8.454685154394497,4.633864002244081,1957.275683998887,8965.0
1789885850,50,GET,GET /api/v1/reservas/{id},5.700000,0.000000,5,5,6,6,6,7,8,8,8,8,8,21067,0,5,6.215108163876956,3.0284199965535663,1521.0046399952262,442.0
1789885850,50,POST,POST /api/v1/auth/login,0.000000,0.000000,0,0,0,0,0,0,0,0,0,0,0,50,0,1300.0,1369.1218887201103,628.633758999058,2104.1982940005255,1622.0
1789885850,50,POST,POST /api/v1/auth/refresh,0.000000,0.000000,0,0,0,0,0,0,0,0,0,0,0,150,0,25,28.633832166863915,18.447431997628883,82.49066000280436,1622.0
1789885850,50,,Aggregated,25.200000,0.000000,7,7,8,8,9,10,14,16,35,35,35,84763,0,6,8.736400805928012,3.0284199965535663,2104.1982940005255,6829.367223906657
1789885851,50,GET,GET /api/v1/reservas,19.100000,0.000000,7,7,8,8,9,10,12,15,34,34,34,63516,0,7,8.454763031793826,4.633864002244081,1957.275683998887,8965.0
1789885851,50,GET,GET /api/v1/reservas/{id},5.900000,0.000000,5,5,6,6,6,7,8,8,8,8,8,21072,0,5,6.214931417682013,3.0284199965535663,1521.0046399952262,442.0
1789885851,50,POST,POST /api/v1/auth/login,0.000000,0.000000,0,0,0,0,0,0,0,0,0,0,0,50,0,1300.0,1369.1218887201103,628.633758999058,2104.1982940005255,1622.0
1789885851,50,POST,POST /api/v1/auth/refresh,0.000000,0.000000,0,0,0,0,0,0,0,0,0,0,0,150,0,25,28.633832166863915,18.447431997628883,82.49066000280436,1622.0
1789885851,50,,Aggregated,25.000000,0.000000,7,7,8,8,9,10,11,12,34,34,34,84788,0,6,8.736200085175486,3.0284199965535663,2104.1982940005255,6829.494315233288
1789885852,50,GET,GET /api/v1/reservas,18.800000,0.000000,7,7,8,8,9,10,12,15,34,34,34,63533,0,7,8.45416891954441,4.633864002244081,1957.275683998887,8965.0
1789885852,50,GET,GET /api/v1/reservas/{id},6.400000,0.000000,5,5,6,6,6,7,8,8,8,8,8,21080,0,5,6.2142779882059545,3.0284199965535663,1521.0046399952262,442.0
1789885852,50,POST,POST /api/v1/auth/login,0.000000,0.000000,0,0,0,0,0,0,0,0,0,0,0,50,0,1300.0,1369.1218887201103,628.633758999058,2104.1982940005255,1622.0
1789885852,50,POST,POST /api/v1/auth/refresh,0.000000,0.000000,0,0,0,0,0,0,0,0,0,0,0,150,0,25,28.633832166863915,18.447431997628883,82.49066000280436,1622.0
1789885852,50,,Aggregated,25.200000,0.000000,7,7,8,8,9,10,11,12,34,34,34,84813,0,6,8.735298400219824,3.0284199965535663,2104.1982940005255,6829.319856625753
1789885853,50,GET,GET /api/v1/reservas,18.200000,0.000000,7,8,8,8,9,10,12,15,34,34,34,63552,0,7,8.453659612371053,4.633864002244081,1957.275683998887,8965.0
1789885853,50,GET,GET /api/v1/reservas/{id},6.500000,0.000000,5,5,6,6,6,7,8,8,8,8,8,21088,0,5,6.213869391615821,3.0284199965535663,1521.0046399952262,442.0
1789885853,50,POST,POST /api/v1/auth/login,0.000000,0.000000,0,0,0,0,0,0,0,0,0,0,0,50,0,1300.0,1369.1218887201103,628.633758999058,2104.1982940005255,1622.0
1789885853,50,POST,POST /api/v1/auth/refresh,0.000000,0.000000,0,0,0,0,0,0,0,0,0,0,0,150,0,25,28.633832166863915,18.447431997628883,82.49066000280436,1622.0
1789885853,50,,Aggregated,24.700000,0.000000,7,7,8,8,9,10,11,12,34,34,34,84840,0,6,8.734514647298997,3.0284199965535663,2104.1982940005255,6829.195851013673
1789885854,50,GET,GET /api/v1/reservas,17.800000,0.000000,7,7,8,8,9,10,12,15,34,34,34,63571,0,7,8.453178671365874,4.633864002244081,1957.275683998887,8965.0
1789885854,50,GET,GET /api/v1/reservas/{id},6.500000,0.000000,5,5,5,6,6,7,8,8,8,8,8,21093,0,5,6.213437461356879,3.0284199965535663,1521.0046399952262,442.0
1789885854,50,POST,POST /api/v1/auth/login,0.000000,0.000000,0,0,0,0,0,0,0,0,0,0,0,50,0,1300.0,1369.1218887201103,628.633758999058,2104.1982940005255,1622.0
1789885854,50,POST,POST /api/v1/auth/refresh,0.000000,0.000000,0,0,0,0,0,0,0,0,0,0,0,150,0,25,28.633832166863915,18.447431997628883,82.49066000280436,1622.0
1789885854,50,,Aggregated,24.300000,0.000000,6,7,7,8,9,10,11,12,34,34,34,84864,0,6,8.733835630548265,3.0284199965535663,2104.1982940005255,6829.29771163273
1789885855,50,GET,GET /api/v1/reservas,17.700000,0.000000,7,7,8,8,10,11,12,15,34,34,34,63594,0,7,8.453196838308802,4.633864002244081,1957.275683998887,8965.0
1789885855,50,GET,GET /api/v1/reservas/{id},6.700000,0.000000,5,5,6,6,7,8,8,10,10,10,10,21102,0,5,6.213556787764669,3.0284199965535663,1521.0046399952262,442.0
1789885855,50,POST,POST /api/v1/auth/login,0.000000,0.000000,0,0,0,0,0,0,0,0,0,0,0,50,0,1300.0,1369.1218887201103,628.633758999058,2104.1982940005255,1622.0
1789885855,50,POST,POST /api/v1/auth/refresh,0.000000,0.000000,0,0,0,0,0,0,0,0,0,0,0,150,0,25,28.633832166863915,18.447431997628883,82.49066000280436,1622.0
1789885855,50,,Aggregated,24.400000,0.000000,6,7,7,8,9,10,12,13,34,34,34,84896,0,6,8.733535671078348,3.0284199965535663,2104.1982940005255,6829.199184885036
1789885856,50,GET,GET /api/v1/reservas,18.100000,0.000000,7,7,8,8,9,11,12,15,34,34,34,63614,0,7,8.45256777823128,4.633864002244081,1957.275683998887,8965.0
1789885856,50,GET,GET /api/v1/reservas/{id},6.600000,0.000000,5,5,6,6,6,8,8,10,10,10,10,21111,0,5,6.212758412600379,3.0284199965535663,1521.0046399952262,442.0
1789885856,50,POST,POST /api/v1/auth/login,0.000000,0.000000,0,0,0,0,0,0,0,0,0,0,0,50,0,1300.0,1369.1218887201103,628.633758999058,2104.1982940005255,1622.0
1789885856,50,POST,POST /api/v1/auth/refresh,0.000000,0.000000,0,0,0,0,0,0,0,0,0,0,0,150,0,25,28.633832166863915,18.447431997628883,82.49066000280436,1622.0
1789885856,50,,Aggregated,24.700000,0.000000,6,7,7,8,9,10,12,13,34,34,34,84925,0,6,8.73253292615671,3.0284199965535663,2104.1982940005255,6829.025281130409
1789885857,50,GET,GET /api/v1/reservas,18.600000,0.000000,7,7,8,8,9,11,12,15,34,34,34,63631,0,7,8.452033326042459,4.633864002244081,1957.275683998887,8965.0
1789885857,50,GET,GET /api/v1/reservas/{id},6.600000,0.000000,5,5,6,6,6,7,8,10,10,10,10,21114,0,5,6.212628267661905,3.0284199965535663,1521.0046399952262,442.0
1789885857,50,POST,POST /api/v1/auth/login,0.000000,0.000000,0,0,0,0,0,0,0,0,0,0,0,50,0,1300.0,1369.1218887201103,628.633758999058,2104.1982940005255,1622.0
1789885857,50,POST,POST /api/v1/auth/refresh,0.000000,0.000000,0,0,0,0,0,0,0,0,0,0,0,150,0,25,28.633832166863915,18.447431997628883,82.49066000280436,1622.0
1789885857,50,,Aggregated,25.200000,0.000000,6,7,7,8,9,10,12,13,34,34,34,84945,0,6,8.731955207179567,3.0284199965535663,2104.1982940005255,6829.227182294426
1789885858,50,GET,GET /api/v1/reservas,18.200000,0.000000,7,7,7,8,9,10,12,15,34,34,34,63649,0,7,8.45148185797732,4.633864002244081,1957.275683998887,8965.0
1789885858,50,GET,GET /api/v1/reservas/{id},7.200000,0.000000,5,5,6,6,6,7,8,10,10,10,10,21125,0,5,6.211956545581749,3.0284199965535663,1521.0046399952262,442.0
1789885858,50,POST,POST /api/v1/auth/login,0.000000,0.000000,0,0,0,0,0,0,0,0,0,0,0,50,0,1300.0,1369.1218887201103,628.633758999058,2104.1982940005255,1622.0
1789885858,50,POST,POST /api/v1/auth/refresh,0.000000,0.000000,0,0,0,0,0,0,0,0,0,0,0,150,0,25,28.633832166863915,18.447431997628883,82.49066000280436,1622.0
1789885858,50,,Aggregated,25.400000,0.000000,6,7,7,7,8,10,12,13,34,34,34,84974,0,6,8.730989715264197,3.0284199965535663,2104.1982940005255,6828.852766728646
1789885859,50,GET,GET /api/v1/reservas,18.600000,0.000000,7,7,8,8,9,10,12,15,34,34,34,63667,0,7,8.451320767154039,4.633864002244081,1957.275683998887,8965.0
1789885859,50,GET,GET /api/v1/reservas/{id},7.100000,0.000000,5,5,6,6,6,7,8,10,10,10,10,21129,0,5,6.211967467718196,3.0284199965535663,1521.0046399952262,442.0
1789885859,50,POST,POST /api/v1/auth/login,0.000000,0.000000,0,0,0,0,0,0,0,0,0,0,0,50,0,1300.0,1369.1218887201103,628.633758999058,2104.1982940005255,1622.0
1789885859,50,POST,POST /api/v1/auth/refresh,0.000000,0.000000,0,0,0,0,0,0,0,0,0,0,0,150,0,25,28.633832166863915,18.447431997628883,82.49066000280436,1622.0
1789885859,50,,Aggregated,25.700000,0.000000,6,7,7,7,8,10,12,13,34,34,34,84996,0,6,8.730694022881792,3.0284199965535663,2104.1982940005255,6829.004576685962
1789885860,50,GET,GET /api/v1/reservas,18.500000,0.000000,7,7,8,8,9,10,13,15,34,34,34,63694,0,7,8.450912099607239,4.633864002244081,1957.275683998887,8965.0
1789885860,50,GET,GET /api/v1/reservas/{id},6.900000,0.000000,5,5,6,6,7,7,8,10,10,10,10,21134,0,5,6.211730399707544,3.0284199965535663,1521.0046399952262,442.0
1789885860,50,POST,POST /api/v1/auth/login,0.000000,0.000000,0,0,0,0,0,0,0,0,0,0,0,50,0,1300.0,1369.1218887201103,628.633758999058,2104.1982940005255,1622.0
1789885860,50,POST,POST /api/v1/auth/refresh,0.000000,0.000000,0,0,0,0,0,0,0,0,0,0,0,150,0,25,28.633832166863915,18.447431997628883,82.49066000280436,1622.0
1789885860,50,,Aggregated,25.400000,0.000000,6,7,7,8,8,10,12,14,34,34,34,85028,0,6,8.7300921437744,3.0284199965535663,2104.1982940005255,6829.307263489674
1789885861,50,GET,GET /api/v1/reservas,18.600000,0.000000,7,7,8,8,10,15,21,28,30,30,30,63707,0,7,8.452814434542534,4.633864002244081,1957.275683998887,8965.0
1789885861,50,GET,GET /api/v1/reservas/{id},7.400000,0.000000,5,5,6,6,7,10,14,36,36,36,36,21138,0,5,6.213714828906449,3.0284199965535663,1521.0046399952262,442.0
1789885861,50,POST,POST /api/v1/auth/login,0.000000,0.000000,0,0,0,0,0,0,0,0,0,0,0,50,0,1300.0,1369.1218887201103,628.633758999058,2104.1982940005255,1622.0
1789885861,50,POST,POST /api/v1/auth/refresh,0.000000,0.000000,0,0,0,0,0,0,0,0,0,0,0,150,0,25,28.633832166863915,18.447431997628883,82.49066000280436,1622.0
1789885861,50,,Aggregated,26.000000,0.000000,7,7,7,8,10,14,20,28,36,36,36,85045,0,6,8.73184928562376,3.0284199965535663,2104.1982940005255,6829.333305896878
1789885862,50,GET,GET /api/v1/reservas,18.000000,0.000000,7,8,8,10,18,30,70,91,100,100,100,63724,0,7,8.461809202378888,4.633864002244081,1957.275683998887,8965.0
1789885862,50,GET,GET /api/v1/reservas/{id},7.300000,0.000000,5,6,6,7,11,16,32,36,36,36,36,21144,0,5,6.217045109507135,3.0284199965535663,1521.0046399952262,442.0
1789885862,50,POST,POST /api/v1/auth/login,0.000000,0.000000,0,0,0,0,0,0,0,0,0,0,0,50,0,1300.0,1369.1218887201103,628.633758999058,2104.1982940005255,1622.0
1789885862,50,POST,POST /api/v1/auth/refresh,0.000000,0.000000,0,0,0,0,0,0,0,0,0,0,0,150,0,25,28.633832166863915,18.447431997628883,82.49066000280436,1622.0
1789885862,50,,Aggregated,25.300000,0.000000,7,8,8,9,16,28,68,79,100,100,100,85068,0,6,8.739181603762379,3.0284199965535663,2104.1982940005255,6829.309587624019
1789885863,50,GET,GET /api/v1/reservas,19.700000,0.000000,7,8,12,15,28,51,79,100,110,110,110,63743,0,7,8.469435000398589,4.633864002244081,1957.275683998887,8965.0
1789885863,50,GET,GET /api/v1/reservas/{id},6.700000,0.000000,6,7,11,13,32,39,63,83,83,83,83,21152,0,5,6.230430456193648,3.0284199965535663,1521.0046399952262,442.0
1789885863,50,POST,POST /api/v1/auth/login,0.000000,0.000000,0,0,0,0,0,0,0,0,0,0,0,50,0,1300.0,1369.1218887201103,628.633758999058,2104.1982940005255,1622.0
1789885863,50,POST,POST /api/v1/auth/refresh,0.000000,0.000000,0,0,0,0,0,0,0,0,0,0,0,150,0,25,28.633832166863915,18.447431997628883,82.49066000280436,1622.0
1789885863,50,,Aggregated,26.400000,0.000000,7,8,12,15,31,51,79,91,110,110,110,85095,0,6,8.747922081213497,3.0284199965535663,2104.1982940005255,6829.185956871732
1789885864,50,GET,GET /api/v1/reservas,19.100000,0.000000,8,9,12,15,28,51,79,100,110,110,110,63764,0,7,8.469421942199434,4.633864002244081,1957.275683998887,8965.0
1789885864,50,GET,GET /api/v1/reservas/{id},6.700000,0.000000,6,7,11,14,36,39,63,83,83,83,83,21154,0,5,6.230582149967233,3.0284199965535663,1521.0046399952262,442.0
1789885864,50,POST,POST /api/v1/auth/login,0.000000,0.000000,0,0,0,0,0,0,0,0,0,0,0,50,0,1300.0,1369.1218887201103,628.633758999058,2104.1982940005255,1622.0
1789885864,50,POST,POST /api/v1/auth/refresh,0.000000,0.000000,0,0,0,0,0,0,0,0,0,0,0,150,0,25,28.633832166863915,18.447431997628883,82.49066000280436,1622.0
1789885864,50,,Aggregated,25.800000,0.000000,7,9,12,15,31,51,79,91,110,110,110,85118,0,6,8.747822138488436,3.0284199965535663,2104.1982940005255,6829.562818675251
1789885865,50,GET,GET /api/v1/reservas,19.600000,0.000000,8,9,13,17,30,58,86,100,110,110,110,63790,0,7,8.471823790333936,4.633864002244081,1957.275683998887,8965.0
1789885865,50,GET,GET /api/v1/reservas/{id},6.400000,0.000000,6,7,13,16,36,39,63,83,83,83,83,21163,0,5,6.2304888825501985,3.0284199965535663,1521.0046399952262,442.0
1789885865,50,POST,POST /api/v1/auth/login,0.000000,0.000000,0,0,0,0,0,0,0,0,0,0,0,50,0,1300.0,1369.1218887201103,628.633758999058,2104.1982940005255,1622.0
1789885865,50,POST,POST /api/v1/auth/refresh,0.000000,0.000000,0,0,0,0,0,0,0,0,0,0,0,150,0,25,28.633832166863915,18.447431997628883,82.49066000280436,1622.0
1789885865,50,,Aggregated,26.000000,0.000000,7,9,13,16,32,53,79,91,110,110,110,85153,0,6,8.749247179404822,3.0284199965535663,2104.1982940005255,6829.539722616936
1789885866,50,GET,GET /api/v1/reservas,18.900000,0.000000,8,10,14,18,35,58,86,100,110,110,110,63801,0,7,8.471635071729185,4.633864002244081,1957.275683998887,8965.0
1789885866,50,GET,GET /api/v1/reservas/{id},6.400000,0.000000,6,8,13,16,36,39,63,83,83,83,83,21167,0,5,6.230529719015601,3.0284199965535663,1521.0046399952262,442.0
1789885866,50,POST,POST /api/v1/auth/login,0.000000,0.000000,0,0,0,0,0,0,0,0,0,0,0,50,0,1300.0,1369.1218887201103,628.633758999058,2104.1982940005255,1622.0
1789885866,50,POST,POST /api/v1/auth/refresh,0.000000,0.000000,0,0,0,0,0,0,0,0,0,0,0,150,0,25,28.633832166863915,18.447431997628883,82.49066000280436,1622.0
1789885866,50,,Aggregated,25.300000,0.000000,8,10,13,18,36,58,83,91,110,110,110,85168,0,6,8.748961828795373,3.0284199965535663,2104.1982940005255,6829.515534003382
1789885867,50,GET,GET /api/v1/reservas,18.800000,0.000000,8,10,13,18,35,58,86,100,110,110,110,63824,0,7,8.471008540758847,4.633864002244081,1957.275683998887,8965.0
1789885867,50,GET,GET /api/v1/reservas/{id},6.000000,0.000000,6,8,13,16,36,39,63,83,83,83,83,21171,0,5,6.230239733663991,3.0284199965535663,1521.0046399952262,442.0
1789885867,50,POST,POST /api/v1/auth/login,0.000000,0.000000,0,0,0,0,0,0,0,0,0,0,0,50,0,1300.0,1369.1218887201103,628.633758999058,2104.1982940005255,1622.0
1789885867,50,POST,POST /api/v1/auth/refresh,0.000000,0.000000,0,0,0,0,0,0,0,0,0,0,0,150,0,25,28.633832166863915,18.447431997628883,82.49066000280436,1622.0
1789885867,50,,Aggregated,24.800000,0.000000,8,9,13,17,35,53,83,91,110,110,110,85195,0,6,8.748227287608898,3.0284199965535663,2104.1982940005255,6829.792147426492
1789885868,50,GET,GET /api/v1/reservas,19.300000,0.000000,8,9,13,17,30,58,86,100,110,110,110,63846,0,7,8.470436582689443,4.633864002244081,1957.275683998887,8965.0
1789885868,50,GET,GET /api/v1/reservas/{id},6.100000,0.000000,6,11,14,28,37,39,83,83,83,83,83,21174,0,5,6.230031175328139,3.0284199965535663,1521.0046399952262,442.0
1789885868,50,POST,POST /api/v1/auth/login,0.000000,0.000000,0,0,0,0,0,0,0,0,0,0,0,50,0,1300.0,1369.1218887201103,628.633758999058,2104.1982940005255,1622.0
1789885868,50,POST,POST /api/v1/auth/refresh,0.000000,0.000000,0,0,0,0,0,0,0,0,0,0,0,150,0,25,28.633832166863915,18.447431997628883,82.49066000280436,1622.0
1789885868,50,,Aggregated,25.400000,0.000000,8,10,13,17,35,53,83,91,110,110,110,85220,0,6,8.747586756933055,3.0284199965535663,2104.1982940005255,6830.118493311429
1789885869,50,GET,GET /api/v1/reservas,18.900000,0.000000,8,9,13,17,30,58,86,100,110,110,110,63866,0,7,8.470127003388171,4.633864002244081,1957.275683998887,8965.0
1789885869,50,GET,GET /api/v1/reservas/{id},5.700000,0.000000,7,11,16,28,37,39,83,83,83,83,83,21177,0,5,6.230052019804132,3.0284199965535663,1521.0046399952262,442.0
1789885869,50,POST,POST /api/v1/auth/login,0.000000,0.000000,0,0,0,0,0,0,0,0,0,0,0,50,0,1300.0,1369.1218887201103,628.633758999058,2104.1982940005255,1622.0
1789885869,50,POST,POST /api/v1/auth/refresh,0.000000,0.000000,0,0,0,0,0,0,0,0,0,0,0,150,0,25,28.633832166863915,18.447431997628883,82.49066000280436,1622.0
1789885869,50,,Aggregated,24.600000,0.000000,8,9,13,17,35,53,83,91,110,110,110,85243,0,6,8.747206363957487,3.0284199965535663,2104.1982940005255,6830.394566122732
1789885870,50,GET,GET /api/v1/reservas,19.300000,0.000000,8,10,13,17,30,58,86,100,110,110,110,63886,0,7,8.469851592577706,4.633864002244081,1957.275683998887,8965.0
1789885870,50,GET,GET /api/v1/reservas/{id},5.600000,0.000000,6,11,14,28,37,39,83,83,83,83,83,21185,0,5,6.229606123078029,3.0284199965535663,1521.0046399952262,442.0
1789885870,50,POST,POST /api/v1/auth/login,0.000000,0.000000,0,0,0,0,0,0,0,0,0,0,0,50,0,1300.0,1369.1218887201103,628.633758999058,2104.1982940005255,1622.0
1789885870,50,POST,POST /api/v1/auth/refresh,0.000000,0.000000,0,0,0,0,0,0,0,0,0,0,0,150,0,25,28.633832166863915,18.447431997628883,82.49066000280436,1622.0
1789885870,50,,Aggregated,24.900000,0.000000,8,10,13,17,35,53,83,91,110,110,110,85271,0,6,8.746588099375806,3.0284199965535663,2104.1982940005255,6830.295880193736
1789885871,50,GET,GET /api/v1/reservas,19.500000,0.000000,7,9,10,13,31,58,86,100,110,110,110,63902,0,7,8.470034698169266,4.633864002244081,1957.275683998887,8965.0
1789885871,50,GET,GET /api/v1/reservas/{id},5.000000,0.000000,6,8,13,19,37,39,83,83,83,83,83,21190,0,5,6.230014353865116,3.0284199965535663,1521.0046399952262,442.0
1789885871,50,POST,POST /api/v1/auth/login,0.000000,0.000000,0,0,0,0,0,0,0,0,0,0,0,50,0,1300.0,1369.1218887201103,628.633758999058,2104.1982940005255,1622.0
1789885871,50,POST,POST /api/v1/auth/refresh,0.000000,0.000000,0,0,0,0,0,0,0,0,0,0,0,150,0,25,28.633832166863915,18.447431997628883,82.49066000280436,1622.0
1789885871,50,,Aggregated,24.500000,0.000000,7,8,10,13,32,53,83,91,110,110,110,85292,0,6,8.746627241732654,3.0284199965535663,2104.1982940005255,6830.321835576608
1789885872,50,GET,GET /api/v1/reservas,20.100000,0.000000,7,8,8,9,13,21,48,53,86,86,86,63919,0,7,8.469595612187849,4.633864002244081,1957.275683998887,8965.0
1789885872,50,GET,GET /api/v1/reservas/{id},4.700000,0.000000,5,6,7,8,16,37,39,39,39,39,39,21199,0,5,6.229371585329979,3.0284199965535663,1521.0046399952262,442.0
1789885872,50,POST,POST /api/v1/auth/login,0.000000,0.000000,0,0,0,0,0,0,0,0,0,0,0,50,0,1300.0,1369.1218887201103,628.633758999058,2104.1982940005255,1622.0
1789885872,50,POST,POST /api/v1/auth/refresh,0.000000,0.000000,0,0,0,0,0,0,0,0,0,0,0,150,0,25,28.633832166863915,18.447431997628883,82.49066000280436,1622.0
1789885872,50,,Aggregated,24.800000,0.000000,7,8,8,9,13,26,48,51,86,86,86,85318,0,6,8.74581799191135,3.0284199965535663,2104.1982940005255,6830.073290513139
1789885873,50,GET,GET /api/v1/reservas,19.300000,0.000000,7,8,8,8,10,12,28,53,86,86,86,63938,0,7,8.469226475936404,4.633864002244081,1957.275683998887,8965.0
1789885873,50,GET,GET /api/v1/reservas/{id},5.200000,0.000000,5,5,6,6,8,10,19,19,19,19,19,21202,0,5,6.229150563645688,3.0284199965535663,1521.0046399952262,442.0
1789885873,50,POST,POST /api/v1/auth/login,0.000000,0.000000,0,0,0,0,0,0,0,0,0,0,0,50,0,1300.0,1369.1218887201103,628.633758999058,2104.1982940005255,1622.0
1789885873,50,POST,POST /api/v1/auth/refresh,0.000000,0.000000,0,0,0,0,0,0,0,0,0,0,0,150,0,25,28.633832166863915,18.447431997628883,82.49066000280436,1622.0
1789885873,50,,Aggregated,24.500000,0.000000,7,7,8,8,10,12,19,31,86,86,86,85340,0,6,8.745336558822176,3.0284199965535663,2104.1982940005255,6830.324044996485
1789885874,50,GET,GET /api/v1/reservas,19.800000,0.000000,7,7,8,8,10,13,28,53,86,86,86,63957,0,7,8.468895893513015,4.633864002244081,1957.275683998887,8965.0
1789885874,50,GET,GET /api/v1/reservas/{id},4.900000,0.000000,5,5,6,6,8,10,16,19,19,19,19,21211,0,5,6.228968133253287,3.0284199965535663,1521.0046399952262,442.0
1789885874,50,POST,POST /api/v1/auth/login,0.000000,0.000000,0,0,0,0,0,0,0,0,0,0,0,50,0,1300.0,1369.1218887201103,628.633758999058,2104.1982940005255,1622.0
1789885874,50,POST,POST /api/v1/auth/refresh,0.000000,0.000000,0,0,0,0,0,0,0,0,0,0,0,150,0,25,28.633832166863915,18.447431997628883,82.49066000280436,1622.0
1789885874,50,,Aggregated,24.700000,0.000000,7,7,8,8,10,12,19,31,86,86,86,85368,0,6,8.744716837654556,3.0284199965535663,2104.1982940005255,6830.1256559835065
1789885875,50,GET,GET /api/v1/reservas,19.000000,0.000000,7,7,8,8,9,10,12,15,31,31,31,63981,0,7,8.46830151783169,4.633864002244081,1957.275683998887,8965.0
1789885875,50,GET,GET /api/v1/reservas/{id},5.200000,0.000000,5,5,6,6,8,8,19,19,19,19,19,21213,0,5,6.228785592157662,3.0284199965535663,1521.0046399952262,442.0
1789885875,50,POST,POST /api/v1/auth/login,0.000000,0.000000,0,0,0,0,0,0,0,0,0,0,0,50,0,1300.0,1369.1218887201103,628.633758999058,2104.1982940005255,1622.0
1789885875,50,POST,POST /api/v1/auth/refresh,0.000000,0.000000,0,0,0,0,0,0,0,0,0,0,0,150,0,25,28.633832166863915,18.447431997628883,82.49066000280436,1622.0
1789885875,50,,Aggregated,24.200000,0.000000,7,7,7,8,9,10,12,15,31,31,31,85394,0,6,8.744089718714154,3.0284199965535663,2104.1982940005255,6830.576047497482
1789885876,50,GET,GET /api/v1/reservas,19.400000,0.000000,7,7,8,8,9,11,15,19,31,31,31,64000,0,7,8.468727191646863,4.633864002244081,1957.275683998887,8965.0
1789885876,50,GET,GET /api/v1/reservas/{id},5.000000,0.000000,5,6,6,6,8,11,19,19,19,19,19,21218,0,5,6.22940303074896,3.0284199965535663,1521.0046399952262,442.0
1789885876,50,POST,POST /api/v1/auth/login,0.000000,0.000000,0,0,0,0,0,0,0,0,0,0,0,50,0,1300.0,1369.1218887201103,628.633758999058,2104.1982940005255,1622.0
1789885876,50,POST,POST /api/v1/auth/refresh,0.000000,0.000000,0,0,0,0,0,0,0,0,0,0,0,150,0,25,28.633832166863915,18.447431997628883,82.49066000280436,1622.0
1789885876,50,,Aggregated,24.400000,0.000000,7,7,8,8,9,11,15,19,31,31,31,85418,0,6,8.744353450477387,3.0284199965535663,2104.1982940005255,6830.676859678288
1789885877,50,GET,GET /api/v1/reservas,19.400000,0.000000,7,7,8,8,9,11,15,19,31,31,31,64019,0,7,8.468132759937106,4.633864002244081,1957.275683998887,8965.0
1789885877,50,GET,GET /api/v1/reservas/{id},5.800000,0.000000,5,5,6,6,8,11,15,19,19,19,19,21230,0,5,6.228522797194055,3.0284199965535663,1521.0046399952262,442.0
1789885877,50,POST,POST /api/v1/auth/login,0.000000,0.000000,0,0,0,0,0,0,0,0,0,0,0,50,0,1300.0,1369.1218887201103,628.633758999058,2104.1982940005255,1622.0
1789885877,50,POST,POST /api/v1/auth/refresh,0.000000,0.000000,0,0,0,0,0,0,0,0,0,0,0,150,0,25,28.633832166863915,18.447431997628883,82.49066000280436,1622.0
1789885877,50,,Aggregated,25.200000,0.000000,7,7,8,8,9,11,15,19,31,31,31,85449,0,6,8.743274928950486,3.0284199965535663,2104.1982940005255,6830.254245222296
1789885878,50,GET,GET /api/v1/reservas,19.300000,0.000000,7,7,8,8,10,12,15,19,31,31,31,64037,0,7,8.46778736716923,4.633864002244081,1957.275683998887,8965.0
1789885878,50,GET,GET /api/v1/reservas/{id},4.900000,0.000000,5,5,6,6,8,10,15,19,19,19,19,21236,0,5,6.228022496441144,3.0284199965535663,1521.0046399952262,442.0
1789885878,50,POST,POST /api/v1/auth/login,0.000000,0.000000,0,0,0,0,0,0,0,0,0,0,0,50,0,1300.0,1369.1218887201103,628.633758999058,2104.1982940005255,1622.0
1789885878,50,POST,POST /api/v1/auth/refresh,0.000000,0.000000,0,0,0,0,0,0,0,0,0,0,0,150,0,25,28.633832166863915,18.447431997628883,82.49066000280436,1622.0
1789885878,50,,Aggregated,24.200000,0.000000,7,7,8,8,9,11,15,19,31,31,31,85473,0,6,8.742657384517765,3.0284199965535663,2104.1982940005255,6830.255367191979
1789885879,50,GET,GET /api/v1/reservas,19.500000,0.000000,7,7,8,8,10,11,15,19,31,31,31,64059,0,7,8.467527281824644,4.633864002244081,1957.275683998887,8965.0
1789885879,50,GET,GET /api/v1/reservas/{id},5.200000,0.000000,5,5,6,6,8,10,15,19,19,19,19,21243,0,5,6.2277479107674525,3.0284199965535663,1521.0046399952262,442.0
1789885879,50,POST,POST /api/v1/auth/login,0.000000,0.000000,0,0,0,0,0,0,0,0,0,0,0,50,0,1300.0,1369.1218887201103,628.633758999058,2104.1982940005255,1622.0
1789885879,50,POST,POST /api/v1/auth/refresh,0.000000,0.000000,0,0,0,0,0,0,0,0,0,0,0,150,0,25,28.633832166863915,18.447431997628883,82.49066000280436,1622.0
1789885879,50,,Aggregated,24.700000,0.000000,7,7,8,8,9,11,15,19,31,31,31,85502,0,6,8.742117708075655,3.0284199965535663,2104.1982940005255,6830.281642534677
1789885880,50,GET,GET /api/v1/reservas,19.600000,0.000000,7,8,8,9,10,11,15,19,31,31,31,64073,0,7,8.467381268247626,4.633864002244081,1957.275683998887,8965.0
1789885880,50,GET,GET /api/v1/reservas/{id},5.900000,0.000000,5,5,6,6,8,10,15,19,19,19,19,21254,0,5,6.22709376924039,3.0284199965535663,1521.0046399952262,442.0
1789885880,50,POST,POST /api/v1/auth/login,0.000000,0.000000,0,0,0,0,0,0,0,0,0,0,0,50,0,1300.0,1369.1218887201103,628.633758999058,2104.1982940005255,1622.0
1789885880,50,POST,POST /api/v1/auth/refresh,0.000000,0.000000,0,0,0,0,0,0,0,0,0,0,0,150,0,25,28.633832166863915,18.447431997628883,82.49066000280436,1622.0
1789885880,50,,Aggregated,25.500000,0.000000,7,7,8,8,10,11,15,19,31,31,31,85527,0,6,8.741477430903833,3.0284199965535663,2104.1982940005255,6829.809451985922
1789885881,50,GET,GET /api/v1/reservas,19.500000,0.000000,7,7,8,9,10,11,12,18,19,19,19,64087,0,7,8.46699305680443,4.633864002244081,1957.275683998887,8965.0
1789885881,50,GET,GET /api/v1/reservas/{id},6.200000,0.000000,5,5,6,6,7,9,11,15,15,15,15,21267,0,5,6.226347456126552,3.0284199965535663,1521.0046399952262,442.0
1789885881,50,POST,POST /api/v1/auth/login,0.000000,0.000000,0,0,0,0,0,0,0,0,0,0,0,50,0,1300.0,1369.1218887201103,628.633758999058,2104.1982940005255,1622.0
1789885881,50,POST,POST /api/v1/auth/refresh,0.000000,0.000000,0,0,0,0,0,0,0,0,0,0,0,150,0,25,28.633832166863915,18.447431997628883,82.49066000280436,1622.0
1789885881,50,,Aggregated,25.700000,0.000000,6,7,8,8,9,11,12,15,19,19,19,85554,0,6,8.740574194566186,3.0284199965535663,2104.1982940005255,6829.188220305305
1789885882,50,GET,GET /api/v1/reservas,19.100000,0.000000,7,8,8,9,10,11,12,18,19,19,19,64103,0,7,8.466728400830185,4.633864002244081,1957.275683998887,8965.0
1789885882,50,GET,GET /api/v1/reservas/{id},6.600000,0.000000,5,5,6,6,7,9,11,15,15,15,15,21275,0,5,6.225637124815641,3.0284199965535663,1521.0046399952262,442.0
1789885882,50,POST,POST /api/v1/auth/login,0.000000,0.000000,0,0,0,0,0,0,0,0,0,0,0,50,0,1300.0,1369.1218887201103,628.633758999058,2104.1982940005255,1622.0
1789885882,50,POST,POST /api/v1/auth/refresh,0.000000,0.000000,0,0,0,0,0,0,0,0,0,0,0,150,0,25,28.633832166863915,18.447431997628883,82.49066000280436,1622.0
1789885882,50,,Aggregated,25.700000,0.000000,6,7,8,8,9,11,12,15,19,19,19,85578,0,6,8.739913175932095,3.0284199965535663,2104.1982940005255,6828.990453153848
1789885883,50,GET,GET /api/v1/reservas,18.900000,0.000000,7,8,8,9,10,11,12,18,19,19,19,64115,0,7,8.466602068321286,4.633864002244081,1957.275683998887,8965.0
1789885883,50,GET,GET /api/v1/reservas/{id},6.700000,0.000000,5,5,6,6,7,9,11,15,15,15,15,21281,0,5,6.225353192493215,3.0284199965535663,1521.0046399952262,442.0
1789885883,50,POST,POST /api/v1/auth/login,0.000000,0.000000,0,0,0,0,0,0,0,0,0,0,0,50,0,1300.0,1369.1218887201103,628.633758999058,2104.1982940005255,1622.0
1789885883,50,POST,POST /api/v1/auth/refresh,0.000000,0.000000,0,0,0,0,0,0,0,0,0,0,0,150,0,25,28.633832166863915,18.447431997628883,82.49066000280436,1622.0
1789885883,50,,Aggregated,25.600000,0.000000,6,7,8,8,9,10,12,15,19,19,19,85596,0,6,8.739533414656222,3.0284199965535663,2104.1982940005255,6828.84220057012
1789885884,50,GET,GET /api/v1/reservas,18.200000,0.000000,7,8,8,9,10,11,12,18,19,19,19,64135,0,7,8.466048056901654,4.633864002244081,1957.275683998887,8965.0
1789885884,50,GET,GET /api/v1/reservas/{id},8.000000,0.000000,5,5,6,6,7,8,11,15,15,15,15,21290,0,5,6.224880797484189,3.0284199965535663,1521.0046399952262,442.0
1789885884,50,POST,POST /api/v1/auth/login,0.000000,0.000000,0,0,0,0,0,0,0,0,0,0,0,50,0,1300.0,1369.1218887201103,628.633758999058,2104.1982940005255,1622.0
1789885884,50,POST,POST /api/v1/auth/refresh,0.000000,0.000000,0,0,0,0,0,0,0,0,0,0,0,150,0,25,28.633832166863915,18.447431997628883,82.49066000280436,1622.0
1789885884,50,,Aggregated,26.200000,0.000000,6,7,8,8,9,10,12,15,19,19,19,85625,0,6,8.738672975986834,3.0284199965535663,2104.1982940005255,6828.6698394160585
1789885885,50,GET,GET /api/v1/reservas,18.300000,0.000000,7,7,8,9,10,11,12,12,18,18,18,64154,0,7,8.465643991713614,4.633864002244081,1957.275683998887,8965.0
1789885885,50,GET,GET /api/v1/reservas/{id},7.800000,0.000000,5,5,6,6,7,7,9,11,11,11,11,21296,0,5,6.224487018990828,3.0284199965535663,1521.0046399952262,442.0
1789885885,50,POST,POST /api/v1/auth/login,0.000000,0.000000,0,0,0,0,0,0,0,0,0,0,0,50,0,1300.0,1369.1218887201103,628.633758999058,2104.1982940005255,1622.0
1789885885,50,POST,POST /api/v1/auth/refresh,0.000000,0.000000,0,0,0,0,0,0,0,0,0,0,0,150,0,25,28.633832166863915,18.447431997628883,82.49066000280436,1622.0
1789885885,50,,Aggregated,26.100000,0.000000,6,7,7,8,9,10,11,12,18,18,18,85650,0,6,8.738035837266438,3.0284199965535663,2104.1982940005255,6828.696345592528
1789885886,50,GET,GET /api/v1/reservas,17.400000,0.000000,7,7,8,9,10,10,11,12,13,13,13,64177,0,7,8.465514720809576,4.633864002244081,1957.275683998887,8965.0
1789885886,50,GET,GET /api/v1/reservas/{id},8.100000,0.000000,5,5,6,6,7,7,8,9,9,9,9,21302,0,5,6.224291464108272,3.0284199965535663,1521.0046399952262,442.0
1789885886,50,POST,POST /api/v1/auth/login,0.000000,0.000000,0,0,0,0,0,0,0,0,0,0,0,50,0,1300.0,1369.1218887201103,628.633758999058,2104.1982940005255,1622.0
1789885886,50,POST,POST /api/v1/auth/refresh,0.000000,0.000000,0,0,0,0,0,0,0,0,0,0,0,150,0,25,28.633832166863915,18.447431997628883,82.49066000280436,1622.0
1789885886,50,,Aggregated,25.500000,0.000000,6,7,7,8,9,10,11,12,13,13,13,85679,0,6,8.737641245426271,3.0284199965535663,2104.1982940005255,6828.822570291437
1789885887,50,GET,GET /api/v1/reservas,17.900000,0.000000,7,8,8,9,10,10,11,12,13,13,13,64196,0,7,8.465053049557554,4.633864002244081,1957.275683998887,8965.0
1789885887,50,GET,GET /api/v1/reservas/{id},7.800000,0.000000,5,6,6,6,7,7,8,9,9,9,9,21304,0,5,6.224255662759902,3.0284199965535663,1521.0046399952262,442.0
1789885887,50,POST,POST /api/v1/auth/login,0.000000,0.000000,0,0,0,0,0,0,0,0,0,0,0,50,0,1300.0,1369.1218887201103,628.633758999058,2104.1982940005255,1622.0
1789885887,50,POST,POST /api/v1/auth/refresh,0.000000,0.000000,0,0,0,0,0,0,0,0,0,0,0,150,0,25,28.633832166863915,18.447431997628883,82.49066000280436,1622.0
1789885887,50,,Aggregated,25.700000,0.000000,6,7,8,8,9,10,11,12,13,13,13,85700,0,6,8.73716753173723,3.0284199965535663,2104.1982940005255,6829.1471178529755
1789885888,50,GET,GET /api/v1/reservas,17.400000,0.000000,7,8,8,8,10,10,11,12,13,13,13,64209,0,7,8.464633049205014,4.633864002244081,1957.275683998887,8965.0
1789885888,50,GET,GET /api/v1/reservas/{id},8.200000,0.000000,5,6,6,6,7,7,8,9,9,9,9,21314,0,5,6.223679766042642,3.0284199965535663,1521.0046399952262,442.0
1789885888,50,POST,POST /api/v1/auth/login,0.000000,0.000000,0,0,0,0,0,0,0,0,0,0,0,50,0,1300.0,1369.1218887201103,628.633758999058,2104.1982940005255,1622.0
1789885888,50,POST,POST /api/v1/auth/refresh,0.000000,0.000000,0,0,0,0,0,0,0,0,0,0,0,150,0,25,28.633832166863915,18.447431997628883,82.49066000280436,1622.0
1789885888,50,,Aggregated,25.600000,0.000000,6,7,8,8,9,10,11,11,13,13,13,85723,0,6,8.736375339767442,3.0284199965535663,2104.1982940005255,6828.725931196995
1789885889,50,GET,GET /api/v1/reservas,17.600000,0.000000,7,7,8,8,9,10,11,12,13,13,13,64227,0,7,8.464132608551141,4.633864002244081,1957.275683998887,8965.0
1789885889,50,GET,GET /api/v1/reservas/{id},8.200000,0.000000,5,5,6,6,7,7,8,9,9,9,9,21324,0,5,6.22295997333669,3.0284199965535663,1521.0046399952262,442.0
1789885889,50,POST,POST /api/v1/auth/login,0.000000,0.000000,0,0,0,0,0,0,0,0,0,0,0,50,0,1300.0,1369.1218887201103,628.633758999058,2104.1982940005255,1622.0
1789885889,50,POST,POST /api/v1/auth/refresh,0.000000,0.000000,0,0,0,0,0,0,0,0,0,0,0,150,0,25,28.633832166863915,18.447431997628883,82.49066000280436,1622.0
1789885889,50,,Aggregated,25.800000,0.000000,6,7,7,8,9,10,10,11,13,13,13,85751,0,6,8.735471455515306,3.0284199965535663,2104.1982940005255,6828.429557672797
1789885890,50,GET,GET /api/v1/reservas,17.300000,0.000000,7,8,8,8,10,10,11,13,15,15,15,64247,0,7,8.464271900110619,4.633864002244081,1957.275683998887,8965.0
1789885890,50,GET,GET /api/v1/reservas/{id},7.600000,0.000000,5,6,6,6,7,7,9,12,12,12,12,21335,0,5,6.222947906792899,3.0284199965535663,1521.0046399952262,442.0
1789885890,50,POST,POST /api/v1/auth/login,0.000000,0.000000,0,0,0,0,0,0,0,0,0,0,0,50,0,1300.0,1369.1218887201103,628.633758999058,2104.1982940005255,1622.0
1789885890,50,POST,POST /api/v1/auth/refresh,0.000000,0.000000,0,0,0,0,0,0,0,0,0,0,0,150,0,25,28.633832166863915,18.447431997628883,82.49066000280436,1622.0
1789885890,50,,Aggregated,24.900000,0.000000,6,7,7,8,9,10,11,12,15,15,15,85782,0,6,8.73518733089553,3.0284199965535663,2104.1982940005255,6828.108752418922
1789885891,50,GET,GET /api/v1/reservas,16.900000,0.000000,7,8,8,8,10,10,12,15,20,20,20,64260,0,7,8.46417537990052,4.633864002244081,1957.275683998887,8965.0
1789885891,50,GET,GET /api/v1/reservas/{id},8.000000,0.000000,5,6,6,6,7,7,8,12,12,12,12,21342,0,5,6.222521077098163,3.0284199965535663,1521.0046399952262,442.0
1789885891,50,POST,POST /api/v1/auth/login,0.000000,0.000000,0,0,0,0,0,0,0,0,0,0,0,50,0,1300.0,1369.1218887201103,628.633758999058,2104.1982940005255,1622.0
1789885891,50,POST,POST /api/v1/auth/refresh,0.000000,0.000000,0,0,0,0,0,0,0,0,0,0,0,150,0,25,28.633832166863915,18.447431997628883,82.49066000280436,1622.0
1789885891,50,,Aggregated,24.900000,0.000000,6,7,8,8,9,10,12,13,20,20,20,85802,0,6,8.734762872670606,3.0284199965535663,2104.1982940005255,6827.911517214051
1789885892,50,GET,GET /api/v1/reservas,17.000000,0.000000,7,8,8,9,10,10,11,15,20,20,20,64282,0,7,8.46399926959965,4.633864002244081,1957.275683998887,8965.0
1789885892,50,GET,GET /api/v1/reservas/{id},8.000000,0.000000,5,6,6,6,7,7,9,12,12,12,12,21348,0,5,6.22256887537127,3.0284199965535663,1521.0046399952262,442.0
1789885892,50,POST,POST /api/v1/auth/login,0.000000,0.000000,0,0,0,0,0,0,0,0,0,0,0,50,0,1300.0,1369.1218887201103,628.633758999058,2104.1982940005255,1622.0
1789885892,50,POST,POST /api/v1/auth/refresh,0.000000,0.000000,0,0,0,0,0,0,0,0,0,0,0,150,0,25,28.633832166863915,18.447431997628883,82.49066000280436,1622.0
1789885892,50,,Aggregated,25.000000,0.000000,7,7,8,8,10,10,11,13,20,20,20,85830,0,6,8.734397887229145,3.0284199965535663,2104.1982940005255,6828.012885937318
1789885893,50,GET,GET /api/v1/reservas,17.300000,0.000000,7,8,8,9,10,10,11,15,20,20,20,64301,0,7,8.463690505177038,4.633864002244081,1957.275683998887,8965.0
1789885893,50,GET,GET /api/v1/reservas/{id},8.200000,0.000000,5,6,6,6,7,7,9,12,12,12,12,21351,0,5,6.222453035756082,3.0284199965535663,1521.0046399952262,442.0
1789885893,50,POST,POST /api/v1/auth/login,0.000000,0.000000,0,0,0,0,0,0,0,0,0,0,0,50,0,1300.0,1369.1218887201103,628.633758999058,2104.1982940005255,1622.0
1789885893,50,POST,POST /api/v1/auth/refresh,0.000000,0.000000,0,0,0,0,0,0,0,0,0,0,0,150,0,25,28.633832166863915,18.447431997628883,82.49066000280436,1622.0
1789885893,50,,Aggregated,25.500000,0.000000,7,7,8,8,9,10,11,13,20,20,20,85852,0,6,8.733990206411777,3.0284199965535663,2104.1982940005255,6828.262672972091
1789885894,50,GET,GET /api/v1/reservas,17.300000,0.000000,7,8,8,9,10,10,11,15,20,20,20,64321,0,7,8.46304408532818,4.633864002244081,1957.275683998887,8965.0
1789885894,50,GET,GET /api/v1/reservas/{id},7.200000,0.000000,5,6,6,6,7,7,9,12,12,12,12,21356,0,5,6.222097328030799,3.0284199965535663,1521.0046399952262,442.0
1789885894,50,POST,POST /api/v1/auth/login,0.000000,0.000000,0,0,0,0,0,0,0,0,0,0,0,50,0,1300.0,1369.1218887201103,628.633758999058,2104.1982940005255,1622.0
1789885894,50,POST,POST /api/v1/auth/refresh,0.000000,0.000000,0,0,0,0,0,0,0,0,0,0,0,150,0,25,28.633832166863915,18.447431997628883,82.49066000280436,1622.0
1789885894,50,,Aggregated,24.500000,0.000000,7,7,8,8,9,10,11,13,20,20,20,85877,0,6,8.733208407499873,3.0284199965535663,2104.1982940005255,6828.388474213119
1789885895,50,GET,GET /api/v1/reservas,18.000000,0.000000,7,8,8,8,10,10,11,15,20,20,20,64342,0,7,8.462559424891472,4.633864002244081,1957.275683998887,8965.0
1789885895,50,GET,GET /api/v1/reservas/{id},7.100000,0.000000,5,6,6,6,7,7,9,12,12,12,12,21360,0,5,6.2219345280630405,3.0284199965535663,1521.0046399952262,442.0
1789885895,50,POST,POST /api/v1/auth/login,0.000000,0.000000,0,0,0,0,0,0,0,0,0,0,0,50,0,1300.0,1369.1218887201103,628.633758999058,2104.1982940005255,1622.0
1789885895,50,POST,POST /api/v1/auth/refresh,0.000000,0.000000,0,0,0,0,0,0,0,0,0,0,0,150,0,25,28.633832166863915,18.447431997628883,82.49066000280436,1622.0
1789885895,50,,Aggregated,25.100000,0.000000,7,7,8,8,9,10,11,13,20,20,20,85902,0,6,8.732621933096329,3.0284199965535663,2104.1982940005255,6828.6134199436565
1789885896,50,GET,GET /api/v1/reservas,18.700000,0.000000,7,8,8,8,10,10,11,15,20,20,20,64356,0,7,8.4625260897411,4.633864002244081,1957.275683998887,8965.0
1789885896,50,GET,GET /api/v1/reservas/{id},6.900000,0.000000,5,6,6,6,7,7,10,12,12,12,12,21367,0,5,6.222077520167415,3.0284199965535663,1521.0046399952262,442.0
1789885896,50,POST,POST /api/v1/auth/login,0.000000,0.000000,0,0,0,0,0,0,0,0,0,0,0,50,0,1300.0,1369.1218887201103,628.633758999058,2104.1982940005255,1622.0
1789885896,50,POST,POST /api/v1/auth/refresh,0.000000,0.000000,0,0,0,0,0,0,0,0,0,0,0,150,0,25,28.633832166863915,18.447431997628883,82.49066000280436,1622.0
1789885896,50,,Aggregated,25.600000,0.000000,7,7,8,8,9,10,11,12,20,20,20,85923,0,6,8.732383979444885,3.0284199965535663,2104.1982940005255,6828.441208989444
1789885897,50,GET,GET /api/v1/reservas,18.500000,0.000000,7,8,8,8,9,10,11,15,20,20,20,64380,0,7,8.462099592410311,4.633864002244081,1957.275683998887,8965.0
1789885897,50,GET,GET /api/v1/reservas/{id},6.600000,0.000000,5,6,6,6,7,7,10,12,12,12,12,21371,0,5,6.22194749166706,3.0284199965535663,1521.0046399952262,442.0
1789885897,50,POST,POST /api/v1/auth/login,0.000000,0.000000,0,0,0,0,0,0,0,0,0,0,0,50,0,1300.0,1369.1218887201103,628.633758999058,2104.1982940005255,1622.0
1789885897,50,POST,POST /api/v1/auth/refresh,0.000000,0.000000,0,0,0,0,0,0,0,0,0,0,0,150,0,25,28.633832166863915,18.447431997628883,82.49066000280436,1622.0
1789885897,50,,Aggregated,25.100000,0.000000,7,7,8,8,9,10,11,12,20,20,20,85951,0,6,8.731840011923536,3.0284199965535663,2104.1982940005255,6828.7405847517775
1789885898,50,GET,GET /api/v1/reservas,18.500000,0.000000,7,8,8,9,9,10,11,15,20,20,20,64397,0,7,8.46182814668958,4.633864002244081,1957.275683998887,8965.0
1789885898,50,GET,GET /api/v1/reservas/{id},6.600000,0.000000,5,6,6,6,7,9,10,12,12,12,12,21377,0,5,6.221632802844441,3.0284199965535663,1521.0046399952262,442.0
1789885898,50,POST,POST /api/v1/auth/login,0.000000,0.000000,0,0,0,0,0,0,0,0,0,0,0,50,0,1300.0,1369.1218887201103,628.633758999058,2104.1982940005255,1622.0
1789885898,50,POST,POST /api/v1/auth/refresh,0.000000,0.000000,0,0,0,0,0,0,0,0,0,0,0,150,0,25,28.633832166863915,18.447431997628883,82.49066000280436,1622.0
1789885898,50,,Aggregated,25.100000,0.000000,7,8,8,8,9,10,11,12,20,20,20,85974,0,6,8.731329946842324,3.0284199965535663,2104.1982940005255,6828.717274990113
1789885899,50,GET,GET /api/v1/reservas,17.900000,0.000000,7,8,8,8,9,10,11,15,20,20,20,64411,0,7,8.461593492825083,4.633864002244081,1957.275683998887,8965.0
1789885899,50,GET,GET /api/v1/reservas/{id},6.600000,0.000000,6,6,6,6,7,9,10,12,12,12,12,21383,0,5,6.221699760295799,3.0284199965535663,1521.0046399952262,442.0
1789885899,50,POST,POST /api/v1/auth/login,0.000000,0.000000,0,0,0,0,0,0,0,0,0,0,0,50,0,1300.0,1369.1218887201103,628.633758999058,2104.1982940005255,1622.0
1789885899,50,POST,POST /api/v1/auth/refresh,0.000000,0.000000,0,0,0,0,0,0,0,0,0,0,0,150,0,25,28.633832166863915,18.447431997628883,82.49066000280436,1622.0
1789885899,50,,Aggregated,24.500000,0.000000,7,8,8,8,9,10,11,12,20,20,20,85994,0,6,8.730951853638727,3.0284199965535663,2104.1982940005255,6828.6194501942
1789885900,50,GET,GET /api/v1/reservas,18.400000,0.000000,7,8,8,8,9,10,12,20,27,27,27,64427,0,7,8.461953758119245,4.633864002244081,1957.275683998887,8965.0
1789885900,50,GET,GET /api/v1/reservas/{id},6.600000,0.000000,6,6,6,7,7,9,10,19,19,19,19,21391,0,5,6.2223146261240885,3.0284199965535663,1521.0046399952262,442.0
1789885900,50,POST,POST /api/v1/auth/login,0.000000,0.000000,0,0,0,0,0,0,0,0,0,0,0,50,0,1300.0,1369.1218887201103,628.633758999058,2104.1982940005255,1622.0
1789885900,50,POST,POST /api/v1/auth/refresh,0.000000,0.000000,0,0,0,0,0,0,0,0,0,0,0,150,0,25,28.633832166863915,18.447431997628883,82.49066000280436,1622.0
1789885900,50,,Aggregated,25.000000,0.000000,7,8,8,8,9,10,12,19,27,27,27,86018,0,6,8.731091122820999,3.0284199965535663,2104.1982940005255,6828.422853356275
1789885901,50,GET,GET /api/v1/reservas,18.800000,0.000000,7,8,8,8,9,10,12,21,27,27,27,64451,0,7,8.461912818658492,4.633864002244081,1957.275683998887,8965.0
1789885901,50,GET,GET /api/v1/reservas/{id},6.100000,0.000000,6,6,6,7,7,9,10,19,19,19,19,21396,0,5,6.2221338862598525,3.0284199965535663,1521.0046399952262,442.0
1789885901,50,POST,POST /api/v1/auth/login,0.000000,0.000000,0,0,0,0,0,0,0,0,0,0,0,50,0,1300.0,1369.1218887201103,628.633758999058,2104.1982940005255,1622.0
1789885901,50,POST,POST /api/v1/auth/refresh,0.000000,0.000000,0,0,0,0,0,0,0,0,0,0,0,150,0,25,28.633832166863915,18.447431997628883,82.49066000280436,1622.0
1789885901,50,,Aggregated,24.900000,0.000000,7,8,8,8,9,10,12,19,27,27,27,86047,0,6,8.730794669968992,3.0284199965535663,2104.1982940005255,6828.647680918568
1789885902,50,GET,GET /api/v1/reservas,18.100000,0.000000,8,8,8,9,9,11,14,21,27,27,27,64467,0,7,8.462079950491505,4.633864002244081,1957.275683998887,8965.0
1789885902,50,GET,GET /api/v1/reservas/{id},6.100000,0.000000,6,6,6,7,7,9,10,19,19,19,19,21400,0,5,6.222178074551997,3.0284199965535663,1521.0046399952262,442.0
1789885902,50,POST,POST /api/v1/auth/login,0.000000,0.000000,0,0,0,0,0,0,0,0,0,0,0,50,0,1300.0,1369.1218887201103,628.633758999058,2104.1982940005255,1622.0
1789885902,50,POST,POST /api/v1/auth/refresh,0.000000,0.000000,0,0,0,0,0,0,0,0,0,0,0,150,0,25,28.633832166863915,18.447431997628883,82.49066000280436,1622.0
1789885902,50,,Aggregated,24.200000,0.000000,7,8,8,8,9,10,14,19,27,27,27,86067,0,6,8.730764267661199,3.0284199965535663,2104.1982940005255,6828.748010271068
1789885903,50,GET,GET /api/v1/reservas,17.700000,0.000000,8,8,8,9,10,11,14,21,27,27,27,64481,0,7,8.462023189239508,4.633864002244081,1957.275683998887,8965.0
1789885903,50,GET,GET /api/v1/reservas/{id},5.600000,0.000000,6,6,6,7,7,9,10,19,19,19,19,21407,0,5,6.2220206227129236,3.0284199965535663,1521.0046399952262,442.0
1789885903,50,POST,POST /api/v1/auth/login,0.000000,0.000000,0,0,0,0,0,0,0,0,0,0,0,50,0,1300.0,1369.1218887201103,628.633758999058,2104.1982940005255,1622.0
1789885903,50,POST,POST /api/v1/auth/refresh,0.000000,0.000000,0,0,0,0,0,0,0,0,0,0,0,150,0,25,28.633832166863915,18.447431997628883,82.49066000280436,1622.0
1789885903,50,,Aggregated,23.300000,0.000000,7,8,8,8,9,11,14,19,27,27,27,86088,0,6,8.730434927014404,3.0284199965535663,2104.1982940005255,6828.576096552365
1789885904,50,GET,GET /api/v1/reservas,19.000000,0.000000,8,8,8,9,9,11,14,21,27,27,27,64505,0,7,8.4618755759141,4.633864002244081,1957.275683998887,8965.0
1789885904,50,GET,GET /api/v1/reservas/{id},5.400000,0.000000,6,6,6,7,7,9,10,19,19,19,19,21410,0,5,6.221941981757103,3.0284199965535663,1521.0046399952262,442.0
1789885904,50,POST,POST /api/v1/auth/login,0.000000,0.000000,0,0,0,0,0,0,0,0,0,0,0,50,0,1300.0,1369.1218887201103,628.633758999058,2104.1982940005255,1622.0
1789885904,50,POST,POST /api/v1/auth/refresh,0.000000,0.000000,0,0,0,0,0,0,0,0,0,0,0,150,0,25,28.633832166863915,18.447431997628883,82.49066000280436,1622.0
1789885904,50,,Aggregated,24.400000,0.000000,8,8,8,9,9,11,14,19,27,27,27,86115,0,6,8.730142612957161,3.0284199965535663,2104.1982940005255,6828.949021657087
1789885905,50,GET,GET /api/v1/reservas,18.500000,0.000000,8,8,9,9,10,11,14,21,27,27,27,64523,0,7,8.461648597916403,4.633864002244081,1957.275683998887,8965.0
1789885905,50,GET,GET /api/v1/reservas/{id},5.300000,0.000000,6,6,6,7,8,9,10,19,19,19,19,21420,0,5,6.221602191896741,3.0284199965535663,1521.0046399952262,442.0
1789885905,50,POST,POST /api/v1/auth/login,0.000000,0.000000,0,0,0,0,0,0,0,0,0,0,0,50,0,1300.0,1369.1218887201103,628.633758999058,2104.1982940005255,1622.0
1789885905,50,POST,POST /api/v1/auth/refresh,0.000000,0.000000,0,0,0,0,0,0,0,0,0,0,0,150,0,25,28.633832166863915,18.447431997628883,82.49066000280436,1622.0
1789885905,50,,Aggregated,23.800000,0.000000,8,8,8,9,9,11,14,19,27,27,27,86143,0,6,8.729540887766104,3.0284199965535663,2104.1982940005255,6828.653924288683
1789885906,50,GET,GET /api/v1/reservas,17.900000,0.000000,8,8,8,9,9,10,14,21,27,27,27,64538,0,7,8.461381652861016,4.633864002244081,1957.275683998887,8965.0
1789885906,50,GET,GET /api/v1/reservas/{id},5.500000,0.000000,6,6,6,6,7,8,9,19,19,19,19,21427,0,5,6.2215190136480505,3.0284199965535663,1521.0046399952262,442.0
1789885906,50,POST,POST /api/v1/auth/login,0.000000,0.000000,0,0,0,0,0,0,0,0,0,0,0,50,0,1300.0,1369.1218887201103,628.633758999058,2104.1982940005255,1622.0
1789885906,50,POST,POST /api/v1/auth/refresh,0.000000,0.000000,0,0,0,0,0,0,0,0,0,0,0,150,0,25,28.633832166863915,18.447431997628883,82.49066000280436,1622.0
1789885906,50,,Aggregated,23.400000,0.000000,8,8,8,8,9,10,14,19,27,27,27,86165,0,6,8.729069880796475,3.0284199965535663,2104.1982940005255,6828.506980792666
1789885907,50,GET,GET /api/v1/reservas,18.200000,0.000000,8,8,9,9,10,12,16,21,27,27,27,64559,0,7,8.461797495025463,4.633864002244081,1957.275683998887,8965.0
1789885907,50,GET,GET /api/v1/reservas/{id},5.500000,0.000000,6,6,6,7,7,8,10,19,19,19,19,21437,0,5,6.221637522947707,3.0284199965535663,1521.0046399952262,442.0
1789885907,50,POST,POST /api/v1/auth/login,0.000000,0.000000,0,0,0,0,0,0,0,0,0,0,0,50,0,1300.0,1369.1218887201103,628.633758999058,2104.1982940005255,1622.0
1789885907,50,POST,POST /api/v1/auth/refresh,0.000000,0.000000,0,0,0,0,0,0,0,0,0,0,0,150,0,25,28.633832166863915,18.447431997628883,82.49066000280436,1622.0
1789885907,50,,Aggregated,23.700000,0.000000,8,8,8,9,10,11,16,19,27,27,27,86196,0,6,8.729054681444916,3.0284199965535663,2104.1982940005255,6828.286567822172
1789885908,50,GET,GET /api/v1/reservas,18.100000,0.000000,8,8,9,9,10,12,16,21,27,27,27,64582,0,7,8.461355732175031,4.633864002244081,1957.275683998887,8965.0
1789885908,50,GET,GET /api/v1/reservas/{id},5.800000,0.000000,6,6,6,7,7,8,10,19,19,19,19,21440,0,5,6.221512215878267,3.0284199965535663,1521.0046399952262,442.0
1789885908,50,POST,POST /api/v1/auth/login,0.000000,0.000000,0,0,0,0,0,0,0,0,0,0,0,50,0,1300.0,1369.1218887201103,628.633758999058,2104.1982940005255,1622.0
1789885908,50,POST,POST /api/v1/auth/refresh,0.000000,0.000000,0,0,0,0,0,0,0,0,0,0,0,150,0,25,28.633832166863915,18.447431997628883,82.49066000280436,1622.0
1789885908,50,,Aggregated,23.900000,0.000000,8,8,8,9,10,11,16,19,27,27,27,86222,0,6,8.72853409877763,3.0284199965535663,2104.1982940005255,6828.634339263761
1789885909,50,GET,GET /api/v1/reservas,18.200000,0.000000,8,8,9,9,10,12,16,21,27,27,27,64595,0,7,8.461196889222569,4.633864002244081,1957.275683998887,8965.0
1789885909,50,GET,GET /api/v1/reservas/{id},5.900000,0.000000,6,6,6,7,7,8,10,19,19,19,19,21447,0,5,6.221335547369047,3.0284199965535663,1521.0046399952262,442.0
1789885909,50,POST,POST /api/v1/auth/login,0.000000,0.000000,0,0,0,0,0,0,0,0,0,0,0,50,0,1300.0,1369.1218887201103,628.633758999058,2104.1982940005255,1622.0
1789885909,50,POST,POST /api/v1/auth/refresh,0.000000,0.000000,0,0,0,0,0,0,0,0,0,0,0,150,0,25,28.633832166863915,18.447431997628883,82.49066000280436,1622.0
1789885909,50,,Aggregated,24.100000,0.000000,8,8,8,9,10,11,16,19,27,27,27,86242,0,6,8.728127429846284,3.0284199965535663,2104.1982940005255,6828.437988451103
1789885910,50,GET,GET /api/v1/reservas,17.900000,0.000000,8,8,9,9,10,12,14,18,21,21,21,64612,0,7,8.461264763129456,4.633864002244081,1957.275683998887,8965.0
1789885910,50,GET,GET /api/v1/reservas/{id},6.500000,0.000000,6,6,6,6,7,7,8,10,10,10,10,21454,0,5,6.221124094966913,3.0284199965535663,1521.0046399952262,442.0
1789885910,50,POST,POST /api/v1/auth/login,0.000000,0.000000,0,0,0,0,0,0,0,0,0,0,0,50,0,1300.0,1369.1218887201103,628.633758999058,2104.1982940005255,1622.0
1789885910,50,POST,POST /api/v1/auth/refresh,0.000000,0.000000,0,0,0,0,0,0,0,0,0,0,0,150,0,25,28.633832166863915,18.447431997628883,82.49066000280436,1622.0
1789885910,50,,Aggregated,24.400000,0.000000,8,8,8,9,10,11,13,14,21,21,21,86266,0,6,8.727869664407619,3.0284199965535663,2104.1982940005255,6828.340806343171
1789885911,50,GET,GET /api/v1/reservas,18.400000,0.000000,8,8,9,9,10,12,14,18,33,33,33,64628,0,7,8.461665130753495,4.633864002244081,1957.275683998887,8965.0
1789885911,50,GET,GET /api/v1/reservas/{id},6.200000,0.000000,6,6,6,6,7,8,10,24,24,24,24,21460,0,5,6.221877373738432,3.0284199965535663,1521.0046399952262,442.0
1789885911,50,POST,POST /api/v1/auth/login,0.000000,0.000000,0,0,0,0,0,0,0,0,0,0,0,50,0,1300.0,1369.1218887201103,628.633758999058,2104.1982940005255,1622.0
1789885911,50,POST,POST /api/v1/auth/refresh,0.000000,0.000000,0,0,0,0,0,0,0,0,0,0,0,150,0,25,28.633832166863915,18.447431997628883,82.49066000280436,1622.0
1789885911,50,,Aggregated,24.600000,0.000000,8,8,8,9,10,12,14,18,33,33,33,86288,0,6,8.728133132901574,3.0284199965535663,2104.1982940005255,6828.292926015205
1789885912,50,GET,GET /api/v1/reservas,18.600000,0.000000,8,8,9,9,10,11,14,18,33,33,33,64653,0,7,8.46114873157246,4.633864002244081,1957.275683998887,8965.0
1789885912,50,GET,GET /api/v1/reservas/{id},6.300000,0.000000,6,6,6,6,7,7,10,24,24,24,24,21466,0,5,6.221700008358507,3.0284199965535663,1521.0046399952262,442.0
1789885912,50,POST,POST /api/v1/auth/login,0.000000,0.000000,0,0,0,0,0,0,0,0,0,0,0,50,0,1300.0,1369.1218887201103,628.633758999058,2104.1982940005255,1622.0
1789885912,50,POST,POST /api/v1/auth/refresh,0.000000,0.000000,0,0,0,0,0,0,0,0,0,0,0,150,0,25,28.633832166863915,18.447431997628883,82.49066000280436,1622.0
1789885912,50,,Aggregated,24.900000,0.000000,7,8,8,9,10,11,14,18,33,33,33,86319,0,6,8.727450857665465,3.0284199965535663,2104.1982940005255,6828.46785759798
1789885913,50,GET,GET /api/v1/reservas,18.800000,0.000000,8,8,9,9,10,12,14,18,33,33,33,64672,0,7,8.46100908760149,4.633864002244081,1957.275683998887,8965.0
1789885913,50,GET,GET /api/v1/reservas/{id},6.300000,0.000000,6,6,6,6,7,7,10,24,24,24,24,21473,0,5,6.2213996321155,3.0284199965535663,1521.0046399952262,442.0
1789885913,50,POST,POST /api/v1/auth/login,0.000000,0.000000,0,0,0,0,0,0,0,0,0,0,0,50,0,1300.0,1369.1218887201103,628.633758999058,2104.1982940005255,1622.0
1789885913,50,POST,POST /api/v1/auth/refresh,0.000000,0.000000,0,0,0,0,0,0,0,0,0,0,0,150,0,25,28.633832166863915,18.447431997628883,82.49066000280436,1622.0
1789885913,50,,Aggregated,25.100000,0.000000,7,8,8,9,10,11,14,18,33,33,33,86345,0,6,8.727009824249544,3.0284199965535663,2104.1982940005255,6828.420244368522
1789885914,50,GET,GET /api/v1/reservas,17.700000,0.000000,8,8,9,9,10,12,14,18,33,33,33,64686,0,7,8.460908015804769,4.633864002244081,1957.275683998887,8965.0
1789885914,50,GET,GET /api/v1/reservas/{id},6.400000,0.000000,6,6,6,7,7,8,10,24,24,24,24,21481,0,5,6.221349324864361,3.0284199965535663,1521.0046399952262,442.0
1789885914,50,POST,POST /api/v1/auth/login,0.000000,0.000000,0,0,0,0,0,0,0,0,0,0,0,50,0,1300.0,1369.1218887201103,628.633758999058,2104.1982940005255,1622.0
1789885914,50,POST,POST /api/v1/auth/refresh,0.000000,0.000000,0,0,0,0,0,0,0,0,0,0,0,150,0,25,28.633832166863915,18.447431997628883,82.49066000280436,1622.0
1789885914,50,,Aggregated,24.100000,0.000000,7,8,8,8,10,11,14,18,33,33,33,86367,0,6,8.726646404515684,3.0284199965535663,2104.1982940005255,6828.175020551831
1789885915,50,GET,GET /api/v1/reservas,18.400000,0.000000,8,8,9,9,11,12,14,18,33,33,33,64710,0,7,8.460585661185876,4.633864002244081,1957.275683998887,8965.0
1789885915,50,GET,GET /api/v1/reservas/{id},6.600000,0.000000,6,6,6,6,7,8,10,24,24,24,24,21488,0,5,6.220950945616809,3.0284199965535663,1521.0046399952262,442.0
1789885915,50,POST,POST /api/v1/auth/login,0.000000,0.000000,0,0,0,0,0,0,0,0,0,0,0,50,0,1300.0,1369.1218887201103,628.633758999058,2104.1982940005255,1622.0
1789885915,50,POST,POST /api/v1/auth/refresh,0.000000,0.000000,0,0,0,0,0,0,0,0,0,0,0,150,0,25,28.633832166863915,18.447431997628883,82.49066000280436,1622.0
1789885915,50,,Aggregated,25.000000,0.000000,7,8,8,9,10,11,14,18,33,33,33,86398,0,6,8.726029089976615,3.0284199965535663,2104.1982940005255,6828.251186370055
1789885916,50,GET,GET /api/v1/reservas,19.000000,0.000000,8,8,9,9,11,12,14,18,33,33,33,64723,0,7,8.460352899221803,4.633864002244081,1957.275683998887,8965.0
1789885916,50,GET,GET /api/v1/reservas/{id},6.600000,0.000000,6,6,6,6,7,8,10,24,24,24,24,21492,0,5,6.220786717123157,3.0284199965535663,1521.0046399952262,442.0
1789885916,50,POST,POST /api/v1/auth/login,0.000000,0.000000,0,0,0,0,0,0,0,0,0,0,0,50,0,1300.0,1369.1218887201103,628.633758999058,2104.1982940005255,1622.0
1789885916,50,POST,POST /api/v1/auth/refresh,0.000000,0.000000,0,0,0,0,0,0,0,0,0,0,0,150,0,25,28.633832166863915,18.447431997628883,82.49066000280436,1622.0
1789885916,50,,Aggregated,25.600000,0.000000,7,8,8,9,10,11,14,18,33,33,33,86415,0,6,8.725658023280582,3.0284199965535663,2104.1982940005255,6828.277023664873
1789885917,50,GET,GET /api/v1/reservas,18.200000,0.000000,8,8,9,9,10,11,14,14,33,33,33,64743,0,7,8.460415472519495,4.633864002244081,1957.275683998887,8965.0
1789885917,50,GET,GET /api/v1/reservas/{id},7.000000,0.000000,6,6,6,6,7,8,9,24,24,24,24,21501,0,5,6.220741067503987,3.0284199965535663,1521.0046399952262,442.0
1789885917,50,POST,POST /api/v1/auth/login,0.000000,0.000000,0,0,0,0,0,0,0,0,0,0,0,50,0,1300.0,1369.1218887201103,628.633758999058,2104.1982940005255,1622.0
1789885917,50,POST,POST /api/v1/auth/refresh,0.000000,0.000000,0,0,0,0,0,0,0,0,0,0,0,150,0,25,28.633832166863915,18.447431997628883,82.49066000280436,1622.0
1789885917,50,,Aggregated,25.200000,0.000000,7,8,8,9,10,11,14,14,33,33,33,86444,0,6,8.725371360543022,3.0284199965535663,2104.1982940005255,6828.106485123317
1789885918,50,GET,GET /api/v1/reservas,18.600000,0.000000,7,8,8,9,10,11,14,14,33,33,33,64765,0,7,8.459847166190622,4.633864002244081,1957.275683998887,8965.0
1789885918,50,GET,GET /api/v1/reservas/{id},6.800000,0.000000,6,6,6,6,7,8,9,24,24,24,24,21507,0,5,6.220353543935002,3.0284199965535663,1521.0046399952262,442.0
1789885918,50,POST,POST /api/v1/auth/login,0.000000,0.000000,0,0,0,0,0,0,0,0,0,0,0,50,0,1300.0,1369.1218887201103,628.633758999058,2104.1982940005255,1622.0
1789885918,50,POST,POST /api/v1/auth/refresh,0.000000,0.000000,0,0,0,0,0,0,0,0,0,0,0,150,0,25,28.633832166863915,18.447431997628883,82.49066000280436,1622.0
1789885918,50,,Aggregated,25.400000,0.000000,7,8,8,8,9,11,14,14,33,33,33,86472,0,6,8.724608134989293,3.0284199965535663,2104.1982940005255,6828.207038116385
1789885919,50,GET,GET /api/v1/reservas,18.500000,0.000000,7,8,8,9,10,11,14,14,33,33,33,64778,0,7,8.459606367244023,4.633864002244081,1957.275683998887,8965.0
1789885919,50,GET,GET /api/v1/reservas/{id},6.500000,0.000000,5,6,6,6,7,8,9,24,24,24,24,21513,0,5,6.220016562516583,3.0284199965535663,1521.0046399952262,442.0
1789885919,50,POST,POST /api/v1/auth/login,0.000000,0.000000,0,0,0,0,0,0,0,0,0,0,0,50,0,1300.0,1369.1218887201103,628.633758999058,2104.1982940005255,1622.0
1789885919,50,POST,POST /api/v1/auth/refresh,0.000000,0.000000,0,0,0,0,0,0,0,0,0,0,0,150,0,25,28.633832166863915,18.447431997628883,82.49066000280436,1622.0
1789885919,50,,Aggregated,25.000000,0.000000,7,8,8,8,9,11,14,14,33,33,33,86491,0,6,8.724130450888543,3.0284199965535663,2104.1982940005255,6828.085188054249
1789885920,50,GET,GET /api/v1/reservas,18.400000,0.000000,7,8,8,8,10,11,14,22,33,33,33,64802,0,7,8.459518808668358,4.633864002244081,1957.275683998887,8965.0
1789885920,50,GET,GET /api/v1/reservas/{id},6.400000,0.000000,6,6,6,6,7,8,14,24,24,24,24,21517,0,5,6.220378801524904,3.0284199965535663,1521.0046399952262,442.0
1789885920,50,POST,POST /api/v1/auth/login,0.000000,0.000000,0,0,0,0,0,0,0,0,0,0,0,50,0,1300.0,1369.1218887201103,628.633758999058,2104.1982940005255,1622.0
1789885920,50,POST,POST /api/v1/auth/refresh,0.000000,0.000000,0,0,0,0,0,0,0,0,0,0,0,150,0,25,28.633832166863915,18.447431997628883,82.49066000280436,1622.0
1789885920,50,,Aggregated,24.800000,0.000000,7,8,8,8,9,11,14,22,33,33,33,86519,0,6,8.723965808351771,3.0284199965535663,2104.1982940005255,6828.382713623597
1789885921,50,GET,GET /api/v1/reservas,18.200000,0.000000,7,8,8,9,10,11,12,15,22,22,22,64822,0,7,8.459681363785444,4.633864002244081,1957.275683998887,8965.0
1789885921,50,GET,GET /api/v1/reservas/{id},6.700000,0.000000,5,6,6,6,7,8,9,14,14,14,14,21523,0,5,6.220339695832396,3.0284199965535663,1521.0046399952262,442.0
1789885921,50,POST,POST /api/v1/auth/login,0.000000,0.000000,0,0,0,0,0,0,0,0,0,0,0,50,0,1300.0,1369.1218887201103,628.633758999058,2104.1982940005255,1622.0
1789885921,50,POST,POST /api/v1/auth/refresh,0.000000,0.000000,0,0,0,0,0,0,0,0,0,0,0,150,0,25,28.633832166863915,18.447431997628883,82.49066000280436,1622.0
1789885921,50,,Aggregated,24.900000,0.000000,7,8,8,8,9,11,12,14,22,22,22,86545,0,6,8.723843155557791,3.0284199965535663,2104.1982940005255,6828.433716563637
1789885922,50,GET,GET /api/v1/reservas,18.100000,0.000000,8,8,8,9,10,11,12,15,22,22,22,64842,0,7,8.459555047813204,4.633864002244081,1957.275683998887,8965.0
1789885922,50,GET,GET /api/v1/reservas/{id},6.600000,0.000000,5,6,6,6,7,8,9,14,14,14,14,21528,0,5,6.220033602953983,3.0284199965535663,1521.0046399952262,442.0
1789885922,50,POST,POST /api/v1/auth/login,0.000000,0.000000,0,0,0,0,0,0,0,0,0,0,0,50,0,1300.0,1369.1218887201103,628.633758999058,2104.1982940005255,1622.0
1789885922,50,POST,POST /api/v1/auth/refresh,0.000000,0.000000,0,0,0,0,0,0,0,0,0,0,0,150,0,25,28.633832166863915,18.447431997628883,82.49066000280436,1622.0
1789885922,50,,Aggregated,24.700000,0.000000,7,8,8,8,10,11,12,14,22,22,22,86570,0,6,8.723466802307328,3.0284199965535663,2104.1982940005255,6828.558461360749
1789885923,50,GET,GET /api/v1/reservas,18.800000,0.000000,8,8,9,9,10,11,12,15,22,22,22,64865,0,7,8.45956997691053,4.633864002244081,1957.275683998887,8965.0
1789885923,50,GET,GET /api/v1/reservas/{id},6.200000,0.000000,5,6,6,7,8,8,9,14,14,14,14,21531,0,5,6.220080453968388,3.0284199965535663,1521.0046399952262,442.0
1789885923,50,POST,POST /api/v1/auth/login,0.000000,0.000000,0,0,0,0,0,0,0,0,0,0,0,50,0,1300.0,1369.1218887201103,628.633758999058,2104.1982940005255,1622.0
1789885923,50,POST,POST /api/v1/auth/refresh,0.000000,0.000000,0,0,0,0,0,0,0,0,0,0,0,150,0,25,28.633832166863915,18.447431997628883,82.49066000280436,1622.0
1789885923,50,,Aggregated,25.000000,0.000000,7,8,8,9,10,11,12,14,22,22,22,86596,0,6,8.723332810611842,3.0284199965535663,2104.1982940005255,6828.904649175482
1789885924,50,GET,GET /api/v1/reservas,19.300000,0.000000,8,8,9,9,10,11,14,15,22,22,22,64879,0,7,8.459416699629987,4.633864002244081,1957.275683998887,8965.0
1789885924,50,GET,GET /api/v1/reservas/{id},6.300000,0.000000,5,6,6,6,8,9,9,14,14,14,14,21539,0,5,6.220005042638655,3.0284199965535663,1521.0046399952262,442.0
1789885924,50,POST,POST /api/v1/auth/login,0.000000,0.000000,0,0,0,0,0,0,0,0,0,0,0,50,0,1300.0,1369.1218887201103,628.633758999058,2104.1982940005255,1622.0
1789885924,50,POST,POST /api/v1/auth/refresh,0.000000,0.000000,0,0,0,0,0,0,0,0,0,0,0,150,0,25,28.633832166863915,18.447431997628883,82.49066000280436,1622.0
1789885924,50,,Aggregated,25.600000,0.000000,7,8,8,9,10,11,14,15,22,22,22,86618,0,6,8.722925418847536,3.0284199965535663,2104.1982940005255,6828.660012930338
1789885925,50,GET,GET /api/v1/reservas,19.100000,0.000000,7,8,8,9,10,11,14,15,22,22,22,64898,0,7,8.458953648144696,4.633864002244081,1957.275683998887,8965.0
1789885925,50,GET,GET /api/v1/reservas/{id},6.100000,0.000000,5,6,6,6,8,9,9,14,14,14,14,21548,0,5,6.219528501735019,3.0284199965535663,1521.0046399952262,442.0
1789885925,50,POST,POST /api/v1/auth/login,0.000000,0.000000,0,0,0,0,0,0,0,0,0,0,0,50,0,1300.0,1369.1218887201103,628.633758999058,2104.1982940005255,1622.0
1789885925,50,POST,POST /api/v1/auth/refresh,0.000000,0.000000,0,0,0,0,0,0,0,0,0,0,0,150,0,25,28.633832166863915,18.447431997628883,82.49066000280436,1622.0
1789885925,50,,Aggregated,25.200000,0.000000,7,8,8,8,10,11,14,15,22,22,22,86646,0,6,8.722142317864973,3.0284199965535663,2104.1982940005255,6828.465087828636
1789885926,50,GET,GET /api/v1/reservas,19.300000,0.000000,7,8,8,9,10,11,14,15,22,22,22,64921,0,7,8.458544304097067,4.633864002244081,1957.275683998887,8965.0
1789885926,50,GET,GET /api/v1/reservas/{id},5.800000,0.000000,5,6,6,6,7,8,9,14,14,14,14,21553,0,5,6.219349874327295,3.0284199965535663,1521.0046399952262,442.0
1789885926,50,POST,POST /api/v1/auth/login,0.000000,0.000000,0,0,0,0,0,0,0,0,0,0,0,50,0,1300.0,1369.1218887201103,628.633758999058,2104.1982940005255,1622.0
1789885926,50,POST,POST /api/v1/auth/refresh,0.000000,0.000000,0,0,0,0,0,0,0,0,0,0,0,150,0,25,28.633832166863915,18.447431997628883,82.49066000280436,1622.0
1789885926,50,,Aggregated,25.100000,0.000000,7,8,8,8,10,11,12,15,22,22,22,86674,0,6,8.721577080424458,3.0284199965535663,2104.1982940005255,6828.663624616379
1789885927,50,GET,GET /api/v1/reservas,19.400000,0.000000,7,8,8,8,10,11,14,15,22,22,22,64935,0,7,8.458378159332785,4.633864002244081,1957.275683998887,8965.0
1789885927,50,GET,GET /api/v1/reservas/{id},5.900000,0.000000,5,6,6,6,7,9,9,14,14,14,14,21559,0,5,6.219353480095327,3.0284199965535663,1521.0046399952262,442.0
1789885927,50,POST,POST /api/v1/auth/login,0.000000,0.000000,0,0,0,0,0,0,0,0,0,0,0,50,0,1300.0,1369.1218887201103,628.633758999058,2104.1982940005255,1622.0
1789885927,50,POST,POST /api/v1/auth/refresh,0.000000,0.000000,0,0,0,0,0,0,0,0,0,0,0,150,0,25,28.633832166863915,18.447431997628883,82.49066000280436,1622.0
1789885927,50,,Aggregated,25.300000,0.000000,7,8,8,8,9,11,14,15,22,22,22,86694,0,6,8.72123787937686,3.0284199965535663,2104.1982940005255,6828.566602071654
1789885928,50,GET,GET /api/v1/reservas,18.800000,0.000000,7,8,8,9,10,11,14,15,22,22,22,64958,0,7,8.457974310435569,4.633864002244081,1957.275683998887,8965.0
1789885928,50,GET,GET /api/v1/reservas/{id},6.100000,0.000000,5,6,6,6,7,9,9,14,14,14,14,21562,0,5,6.219170619162245,3.0284199965535663,1521.0046399952262,442.0
1789885928,50,POST,POST /api/v1/auth/login,0.000000,0.000000,0,0,0,0,0,0,0,0,0,0,0,50,0,1300.0,1369.1218887201103,628.633758999058,2104.1982940005255,1622.0
1789885928,50,POST,POST /api/v1/auth/refresh,0.000000,0.000000,0,0,0,0,0,0,0,0,0,0,0,150,0,25,28.633832166863915,18.447431997628883,82.49066000280436,1622.0
1789885928,50,,Aggregated,24.900000,0.000000,7,8,8,8,9,11,14,15,22,22,22,86720,0,6,8.720733641705467,3.0284199965535663,2104.1982940005255,6828.912292435424
1789885929,50,GET,GET /api/v1/reservas,19.900000,0.000000,7,8,8,9,10,11,12,15,22,22,22,64980,0,7,8.457614632429717,4.633864002244081,1957.275683998887,8965.0
1789885929,50,GET,GET /api/v1/reservas/{id},6.100000,0.000000,5,6,6,6,7,9,9,14,14,14,14,21568,0,5,6.21870557744723,3.0284199965535663,1521.0046399952262,442.0
1789885929,50,POST,POST /api/v1/auth/login,0.000000,0.000000,0,0,0,0,0,0,0,0,0,0,0,50,0,1300.0,1369.1218887201103,628.633758999058,2104.1982940005255,1622.0
1789885929,50,POST,POST /api/v1/auth/refresh,0.000000,0.000000,0,0,0,0,0,0,0,0,0,0,0,150,0,25,28.633832166863915,18.447431997628883,82.49066000280436,1622.0
1789885929,50,,Aggregated,26.000000,0.000000,7,8,8,8,10,11,12,15,22,22,22,86748,0,6,8.720108935891467,3.0284199965535663,2104.1982940005255,6829.012265412459
1789885930,50,GET,GET /api/v1/reservas,19.200000,0.000000,7,8,8,9,10,11,12,14,15,15,15,64996,0,7,8.45731463453548,4.633864002244081,1957.275683998887,8965.0
1789885930,50,GET,GET /api/v1/reservas/{id},5.800000,0.000000,5,6,6,6,7,8,9,9,9,9,9,21576,0,5,6.218410641610484,3.0284199965535663,1521.0046399952262,442.0
1789885930,50,POST,POST /api/v1/auth/login,0.000000,0.000000,0,0,0,0,0,0,0,0,0,0,0,50,0,1300.0,1369.1218887201103,628.633758999058,2104.1982940005255,1622.0
1789885930,50,POST,POST /api/v1/auth/refresh,0.000000,0.000000,0,0,0,0,0,0,0,0,0,0,0,150,0,25,28.633832166863915,18.447431997628883,82.49066000280436,1622.0
1789885930,50,,Aggregated,25.000000,0.000000,7,8,8,8,9,11,11,12,15,15,15,86772,0,6,8.719531868007003,3.0284199965535663,2104.1982940005255,6828.817268243212
1789885931,50,GET,GET /api/v1/reservas,19.500000,0.000000,7,8,8,9,10,11,14,15,22,22,22,65020,0,7,8.45772546013983,4.633864002244081,1957.275683998887,8965.0
1789885931,50,GET,GET /api/v1/reservas/{id},5.500000,0.000000,5,6,6,6,7,9,9,47,47,47,47,21580,0,5,6.2203274135951565,3.0284199965535663,1521.0046399952262,442.0
1789885931,50,POST,POST /api/v1/auth/login,0.000000,0.000000,0,0,0,0,0,0,0,0,0,0,0,50,0,1300.0,1369.1218887201103,628.633758999058,2104.1982940005255,1622.0
1789885931,50,POST,POST /api/v1/auth/refresh,0.000000,0.000000,0,0,0,0,0,0,0,0,0,0,0,150,0,25,28.633832166863915,18.447431997628883,82.49066000280436,1622.0
1789885931,50,,Aggregated,25.000000,0.000000,7,8,8,8,10,11,13,15,47,47,47,86800,0,6,8.72012839014658,3.0284199965535663,2104.1982940005255,6829.113594470046
1789885932,50,GET,GET /api/v1/reservas,20.300000,0.000000,7,8,8,8,10,11,14,15,22,22,22,65043,0,7,8.45742608662395,4.633864002244081,1957.275683998887,8965.0
1789885932,50,GET,GET /api/v1/reservas/{id},5.400000,0.000000,6,6,6,6,7,9,9,47,47,47,47,21585,0,5,6.2203159206115375,3.0284199965535663,1521.0046399952262,442.0
1789885932,50,POST,POST /api/v1/auth/login,0.000000,0.000000,0,0,0,0,0,0,0,0,0,0,0,50,0,1300.0,1369.1218887201103,628.633758999058,2104.1982940005255,1622.0
1789885932,50,POST,POST /api/v1/auth/refresh,0.000000,0.000000,0,0,0,0,0,0,0,0,0,0,0,151,0,25,28.723984079675237,18.447431997628883,82.49066000280436,1622.0
1789885932,50,,Aggregated,25.700000,0.000000,7,8,8,8,9,11,14,22,47,47,47,86829,0,6,8.720073939936322,3.0284199965535663,2104.1982940005255,6829.25159796842
1789885933,50,GET,GET /api/v1/reservas,19.400000,0.000000,7,8,8,8,9,11,13,15,22,22,22,65057,0,7,8.457352578512207,4.633864002244081,1957.275683998887,8965.0
1789885933,50,GET,GET /api/v1/reservas/{id},5.900000,0.000000,6,6,6,6,7,7,9,47,47,47,47,21592,0,5,6.220189310827368,3.0284199965535663,1521.0046399952262,442.0
1789885933,50,POST,POST /api/v1/auth/login,0.000000,0.000000,0,0,0,0,0,0,0,0,0,0,0,50,0,1300.0,1369.1218887201103,628.633758999058,2104.1982940005255,1622.0
1789885933,50,POST,POST /api/v1/auth/refresh,0.000000,0.000000,42,42,42,42,42,42,42,42,42,42,42,152,0,25,28.710651506739133,18.447431997628883,82.49066000280436,1622.0
1789885933,50,,Aggregated,25.300000,0.000000,7,8,8,8,9,11,15,27,47,47,47,86851,0,6,8.719950579322012,3.0284199965535663,2104.1982940005255,6829.021116625025
1789885934,50,GET,GET /api/v1/reservas,19.800000,0.000000,7,8,8,8,10,12,15,22,38,38,38,65076,0,7,8.457951994917941,4.633864002244081,1957.275683998887,8965.0
1789885934,50,GET,GET /api/v1/reservas/{id},5.700000,0.000000,6,6,6,6,7,7,9,47,47,47,47,21598,0,5,6.220005479090196,3.0284199965535663,1521.0046399952262,442.0
1789885934,50,POST,POST /api/v1/auth/login,0.000000,0.000000,0,0,0,0,0,0,0,0,0,0,0,50,0,1300.0,1369.1218887201103,628.633758999058,2104.1982940005255,1622.0
1789885934,50,POST,POST /api/v1/auth/refresh,0.000000,0.000000,31,34,42,48,96,96,96,96,96,96,96,159,0,26,29.27653199387934,18.447431997628883,95.92785300628748,1622.0
1789885934,50,,Aggregated,25.500000,0.000000,7,8,8,8,11,15,34,47,96,96,96,86883,0,6,8.722769993919584,3.0284199965535663,2104.1982940005255,6828.627625657494
1789885935,50,GET,GET /api/v1/reservas,19.900000,0.000000,8,8,8,9,10,13,15,22,38,38,38,65096,0,7,8.457849487745467,4.633864002244081,1957.275683998887,8965.0
1789885935,50,GET,GET /api/v1/reservas/{id},5.800000,0.000000,6,6,6,6,7,7,9,47,47,47,47,21605,0,5,6.219854257227407,3.0284199965535663,1521.0046399952262,442.0
1789885935,50,POST,POST /api/v1/auth/login,0.000000,0.000000,0,0,0,0,0,0,0,0,0,0,0,50,0,1300.0,1369.1218887201103,628.633758999058,2104.1982940005255,1622.0
1789885935,50,POST,POST /api/v1/auth/refresh,0.100000,0.000000,28,31,34,34,48,96,96,96,96,96,96,167,0,26,29.10381139542393,18.447431997628883,95.92785300628748,1622.0
1789885935,50,,Aggregated,25.800000,0.000000,7,8,8,9,13,25,34,47,96,96,96,86918,0,6,8.72395306404578,3.0284199965535663,2104.1982940005255,6828.1256356565955
1789885936,50,GET,GET /api/v1/reservas,19.300000,0.000000,8,8,8,9,11,13,15,22,38,38,38,65110,0,7,8.45768089220199,4.633864002244081,1957.275683998887,8965.0
1789885936,50,GET,GET /api/v1/reservas/{id},6.100000,0.000000,6,6,6,6,7,7,9,47,47,47,47,21613,0,5,6.219657292851449,3.0284199965535663,1521.0046399952262,442.0
1789885936,50,POST,POST /api/v1/auth/login,0.000000,0.000000,0,0,0,0,0,0,0,0,0,0,0,50,0,1300.0,1369.1218887201103,628.633758999058,2104.1982940005255,1622.0
1789885936,50,POST,POST /api/v1/auth/refresh,0.200000,0.000000,27,29,31,34,42,48,96,96,96,96,96,172,0,25,28.93965933160575,18.447431997628883,95.92785300628748,1622.0
1789885936,50,,Aggregated,25.600000,0.000000,7,8,8,9,15,26,34,47,96,96,96,86945,0,6,8.72435185235177,3.0284199965535663,2104.1982940005255,6827.582724711025
1789885937,50,GET,GET /api/v1/reservas,19.500000,0.000000,8,8,8,9,11,13,15,22,38,38,38,65125,0,7,8.457723441478208,4.633864002244081,1957.275683998887,8965.0
1789885937,50,GET,GET /api/v1/reservas/{id},5.800000,0.000000,6,6,6,6,7,7,7,47,47,47,47,21618,0,5,6.219642690646887,3.0284199965535663,1521.0046399952262,442.0
1789885937,50,POST,POST /api/v1/auth/login,0.000000,0.000000,0,0,0,0,0,0,0,0,0,0,0,50,0,1300.0,1369.1218887201103,628.633758999058,2104.1982940005255,1622.0
1789885937,50,POST,POST /api/v1/auth/refresh,0.900000,0.000000,28,31,34,36,43,48,96,96,96,96,96,178,0,26,29.066769123826898,18.447431997628883,95.92785300628748,1622.0
1789885937,50,,Aggregated,26.200000,0.000000,7,8,9,10,22,29,42,47,96,96,96,86971,0,6,8.725844869585638,3.0284199965535663,2104.1982940005255,6827.225132515437
1789885938,50,GET,GET /api/v1/reservas,19.800000,0.000000,8,8,9,9,11,13,15,22,38,38,38,65146,0,7,8.457704754877868,4.633864002244081,1957.275683998887,8965.0
1789885938,50,GET,GET /api/v1/reservas/{id},5.600000,0.000000,6,6,6,6,7,7,10,47,47,47,47,21627,0,5,6.219600896907017,3.0284199965535663,1521.0046399952262,442.0
1789885938,50,POST,POST /api/v1/auth/login,0.000000,0.000000,0,0,0,0,0,0,0,0,0,0,0,50,0,1300.0,1369.1218887201103,628.633758999058,2104.1982940005255,1622.0
1789885938,50,POST,POST /api/v1/auth/refresh,1.700000,0.000000,26,29,34,34,43,48,96,96,96,96,96,190,0,26,28.924365416031307,18.447431997628883,95.92785300628748,1622.0
1789885938,50,,Aggregated,27.100000,0.000000,8,8,9,12,25,31,42,47,96,96,96,87013,0,6,8.727990833826514,3.0284199965535663,2104.1982940005255,6826.362773378691
1789885939,50,GET,GET /api/v1/reservas,18.800000,0.000000,8,8,9,9,11,13,15,22,38,38,38,65163,0,7,8.45743299395822,4.633864002244081,1957.275683998887,8965.0
1789885939,50,GET,GET /api/v1/reservas/{id},6.000000,0.000000,6,6,6,6,7,7,10,47,47,47,47,21635,0,5,6.219206494448703,3.0284199965535663,1521.0046399952262,442.0
1789885939,50,POST,POST /api/v1/auth/login,0.000000,0.000000,0,0,0,0,0,0,0,0,0,0,0,50,0,1300.0,1369.1218887201103,628.633758999058,2104.1982940005255,1622.0
1789885939,50,POST,POST /api/v1/auth/refresh,2.200000,0.000000,26,29,31,34,42,43,96,96,96,96,96,194,0,25,28.76589076827399,18.447431997628883,95.92785300628748,1622.0
1789885939,50,,Aggregated,27.000000,0.000000,8,8,10,12,24,31,42,47,96,96,96,87042,0,6,8.727980928031997,3.0284199965535663,2104.1982940005255,6825.954516210565
1789885940,50,GET,GET /api/v1/reservas,19.000000,0.000000,8,8,9,9,11,13,15,22,38,38,38,65179,0,7,8.45743610859788,4.633864002244081,1957.275683998887,8965.0
1789885940,50,GET,GET /api/v1/reservas/{id},5.900000,0.000000,6,6,6,6,7,7,10,47,47,47,47,21640,0,5,6.219137276220291,3.0284199965535663,1521.0046399952262,442.0
1789885940,50,POST,POST /api/v1/auth/login,0.000000,0.000000,0,0,0,0,0,0,0,0,0,0,0,50,0,1300.0,1369.1218887201103,628.633758999058,2104.1982940005255,1622.0
1789885940,50,POST,POST /api/v1/auth/refresh,2.800000,0.000000,26,29,31,34,42,43,96,96,96,96,96,197,0,25,28.7236431575892,18.447431997628883,95.92785300628748,1622.0
1789885940,50,,Aggregated,27.700000,0.000000,8,9,10,13,25,31,42,47,96,96,96,87066,0,6,8.728367111361175,3.0284199965535663,2104.1982940005255,6825.8016791859045
1789885941,50,GET,GET /api/v1/reservas,18.700000,0.000000,8,8,9,9,11,13,18,28,38,38,38,65195,0,7,8.457938770247416,4.633864002244081,1957.275683998887,8965.0
1789885941,50,GET,GET /api/v1/reservas/{id},6.500000,0.000000,6,6,6,6,7,7,7,10,10,10,10,21644,0,5,6.21911022613242,3.0284199965535663,1521.0046399952262,442.0
1789885941,50,POST,POST /api/v1/auth/login,0.000000,0.000000,0,0,0,0,0,0,0,0,0,0,0,50,0,1300.0,1369.1218887201103,628.633758999058,2104.1982940005255,1622.0
1789885941,50,POST,POST /api/v1/auth/refresh,4.000000,0.000000,25,28,31,31,37,43,96,96,96,96,96,199,0,25,28.668063613334578,18.447431997628883,95.92785300628748,1622.0
1789885941,50,,Aggregated,29.200000,0.000000,8,9,11,18,25,31,37,43,96,96,96,87088,0,6,8.728903855361963,3.0284199965535663,2104.1982940005255,6825.781979147529
1789885943,50,GET,GET /api/v1/reservas,18.200000,0.000000,8,8,9,9,11,12,18,28,38,38,38,65219,0,7,8.45773574832905,4.633864002244081,1957.275683998887,8965.0
1789885943,50,GET,GET /api/v1/reservas/{id},6.700000,0.000000,6,6,6,7,7,7,8,10,10,10,10,21649,0,5,6.219282139286252,3.0284199965535663,1521.0046399952262,442.0
1789885943,50,POST,POST /api/v1/auth/login,0.000000,0.000000,0,0,0,0,0,0,0,0,0,0,0,50,0,1300.0,1369.1218887201103,628.633758999058,2104.1982940005255,1622.0
1789885943,50,POST,POST /api/v1/auth/refresh,4.400000,0.000000,25,28,31,31,37,43,96,96,96,96,96,199,0,25,28.668063613334578,18.447431997628883,95.92785300628748,1622.0
1789885943,50,,Aggregated,29.300000,0.000000,8,9,10,14,25,29,37,43,96,96,96,87117,0,6,8.728575891028763,3.0284199965535663,2104.1982940005255,6826.004924411997
1789885944,50,GET,GET /api/v1/reservas,18.200000,0.000000,8,8,9,9,10,12,14,25,28,28,28,65232,0,7,8.457546967029813,4.633864002244081,1957.275683998887,8965.0
1789885944,50,GET,GET /api/v1/reservas/{id},6.400000,0.000000,6,6,6,7,7,7,8,10,10,10,10,21661,0,5,6.218831904731821,3.0284199965535663,1521.0046399952262,442.0
1789885944,50,POST,POST /api/v1/auth/login,0.000000,0.000000,0,0,0,0,0,0,0,0,0,0,0,50,0,1300.0,1369.1218887201103,628.633758999058,2104.1982940005255,1622.0
1789885944,50,POST,POST /api/v1/auth/refresh,4.700000,0.000000,24,26,29,29,34,37,43,43,43,43,43,200,0,25,28.638922730278864,18.447431997628883,95.92785300628748,1622.0
1789885944,50,,Aggregated,29.300000,0.000000,8,8,10,11,24,27,34,37,43,43,43,87143,0,6,8.728098649619126,3.0284199965535663,2104.1982940005255,6825.385194450501
1789885945,50,GET,GET /api/v1/reservas,17.500000,0.000000,8,8,9,9,11,12,13,25,28,28,28,65253,0,7,8.457347485668267,4.633864002244081,1957.275683998887,8965.0
1789885945,50,GET,GET /api/v1/reservas/{id},6.400000,0.000000,6,6,6,7,7,7,9,10,10,10,10,21668,0,5,6.218852595320362,3.0284199965535663,1521.0046399952262,442.0
1789885945,50,POST,POST /api/v1/auth/login,0.000000,0.000000,0,0,0,0,0,0,0,0,0,0,0,50,0,1300.0,1369.1218887201103,628.633758999058,2104.1982940005255,1622.0
1789885945,50,POST,POST /api/v1/auth/refresh,4.900000,0.000000,24,26,29,31,36,43,43,43,43,43,43,200,0,25,28.638922730278864,18.447431997628883,95.92785300628748,1622.0
1789885945,50,,Aggregated,28.800000,0.000000,8,8,9,10,22,26,31,37,43,43,43,87171,0,6,8.727687791809064,3.0284199965535663,2104.1982940005255,6825.3880418946665
1789885946,50,GET,GET /api/v1/reservas,17.600000,0.000000,8,8,9,9,10,12,13,25,28,28,28,65269,0,7,8.457005660395287,4.633864002244081,1957.275683998887,8965.0
1789885946,50,GET,GET /api/v1/reservas/{id},6.300000,0.000000,6,6,6,7,7,7,9,10,10,10,10,21675,0,5,6.218536182717517,3.0284199965535663,1521.0046399952262,442.0
1789885946,50,POST,POST /api/v1/auth/login,0.000000,0.000000,0,0,0,0,0,0,0,0,0,0,0,50,0,1300.0,1369.1218887201103,628.633758999058,2104.1982940005255,1622.0
1789885946,50,POST,POST /api/v1/auth/refresh,4.800000,0.000000,25,26,29,31,37,43,43,43,43,43,43,200,0,25,28.638922730278864,18.447431997628883,95.92785300628748,1622.0
1789885946,50,,Aggregated,28.700000,0.000000,8,8,9,10,22,26,34,37,43,43,43,87194,0,6,8.727102245462039,3.0284199965535663,2104.1982940005255,6825.268195059293
1789885947,50,GET,GET /api/v1/reservas,17.400000,0.000000,8,8,8,9,10,12,13,25,28,28,28,65289,0,7,8.456661839947724,4.633864002244081,1957.275683998887,8965.0
1789885947,50,GET,GET /api/v1/reservas/{id},6.900000,0.000000,6,6,6,6,7,7,9,10,10,10,10,21683,0,5,6.218061226001703,3.0284199965535663,1521.0046399952262,442.0
1789885947,50,POST,POST /api/v1/auth/login,0.000000,0.000000,0,0,0,0,0,0,0,0,0,0,0,50,0,1300.0,1369.1218887201103,628.633758999058,2104.1982940005255,1622.0
1789885947,50,POST,POST /api/v1/auth/refresh,4.800000,0.000000,24,26,26,27,31,34,37,37,37,37,37,200,0,25,28.638922730278864,18.447431997628883,95.92785300628748,1622.0
1789885947,50,,Aggregated,29.100000,0.000000,7,8,9,9,13,24,27,31,37,37,37,87222,0,6,8.726434791839406,3.0284199965535663,2104.1982940005255,6825.173362225127
1789885948,50,GET,GET /api/v1/reservas,17.700000,0.000000,8,8,8,9,10,12,13,25,28,28,28,65305,0,7,8.456546356103631,4.633864002244081,1957.275683998887,8965.0
1789885948,50,GET,GET /api/v1/reservas/{id},7.000000,0.000000,6,6,6,6,7,7,8,9,9,9,9,21691,0,5,6.217653568686665,3.0284199965535663,1521.0046399952262,442.0
1789885948,50,POST,POST /api/v1/auth/login,0.000000,0.000000,0,0,0,0,0,0,0,0,0,0,0,50,0,1300.0,1369.1218887201103,628.633758999058,2104.1982940005255,1622.0
1789885948,50,POST,POST /api/v1/auth/refresh,4.100000,0.000000,23,23,24,26,29,29,29,29,29,29,29,200,0,25,28.638922730278864,18.447431997628883,95.92785300628748,1622.0
1789885948,50,,Aggregated,28.800000,0.000000,7,8,8,8,10,20,24,26,29,29,29,87246,0,6,8.725967520869784,3.0284199965535663,2104.1982940005255,6824.980480480481
1789885949,50,GET,GET /api/v1/reservas,17.300000,0.000000,8,8,9,9,11,12,13,25,28,28,28,65321,0,7,8.456827547317934,4.633864002244081,1957.275683998887,8965.0
1789885949,50,GET,GET /api/v1/reservas/{id},7.000000,0.000000,6,6,6,6,7,7,8,9,9,9,9,21694,0,5,6.217703296551151,3.0284199965535663,1521.0046399952262,442.0
1789885949,50,POST,POST /api/v1/auth/login,0.000000,0.000000,0,0,0,0,0,0,0,0,0,0,0,50,0,1300.0,1369.1218887201103,628.633758999058,2104.1982940005255,1622.0
1789885949,50,POST,POST /api/v1/auth/refresh,3.300000,0.000000,24,24,26,26,29,29,29,29,29,29,29,200,0,25,28.638922730278864,18.447431997628883,95.92785300628748,1622.0
1789885949,50,,Aggregated,27.600000,0.000000,7,8,8,9,10,13,24,26,29,29,29,87265,0,6,8.726054735756724,3.0284199965535663,2104.1982940005255,6825.15341775053
1789885950,50,GET,GET /api/v1/reservas,17.900000,0.000000,8,8,9,9,10,12,13,25,28,28,28,65344,0,7,8.456476318443517,4.633864002244081,1957.275683998887,8965.0
1789885950,50,GET,GET /api/v1/reservas/{id},7.000000,0.000000,6,6,6,6,7,7,8,9,9,9,9,21698,0,5,6.217538066060343,3.0284199965535663,1521.0046399952262,442.0
1789885950,50,POST,POST /api/v1/auth/login,0.000000,0.000000,0,0,0,0,0,0,0,0,0,0,0,50,0,1300.0,1369.1218887201103,628.633758999058,2104.1982940005255,1622.0
1789885950,50,POST,POST /api/v1/auth/refresh,2.800000,0.000000,23,23,24,24,24,24,24,24,24,24,24,200,0,25,28.638922730278864,18.447431997628883,95.92785300628748,1622.0
1789885950,50,,Aggregated,27.700000,0.000000,7,8,8,9,10,12,23,24,28,28,28,87292,0,6,8.725564868393729,3.0284199965535663,2104.1982940005255,6825.424735370939
1789885951,50,GET,GET /api/v1/reservas,18.000000,0.000000,8,8,8,9,10,12,13,13,14,14,14,65368,0,7,8.456268014492611,4.633864002244081,1957.275683998887,8965.0
1789885951,50,GET,GET /api/v1/reservas/{id},7.300000,0.000000,6,6,6,6,7,7,8,9,9,9,9,21703,0,5,6.217409659603373,3.0284199965535663,1521.0046399952262,442.0
1789885951,50,POST,POST /api/v1/auth/login,0.000000,0.000000,0,0,0,0,0,0,0,0,0,0,0,50,0,1300.0,1369.1218887201103,628.633758999058,2104.1982940005255,1622.0
1789885951,50,POST,POST /api/v1/auth/refresh,2.200000,0.000000,23,23,24,24,24,24,24,24,24,24,24,200,0,25,28.638922730278864,18.447431997628883,95.92785300628748,1622.0
1789885951,50,,Aggregated,27.500000,0.000000,7,8,8,8,9,11,13,13,23,23,23,87321,0,6,8.725159450714031,3.0284199965535663,2104.1982940005255,6825.647278432451
1789885952,50,GET,GET /api/v1/reservas,18.100000,0.000000,8,8,8,9,10,12,13,14,14,14,14,65380,0,7,8.456249132416046,4.633864002244081,1957.275683998887,8965.0
1789885952,50,GET,GET /api/v1/reservas/{id},6.300000,0.000000,6,6,6,6,6,7,7,9,9,9,9,21709,0,5,6.2172423094738285,3.0284199965535663,1521.0046399952262,442.0
1789885952,50,POST,POST /api/v1/auth/login,0.000000,0.000000,0,0,0,0,0,0,0,0,0,0,0,50,0,1300.0,1369.1218887201103,628.633758999058,2104.1982940005255,1622.0
1789885952,50,POST,POST /api/v1/auth/refresh,0.600000,0.000000,23,23,23,23,23,23,23,23,23,23,23,200,0,25,28.638922730278864,18.447431997628883,95.92785300628748,1622.0
1789885952,50,,Aggregated,25.000000,0.000000,7,8,8,8,9,11,13,14,23,23,23,87339,0,6,8.724894497942536,3.0284199965535663,2104.1982940005255,6825.502673490651
1789885953,50,GET,GET /api/v1/reservas,18.900000,0.000000,8,8,9,9,11,13,14,15,16,16,16,65404,0,7,8.456781253124829,4.633864002244081,1957.275683998887,8965.0
1789885953,50,GET,GET /api/v1/reservas/{id},6.300000,0.000000,6,6,6,6,7,7,9,13,13,13,13,21718,0,5,6.217295957702215,3.0284199965535663,1521.0046399952262,442.0
1789885953,50,POST,POST /api/v1/auth/login,0.000000,0.000000,0,0,0,0,0,0,0,0,0,0,0,50,0,1300.0,1369.1218887201103,628.633758999058,2104.1982940005255,1622.0
1789885953,50,POST,POST /api/v1/auth/refresh,0.300000,0.000000,23,23,23,23,23,23,23,23,23,23,23,200,0,25,28.638922730278864,18.447431997628883,95.92785300628748,1622.0
1789885953,50,,Aggregated,25.500000,0.000000,7,8,8,9,10,13,14,14,16,16,16,87372,0,6,8.724974061150345,3.0284199965535663,2104.1982940005255,6825.432816005127
1789885954,50,GET,GET /api/v1/reservas,18.900000,0.000000,8,8,9,9,11,13,14,15,16,16,16,65412,0,7,8.45674135700462,4.633864002244081,1957.275683998887,8965.0
1789885954,50,GET,GET /api/v1/reservas/{id},6.300000,0.000000,6,6,6,6,6,7,7,13,13,13,13,21722,0,5,6.217278828302479,3.0284199965535663,1521.0046399952262,442.0
1789885954,50,POST,POST /api/v1/auth/login,0.000000,0.000000,0,0,0,0,0,0,0,0,0,0,0,50,0,1300.0,1369.1218887201103,628.633758999058,2104.1982940005255,1622.0
1789885954,50,POST,POST /api/v1/auth/refresh,0.300000,0.000000,23,23,23,23,23,23,23,23,23,23,23,200,0,25,28.638922730278864,18.447431997628883,95.92785300628748,1622.0
1789885954,50,,Aggregated,25.500000,0.000000,7,8,8,9,10,12,14,14,16,16,16,87384,0,6,8.724800596617772,3.0284199965535663,2104.1982940005255,6825.336491806281
1789885955,50,GET,GET /api/v1/reservas,18.500000,0.000000,8,9,9,9,12,13,15,16,19,19,19,65435,0,7,8.457035098989717,4.633864002244081,1957.275683998887,8965.0
1789885955,50,GET,GET /api/v1/reservas/{id},6.800000,0.000000,6,6,6,6,7,7,13,17,17,17,17,21728,0,5,6.217658496888628,3.0284199965535663,1521.0046399952262,442.0
1789885955,50,POST,POST /api/v1/auth/login,0.000000,0.000000,0,0,0,0,0,0,0,0,0,0,0,50,0,1300.0,1369.1218887201103,628.633758999058,2104.1982940005255,1622.0
1789885955,50,POST,POST /api/v1/auth/refresh,0.100000,0.000000,23,23,23,23,23,23,23,23,23,23,23,200,0,25,28.638922730278864,18.447431997628883,95.92785300628748,1622.0
1789885955,50,,Aggregated,25.400000,0.000000,8,8,9,9,11,13,15,16,19,19,19,87413,0,6,8.7248722101388,3.0284199965535663,2104.1982940005255,6825.461327262536
1789885956,50,GET,GET /api/v1/reservas,18.000000,0.000000,8,9,9,9,12,13,15,16,19,19,19,65457,0,7,8.456728429677547,4.633864002244081,1957.275683998887,8965.0
1789885956,50,GET,GET /api/v1/reservas/{id},6.100000,0.000000,6,6,6,6,7,7,17,17,17,17,17,21732,0,5,6.217482417881228,3.0284199965535663,1521.0046399952262,442.0
1789885956,50,POST,POST /api/v1/auth/login,0.000000,0.000000,0,0,0,0,0,0,0,0,0,0,0,50,0,1300.0,1369.1218887201103,628.633758999058,2104.1982940005255,1622.0
1789885956,50,POST,POST /api/v1/auth/refresh,0.000000,0.000000,23,23,23,23,23,23,23,23,23,23,23,200,0,25,28.638922730278864,18.447431997628883,95.92785300628748,1622.0
1789885956,50,,Aggregated,24.100000,0.000000,8,8,9,9,11,13,15,16,19,19,19,87439,0,6,8.724416790092208,3.0284199965535663,2104.1982940005255,6825.707624744107
1789885957,50,GET,GET /api/v1/reservas,18.000000,0.000000,8,8,9,9,11,13,15,16,19,19,19,65477,0,7,8.456412678274804,4.633864002244081,1957.275683998887,8965.0
1789885957,50,GET,GET /api/v1/reservas/{id},6.000000,0.000000,6,6,6,6,7,7,17,17,17,17,17,21739,0,5,6.217100312774359,3.0284199965535663,1521.0046399952262,442.0
1789885957,50,POST,POST /api/v1/auth/login,0.000000,0.000000,0,0,0,0,0,0,0,0,0,0,0,50,0,1300.0,1369.1218887201103,628.633758999058,2104.1982940005255,1622.0
1789885957,50,POST,POST /api/v1/auth/refresh,0.000000,0.000000,23,23,23,23,23,23,23,23,23,23,23,200,0,25,28.638922730278864,18.447431997628883,95.92785300628748,1622.0
1789885957,50,,Aggregated,24.000000,0.000000,8,8,9,9,10,13,15,16,19,19,19,87466,0,6,8.723823607080188,3.0284199965535663,2104.1982940005255,6825.685900807171
1789885958,50,GET,GET /api/v1/reservas,18.600000,0.000000,8,8,9,9,10,12,15,16,19,19,19,65500,0,7,8.455938610769243,4.633864002244081,1957.275683998887,8965.0
1789885958,50,GET,GET /api/v1/reservas/{id},5.700000,0.000000,6,6,6,6,7,7,17,17,17,17,17,21742,0,5,6.217068196090444,3.0284199965535663,1521.0046399952262,442.0
1789885958,50,POST,POST /api/v1/auth/login,0.000000,0.000000,0,0,0,0,0,0,0,0,0,0,0,50,0,1300.0,1369.1218887201103,628.633758999058,2104.1982940005255,1622.0
1789885958,50,POST,POST /api/v1/auth/refresh,0.000000,0.000000,23,23,23,23,23,23,23,23,23,23,23,200,0,25,28.638922730278864,18.447431997628883,95.92785300628748,1622.0
1789885958,50,,Aggregated,24.300000,0.000000,7,8,8,9,10,12,15,16,19,19,19,87492,0,6,8.72330447020137,3.0284199965535663,2104.1982940005255,6826.0293969734375
1789885959,50,GET,GET /api/v1/reservas,18.600000,0.000000,8,8,9,9,11,12,15,16,19,19,19,65521,0,7,8.455781675239908,4.633864002244081,1957.275683998887,8965.0
1789885959,50,GET,GET /api/v1/reservas/{id},5.600000,0.000000,6,6,6,6,7,9,13,17,17,17,17,21750,0,5,6.217164149075671,3.0284199965535663,1521.0046399952262,442.0
1789885959,50,POST,POST /api/v1/auth/login,0.000000,0.000000,0,0,0,0,0,0,0,0,0,0,0,50,0,1300.0,1369.1218887201103,628.633758999058,2104.1982940005255,1622.0
1789885959,50,POST,POST /api/v1/auth/refresh,0.000000,0.000000,23,23,23,23,23,23,23,23,23,23,23,200,0,25,28.638922730278864,18.447431997628883,95.92785300628748,1622.0
1789885959,50,,Aggregated,24.200000,0.000000,7,8,8,9,10,12,15,16,19,19,19,87521,0,6,8.722917589696923,3.0284199965535663,2104.1982940005255,6825.959084105529
1789885960,50,GET,GET /api/v1/reservas,19.400000,0.000000,8,8,9,9,10,12,15,16,19,19,19,65539,0,7,8.455495191647818,4.633864002244081,1957.275683998887,8965.0
1789885960,50,GET,GET /api/v1/reservas/{id},5.100000,0.000000,6,6,6,6,7,9,13,17,17,17,17,21756,0,5,6.216962360976337,3.0284199965535663,1521.0046399952262,442.0
1789885960,50,POST,POST /api/v1/auth/login,0.000000,0.000000,0,0,0,0,0,0,0,0,0,0,0,50,0,1300.0,1369.1218887201103,628.633758999058,2104.1982940005255,1622.0
1789885960,50,POST,POST /api/v1/auth/refresh,0.000000,0.000000,23,23,23,23,23,23,23,23,23,23,23,200,0,25,28.638922730278864,18.447431997628883,95.92785300628748,1622.0
1789885960,50,,Aggregated,24.500000,0.000000,7,8,8,9,10,12,15,16,19,19,19,87545,0,6,8.722426311872544,3.0284199965535663,2104.1982940005255,6825.961357016392
1789885961,50,GET,GET /api/v1/reservas,19.400000,0.000000,8,8,9,9,10,12,15,16,19,19,19,65557,0,7,8.455296860448575,4.633864002244081,1957.275683998887,8965.0
1789885961,50,GET,GET /api/v1/reservas/{id},5.100000,0.000000,6,6,6,6,7,9,13,17,17,17,17,21761,0,5,6.216762692174666,3.0284199965535663,1521.0046399952262,442.0
1789885961,50,POST,POST /api/v1/auth/login,0.000000,0.000000,0,0,0,0,0,0,0,0,0,0,0,50,0,1300.0,1369.1218887201103,628.633758999058,2104.1982940005255,1622.0
1789885961,50,POST,POST /api/v1/auth/refresh,0.000000,0.000000,0,0,0,0,0,0,0,0,0,0,0,200,0,25,28.638922730278864,18.447431997628883,95.92785300628748,1622.0
1789885961,50,,Aggregated,24.500000,0.000000,7,8,8,9,10,12,15,16,19,19,19,87568,0,6,8.722030287398532,3.0284199965535663,2104.1982940005255,6826.03653160972
1789885962,50,GET,GET /api/v1/reservas,20.000000,0.000000,8,8,8,9,10,11,12,19,24,24,24,65577,0,7,8.455377663547434,4.633864002244081,1957.275683998887,8965.0
1789885962,50,GET,GET /api/v1/reservas/{id},5.500000,0.000000,6,6,6,6,7,8,17,17,17,17,17,21765,0,5,6.216518199789423,3.0284199965535663,1521.0046399952262,442.0
1789885962,50,POST,POST /api/v1/auth/login,0.000000,0.000000,0,0,0,0,0,0,0,0,0,0,0,50,0,1300.0,1369.1218887201103,628.633758999058,2104.1982940005255,1622.0
1789885962,50,POST,POST /api/v1/auth/refresh,0.000000,0.000000,0,0,0,0,0,0,0,0,0,0,0,200,0,25,28.638922730278864,18.447431997628883,95.92785300628748,1622.0
1789885962,50,,Aggregated,25.500000,0.000000,7,8,8,8,9,10,12,17,24,24,24,87592,0,6,8.72185472009934,3.0284199965535663,2104.1982940005255,6826.233388893963
1789885963,50,GET,GET /api/v1/reservas,18.900000,0.000000,8,8,8,9,10,12,14,19,24,24,24,65601,0,7,8.455679910267124,4.633864002244081,1957.275683998887,8965.0
1789885963,50,GET,GET /api/v1/reservas/{id},5.800000,0.000000,6,6,6,6,7,8,17,17,17,17,17,21769,0,5,6.2165638219219055,3.0284199965535663,1521.0046399952262,442.0
1789885963,50,POST,POST /api/v1/auth/login,0.000000,0.000000,0,0,0,0,0,0,0,0,0,0,0,50,0,1300.0,1369.1218887201103,628.633758999058,2104.1982940005255,1622.0
1789885963,50,POST,POST /api/v1/auth/refresh,0.000000,0.000000,0,0,0,0,0,0,0,0,0,0,0,200,0,25,28.638922730278864,18.447431997628883,95.92785300628748,1622.0
1789885963,50,,Aggregated,24.700000,0.000000,7,8,8,9,10,12,14,17,24,24,24,87620,0,6,8.72190498305097,3.0284199965535663,2104.1982940005255,6826.527767632961
1789885964,50,GET,GET /api/v1/reservas,19.800000,0.000000,8,8,8,9,10,11,13,14,24,24,24,65618,0,7,8.455479106547452,4.633864002244081,1957.275683998887,8965.0
1789885964,50,GET,GET /api/v1/reservas/{id},5.600000,0.000000,6,6,6,6,7,7,9,9,9,9,9,21775,0,5,6.2164500729930285,3.0284199965535663,1521.0046399952262,442.0
1789885964,50,POST,POST /api/v1/auth/login,0.000000,0.000000,0,0,0,0,0,0,0,0,0,0,0,50,0,1300.0,1369.1218887201103,628.633758999058,2104.1982940005255,1622.0
1789885964,50,POST,POST /api/v1/auth/refresh,0.000000,0.000000,0,0,0,0,0,0,0,0,0,0,0,200,0,25,28.638922730278864,18.447431997628883,95.92785300628748,1622.0
1789885964,50,,Aggregated,25.400000,0.000000,7,8,8,8,9,10,12,14,24,24,24,87643,0,6,8.721503227125137,3.0284199965535663,2104.1982940005255,6826.505482468651
1789885965,50,GET,GET /api/v1/reservas,19.800000,0.000000,8,8,8,9,10,12,18,24,25,25,25,65633,0,7,8.456091466265908,4.633864002244081,1957.275683998887,8965.0
1789885965,50,GET,GET /api/v1/reservas/{id},5.600000,0.000000,6,6,6,6,7,9,10,11,11,11,11,21784,0,5,6.216483511955169,3.0284199965535663,1521.0046399952262,442.0
1789885965,50,POST,POST /api/v1/auth/login,0.000000,0.000000,0,0,0,0,0,0,0,0,0,0,0,50,0,1300.0,1369.1218887201103,628.633758999058,2104.1982940005255,1622.0
1789885965,50,POST,POST /api/v1/auth/refresh,0.000000,0.000000,0,0,0,0,0,0,0,0,0,0,0,200,0,25,28.638922730278864,18.447431997628883,95.92785300628748,1622.0
1789885965,50,,Aggregated,25.400000,0.000000,7,8,8,8,10,11,14,23,25,25,25,87667,0,6,8.721667297979126,3.0284199965535663,2104.1982940005255,6826.215942144707
1789885966,50,GET,GET /api/v1/reservas,20.500000,0.000000,8,8,9,9,10,12,18,24,25,25,25,65650,0,7,8.45608816634328,4.633864002244081,1957.275683998887,8965.0
1789885966,50,GET,GET /api/v1/reservas/{id},5.300000,0.000000,6,6,6,7,8,10,10,11,11,11,11,21790,0,5,6.216715894971174,3.0284199965535663,1521.0046399952262,442.0
1789885966,50,POST,POST /api/v1/auth/login,0.000000,0.000000,0,0,0,0,0,0,0,0,0,0,0,50,0,1300.0,1369.1218887201103,628.633758999058,2104.1982940005255,1622.0
1789885966,50,POST,POST /api/v1/auth/refresh,0.000000,0.000000,0,0,0,0,0,0,0,0,0,0,0,200,0,25,28.638922730278864,18.447431997628883,95.92785300628748,1622.0
1789885966,50,,Aggregated,25.800000,0.000000,8,8,8,9,10,11,14,23,25,25,25,87690,0,6,8.721499674466102,3.0284199965535663,2104.1982940005255,6826.193750712738
1789885967,50,GET,GET /api/v1/reservas,20.000000,0.000000,8,8,9,9,10,12,18,24,25,25,25,65671,0,7,8.455779219646926,4.633864002244081,1957.275683998887,8965.0
1789885967,50,GET,GET /api/v1/reservas/{id},5.600000,0.000000,6,6,6,6,8,10,10,11,11,11,11,21798,0,5,6.216429396936223,3.0284199965535663,1521.0046399952262,442.0
1789885967,50,POST,POST /api/v1/auth/login,0.000000,0.000000,0,0,0,0,0,0,0,0,0,0,0,50,0,1300.0,1369.1218887201103,628.633758999058,2104.1982940005255,1622.0
1789885967,50,POST,POST /api/v1/auth/refresh,0.000000,0.000000,0,0,0,0,0,0,0,0,0,0,0,200,0,25,28.638922730278864,18.447431997628883,95.92785300628748,1622.0
1789885967,50,,Aggregated,25.600000,0.000000,8,8,8,9,10,11,14,23,25,25,25,87719,0,6,8.720905209930843,3.0284199965535663,2104.1982940005255,6826.123542220043
1789885968,50,GET,GET /api/v1/reservas,19.400000,0.000000,8,8,9,9,10,12,18,24,25,25,25,65682,0,7,8.455632224923622,4.633864002244081,1957.275683998887,8965.0
1789885968,50,GET,GET /api/v1/reservas/{id},5.800000,0.000000,6,6,6,6,7,10,10,11,11,11,11,21809,0,5,6.216145008776805,3.0284199965535663,1521.0046399952262,442.0
1789885968,50,POST,POST /api/v1/auth/login,0.000000,0.000000,0,0,0,0,0,0,0,0,0,0,0,50,0,1300.0,1369.1218887201103,628.633758999058,2104.1982940005255,1622.0
1789885968,50,POST,POST /api/v1/auth/refresh,0.000000,0.000000,0,0,0,0,0,0,0,0,0,0,0,200,0,25,28.638922730278864,18.447431997628883,95.92785300628748,1622.0
1789885968,50,,Aggregated,25.200000,0.000000,8,8,8,9,10,10,14,23,25,25,25,87741,0,6,8.720377261211077,3.0284199965535663,2104.1982940005255,6825.591319907455
1789885969,50,GET,GET /api/v1/reservas,19.500000,0.000000,8,8,9,9,10,12,18,24,25,25,25,65706,0,7,8.455213309247803,4.633864002244081,1957.275683998887,8965.0
1789885969,50,GET,GET /api/v1/reservas/{id},5.800000,0.000000,6,6,6,6,7,10,10,11,11,11,11,21814,0,5,6.215990936573848,3.0284199965535663,1521.0046399952262,442.0
1789885969,50,POST,POST /api/v1/auth/login,0.000000,0.000000,0,0,0,0,0,0,0,0,0,0,0,50,0,1300.0,1369.1218887201103,628.633758999058,2104.1982940005255,1622.0
1789885969,50,POST,POST /api/v1/auth/refresh,0.000000,0.000000,0,0,0,0,0,0,0,0,0,0,0,200,0,25,28.638922730278864,18.447431997628883,95.92785300628748,1622.0
1789885969,50,,Aggregated,25.300000,0.000000,8,8,8,9,10,11,14,23,25,25,25,87770,0,6,8.719810310697644,3.0284199965535663,2104.1982940005255,6825.812669477043
1789885970,50,GET,GET /api/v1/reservas,18.300000,0.000000,8,8,9,9,10,13,18,24,25,25,25,65717,0,7,8.455183195100677,4.633864002244081,1957.275683998887,8965.0
1789885970,50,GET,GET /api/v1/reservas/{id},6.600000,0.000000,6,6,6,6,7,8,10,11,11,11,11,21822,0,5,6.215908570957207,3.0284199965535663,1521.0046399952262,442.0
1789885970,50,POST,POST /api/v1/auth/login,0.000000,0.000000,0,0,0,0,0,0,0,0,0,0,0,50,0,1300.0,1369.1218887201103,628.633758999058,2104.1982940005255,1622.0
1789885970,50,POST,POST /api/v1/auth/refresh,0.000000,0.000000,0,0,0,0,0,0,0,0,0,0,0,200,0,25,28.638922730278864,18.447431997628883,95.92785300628748,1622.0
1789885970,50,,Aggregated,24.900000,0.000000,8,8,8,9,10,11,14,23,25,25,25,87789,0,6,8.71950597284322,3.0284199965535663,2104.1982940005255,6825.498969119138
1789885971,50,GET,GET /api/v1/reservas,18.200000,0.000000,8,8,9,9,10,12,14,23,25,25,25,65742,0,7,8.454664882988423,4.633864002244081,1957.275683998887,8965.0
1789885971,50,GET,GET /api/v1/reservas/{id},6.500000,0.000000,6,6,6,7,7,8,10,11,11,11,11,21829,0,5,6.215586205021986,3.0284199965535663,1521.0046399952262,442.0
1789885971,50,POST,POST /api/v1/auth/login,0.000000,0.000000,0,0,0,0,0,0,0,0,0,0,0,50,0,1300.0,1369.1218887201103,628.633758999058,2104.1982940005255,1622.0
1789885971,50,POST,POST /api/v1/auth/refresh,0.000000,0.000000,0,0,0,0,0,0,0,0,0,0,0,200,0,25,28.638922730278864,18.447431997628883,95.92785300628748,1622.0
1789885971,50,,Aggregated,24.700000,0.000000,7,8,8,8,9,11,14,18,25,25,25,87821,0,6,8.718763040604458,3.0284199965535663,2104.1982940005255,6825.599207478849
1789885972,50,GET,GET /api/v1/reservas,17.800000,0.000000,8,8,8,8,9,10,14,23,25,25,25,65761,0,7,8.454121138249327,4.633864002244081,1957.275683998887,8965.0
1789885972,50,GET,GET /api/v1/reservas/{id},6.500000,0.000000,6,6,6,7,7,8,10,11,11,11,11,21832,0,5,6.215372424763102,3.0284199965535663,1521.0046399952262,442.0
1789885972,50,POST,POST /api/v1/auth/login,0.000000,0.000000,0,0,0,0,0,0,0,0,0,0,0,50,0,1300.0,1369.1218887201103,628.633758999058,2104.1982940005255,1622.0
1789885972,50,POST,POST /api/v1/auth/refresh,0.000000,0.000000,0,0,0,0,0,0,0,0,0,0,0,200,0,25,28.638922730278864,18.447431997628883,95.92785300628748,1622.0
1789885972,50,,Aggregated,24.300000,0.000000,7,8,8,8,9,10,12,18,25,25,25,87843,0,6,8.718160239653887,3.0284199965535663,2104.1982940005255,6825.843937479367
1789885973,50,GET,GET /api/v1/reservas,18.400000,0.000000,7,8,8,8,9,10,14,23,25,25,25,65778,0,7,8.45376365840246,4.633864002244081,1957.275683998887,8965.0
1789885973,50,GET,GET /api/v1/reservas/{id},6.700000,0.000000,6,6,6,7,7,8,10,11,11,11,11,21840,0,5,6.2152340898100835,3.0284199965535663,1521.0046399952262,442.0
1789885973,50,POST,POST /api/v1/auth/login,0.000000,0.000000,0,0,0,0,0,0,0,0,0,0,0,50,0,1300.0,1369.1218887201103,628.633758999058,2104.1982940005255,1622.0
1789885973,50,POST,POST /api/v1/auth/refresh,0.000000,0.000000,0,0,0,0,0,0,0,0,0,0,0,200,0,25,28.638922730278864,18.447431997628883,95.92785300628748,1622.0
1789885973,50,,Aggregated,25.100000,0.000000,7,8,8,8,9,10,12,18,25,25,25,87868,0,6,8.717579294235941,3.0284199965535663,2104.1982940005255,6825.676583056403
1789885974,50,GET,GET /api/v1/reservas,18.200000,0.000000,7,8,8,8,9,9,10,11,12,12,12,65790,0,7,8.453560038978445,4.633864002244081,1957.275683998887,8965.0
1789885974,50,GET,GET /api/v1/reservas/{id},6.700000,0.000000,6,6,6,7,7,8,9,10,10,10,10,21849,0,5,6.214967859693723,3.0284199965535663,1521.0046399952262,442.0
1789885974,50,POST,POST /api/v1/auth/login,0.000000,0.000000,0,0,0,0,0,0,0,0,0,0,0,50,0,1300.0,1369.1218887201103,628.633758999058,2104.1982940005255,1622.0
1789885974,50,POST,POST /api/v1/auth/refresh,0.000000,0.000000,0,0,0,0,0,0,0,0,0,0,0,200,0,25,28.638922730278864,18.447431997628883,95.92785300628748,1622.0
1789885974,50,,Aggregated,24.900000,0.000000,7,8,8,8,9,9,10,11,12,12,12,87889,0,6,8.717068423954245,3.0284199965535663,2104.1982940005255,6825.314976845794
1789885975,50,GET,GET /api/v1/reservas,18.200000,0.000000,7,8,8,8,9,9,10,11,12,12,12,65803,0,7,8.453343951163193,4.633864002244081,1957.275683998887,8965.0
1789885975,50,GET,GET /api/v1/reservas/{id},6.700000,0.000000,5,6,6,6,7,7,8,9,9,9,9,21858,0,5,6.2143124381205785,3.0284199965535663,1521.0046399952262,442.0
1789885975,50,POST,POST /api/v1/auth/login,0.000000,0.000000,0,0,0,0,0,0,0,0,0,0,0,50,0,1300.0,1369.1218887201103,628.633758999058,2104.1982940005255,1622.0
1789885975,50,POST,POST /api/v1/auth/refresh,0.000000,0.000000,0,0,0,0,0,0,0,0,0,0,0,200,0,25,28.638922730278864,18.447431997628883,95.92785300628748,1622.0
1789885975,50,,Aggregated,24.900000,0.000000,7,7,8,8,8,9,10,11,12,12,12,87911,0,6,8.716448593155645,3.0284199965535663,2104.1982940005255,6824.9778867263485
1789885976,50,GET,GET /api/v1/reservas,17.300000,0.000000,7,8,8,8,9,9,11,11,12,12,12,65825,0,7,8.452914466864787,4.633864002244081,1957.275683998887,8965.0
1789885976,50,GET,GET /api/v1/reservas/{id},7.300000,0.000000,5,6,6,6,7,7,8,9,9,9,9,21862,0,5,6.214033680012938,3.0284199965535663,1521.0046399952262,442.0
1789885976,50,POST,POST /api/v1/auth/login,0.000000,0.000000,0,0,0,0,0,0,0,0,0,0,0,50,0,1300.0,1369.1218887201103,628.633758999058,2104.1982940005255,1622.0
1789885976,50,POST,POST /api/v1/auth/refresh,0.000000,0.000000,0,0,0,0,0,0,0,0,0,0,0,200,0,25,28.638922730278864,18.447431997628883,95.92785300628748,1622.0
1789885976,50,,Aggregated,24.600000,0.000000,7,7,8,8,9,9,10,11,12,12,12,87937,0,6,8.71587816363865,3.0284199965535663,2104.1982940005255,6825.222932326552
1789885977,50,GET,GET /api/v1/reservas,17.300000,0.000000,7,8,8,8,9,10,11,11,12,12,12,65837,0,7,8.452867895535633,4.633864002244081,1957.275683998887,8965.0
1789885977,50,GET,GET /api/v1/reservas/{id},7.300000,0.000000,5,6,6,6,7,7,8,9,9,9,9,21873,0,5,6.2134880238394965,3.0284199965535663,1521.0046399952262,442.0
1789885977,50,POST,POST /api/v1/auth/login,0.000000,0.000000,0,0,0,0,0,0,0,0,0,0,0,50,0,1300.0,1369.1218887201103,628.633758999058,2104.1982940005255,1622.0
1789885977,50,POST,POST /api/v1/auth/refresh,0.000000,0.000000,0,0,0,0,0,0,0,0,0,0,0,200,0,25,28.638922730278864,18.447431997628883,95.92785300628748,1622.0
1789885977,50,,Aggregated,24.600000,0.000000,7,7,8,8,9,9,10,11,12,12,12,87960,0,6,8.715358869553153,3.0284199965535663,2104.1982940005255,6824.716587085039
1789885978,50,GET,GET /api/v1/reservas,17.500000,0.000000,7,7,8,8,9,10,11,11,12,12,12,65856,0,7,8.452287937460328,4.633864002244081,1957.275683998887,8965.0
1789885978,50,GET,GET /api/v1/reservas/{id},7.200000,0.000000,5,5,6,6,7,7,8,9,9,9,9,21881,0,5,6.212948268609361,3.0284199965535663,1521.0046399952262,442.0
1789885978,50,POST,POST /api/v1/auth/login,0.000000,0.000000,0,0,0,0,0,0,0,0,0,0,0,50,0,1300.0,1369.1218887201103,628.633758999058,2104.1982940005255,1622.0
1789885978,50,POST,POST /api/v1/auth/refresh,0.000000,0.000000,0,0,0,0,0,0,0,0,0,0,0,200,0,25,28.638922730278864,18.447431997628883,95.92785300628748,1622.0
1789885978,50,,Aggregated,24.700000,0.000000,7,7,7,8,9,9,10,11,12,12,12,87987,0,6,8.71450639818272,3.0284199965535663,2104.1982940005255,6824.598429313422
1789885979,50,GET,GET /api/v1/reservas,16.700000,0.000000,7,7,8,8,9,10,10,11,11,11,11,65872,0,7,8.451977699119395,4.633864002244081,1957.275683998887,8965.0
1789885979,50,GET,GET /api/v1/reservas/{id},7.600000,0.000000,5,5,6,6,7,7,8,9,9,9,9,21885,0,5,6.212697810941198,3.0284199965535663,1521.0046399952262,442.0
1789885979,50,POST,POST /api/v1/auth/login,0.000000,0.000000,0,0,0,0,0,0,0,0,0,0,0,50,0,1300.0,1369.1218887201103,628.633758999058,2104.1982940005255,1622.0
1789885979,50,POST,POST /api/v1/auth/refresh,0.000000,0.000000,0,0,0,0,0,0,0,0,0,0,0,200,0,25,28.638922730278864,18.447431997628883,95.92785300628748,1622.0
1789885979,50,,Aggregated,24.300000,0.000000,7,7,7,8,8,9,10,10,11,11,11,88007,0,6,8.714050536558629,3.0284199965535663,2104.1982940005255,6824.697467246923
1789885980,50,GET,GET /api/v1/reservas,17.200000,0.000000,7,7,8,8,9,10,12,13,14,14,14,65892,0,7,8.452099820682232,4.633864002244081,1957.275683998887,8965.0
1789885980,50,GET,GET /api/v1/reservas/{id},7.300000,0.000000,5,5,6,6,7,8,9,20,20,20,20,21896,0,5,6.213155513128018,3.0284199965535663,1521.0046399952262,442.0
1789885980,50,POST,POST /api/v1/auth/login,0.000000,0.000000,0,0,0,0,0,0,0,0,0,0,0,50,0,1300.0,1369.1218887201103,628.633758999058,2104.1982940005255,1622.0
1789885980,50,POST,POST /api/v1/auth/refresh,0.000000,0.000000,0,0,0,0,0,0,0,0,0,0,0,200,0,25,28.638922730278864,18.447431997628883,95.92785300628748,1622.0
1789885980,50,,Aggregated,24.500000,0.000000,7,7,8,8,9,10,12,13,20,20,20,88038,0,6,8.713883703422605,3.0284199965535663,2104.1982940005255,6824.386196869534
1789885981,50,GET,GET /api/v1/reservas,16.700000,0.000000,7,8,8,8,9,10,12,13,14,14,14,65907,0,7,8.451791121040166,4.633864002244081,1957.275683998887,8965.0
1789885981,50,GET,GET /api/v1/reservas/{id},7.000000,0.000000,5,5,6,6,7,8,9,20,20,20,20,21902,0,5,6.212872173292256,3.0284199965535663,1521.0046399952262,442.0
1789885981,50,POST,POST /api/v1/auth/login,0.000000,0.000000,0,0,0,0,0,0,0,0,0,0,0,50,0,1300.0,1369.1218887201103,628.633758999058,2104.1982940005255,1622.0
1789885981,50,POST,POST /api/v1/auth/refresh,0.000000,0.000000,0,0,0,0,0,0,0,0,0,0,0,200,0,25,28.638922730278864,18.447431997628883,95.92785300628748,1622.0
1789885981,50,,Aggregated,23.700000,0.000000,7,7,8,8,9,10,12,13,20,20,20,88059,0,6,8.713367205349998,3.0284199965535663,2104.1982940005255,6824.315958618653
1789885982,50,GET,GET /api/v1/reservas,17.500000,0.000000,7,8,8,8,10,12,14,20,20,20,20,65932,0,7,8.451759466819924,4.633864002244081,1957.275683998887,8965.0
1789885982,50,GET,GET /api/v1/reservas/{id},7.500000,0.000000,5,5,6,6,7,7,9,20,20,20,20,21907,0,5,6.212589885901258,3.0284199965535663,1521.0046399952262,442.0
1789885982,50,POST,POST /api/v1/auth/login,0.000000,0.000000,0,0,0,0,0,0,0,0,0,0,0,50,0,1300.0,1369.1218887201103,628.633758999058,2104.1982940005255,1622.0
1789885982,50,POST,POST /api/v1/auth/refresh,0.000000,0.000000,0,0,0,0,0,0,0,0,0,0,0,200,0,25,28.638922730278864,18.447431997628883,95.92785300628748,1622.0
1789885982,50,,Aggregated,25.000000,0.000000,7,7,8,8,9,10,14,20,20,20,20,88089,0,6,8.713057144239174,3.0284199965535663,2104.1982940005255,6824.561227849107
1789885983,50,GET,GET /api/v1/reservas,16.500000,0.000000,7,8,8,8,10,12,14,20,20,20,20,65943,0,7,8.45166075138185,4.633864002244081,1957.275683998887,8965.0
1789885983,50,GET,GET /api/v1/reservas/{id},7.300000,0.000000,5,5,6,6,6,7,9,20,20,20,20,21912,0,5,6.212360706482578,3.0284199965535663,1521.0046399952262,442.0
1789885983,50,POST,POST /api/v1/auth/login,0.000000,0.000000,0,0,0,0,0,0,0,0,0,0,0,50,0,1300.0,1369.1218887201103,628.633758999058,2104.1982940005255,1622.0
1789885983,50,POST,POST /api/v1/auth/refresh,0.000000,0.000000,0,0,0,0,0,0,0,0,0,0,0,200,0,25,28.638922730278864,18.447431997628883,95.92785300628748,1622.0
1789885983,50,,Aggregated,23.800000,0.000000,7,7,8,8,9,11,14,20,20,20,20,88105,0,6,8.71275173612047,3.0284199965535663,2104.1982940005255,6824.466250496566
1789885984,50,GET,GET /api/v1/reservas,17.100000,0.000000,7,8,8,9,10,12,14,20,20,20,20,65963,0,7,8.451540676764225,4.633864002244081,1957.275683998887,8965.0
1789885984,50,GET,GET /api/v1/reservas/{id},7.300000,0.000000,5,5,6,6,7,7,9,20,20,20,20,21921,0,5,6.212101331802674,3.0284199965535663,1521.0046399952262,442.0
1789885984,50,POST,POST /api/v1/auth/login,0.000000,0.000000,0,0,0,0,0,0,0,0,0,0,0,50,0,1300.0,1369.1218887201103,628.633758999058,2104.1982940005255,1622.0
1789885984,50,POST,POST /api/v1/auth/refresh,0.000000,0.000000,0,0,0,0,0,0,0,0,0,0,0,200,0,25,28.638922730278864,18.447431997628883,95.92785300628748,1622.0
1789885984,50,,Aggregated,24.400000,0.000000,7,7,8,8,9,11,14,20,20,20,20,88134,0,6,8.71228277325345,3.0284199965535663,2104.1982940005255,6824.3002360042665
1789885985,50,GET,GET /api/v1/reservas,16.600000,0.000000,7,8,8,9,10,12,14,20,20,20,20,65977,0,7,8.451176579829411,4.633864002244081,1957.275683998887,8965.0
1789885985,50,GET,GET /api/v1/reservas/{id},7.100000,0.000000,5,5,6,6,7,7,9,20,20,20,20,21928,0,5,6.211629545487517,3.0284199965535663,1521.0046399952262,442.0
1789885985,50,POST,POST /api/v1/auth/login,0.000000,0.000000,0,0,0,0,0,0,0,0,0,0,0,50,0,1300.0,1369.1218887201103,628.633758999058,2104.1982940005255,1622.0
1789885985,50,POST,POST /api/v1/auth/refresh,0.000000,0.000000,0,0,0,0,0,0,0,0,0,0,0,200,0,25,28.638922730278864,18.447431997628883,95.92785300628748,1622.0
1789885985,50,,Aggregated,23.700000,0.000000,7,7,8,8,10,11,14,20,20,20,20,88155,0,6,8.711652984662582,3.0284199965535663,2104.1982940005255,6824.1334127389255
1789885986,50,GET,GET /api/v1/reservas,17.200000,0.000000,7,8,8,8,10,12,14,20,20,20,20,65996,0,7,8.450981843117825,4.633864002244081,1957.275683998887,8965.0
1789885986,50,GET,GET /api/v1/reservas/{id},7.200000,0.000000,5,5,6,6,7,9,10,20,20,20,20,21933,0,5,6.21163091425944,3.0284199965535663,1521.0046399952262,442.0
1789885986,50,POST,POST /api/v1/auth/login,0.000000,0.000000,0,0,0,0,0,0,0,0,0,0,0,50,0,1300.0,1369.1218887201103,628.633758999058,2104.1982940005255,1622.0
1789885986,50,POST,POST /api/v1/auth/refresh,0.000000,0.000000,0,0,0,0,0,0,0,0,0,0,0,200,0,25,28.638922730278864,18.447431997628883,95.92785300628748,1622.0
1789885986,50,,Aggregated,24.400000,0.000000,7,7,8,8,9,11,14,20,20,20,20,88179,0,6,8.71130969440491,3.0284199965535663,2104.1982940005255,6824.232821873688
1789885987,50,GET,GET /api/v1/reservas,17.200000,0.000000,7,8,9,9,10,12,14,20,20,20,20,66015,0,7,8.451051204929524,4.633864002244081,1957.275683998887,8965.0
1789885987,50,GET,GET /api/v1/reservas/{id},7.000000,0.000000,5,6,6,6,7,9,10,20,20,20,20,21939,0,5,6.211238273414433,3.0284199965535663,1521.0046399952262,442.0
1789885987,50,POST,POST /api/v1/auth/login,0.000000,0.000000,0,0,0,0,0,0,0,0,0,0,0,50,0,1300.0,1369.1218887201103,628.633758999058,2104.1982940005255,1622.0
1789885987,50,POST,POST /api/v1/auth/refresh,0.000000,0.000000,0,0,0,0,0,0,0,0,0,0,0,200,0,25,28.638922730278864,18.447431997628883,95.92785300628748,1622.0
1789885987,50,,Aggregated,24.200000,0.000000,7,8,8,9,10,12,14,20,20,20,20,88204,0,6,8.711037829984312,3.0284199965535663,2104.1982940005255,6824.2598181488365
1789885988,50,GET,GET /api/v1/reservas,17.100000,0.000000,7,8,9,9,10,12,14,20,20,20,20,66029,0,7,8.450756070702386,4.633864002244081,1957.275683998887,8965.0
1789885988,50,GET,GET /api/v1/reservas/{id},7.000000,0.000000,5,6,6,6,7,9,10,20,20,20,20,21942,0,5,6.211107733134633,3.0284199965535663,1521.0046399952262,442.0
1789885988,50,POST,POST /api/v1/auth/login,0.000000,0.000000,0,0,0,0,0,0,0,0,0,0,0,50,0,1300.0,1369.1218887201103,628.633758999058,2104.1982940005255,1622.0
1789885988,50,POST,POST /api/v1/auth/refresh,0.000000,0.000000,0,0,0,0,0,0,0,0,0,0,0,200,0,25,28.638922730278864,18.447431997628883,95.92785300628748,1622.0
1789885988,50,,Aggregated,24.100000,0.000000,7,8,8,9,10,12,14,20,20,20,20,88221,0,6,8.710658204451578,3.0284199965535663,2104.1982940005255,6824.3825052991915
1789885989,50,GET,GET /api/v1/reservas,17.300000,0.000000,7,8,8,9,10,11,12,20,20,20,20,66054,0,7,8.45005140052706,4.633864002244081,1957.275683998887,8965.0
1789885989,50,GET,GET /api/v1/reservas/{id},6.600000,0.000000,5,5,6,6,7,8,10,10,10,10,10,21944,0,5,6.2109954965114165,3.0284199965535663,1521.0046399952262,442.0
1789885989,50,POST,POST /api/v1/auth/login,0.000000,0.000000,0,0,0,0,0,0,0,0,0,0,0,50,0,1300.0,1369.1218887201103,628.633758999058,2104.1982940005255,1622.0
1789885989,50,POST,POST /api/v1/auth/refresh,0.000000,0.000000,0,0,0,0,0,0,0,0,0,0,0,200,0,25,28.638922730278864,18.447431997628883,95.92785300628748,1622.0
1789885989,50,,Aggregated,23.900000,0.000000,7,7,8,8,9,10,12,16,20,20,20,88248,0,6,8.709972570119842,3.0284199965535663,2104.1982940005255,6824.844279757049
1789885990,50,GET,GET /api/v1/reservas,17.500000,0.000000,7,8,8,9,10,11,12,20,20,20,20,66074,0,7,8.450014136534998,4.633864002244081,1957.275683998887,8965.0
1789885990,50,GET,GET /api/v1/reservas/{id},6.000000,0.000000,5,6,6,6,7,8,10,10,10,10,10,21949,0,5,6.211147518403618,3.0284199965535663,1521.0046399952262,442.0
1789885990,50,POST,POST /api/v1/auth/login,0.000000,0.000000,0,0,0,0,0,0,0,0,0,0,0,50,0,1300.0,1369.1218887201103,628.633758999058,2104.1982940005255,1622.0
1789885990,50,POST,POST /api/v1/auth/refresh,0.000000,0.000000,0,0,0,0,0,0,0,0,0,0,0,200,0,25,28.638922730278864,18.447431997628883,95.92785300628748,1622.0
1789885990,50,,Aggregated,23.500000,0.000000,7,7,8,8,10,11,12,16,20,20,20,88273,0,6,8.709782038912572,3.0284199965535663,2104.1982940005255,6824.967634497525
1789885991,50,GET,GET /api/v1/reservas,18.300000,0.000000,7,8,9,9,10,11,11,12,12,12,12,66097,0,7,8.449798886687844,4.633864002244081,1957.275683998887,8965.0
1789885991,50,GET,GET /api/v1/reservas/{id},6.000000,0.000000,5,6,6,7,8,9,16,16,16,16,16,21955,0,5,6.21153493402162,3.0284199965535663,1521.0046399952262,442.0
1789885991,50,POST,POST /api/v1/auth/login,0.000000,0.000000,0,0,0,0,0,0,0,0,0,0,0,50,0,1300.0,1369.1218887201103,628.633758999058,2104.1982940005255,1622.0
1789885991,50,POST,POST /api/v1/auth/refresh,0.000000,0.000000,0,0,0,0,0,0,0,0,0,0,0,200,0,25,28.638922730278864,18.447431997628883,95.92785300628748,1622.0
1789885991,50,,Aggregated,24.300000,0.000000,7,8,8,9,10,11,11,12,16,16,16,88302,0,6,8.709479801951554,3.0284199965535663,2104.1982940005255,6825.091334284614
1789885992,50,GET,GET /api/v1/reservas,18.300000,0.000000,8,8,9,10,11,14,16,68,71,71,71,66115,0,7,8.452591859432916,4.633864002244081,1957.275683998887,8965.0
1789885992,50,GET,GET /api/v1/reservas/{id},6.000000,0.000000,6,6,7,7,10,14,60,60,60,60,60,21961,0,5,6.214486236484476,3.0284199965535663,1521.0046399952262,442.0
1789885992,50,POST,POST /api/v1/auth/login,0.000000,0.000000,0,0,0,0,0,0,0,0,0,0,0,50,0,1300.0,1369.1218887201103,628.633758999058,2104.1982940005255,1622.0
1789885992,50,POST,POST /api/v1/auth/refresh,0.000000,0.000000,0,0,0,0,0,0,0,0,0,0,0,200,0,25,28.638922730278864,18.447431997628883,95.92785300628748,1622.0
1789885992,50,,Aggregated,24.300000,0.000000,7,8,9,9,11,14,16,60,71,71,71,88326,0,6,8.712081629507935,3.0284199965535663,2104.1982940005255,6825.093822883409
1789885993,50,GET,GET /api/v1/reservas,19.100000,0.000000,8,9,10,11,17,28,41,68,71,71,71,66136,0,7,8.457516093812623,4.633864002244081,1957.275683998887,8965.0
1789885993,50,GET,GET /api/v1/reservas/{id},5.200000,0.000000,6,8,10,11,24,38,47,60,60,60,60,21972,0,5,6.222229289114609,3.0284199965535663,1521.0046399952262,442.0
1789885993,50,POST,POST /api/v1/auth/login,0.000000,0.000000,0,0,0,0,0,0,0,0,0,0,0,50,0,1300.0,1369.1218887201103,628.633758999058,2104.1982940005255,1622.0
1789885993,50,POST,POST /api/v1/auth/refresh,0.000000,0.000000,0,0,0,0,0,0,0,0,0,0,0,200,0,25,28.638922730278864,18.447431997628883,95.92785300628748,1622.0
1789885993,50,,Aggregated,24.300000,0.000000,8,9,10,11,18,32,47,60,71,71,71,88358,0,6,8.717320280030023,3.0284199965535663,2104.1982940005255,6824.807759342674
1789885994,50,GET,GET /api/v1/reservas,18.500000,0.000000,8,10,11,12,17,28,41,68,71,71,71,66146,0,7,8.457965121479944,4.633864002244081,1957.275683998887,8965.0
1789885994,50,GET,GET /api/v1/reservas/{id},5.600000,0.000000,7,8,10,11,24,38,47,60,60,60,60,21979,0,5,6.222706045244052,3.0284199965535663,1521.0046399952262,442.0
1789885994,50,POST,POST /api/v1/auth/login,0.000000,0.000000,0,0,0,0,0,0,0,0,0,0,0,50,0,1300.0,1369.1218887201103,628.633758999058,2104.1982940005255,1622.0
1789885994,50,POST,POST /api/v1/auth/refresh,0.000000,0.000000,0,0,0,0,0,0,0,0,0,0,0,200,0,25,28.638922730278864,18.447431997628883,95.92785300628748,1622.0
1789885994,50,,Aggregated,24.100000,0.000000,8,10,11,12,19,32,47,60,71,71,71,88375,0,6,8.717547904677861,3.0284199965535663,2104.1982940005255,6824.544362093352
1789885995,50,GET,GET /api/v1/reservas,19.200000,0.000000,8,9,11,12,17,28,41,68,71,71,71,66168,0,7,8.457331315914136,4.633864002244081,1957.275683998887,8965.0
1789885995,50,GET,GET /api/v1/reservas/{id},6.100000,0.000000,6,8,10,11,24,38,47,60,60,60,60,21986,0,5,6.222184224980473,3.0284199965535663,1521.0046399952262,442.0
1789885995,50,POST,POST /api/v1/auth/login,0.000000,0.000000,0,0,0,0,0,0,0,0,0,0,0,50,0,1300.0,1369.1218887201103,628.633758999058,2104.1982940005255,1622.0
1789885995,50,POST,POST /api/v1/auth/refresh,0.000000,0.000000,0,0,0,0,0,0,0,0,0,0,0,200,0,25,28.638922730278864,18.447431997628883,95.92785300628748,1622.0
1789885995,50,,Aggregated,25.300000,0.000000,8,9,11,12,19,32,47,60,71,71,71,88404,0,6,8.71668159657823,3.0284199965535663,2104.1982940005255,6824.571648341704
1789885996,50,GET,GET /api/v1/reservas,18.200000,0.000000,8,9,11,12,17,28,41,68,71,71,71,66183,0,7,8.457131392886508,4.633864002244081,1957.275683998887,8965.0
1789885996,50,GET,GET /api/v1/reservas/{id},5.800000,0.000000,7,8,10,11,24,38,47,60,60,60,60,21994,0,5,6.222370482513358,3.0284199965535663,1521.0046399952262,442.0
1789885996,50,POST,POST /api/v1/auth/login,0.000000,0.000000,0,0,0,0,0,0,0,0,0,0,0,50,0,1300.0,1369.1218887201103,628.633758999058,2104.1982940005255,1622.0
1789885996,50,POST,POST /api/v1/auth/refresh,0.000000,0.000000,0,0,0,0,0,0,0,0,0,0,0,200,0,25,28.638922730278864,18.447431997628883,95.92785300628748,1622.0
1789885996,50,,Aggregated,24.000000,0.000000,8,9,11,11,19,32,47,60,71,71,71,88427,0,6,8.716308620103378,3.0284199965535663,2104.1982940005255,6824.3573003720585
1789885997,50,GET,GET /api/v1/reservas,19.100000,0.000000,8,9,10,11,17,28,41,68,71,71,71,66202,0,7,8.456870808017994,4.633864002244081,1957.275683998887,8965.0
1789885997,50,GET,GET /api/v1/reservas/{id},5.800000,0.000000,7,8,10,11,19,33,47,60,60,60,60,22003,0,5,6.2220868232688415,3.0284199965535663,1521.0046399952262,442.0
1789885997,50,POST,POST /api/v1/auth/login,0.000000,0.000000,0,0,0,0,0,0,0,0,0,0,0,50,0,1300.0,1369.1218887201103,628.633758999058,2104.1982940005255,1622.0
1789885997,50,POST,POST /api/v1/auth/refresh,0.000000,0.000000,0,0,0,0,0,0,0,0,0,0,0,200,0,25,28.638922730278864,18.447431997628883,95.92785300628748,1622.0
1789885997,50,,Aggregated,24.900000,0.000000,8,9,10,11,18,32,47,60,71,71,71,88455,0,6,8.715733611292366,3.0284199965535663,2104.1982940005255,6824.167723701317
1789885998,50,GET,GET /api/v1/reservas,18.700000,0.000000,8,10,11,12,18,28,41,68,71,71,71,66218,0,7,8.456561803095957,4.633864002244081,1957.275683998887,8965.0
1789885998,50,GET,GET /api/v1/reservas/{id},6.200000,0.000000,6,7,10,11,19,33,47,60,60,60,60,22009,0,5,6.221801599817626,3.0284199965535663,1521.0046399952262,442.0
1789885998,50,POST,POST /api/v1/auth/login,0.000000,0.000000,0,0,0,0,0,0,0,0,0,0,0,50,0,1300.0,1369.1218887201103,628.633758999058,2104.1982940005255,1622.0
1789885998,50,POST,POST /api/v1/auth/refresh,0.000000,0.000000,0,0,0,0,0,0,0,0,0,0,0,200,0,25,28.638922730278864,18.447431997628883,95.92785300628748,1622.0
1789885998,50,,Aggregated,24.900000,0.000000,8,9,10,11,19,32,47,60,71,71,71,88477,0,6,8.7152154782584,3.0284199965535663,2104.1982940005255,6824.122065621574
1789885999,50,GET,GET /api/v1/reservas,18.600000,0.000000,8,9,10,12,18,28,41,68,71,71,71,66237,0,7,8.456036959590945,4.633864002244081,1957.275683998887,8965.0
1789885999,50,GET,GET /api/v1/reservas/{id},6.300000,0.000000,6,7,10,10,19,33,47,60,60,60,60,22015,0,5,6.221491296724755,3.0284199965535663,1521.0046399952262,442.0
1789885999,50,POST,POST /api/v1/auth/login,0.000000,0.000000,0,0,0,0,0,0,0,0,0,0,0,50,0,1300.0,1369.1218887201103,628.633758999058,2104.1982940005255,1622.0
1789885999,50,POST,POST /api/v1/auth/refresh,0.000000,0.000000,0,0,0,0,0,0,0,0,0,0,0,200,0,25,28.638922730278864,18.447431997628883,95.92785300628748,1622.0
1789885999,50,,Aggregated,24.900000,0.000000,8,9,10,11,19,32,47,60,71,71,71,88502,0,6,8.714520914464027,3.0284199965535663,2104.1982940005255,6824.149002282435
1789886000,50,GET,GET /api/v1/reservas,18.700000,0.000000,8,9,10,12,19,32,41,68,71,71,71,66259,0,7,8.455825116141435,4.633864002244081,1957.275683998887,8965.0
1789886000,50,GET,GET /api/v1/reservas/{id},6.800000,0.000000,6,7,10,10,19,33,47,60,60,60,60,22019,0,5,6.221350634061399,3.0284199965535663,1521.0046399952262,442.0
1789886000,50,POST,POST /api/v1/auth/login,0.000000,0.000000,0,0,0,0,0,0,0,0,0,0,0,50,0,1300.0,1369.1218887201103,628.633758999058,2104.1982940005255,1622.0
1789886000,50,POST,POST /api/v1/auth/refresh,0.000000,0.000000,0,0,0,0,0,0,0,0,0,0,0,200,0,25,28.638922730278864,18.447431997628883,95.92785300628748,1622.0
1789886000,50,,Aggregated,25.500000,0.000000,7,8,10,11,19,32,47,60,71,71,71,88528,0,6,8.714150494350804,3.0284199965535663,2104.1982940005255,6824.39265543105
1789886001,50,GET,GET /api/v1/reservas,18.100000,0.000000,7,8,9,10,17,24,36,41,56,56,56,66279,0,7,8.455573761997364,4.633864002244081,1957.275683998887,8965.0
1789886001,50,GET,GET /api/v1/reservas/{id},7.100000,0.000000,6,7,9,10,15,24,38,47,47,47,47,22024,0,5,6.221569137821993,3.0284199965535663,1521.0046399952262,442.0
1789886001,50,POST,POST /api/v1/auth/login,0.000000,0.000000,0,0,0,0,0,0,0,0,0,0,0,50,0,1300.0,1369.1218887201103,628.633758999058,2104.1982940005255,1622.0
1789886001,50,POST,POST /api/v1/auth/refresh,0.000000,0.000000,0,0,0,0,0,0,0,0,0,0,0,200,0,25,28.638922730278864,18.447431997628883,95.92785300628748,1622.0
1789886001,50,,Aggregated,25.200000,0.000000,7,8,9,10,17,24,38,41,56,56,56,88553,0,6,8.713817612558467,3.0284199965535663,2104.1982940005255,6824.515747631362
1789886002,50,GET,GET /api/v1/reservas,18.500000,0.000000,7,8,8,8,10,11,17,22,32,32,32,66296,0,7,8.455453058697373,4.633864002244081,1957.275683998887,8965.0
1789886002,50,GET,GET /api/v1/reservas/{id},7.000000,0.000000,5,6,6,7,8,10,10,11,11,11,11,22034,0,5,6.220663713914633,3.0284199965535663,1521.0046399952262,442.0
1789886002,50,POST,POST /api/v1/auth/login,0.000000,0.000000,0,0,0,0,0,0,0,0,0,0,0,50,0,1300.0,1369.1218887201103,628.633758999058,2104.1982940005255,1622.0
1789886002,50,POST,POST /api/v1/auth/refresh,0.000000,0.000000,0,0,0,0,0,0,0,0,0,0,0,200,0,25,28.638922730278864,18.447431997628883,95.92785300628748,1622.0
1789886002,50,,Aggregated,25.500000,0.000000,7,7,8,8,9,11,13,21,32,32,32,88580,0,6,8.713171136078925,3.0284199965535663,2104.1982940005255,6824.2060058704
1789886003,50,GET,GET /api/v1/reservas,18.100000,0.000000,7,7,8,8,9,10,11,22,32,32,32,66314,0,7,8.455023333178707,4.633864002244081,1957.275683998887,8965.0
1789886003,50,GET,GET /api/v1/reservas/{id},7.100000,0.000000,5,6,6,6,7,9,10,11,11,11,11,22041,0,5,6.2203239607725775,3.0284199965535663,1521.0046399952262,442.0
1789886003,50,POST,POST /api/v1/auth/login,0.000000,0.000000,0,0,0,0,0,0,0,0,0,0,0,50,0,1300.0,1369.1218887201103,628.633758999058,2104.1982940005255,1622.0
1789886003,50,POST,POST /api/v1/auth/refresh,0.000000,0.000000,0,0,0,0,0,0,0,0,0,0,0,200,0,25,28.638922730278864,18.447431997628883,95.92785300628748,1622.0
1789886003,50,,Aggregated,25.200000,0.000000,6,7,8,8,8,10,11,12,32,32,32,88605,0,6,8.712515735205422,3.0284199965535663,2104.1982940005255,6824.136696574686
1789886004,50,GET,GET /api/v1/reservas,17.700000,0.000000,7,8,8,8,9,10,11,22,32,32,32,66333,0,7,8.45468357445621,4.633864002244081,1957.275683998887,8965.0
1789886004,50,GET,GET /api/v1/reservas/{id},7.300000,0.000000,5,6,6,6,7,9,10,11,11,11,11,22046,0,5,6.220230894873616,3.0284199965535663,1521.0046399952262,442.0
1789886004,50,POST,POST /api/v1/auth/login,0.000000,0.000000,0,0,0,0,0,0,0,0,0,0,0,50,0,1300.0,1369.1218887201103,628.633758999058,2104.1982940005255,1622.0
1789886004,50,POST,POST /api/v1/auth/refresh,0.000000,0.000000,0,0,0,0,0,0,0,0,0,0,0,200,0,25,28.638922730278864,18.447431997628883,95.92785300628748,1622.0
1789886004,50,,Aggregated,25.000000,0.000000,7,7,8,8,9,10,11,12,32,32,32,88629,0,6,8.712042501154961,3.0284199965535663,2104.1982940005255,6824.235600085751
1789886005,50,GET,GET /api/v1/reservas,17.800000,0.000000,7,8,8,8,9,10,11,22,32,32,32,66353,0,7,8.454462679538567,4.633864002244081,1957.275683998887,8965.0
1789886005,50,GET,GET /api/v1/reservas/{id},6.700000,0.000000,5,6,6,6,6,7,9,10,10,10,10,22055,0,5,6.2200249150488744,3.0284199965535663,1521.0046399952262,442.0
1789886005,50,POST,POST /api/v1/auth/login,0.000000,0.000000,0,0,0,0,0,0,0,0,0,0,0,50,0,1300.0,1369.1218887201103,628.633758999058,2104.1982940005255,1622.0
1789886005,50,POST,POST /api/v1/auth/refresh,0.000000,0.000000,0,0,0,0,0,0,0,0,0,0,0,200,0,25,28.638922730278864,18.447431997628883,95.92785300628748,1622.0
1789886005,50,,Aggregated,24.500000,0.000000,7,7,8,8,9,10,11,12,32,32,32,88658,0,6,8.71151492994316,3.0284199965535663,2104.1982940005255,6824.070642243227
1789886006,50,GET,GET /api/v1/reservas,18.500000,0.000000,7,8,8,8,9,10,11,22,32,32,32,66369,0,7,8.454274086853976,4.633864002244081,1957.275683998887,8965.0
1789886006,50,GET,GET /api/v1/reservas/{id},6.800000,0.000000,5,6,6,6,6,9,9,10,10,10,10,22056,0,5,6.21992639034293,3.0284199965535663,1521.0046399952262,442.0
1789886006,50,POST,POST /api/v1/auth/login,0.000000,0.000000,0,0,0,0,0,0,0,0,0,0,0,50,0,1300.0,1369.1218887201103,628.633758999058,2104.1982940005255,1622.0
1789886006,50,POST,POST /api/v1/auth/refresh,0.000000,0.000000,0,0,0,0,0,0,0,0,0,0,0,200,0,25,28.638922730278864,18.447431997628883,95.92785300628748,1622.0
1789886006,50,,Aggregated,25.300000,0.000000,7,7,8,8,9,10,11,12,32,32,32,88675,0,6,8.711274793548242,3.0284199965535663,2104.1982940005255,6824.384967578235
1789886007,50,GET,GET /api/v1/reservas,18.500000,0.000000,7,8,8,8,9,10,12,22,32,32,32,66390,0,7,8.454116919466939,4.633864002244081,1957.275683998887,8965.0
1789886007,50,GET,GET /api/v1/reservas/{id},6.700000,0.000000,5,6,6,6,7,9,10,12,12,12,12,22062,0,5,6.220047691659739,3.0284199965535663,1521.0046399952262,442.0
1789886007,50,POST,POST /api/v1/auth/login,0.000000,0.000000,0,0,0,0,0,0,0,0,0,0,0,50,0,1300.0,1369.1218887201103,628.633758999058,2104.1982940005255,1622.0
1789886007,50,POST,POST /api/v1/auth/refresh,0.000000,0.000000,0,0,0,0,0,0,0,0,0,0,0,200,0,25,28.638922730278864,18.447431997628883,95.92785300628748,1622.0
1789886007,50,,Aggregated,25.200000,0.000000,7,7,8,8,9,10,12,13,32,32,32,88702,0,6,8.710957965309488,3.0284199965535663,2104.1982940005255,6824.460034723005
1789886008,50,GET,GET /api/v1/reservas,18.600000,0.000000,7,8,8,8,9,10,12,22,32,32,32,66410,0,7,8.45372477674138,4.633864002244081,1957.275683998887,8965.0
1789886008,50,GET,GET /api/v1/reservas/{id},6.200000,0.000000,5,6,6,6,7,9,12,12,12,12,12,22065,0,5,6.219955730360285,3.0284199965535663,1521.0046399952262,442.0
1789886008,50,POST,POST /api/v1/auth/login,0.000000,0.000000,0,0,0,0,0,0,0,0,0,0,0,50,0,1300.0,1369.1218887201103,628.633758999058,2104.1982940005255,1622.0
1789886008,50,POST,POST /api/v1/auth/refresh,0.000000,0.000000,0,0,0,0,0,0,0,0,0,0,0,200,0,25,28.638922730278864,18.447431997628883,95.92785300628748,1622.0
1789886008,50,,Aggregated,24.800000,0.000000,7,7,8,8,9,10,12,13,32,32,32,88725,0,6,8.710499460083062,3.0284199965535663,2104.1982940005255,6824.72673992674
1789886009,50,GET,GET /api/v1/reservas,19.300000,0.000000,7,8,8,8,9,10,12,22,32,32,32,66430,0,7,8.453452976055917,4.633864002244081,1957.275683998887,8965.0
1789886009,50,GET,GET /api/v1/reservas/{id},5.800000,0.000000,5,6,6,6,7,9,10,12,12,12,12,22074,0,5,6.2195857927154465,3.0284199965535663,1521.0046399952262,442.0
1789886009,50,POST,POST /api/v1/auth/login,0.000000,0.000000,0,0,0,0,0,0,0,0,0,0,0,50,0,1300.0,1369.1218887201103,628.633758999058,2104.1982940005255,1622.0
1789886009,50,POST,POST /api/v1/auth/refresh,0.000000,0.000000,0,0,0,0,0,0,0,0,0,0,0,200,0,25,28.638922730278864,18.447431997628883,95.92785300628748,1622.0
1789886009,50,,Aggregated,25.100000,0.000000,7,8,8,8,9,10,12,13,32,32,32,88754,0,6,8.709893604455802,3.0284199965535663,2104.1982940005255,6824.561800031548
1789886010,50,GET,GET /api/v1/reservas,19.200000,0.000000,7,8,8,8,9,10,11,13,22,22,22,66441,0,7,8.453347086006975,4.633864002244081,1957.275683998887,8965.0
1789886010,50,GET,GET /api/v1/reservas/{id},5.400000,0.000000,5,6,6,6,7,7,9,12,12,12,12,22084,0,5,6.219254424624291,3.0284199965535663,1521.0046399952262,442.0
1789886010,50,POST,POST /api/v1/auth/login,0.000000,0.000000,0,0,0,0,0,0,0,0,0,0,0,50,0,1300.0,1369.1218887201103,628.633758999058,2104.1982940005255,1622.0
1789886010,50,POST,POST /api/v1/auth/refresh,0.000000,0.000000,0,0,0,0,0,0,0,0,0,0,0,200,0,25,28.638922730278864,18.447431997628883,95.92785300628748,1622.0
1789886010,50,,Aggregated,24.600000,0.000000,7,7,8,8,9,10,11,12,22,22,22,88775,0,6,8.70941962756257,3.0284199965535663,2104.1982940005255,6824.1080597014925
1789886011,50,GET,GET /api/v1/reservas,19.200000,0.000000,7,8,8,8,10,10,12,17,18,18,18,66456,0,7,8.453708296292094,4.633864002244081,1957.275683998887,8965.0
1789886011,50,GET,GET /api/v1/reservas/{id},5.800000,0.000000,6,6,6,7,9,11,11,12,12,12,12,22096,0,5,6.219993228203855,3.0284199965535663,1521.0046399952262,442.0
1789886011,50,POST,POST /api/v1/auth/login,0.000000,0.000000,0,0,0,0,0,0,0,0,0,0,0,50,0,1300.0,1369.1218887201103,628.633758999058,2104.1982940005255,1622.0
1789886011,50,POST,POST /api/v1/auth/refresh,0.000000,0.000000,0,0,0,0,0,0,0,0,0,0,0,200,0,25,28.638922730278864,18.447431997628883,95.92785300628748,1622.0
1789886011,50,,Aggregated,25.000000,0.000000,7,8,8,8,9,10,12,13,18,18,18,88802,0,6,8.709494019175857,3.0284199965535663,2104.1982940005255,6823.607261097723
1789886012,50,GET,GET /api/v1/reservas,18.100000,0.000000,8,8,8,9,10,11,13,17,18,18,18,66483,0,7,8.453552708262213,4.633864002244081,1957.275683998887,8965.0
1789886012,50,GET,GET /api/v1/reservas/{id},6.300000,0.000000,6,6,6,7,9,11,11,12,12,12,12,22101,0,5,6.219779014542368,3.0284199965535663,1521.0046399952262,442.0
1789886012,50,POST,POST /api/v1/auth/login,0.000000,0.000000,0,0,0,0,0,0,0,0,0,0,0,50,0,1300.0,1369.1218887201103,628.633758999058,2104.1982940005255,1622.0
1789886012,50,POST,POST /api/v1/auth/refresh,0.000000,0.000000,0,0,0,0,0,0,0,0,0,0,0,200,0,25,28.638922730278864,18.447431997628883,95.92785300628748,1622.0
1789886012,50,,Aggregated,24.400000,0.000000,7,8,8,8,10,11,12,13,18,18,18,88834,0,6,8.709106419680214,3.0284199965535663,2104.1982940005255,6823.898923835469
1789886013,50,GET,GET /api/v1/reservas,17.600000,0.000000,8,8,8,9,10,12,13,17,18,18,18,66497,0,7,8.453683019314965,4.633864002244081,1957.275683998887,8965.0
1789886013,50,GET,GET /api/v1/reservas/{id},7.100000,0.000000,6,6,6,7,9,11,12,12,12,12,12,22107,0,5,6.219945655059565,3.0284199965535663,1521.0046399952262,442.0
1789886013,50,POST,POST /api/v1/auth/login,0.000000,0.000000,0,0,0,0,0,0,0,0,0,0,0,50,0,1300.0,1369.1218887201103,628.633758999058,2104.1982940005255,1622.0
1789886013,50,POST,POST /api/v1/auth/refresh,0.000000,0.000000,0,0,0,0,0,0,0,0,0,0,0,200,0,25,28.638922730278864,18.447431997628883,95.92785300628748,1622.0
1789886013,50,,Aggregated,24.700000,0.000000,7,8,8,9,10,12,13,16,18,18,18,88854,0,6,8.70903704181988,3.0284199965535663,2104.1982940005255,6823.805332342945
1789886014,50,GET,GET /api/v1/reservas,18.800000,0.000000,8,8,8,9,10,12,13,17,18,18,18,66515,0,7,8.453613347882234,4.633864002244081,1957.275683998887,8965.0
1789886014,50,GET,GET /api/v1/reservas/{id},6.700000,0.000000,6,6,6,7,9,11,12,12,12,12,12,22115,0,5,6.2199112498937215,3.0284199965535663,1521.0046399952262,442.0
1789886014,50,POST,POST /api/v1/auth/login,0.000000,0.000000,0,0,0,0,0,0,0,0,0,0,0,50,0,1300.0,1369.1218887201103,628.633758999058,2104.1982940005255,1622.0
1789886014,50,POST,POST /api/v1/auth/refresh,0.000000,0.000000,0,0,0,0,0,0,0,0,0,0,0,200,0,25,28.638922730278864,18.447431997628883,95.92785300628748,1622.0
1789886014,50,,Aggregated,25.500000,0.000000,7,8,8,9,10,12,13,16,18,18,18,88880,0,6,8.708700586272062,3.0284199965535663,2104.1982940005255,6823.6645477047705
1789886015,50,GET,GET /api/v1/reservas,18.000000,0.000000,8,8,9,10,12,15,18,20,30,30,30,66535,0,7,8.454591356690353,4.633864002244081,1957.275683998887,8965.0
1789886015,50,GET,GET /api/v1/reservas/{id},6.800000,0.000000,6,6,7,7,9,11,12,14,14,14,14,22122,0,5,6.220142611445781,3.0284199965535663,1521.0046399952262,442.0
1789886015,50,POST,POST /api/v1/auth/login,0.000000,0.000000,0,0,0,0,0,0,0,0,0,0,0,50,0,1300.0,1369.1218887201103,628.633758999058,2104.1982940005255,1622.0
1789886015,50,POST,POST /api/v1/auth/refresh,0.000000,0.000000,0,0,0,0,0,0,0,0,0,0,0,200,0,25,28.638922730278864,18.447431997628883,95.92785300628748,1622.0
1789886015,50,,Aggregated,24.800000,0.000000,7,8,9,9,11,13,17,19,30,30,30,88907,0,6,8.709236727702775,3.0284199965535663,2104.1982940005255,6823.643796326499
1789886016,50,GET,GET /api/v1/reservas,18.300000,0.000000,8,8,9,9,11,15,18,20,30,30,30,66553,0,7,8.454166025309002,4.633864002244081,1957.275683998887,8965.0
1789886016,50,GET,GET /api/v1/reservas/{id},6.700000,0.000000,6,6,6,7,9,11,12,14,14,14,14,22126,0,5,6.219917136735145,3.0284199965535663,1521.0046399952262,442.0
1789886016,50,POST,POST /api/v1/auth/login,0.000000,0.000000,0,0,0,0,0,0,0,0,0,0,0,50,0,1300.0,1369.1218887201103,628.633758999058,2104.1982940005255,1622.0
1789886016,50,POST,POST /api/v1/auth/refresh,0.000000,0.000000,0,0,0,0,0,0,0,0,0,0,0,200,0,25,28.638922730278864,18.447431997628883,95.92785300628748,1622.0
1789886016,50,,Aggregated,25.000000,0.000000,7,8,8,9,11,13,17,19,30,30,30,88929,0,6,8.708698816267654,3.0284199965535663,2104.1982940005255,6823.790180930855
1789886017,50,GET,GET /api/v1/reservas,18.100000,0.000000,8,8,9,10,11,15,18,20,30,30,30,66573,0,7,8.453963385417408,4.633864002244081,1957.275683998887,8965.0
1789886017,50,GET,GET /api/v1/reservas/{id},6.900000,0.000000,6,6,6,7,9,11,12,14,14,14,14,22133,0,5,6.219592397975456,3.0284199965535663,1521.0046399952262,442.0
1789886017,50,POST,POST /api/v1/auth/login,0.000000,0.000000,0,0,0,0,0,0,0,0,0,0,0,50,0,1300.0,1369.1218887201103,628.633758999058,2104.1982940005255,1622.0
1789886017,50,POST,POST /api/v1/auth/refresh,0.000000,0.000000,0,0,0,0,0,0,0,0,0,0,0,200,0,25,28.638922730278864,18.447431997628883,95.92785300628748,1622.0
1789886017,50,,Aggregated,25.000000,0.000000,7,8,8,9,11,13,17,19,30,30,30,88956,0,6,8.708213296279714,3.0284199965535663,2104.1982940005255,6823.769402850848
1789886018,50,GET,GET /api/v1/reservas,18.300000,0.000000,8,8,9,10,12,15,18,20,30,30,30,66594,0,7,8.453743630092525,4.633864002244081,1957.275683998887,8965.0
1789886018,50,GET,GET /api/v1/reservas/{id},6.900000,0.000000,6,6,7,7,9,11,12,14,14,14,14,22136,0,5,6.219869662377328,3.0284199965535663,1521.0046399952262,442.0
1789886018,50,POST,POST /api/v1/auth/login,0.000000,0.000000,0,0,0,0,0,0,0,0,0,0,0,50,0,1300.0,1369.1218887201103,628.633758999058,2104.1982940005255,1622.0
1789886018,50,POST,POST /api/v1/auth/refresh,0.000000,0.000000,0,0,0,0,0,0,0,0,0,0,0,200,0,25,28.638922730278864,18.447431997628883,95.92785300628748,1622.0
1789886018,50,,Aggregated,25.200000,0.000000,7,8,9,9,11,13,17,19,30,30,30,88980,0,6,8.70797389448011,3.0284199965535663,2104.1982940005255,6824.059586423916
1789886019,50,GET,GET /api/v1/reservas,18.000000,0.000000,8,8,9,9,11,15,18,20,30,30,30,66612,0,7,8.453546518576024,4.633864002244081,1957.275683998887,8965.0
1789886019,50,GET,GET /api/v1/reservas/{id},7.300000,0.000000,6,6,7,7,9,11,12,14,14,14,14,22143,0,5,6.219600709947878,3.0284199965535663,1521.0046399952262,442.0
1789886019,50,POST,POST /api/v1/auth/login,0.000000,0.000000,0,0,0,0,0,0,0,0,0,0,0,50,0,1300.0,1369.1218887201103,628.633758999058,2104.1982940005255,1622.0
1789886019,50,POST,POST /api/v1/auth/refresh,0.000000,0.000000,0,0,0,0,0,0,0,0,0,0,0,200,0,25,28.638922730278864,18.447431997628883,95.92785300628748,1622.0
1789886019,50,,Aggregated,25.300000,0.000000,7,8,9,9,11,13,17,19,30,30,30,89005,0,6,8.707512366696658,3.0284199965535663,2104.1982940005255,6823.990629739902
1789886020,50,GET,GET /api/v1/reservas,18.200000,0.000000,8,8,9,9,10,13,16,20,30,30,30,66632,0,7,8.453208276029297,4.633864002244081,1957.275683998887,8965.0
1789886020,50,GET,GET /api/v1/reservas/{id},7.300000,0.000000,6,6,6,6,7,12,12,14,14,14,14,22146,0,5,6.219549658871443,3.0284199965535663,1521.0046399952262,442.0
1789886020,50,POST,POST /api/v1/auth/login,0.000000,0.000000,0,0,0,0,0,0,0,0,0,0,0,50,0,1300.0,1369.1218887201103,628.633758999058,2104.1982940005255,1622.0
1789886020,50,POST,POST /api/v1/auth/refresh,0.000000,0.000000,0,0,0,0,0,0,0,0,0,0,0,200,0,25,28.638922730278864,18.447431997628883,95.92785300628748,1622.0
1789886020,50,,Aggregated,25.500000,0.000000,7,8,8,9,10,12,16,19,30,30,30,89028,0,6,8.707105624925026,3.0284199965535663,2104.1982940005255,6824.256548501595
1789886021,50,GET,GET /api/v1/reservas,18.100000,0.000000,8,8,9,9,11,13,16,20,30,30,30,66653,0,7,8.453336524168446,4.633864002244081,1957.275683998887,8965.0
1789886021,50,GET,GET /api/v1/reservas/{id},6.900000,0.000000,6,6,6,6,7,12,12,14,14,14,14,22152,0,5,6.219540201984589,3.0284199965535663,1521.0046399952262,442.0
1789886021,50,POST,POST /api/v1/auth/login,0.000000,0.000000,0,0,0,0,0,0,0,0,0,0,0,50,0,1300.0,1369.1218887201103,628.633758999058,2104.1982940005255,1622.0
1789886021,50,POST,POST /api/v1/auth/refresh,0.000000,0.000000,0,0,0,0,0,0,0,0,0,0,0,200,0,25,28.638922730278864,18.447431997628883,95.92785300628748,1622.0
1789886021,50,,Aggregated,25.000000,0.000000,7,8,8,9,10,12,16,19,30,30,30,89055,0,6,8.7069717913855,3.0284199965535663,2104.1982940005255,6824.331357026556
1789886022,50,GET,GET /api/v1/reservas,18.900000,0.000000,8,8,9,9,11,13,20,23,30,30,30,66674,0,7,8.453668552365318,4.633864002244081,1957.275683998887,8965.0
1789886022,50,GET,GET /api/v1/reservas/{id},6.300000,0.000000,6,6,6,6,7,8,14,14,14,14,14,22156,0,5,6.219359431276517,3.0284199965535663,1521.0046399952262,442.0
1789886022,50,POST,POST /api/v1/auth/login,0.000000,0.000000,0,0,0,0,0,0,0,0,0,0,0,50,0,1300.0,1369.1218887201103,628.633758999058,2104.1982940005255,1622.0
1789886022,50,POST,POST /api/v1/auth/refresh,0.000000,0.000000,0,0,0,0,0,0,0,0,0,0,0,200,0,25,28.638922730278864,18.447431997628883,95.92785300628748,1622.0
1789886022,50,,Aggregated,25.200000,0.000000,7,8,8,9,10,13,19,22,30,30,30,89080,0,6,8.707003857227678,3.0284199965535663,2104.1982940005255,6824.549416255051
1789886023,50,GET,GET /api/v1/reservas,19.400000,0.000000,8,8,9,9,11,15,20,23,30,30,30,66688,0,7,8.453473592406704,4.633864002244081,1957.275683998887,8965.0
1789886023,50,GET,GET /api/v1/reservas/{id},5.400000,0.000000,6,6,6,6,7,8,12,14,14,14,14,22164,0,5,6.219261767612135,3.0284199965535663,1521.0046399952262,442.0
1789886023,50,POST,POST /api/v1/auth/login,0.000000,0.000000,0,0,0,0,0,0,0,0,0,0,0,50,0,1300.0,1369.1218887201103,628.633758999058,2104.1982940005255,1622.0
1789886023,50,POST,POST /api/v1/auth/refresh,0.000000,0.000000,0,0,0,0,0,0,0,0,0,0,0,200,0,25,28.638922730278864,18.447431997628883,95.92785300628748,1622.0
1789886023,50,,Aggregated,24.800000,0.000000,7,8,8,9,10,13,19,22,30,30,30,89102,0,6,8.706570489212895,3.0284199965535663,2104.1982940005255,6824.312675360822
1789886024,50,GET,GET /api/v1/reservas,18.700000,0.000000,8,8,8,8,9,11,13,22,23,23,23,66708,0,7,8.453216782431396,4.633864002244081,1957.275683998887,8965.0
1789886024,50,GET,GET /api/v1/reservas/{id},5.500000,0.000000,6,6,6,6,7,7,12,12,12,12,12,22170,0,5,6.219159700737581,3.0284199965535663,1521.0046399952262,442.0
1789886024,50,POST,POST /api/v1/auth/login,0.000000,0.000000,0,0,0,0,0,0,0,0,0,0,0,50,0,1300.0,1369.1218887201103,628.633758999058,2104.1982940005255,1622.0
1789886024,50,POST,POST /api/v1/auth/refresh,0.000000,0.000000,0,0,0,0,0,0,0,0,0,0,0,200,0,25,28.638922730278864,18.447431997628883,95.92785300628748,1622.0
1789886024,50,,Aggregated,24.200000,0.000000,7,8,8,8,9,11,13,18,23,23,23,89128,0,6,8.706128653956775,3.0284199965535663,2104.1982940005255,6824.363387487658
1789886025,50,GET,GET /api/v1/reservas,19.200000,0.000000,8,8,8,9,10,12,19,23,23,23,23,66728,0,7,8.453567970453749,4.633864002244081,1957.275683998887,8965.0
1789886025,50,GET,GET /api/v1/reservas/{id},5.500000,0.000000,6,6,6,7,7,9,10,12,12,12,12,22177,0,5,6.2194220777094,3.0284199965535663,1521.0046399952262,442.0
1789886025,50,POST,POST /api/v1/auth/login,0.000000,0.000000,0,0,0,0,0,0,0,0,0,0,0,50,0,1300.0,1369.1218887201103,628.633758999058,2104.1982940005255,1622.0
1789886025,50,POST,POST /api/v1/auth/refresh,0.000000,0.000000,0,0,0,0,0,0,0,0,0,0,0,200,0,25,28.638922730278864,18.447431997628883,95.92785300628748,1622.0
1789886025,50,,Aggregated,24.700000,0.000000,7,8,8,9,9,11,18,22,23,23,23,89155,0,6,8.706204766214714,3.0284199965535663,2104.1982940005255,6824.342482193932
1789886026,50,GET,GET /api/v1/reservas,19.400000,0.000000,8,8,8,9,9,12,19,23,23,23,23,66740,0,7,8.45337698361464,4.633864002244081,1957.275683998887,8965.0
1789886026,50,GET,GET /api/v1/reservas/{id},5.700000,0.000000,6,6,6,7,8,9,10,12,12,12,12,22184,0,5,6.219297302395933,3.0284199965535663,1521.0046399952262,442.0
1789886026,50,POST,POST /api/v1/auth/login,0.000000,0.000000,0,0,0,0,0,0,0,0,0,0,0,50,0,1300.0,1369.1218887201103,628.633758999058,2104.1982940005255,1622.0
1789886026,50,POST,POST /api/v1/auth/refresh,0.000000,0.000000,0,0,0,0,0,0,0,0,0,0,0,200,0,25,28.638922730278864,18.447431997628883,95.92785300628748,1622.0
1789886026,50,,Aggregated,25.100000,0.000000,7,8,8,8,9,11,18,22,23,23,23,89174,0,6,8.70580158145722,3.0284199965535663,2104.1982940005255,6824.129544486061
1789886027,50,GET,GET /api/v1/reservas,19.100000,0.000000,8,8,8,9,10,12,19,23,23,23,23,66761,0,7,8.453166394952897,4.633864002244081,1957.275683998887,8965.0
1789886027,50,GET,GET /api/v1/reservas/{id},5.500000,0.000000,6,6,6,6,8,8,9,10,10,10,10,22191,0,5,6.2191523251023195,3.0284199965535663,1521.0046399952262,442.0
1789886027,50,POST,POST /api/v1/auth/login,0.000000,0.000000,0,0,0,0,0,0,0,0,0,0,0,50,0,1300.0,1369.1218887201103,628.633758999058,2104.1982940005255,1622.0
1789886027,50,POST,POST /api/v1/auth/refresh,0.000000,0.000000,0,0,0,0,0,0,0,0,0,0,0,200,0,25,28.638922730278864,18.447431997628883,95.92785300628748,1622.0
1789886027,50,,Aggregated,24.600000,0.000000,7,8,8,8,9,11,18,22,23,23,23,89202,0,6,8.70535335443005,3.0284199965535663,2104.1982940005255,6824.132721239434
1789886028,50,GET,GET /api/v1/reservas,18.700000,0.000000,8,8,9,9,10,13,19,23,23,23,23,66782,0,7,8.453249981199098,4.633864002244081,1957.275683998887,8965.0
1789886028,50,GET,GET /api/v1/reservas/{id},5.900000,0.000000,6,6,6,7,8,8,9,10,10,10,10,22196,0,5,6.219128976092384,3.0284199965535663,1521.0046399952262,442.0
1789886028,50,POST,POST /api/v1/auth/login,0.000000,0.000000,0,0,0,0,0,0,0,0,0,0,0,50,0,1300.0,1369.1218887201103,628.633758999058,2104.1982940005255,1622.0
1789886028,50,POST,POST /api/v1/auth/refresh,0.000000,0.000000,0,0,0,0,0,0,0,0,0,0,0,200,0,25,28.638922730278864,18.447431997628883,95.92785300628748,1622.0
1789886028,50,,Aggregated,24.600000,0.000000,7,8,8,9,9,11,18,22,23,23,23,89228,0,6,8.705211435646417,3.0284199965535663,2104.1982940005255,6824.278948312189
1789886029,50,GET,GET /api/v1/reservas,18.900000,0.000000,8,8,9,9,10,13,19,23,23,23,23,66803,0,7,8.452852190641726,4.633864002244081,1957.275683998887,8965.0
1789886029,50,GET,GET /api/v1/reservas/{id},5.700000,0.000000,6,6,6,7,8,8,9,10,10,10,10,22203,0,5,6.218691395006682,3.0284199965535663,1521.0046399952262,442.0
1789886029,50,POST,POST /api/v1/auth/login,0.000000,0.000000,0,0,0,0,0,0,0,0,0,0,0,50,0,1300.0,1369.1218887201103,628.633758999058,2104.1982940005255,1622.0
1789886029,50,POST,POST /api/v1/auth/refresh,0.000000,0.000000,0,0,0,0,0,0,0,0,0,0,0,200,0,25,28.638922730278864,18.447431997628883,95.92785300628748,1622.0
1789886029,50,,Aggregated,24.600000,0.000000,7,8,8,9,9,11,18,22,23,23,23,89256,0,6,8.704550606310459,3.0284199965535663,2104.1982940005255,6824.282076274984
1789886030,50,GET,GET /api/v1/reservas,18.900000,0.000000,8,8,9,9,10,12,19,23,23,23,23,66822,0,7,8.452428253007268,4.633864002244081,1957.275683998887,8965.0
1789886030,50,GET,GET /api/v1/reservas/{id},5.900000,0.000000,6,6,6,7,7,8,9,10,10,10,10,22209,0,5,6.2185523537900105,3.0284199965535663,1521.0046399952262,442.0
1789886030,50,POST,POST /api/v1/auth/login,0.000000,0.000000,0,0,0,0,0,0,0,0,0,0,0,50,0,1300.0,1369.1218887201103,628.633758999058,2104.1982940005255,1622.0
1789886030,50,POST,POST /api/v1/auth/refresh,0.000000,0.000000,0,0,0,0,0,0,0,0,0,0,0,200,0,25,28.638922730278864,18.447431997628883,95.92785300628748,1622.0
1789886030,50,,Aggregated,24.800000,0.000000,7,8,8,9,9,11,18,22,23,23,23,89281,0,6,8.703978102058084,3.0284199965535663,2104.1982940005255,6824.3087331011075
1789886031,50,GET,GET /api/v1/reservas,18.800000,0.000000,7,8,8,9,9,11,14,19,23,23,23,66838,0,7,8.452103702690982,4.633864002244081,1957.275683998887,8965.0
1789886031,50,GET,GET /api/v1/reservas/{id},5.800000,0.000000,6,6,6,7,7,8,9,10,10,10,10,22214,0,5,6.218368251837778,3.0284199965535663,1521.0046399952262,442.0
1789886031,50,POST,POST /api/v1/auth/login,0.000000,0.000000,0,0,0,0,0,0,0,0,0,0,0,50,0,1300.0,1369.1218887201103,628.633758999058,2104.1982940005255,1622.0
1789886031,50,POST,POST /api/v1/auth/refresh,0.000000,0.000000,0,0,0,0,0,0,0,0,0,0,0,200,0,25,28.638922730278864,18.447431997628883,95.92785300628748,1622.0
1789886031,50,,Aggregated,24.600000,0.000000,7,8,8,8,9,10,13,14,23,23,23,89302,0,6,8.70350516907637,3.0284199965535663,2104.1982940005255,6824.3349309086025
1789886032,50,GET,GET /api/v1/reservas,18.900000,0.000000,8,8,9,9,11,15,22,24,27,27,27,66857,0,7,8.453372231949826,4.633864002244081,1957.275683998887,8965.0
1789886032,50,GET,GET /api/v1/reservas/{id},6.200000,0.000000,6,6,6,7,7,8,9,10,10,10,10,22223,0,5,6.2180964751976,3.0284199965535663,1521.0046399952262,442.0
1789886032,50,POST,POST /api/v1/auth/login,0.000000,0.000000,0,0,0,0,0,0,0,0,0,0,0,50,0,1300.0,1369.1218887201103,628.633758999058,2104.1982940005255,1622.0
1789886032,50,POST,POST /api/v1/auth/refresh,0.000000,0.000000,0,0,0,0,0,0,0,0,0,0,0,200,0,25,28.638922730278864,18.447431997628883,95.92785300628748,1622.0
1789886032,50,,Aggregated,25.100000,0.000000,7,8,8,9,10,13,21,23,27,27,27,89330,0,6,8.704083110510014,3.0284199965535663,2104.1982940005255,6824.147218179783
1789886033,50,GET,GET /api/v1/reservas,18.900000,0.000000,7,8,9,9,11,15,22,24,27,27,27,66876,0,7,8.452860984874587,4.633864002244081,1957.275683998887,8965.0
1789886033,50,GET,GET /api/v1/reservas/{id},6.500000,0.000000,6,6,6,7,8,8,9,10,10,10,10,22228,0,5,6.217741657652946,3.0284199965535663,1521.0046399952262,442.0
1789886033,50,POST,POST /api/v1/auth/login,0.000000,0.000000,0,0,0,0,0,0,0,0,0,0,0,50,0,1300.0,1369.1218887201103,628.633758999058,2104.1982940005255,1622.0
1789886033,50,POST,POST /api/v1/auth/refresh,0.000000,0.000000,0,0,0,0,0,0,0,0,0,0,0,200,0,25,28.638922730278864,18.447431997628883,95.92785300628748,1622.0
1789886033,50,,Aggregated,25.400000,0.000000,7,8,8,9,10,13,21,23,27,27,27,89354,0,6,8.703419788401817,3.0284199965535663,2104.1982940005255,6824.245316382031
1789886034,50,GET,GET /api/v1/reservas,18.700000,0.000000,7,8,8,9,11,14,22,24,27,27,27,66899,0,7,8.45246337279272,4.633864002244081,1957.275683998887,8965.0
1789886034,50,GET,GET /api/v1/reservas/{id},6.400000,0.000000,5,6,6,6,7,8,8,8,8,8,8,22230,0,5,6.21763392457529,3.0284199965535663,1521.0046399952262,442.0
1789886034,50,POST,POST /api/v1/auth/login,0.000000,0.000000,0,0,0,0,0,0,0,0,0,0,0,50,0,1300.0,1369.1218887201103,628.633758999058,2104.1982940005255,1622.0
1789886034,50,POST,POST /api/v1/auth/refresh,0.000000,0.000000,0,0,0,0,0,0,0,0,0,0,0,200,0,25,28.638922730278864,18.447431997628883,95.92785300628748,1622.0
1789886034,50,,Aggregated,25.100000,0.000000,7,8,8,8,9,13,21,23,27,27,27,89379,0,6,8.702975288399314,3.0284199965535663,2104.1982940005255,6824.6533861421585
1789886035,50,GET,GET /api/v1/reservas,18.900000,0.000000,7,8,8,9,11,14,21,24,27,27,27,66917,0,7,8.45211003826315,4.633864002244081,1957.275683998887,8965.0
1789886035,50,GET,GET /api/v1/reservas/{id},6.400000,0.000000,6,6,6,6,7,8,9,9,9,9,9,22240,0,5,6.217689729915332,3.0284199965535663,1521.0046399952262,442.0
1789886035,50,POST,POST /api/v1/auth/login,0.000000,0.000000,0,0,0,0,0,0,0,0,0,0,0,50,0,1300.0,1369.1218887201103,628.633758999058,2104.1982940005255,1622.0
1789886035,50,POST,POST /api/v1/auth/refresh,0.000000,0.000000,0,0,0,0,0,0,0,0,0,0,0,200,0,25,28.638922730278864,18.447431997628883,95.92785300628748,1622.0
1789886035,50,,Aggregated,25.300000,0.000000,7,7,8,8,9,12,19,22,27,27,27,89407,0,6,8.702396300131376,3.0284199965535663,2104.1982940005255,6824.370407238806
1789886036,50,GET,GET /api/v1/reservas,18.800000,0.000000,7,8,8,9,11,15,21,24,27,27,27,66936,0,7,8.452121675323676,4.633864002244081,1957.275683998887,8965.0
1789886036,50,GET,GET /api/v1/reservas/{id},6.000000,0.000000,6,6,6,7,7,9,9,9,9,9,9,22244,0,5,6.217726983245841,3.0284199965535663,1521.0046399952262,442.0
1789886036,50,POST,POST /api/v1/auth/login,0.000000,0.000000,0,0,0,0,0,0,0,0,0,0,0,50,0,1300.0,1369.1218887201103,628.633758999058,2104.1982940005255,1622.0
1789886036,50,POST,POST /api/v1/auth/refresh,0.000000,0.000000,0,0,0,0,0,0,0,0,0,0,0,200,0,25,28.638922730278864,18.447431997628883,95.92785300628748,1622.0
1789886036,50,,Aggregated,24.800000,0.000000,7,7,8,8,9,13,19,22,27,27,27,89430,0,6,8.702249965971818,3.0284199965535663,2104.1982940005255,6824.539729397294
1789886037,50,GET,GET /api/v1/reservas,18.700000,0.000000,7,8,8,8,11,15,21,24,27,27,27,66956,0,7,8.451914670955038,4.633864002244081,1957.275683998887,8965.0
1789886037,50,GET,GET /api/v1/reservas/{id},6.000000,0.000000,6,6,6,6,7,9,9,9,9,9,9,22251,0,5,6.2174842014890865,3.0284199965535663,1521.0046399952262,442.0
1789886037,50,POST,POST /api/v1/auth/login,0.000000,0.000000,0,0,0,0,0,0,0,0,0,0,0,50,0,1300.0,1369.1218887201103,628.633758999058,2104.1982940005255,1622.0
1789886037,50,POST,POST /api/v1/auth/refresh,0.000000,0.000000,0,0,0,0,0,0,0,0,0,0,0,200,0,25,28.638922730278864,18.447431997628883,95.92785300628748,1622.0
1789886037,50,,Aggregated,24.700000,0.000000,7,7,8,8,9,12,19,22,27,27,27,89457,0,6,8.70178430595563,3.0284199965535663,2104.1982940005255,6824.518841454554
1789886038,50,GET,GET /api/v1/reservas,19.600000,0.000000,7,8,8,8,11,14,21,24,27,27,27,66977,0,7,8.45147069624614,4.633864002244081,1957.275683998887,8965.0
1789886038,50,GET,GET /api/v1/reservas/{id},6.000000,0.000000,6,6,6,6,7,9,9,9,9,9,9,22255,0,5,6.217311028997013,3.0284199965535663,1521.0046399952262,442.0
1789886038,50,POST,POST /api/v1/auth/login,0.000000,0.000000,0,0,0,0,0,0,0,0,0,0,0,50,0,1300.0,1369.1218887201103,628.633758999058,2104.1982940005255,1622.0
1789886038,50,POST,POST /api/v1/auth/refresh,0.000000,0.000000,0,0,0,0,0,0,0,0,0,0,0,200,0,25,28.638922730278864,18.447431997628883,95.92785300628748,1622.0
1789886038,50,,Aggregated,25.600000,0.000000,7,7,8,8,9,12,19,22,27,27,27,89482,0,6,8.701239229732012,3.0284199965535663,2104.1982940005255,6824.735868666324
1789886039,50,GET,GET /api/v1/reservas,19.200000,0.000000,7,8,8,8,11,15,21,24,27,27,27,66997,0,7,8.45094708169722,4.633864002244081,1957.275683998887,8965.0
1789886039,50,GET,GET /api/v1/reservas/{id},6.000000,0.000000,5,6,6,6,7,9,9,9,9,9,9,22260,0,5,6.217049981640872,3.0284199965535663,1521.0046399952262,442.0
1789886039,50,POST,POST /api/v1/auth/login,0.000000,0.000000,0,0,0,0,0,0,0,0,0,0,0,50,0,1300.0,1369.1218887201103,628.633758999058,2104.1982940005255,1622.0
1789886039,50,POST,POST /api/v1/auth/refresh,0.000000,0.000000,0,0,0,0,0,0,0,0,0,0,0,200,0,25,28.638922730278864,18.447431997628883,95.92785300628748,1622.0
1789886039,50,,Aggregated,25.200000,0.000000,7,7,8,8,9,12,19,22,27,27,27,89507,0,6,8.700587811074758,3.0284199965535663,2104.1982940005255,6824.857553040544
1789886040,50,GET,GET /api/v1/reservas,19.400000,0.000000,7,8,8,8,11,14,21,24,27,27,27,67019,0,7,8.450381539928548,4.633864002244081,1957.275683998887,8965.0
1789886040,50,GET,GET /api/v1/reservas/{id},5.800000,0.000000,5,6,6,6,8,9,9,9,9,9,9,22263,0,5,6.216911315246636,3.0284199965535663,1521.0046399952262,442.0
1789886040,50,POST,POST /api/v1/auth/login,0.000000,0.000000,0,0,0,0,0,0,0,0,0,0,0,50,0,1300.0,1369.1218887201103,628.633758999058,2104.1982940005255,1622.0
1789886040,50,POST,POST /api/v1/auth/refresh,0.000000,0.000000,0,0,0,0,0,0,0,0,0,0,0,200,0,25,28.638922730278864,18.447431997628883,95.92785300628748,1622.0
1789886040,50,,Aggregated,25.200000,0.000000,7,7,8,8,9,12,19,22,27,27,27,89532,0,6,8.699985435574776,3.0284199965535663,2104.1982940005255,6825.169559487111
1789886041,50,GET,GET /api/v1/reservas,19.800000,0.000000,7,7,8,8,9,11,14,17,18,18,18,67041,0,7,8.450195437799056,4.633864002244081,1957.275683998887,8965.0
1789886041,50,GET,GET /api/v1/reservas/{id},5.900000,0.000000,5,6,6,6,7,9,9,9,9,9,9,22266,0,5,6.216735134390401,3.0284199965535663,1521.0046399952262,442.0
1789886041,50,POST,POST /api/v1/auth/login,0.000000,0.000000,0,0,0,0,0,0,0,0,0,0,0,50,0,1300.0,1369.1218887201103,628.633758999058,2104.1982940005255,1622.0
1789886041,50,POST,POST /api/v1/auth/refresh,0.000000,0.000000,0,0,0,0,0,0,0,0,0,0,0,200,0,25,28.638922730278864,18.447431997628883,95.92785300628748,1622.0
1789886041,50,,Aggregated,25.700000,0.000000,7,7,8,8,9,10,11,16,18,18,18,89557,0,6,8.69965782495949,3.0284199965535663,2104.1982940005255,6825.481391739339
1789886042,50,GET,GET /api/v1/reservas,19.900000,0.000000,7,8,8,8,10,11,17,19,19,19,19,67058,0,7,8.450591559015972,4.633864002244081,1957.275683998887,8965.0
1789886042,50,GET,GET /api/v1/reservas/{id},5.600000,0.000000,6,6,6,7,9,9,14,14,14,14,14,22271,0,5,6.217318649873842,3.0284199965535663,1521.0046399952262,442.0
1789886042,50,POST,POST /api/v1/auth/login,0.000000,0.000000,0,0,0,0,0,0,0,0,0,0,0,50,0,1300.0,1369.1218887201103,628.633758999058,2104.1982940005255,1622.0
1789886042,50,POST,POST /api/v1/auth/refresh,0.000000,0.000000,0,0,0,0,0,0,0,0,0,0,0,200,0,25,28.638922730278864,18.447431997628883,95.92785300628748,1622.0
1789886042,50,,Aggregated,25.500000,0.000000,7,8,8,8,10,11,16,18,19,19,19,89579,0,6,8.69991349979244,3.0284199965535663,2104.1982940005255,6825.531117784302
1789886043,50,GET,GET /api/v1/reservas,20.100000,0.000000,7,8,8,8,10,11,17,19,19,19,19,67078,0,7,8.450126773838027,4.633864002244081,1957.275683998887,8965.0
1789886043,50,GET,GET /api/v1/reservas/{id},5.200000,0.000000,6,6,6,6,9,9,14,14,14,14,14,22276,0,5,6.216939725953959,3.0284199965535663,1521.0046399952262,442.0
1789886043,50,POST,POST /api/v1/auth/login,0.000000,0.000000,0,0,0,0,0,0,0,0,0,0,0,50,0,1300.0,1369.1218887201103,628.633758999058,2104.1982940005255,1622.0
1789886043,50,POST,POST /api/v1/auth/refresh,0.000000,0.000000,0,0,0,0,0,0,0,0,0,0,0,200,0,25,28.638922730278864,18.447431997628883,95.92785300628748,1622.0
1789886043,50,,Aggregated,25.300000,0.000000,7,7,8,8,10,11,16,18,19,19,19,89604,0,6,8.699277175716833,3.0284199965535663,2104.1982940005255,6825.652448551404
1789886044,50,GET,GET /api/v1/reservas,20.100000,0.000000,7,8,8,8,10,11,17,19,19,19,19,67096,0,7,8.449799446830081,4.633864002244081,1957.275683998887,8965.0
1789886044,50,GET,GET /api/v1/reservas/{id},5.000000,0.000000,5,6,6,6,7,9,14,14,14,14,14,22278,0,5,6.216810476090637,3.0284199965535663,1521.0046399952262,442.0
1789886044,50,POST,POST /api/v1/auth/login,0.000000,0.000000,0,0,0,0,0,0,0,0,0,0,0,50,0,1300.0,1369.1218887201103,628.633758999058,2104.1982940005255,1622.0
1789886044,50,POST,POST /api/v1/auth/refresh,0.000000,0.000000,0,0,0,0,0,0,0,0,0,0,0,200,0,25,28.638922730278864,18.447431997628883,95.92785300628748,1622.0
1789886044,50,,Aggregated,25.100000,0.000000,7,7,8,8,10,11,16,18,19,19,19,89624,0,6,8.698894564546684,3.0284199965535663,2104.1982940005255,6825.939659019906
1789886045,50,GET,GET /api/v1/reservas,20.000000,0.000000,7,8,8,8,10,11,13,19,19,19,19,67115,0,7,8.449412823474777,4.633864002244081,1957.275683998887,8965.0
1789886045,50,GET,GET /api/v1/reservas/{id},4.900000,0.000000,5,6,6,6,7,7,14,14,14,14,14,22285,0,5,6.216547847087805,3.0284199965535663,1521.0046399952262,442.0
1789886045,50,POST,POST /api/v1/auth/login,0.000000,0.000000,0,0,0,0,0,0,0,0,0,0,0,50,0,1300.0,1369.1218887201103,628.633758999058,2104.1982940005255,1622.0
1789886045,50,POST,POST /api/v1/auth/refresh,0.000000,0.000000,0,0,0,0,0,0,0,0,0,0,0,200,0,25,28.638922730278864,18.447431997628883,95.92785300628748,1622.0
1789886045,50,,Aggregated,24.900000,0.000000,7,7,8,8,9,11,13,17,19,19,19,89650,0,6,8.69829324486263,3.0284199965535663,2104.1982940005255,6825.894534300056
1789886046,50,GET,GET /api/v1/reservas,19.800000,0.000000,7,8,8,8,10,11,13,19,19,19,19,67135,0,7,8.449187849758243,4.633864002244081,1957.275683998887,8965.0
1789886046,50,GET,GET /api/v1/reservas/{id},4.800000,0.000000,5,5,6,6,7,7,14,14,14,14,14,22292,0,5,6.216089125128162,3.0284199965535663,1521.0046399952262,442.0
1789886046,50,POST,POST /api/v1/auth/login,0.000000,0.000000,0,0,0,0,0,0,0,0,0,0,0,50,0,1300.0,1369.1218887201103,628.633758999058,2104.1982940005255,1622.0
1789886046,50,POST,POST /api/v1/auth/refresh,0.000000,0.000000,0,0,0,0,0,0,0,0,0,0,0,200,0,25,28.638922730278864,18.447431997628883,95.92785300628748,1622.0
1789886046,50,,Aggregated,24.600000,0.000000,7,7,8,8,9,11,13,17,19,19,19,89677,0,6,8.697761567101377,3.0284199965535663,2104.1982940005255,6825.87328969524
